grade confidence_levels
Correct 11.2344388961792,11.929726600646973,12.148502349853516,12.60162353515625
Correct 13.320356369018555,11.632838249206543,10.71878433227539,11.906277656555176
Wrong 10.781311988830566,10.625040054321289,13.226630210876465,11.882861137390137
Correct 13.375042915344238,9.757842063903809,10.921906471252441,10.289093017578125
Wrong 12.835999488830566,13.007852554321289,12.726612091064453,13.007857322692871
Correct 13.828185081481934,11.820348739624023,12.031290054321289,11.898470878601074
Correct 11.484429359436035,10.710973739624023,13.81256103515625,12.000038146972656
Correct 12.062560081481934,11.539104461669922,12.492239952087402,13.500057220458984
Wrong 12.039169311523438,12.601627349853516,12.195391654968262,12.00787353515625
Wrong 11.671930313110352,12.796916961669922,11.843801498413086,11.992234230041504
Correct 11.296930313110352,13.117230415344238,11.265677452087402,11.24223518371582
Correct 12.007861137390137,13.085975646972656,11.12504768371582,13.992236137390137
Correct 11.5235013961792,10.632843971252441,12.351617813110352,11.210982322692871
Correct 11.523484230041504,11.132843971252441,14.039115905761719,11.585972785949707
Correct 11.406306266784668,11.52347183227539,11.17973804473877,11.437545776367188
Correct 11.0860013961792,11.890661239624023,13.515685081481934,12.320356369018555
Correct 12.023480415344238,11.664090156555176,13.703171730041504,12.78909683227539
Correct 11.617231369018555,10.617232322692871,13.312553405761719,13.109404563903809
Correct 11.398478507995605,10.72659683227539,12.164105415344238,14.101612091064453
Correct 11.257862091064453,12.460973739624023,11.156301498413086,12.070356369018555
Correct 11.523504257202148,12.593798637390137,12.179749488830566,12.578182220458984
Correct 10.79690933227539,11.179708480834961,13.195348739624023,11.32033634185791
Correct 9.898482322692871,13.820353507995605,10.140667915344238,10.835977554321289
Correct 11.359423637390137,11.085966110229492,12.578168869018555,12.140666007995605
Wrong 11.39850902557373,11.882855415344238,11.507877349853516,11.757875442504883
Correct 11.578208923339844,11.406304359436035,11.65632152557373,12.062581062316895
Correct 11.531340599060059,12.750061988830566,11.69538688659668,12.367256164550781
Correct 11.86723804473877,10.273468017578125,13.632864952087402,12.156282424926758
Wrong 12.046935081481934,12.640666007995605,11.953180313110352,12.914114952087402
Correct 10.9610013961792,12.66411304473877,11.4297456741333,11.484432220458984
Correct 13.390667915344238,10.718774795532227,10.429718971252441,11.617215156555176
Correct 12.609435081481934,12.437532424926758,12.328169822692871,11.70316219329834
Wrong 11.648499488830566,12.429730415344238,11.359427452087402,12.242240905761719
Correct 10.906283378601074,14.000027656555176,9.820347785949707,10.97658920288086
Wrong 12.31255054473877,12.328158378601074,12.601607322692871,12.375038146972656
Correct 11.273493766784668,11.851603507995605,12.1016206741333,13.117244720458984
Correct 12.398476600646973,13.656279563903809,11.320342063903809,12.398468971252441
Correct 11.632848739624023,12.562524795532227,12.88284683227539,13.859411239624023
Wrong 12.390690803527832,12.632855415344238,13.11724853515625,12.640670776367188
Correct 11.554730415344238,12.148463249206543,13.601608276367188,12.80472183227539
Wrong 12.171930313110352,11.898472785949707,11.656301498413086,12.679739952087402
Correct 10.703164100646973,10.05472183227539,10.812540054321289,14.250051498413086
Correct 12.625099182128906,12.140678405761719,11.734439849853516,11.546935081481934
Correct 11.84384536743164,12.492259979248047,11.468820571899414,12.00788402557373
Correct 11.687541961669922,11.367210388183594,10.273475646972656,11.234407424926758
Correct 11.390878677368164,10.734537124633789,11.99251937866211,11.3283052444458
Correct 10.789146423339844,12.289121627807617,11.109450340270996,11.7969388961792
Correct 11.218820571899414,10.835984230041504,11.97663688659668,13.711014747619629
Correct 12.320375442504883,11.093790054321289,10.468809127807617,13.64068603515625
Correct 10.617268562316895,12.929753303527832,11.461015701293945,10.679757118225098
Correct 11.33602237701416,13.671943664550781,11.35944652557373,11.984439849853516
Correct 10.945363998413086,12.828163146972656,11.218794822692871,11.710979461669922
Wrong 12.906294822692871,10.992212295532227,12.648468971252441,12.328154563903809
Correct 11.226616859436035,11.664101600646973,10.625056266784668,12.992244720458984
Wrong 11.421939849853516,11.992227554321289,12.367253303527832,11.718804359436035
Correct 11.609447479248047,12.906312942504883,11.554752349853516,12.476631164550781
Correct 11.9063138961792,12.41409969329834,12.984435081481934,12.03130054473877
Correct 13.937542915344238,11.32033634185791,12.17189884185791,12.421897888183594
Correct 13.0234956741333,11.312531471252441,11.914100646972656,12.179722785949707
Correct 10.929736137390137,11.398468971252441,12.359416961669922,12.562540054321289
Correct 11.171914100646973,11.171900749206543,11.195351600646973,12.679728507995605
Wrong 11.765674591064453,12.070344924926758,12.12505054473877,12.171918869018555
Wrong 12.0469388961792,12.078164100646973,11.859434127807617,12.156305313110352
Wrong 11.765680313110352,11.437529563903809,13.390681266784668,12.429729461669922
Correct 11.695385932922363,10.656288146972656,12.734445571899414,11.578185081481934
Correct 10.601605415344238,10.132840156555176,13.10161304473877,11.085976600646973
Correct 11.414128303527832,12.085982322692871,10.554744720458984,11.468811988830566
Correct 12.437572479248047,12.164107322692871,11.343802452087402,12.17192554473877
Wrong 12.054746627807617,12.156290054321289,11.54692268371582,12.867238998413086
Correct 12.976611137390137,12.296904563903809,11.42191219329834,11.640656471252441
Correct 11.359467506408691,11.937569618225098,12.851668357849121
Correct 11.72670841217041,11.882887840270996,11.14073657989502,9.742313385009766
Wrong 11.797038078308105,9.382989883422852,10.922029495239258,11.023530960083008
Correct 10.804725646972656,10.351593971252441,10.843789100646973,14.22661304473877
Wrong 11.859427452087402,11.507843971252441,12.06254768371582,12.007853507995605
Wrong 11.335989952087402,10.367223739624023,12.671927452087402,11.945355415344238
Wrong 12.226627349853516,12.609419822692871,12.335993766784668,12.953186988830566
Wrong 13.453184127807617,12.312536239624023,11.117232322692871,12.132851600646973
Correct 12.898478507995605,11.937527656555176,11.77347469329834,14.164103507995605
Correct 10.945369720458984,11.429727554321289,11.695365905761719,12.8203706741333
Correct 11.992242813110352,13.093790054321289,11.515670776367188,11.421916007995605
Wrong 11.539140701293945,11.148499488830566,12.7188138961792,12.164115905761719
Correct 12.625076293945312,11.648480415344238,11.9609956741333,12.179742813110352
Correct 11.211000442504883,11.953168869018555,12.031314849853516,11.53911304473877
Wrong 10.859439849853516,12.570362091064453,11.273502349853516,10.6172456741333
Wrong 12.234404563903809,10.843771934509277,12.203152656555176,13.695340156555176
Correct 11.062541961669922,12.117217063903809,11.265666961669922,13.679730415344238
Correct 12.023494720458984,12.03128719329834,11.695361137390137,12.687545776367188
Correct 11.000044822692871,9.789109230041504,12.367233276367188,13.695352554321289
Wrong 12.906288146972656,11.921900749206543,11.539098739624023,13.57816219329834
Correct 11.86723518371582,11.429720878601074,11.718791007995605,11.625038146972656
Correct 10.789107322692871,10.070347785949707,9.429740905761719,13.750048637390137
Correct 12.656296730041504,12.218779563903809,13.164108276367188,12.429723739624023
Correct 11.601600646972656,13.343782424926758,11.179727554321289,12.859411239624023
Correct 11.961017608642578,12.03911304473877,12.828200340270996,12.117243766784668
Correct 12.070364952087402,11.132844924926758,12.437546730041504,11.937536239624023
Wrong 12.382887840270996,11.664103507995605,12.750067710876465,12.085989952087402
Wrong 12.890681266784668,11.453157424926758,12.492232322692871,13.070354461669922
Wrong 12.921939849853516,10.656285285949707,11.101609230041504,11.67972469329834
Wrong 11.296940803527832,12.148490905761719,10.87505054473877,11.679736137390137
Wrong 11.671919822692871,11.007842063903809,11.429725646972656,13.093790054321289
Correct 11.601607322692871,11.171905517578125,11.484414100646973,12.554727554321289
Correct 13.460993766784668,11.195341110229492,11.375041961669922,12.257848739624023
Correct 13.77348804473877,11.117217063903809,11.796908378601074,11.664092063903809
Correct 11.257858276367188,10.625028610229492,13.023486137390137,10.82815933227539
Wrong 12.476622581481934,11.500035285949707,12.50005054473877,11.937544822692871
Correct 11.906309127807617,11.742225646972656,10.976616859436035,13.4297456741333
Correct 11.835975646972656,10.562525749206543,12.632850646972656,11.914092063903809
Wrong 10.43753719329834,13.54690933227539,10.710980415344238,11.382847785949707
Correct 12.593836784362793,10.507862091064453,10.992247581481934,11.32036304473877
Correct 11.2735013961792,12.960986137390137,10.632875442504883,11.554738998413086
Correct 11.304746627807617,11.50003719329834,12.507866859436035,11.58598518371582
Correct 10.820356369018555,13.25003719329834,10.875039100646973,11.89847469329834
Correct 10.757858276367188,10.585970878601074,11.101607322692871,13.992239952087402
Correct 11.875080108642578,11.945361137390137,12.90632438659668,12.28131103515625
Correct 12.210992813110352,12.226595878601074,13.226608276367188,12.804728507995605
Wrong 11.726633071899414,12.062546730041504,11.937562942504883,12.164117813110352
Correct 11.523499488830566,10.63284969329834,11.382864952087402,13.468810081481934
Wrong 11.382851600646973,12.703156471252441,11.101605415344238,12.031290054321289
Wrong 13.953180313110352,10.914098739624023,11.546918869018555,12.80472469329834
Correct 11.835999488830566,11.679726600646973,12.835999488830566,12.17192554473877
Correct 11.140669822692871,10.539090156555176,13.914109230041504,11.812529563903809
Correct 12.601621627807617,10.80472183227539,11.218792915344238,11.414100646972656
Wrong 11.648515701293945,11.960988998413086,12.242252349853516,12.406311988830566
Correct 12.414108276367188,11.937527656555176,11.36722469329834,12.66409969329834
Wrong 11.281301498413086,11.187535285949707,13.093807220458984,12.640667915344238
Wrong 11.531298637390137,10.867217063903809,12.46098518371582,12.476604461669922
Wrong 13.109421730041504,11.234403610229492,11.81253433227539,13.468785285949707
Correct 12.429777145385742,11.906301498413086,11.578193664550781,11.359430313110352
Correct 10.859436988830566,10.57816219329834,13.234427452087402,12.414104461669922
Wrong 11.898545265197754,12.218826293945312,12.304764747619629,12.078190803527832
Correct 10.937570571899414,13.054757118225098,11.484442710876465,11.3594388961792
Wrong 12.49224853515625,11.890663146972656,13.109439849853516,12.632858276367188
Correct 10.953178405761719,12.867228507995605,10.695353507995605,11.554730415344238
Correct 11.98444652557373,11.312542915344238,12.03131103515625,13.093815803527832
Wrong 11.492264747619629,12.765680313110352,11.882882118225098,12.461008071899414
Correct 11.421951293945312,12.375054359436035,11.140695571899414,10.968812942504883
Wrong 12.69537353515625,11.87503719329834,12.62505054473877,12.921918869018555
Wrong 11.937581062316895,12.437554359436035,11.539135932922363,12.335996627807617
Correct 11.601618766784668,11.171910285949707,12.812556266784668,12.390668869018555
Wrong 11.851632118225098,10.875042915344238,12.390693664550781,11.687551498413086
Correct 11.562546730041504,10.976595878601074,10.523482322692871,13.703173637390137
Wrong 12.375059127807617,10.414098739624023,13.601625442504883,11.554729461669922
Correct 13.398473739624023,10.94533634185791,8.429733276367188,9.609399795532227
Wrong 12.187556266784668,12.437545776367188,12.046916007995605,12.476604461669922
Correct 12.687559127807617,12.90628719329834,11.531294822692871,11.929730415344238
Correct 12.61723518371582,12.765656471252441,11.343788146972656,12.523470878601074
Wrong 11.726605415344238,10.69534683227539,13.000045776367188,13.265665054321289
Wrong 11.625056266784668,11.640664100646973,14.304740905761719,12.00003719329834
Correct 11.789117813110352,11.101595878601074,11.132861137390137,13.27348804473877
Wrong 12.054747581481934,12.320345878601074,12.210987091064453,12.140666007995605
Wrong 11.304732322692871,10.703157424926758,10.328171730041504,13.69536018371582
Correct 10.734427452087402,10.250038146972656,11.320366859436035,13.140678405761719
Wrong 11.593802452087402,12.109413146972656,11.773487091064453,13.367241859436035
Correct 11.9531831741333,10.554719924926758,12.8828706741333,12.109418869018555
Wrong 12.476639747619629,12.164114952087402,12.328189849853516,13.375064849853516
Correct 9.851616859436035,11.164095878601074,13.5078706741333,10.617227554321289
Wrong 11.945387840270996,11.781295776367188,11.796954154968262,11.679746627807617
Wrong 11.586109161376953,10.031355857849121,10.632932662963867,11.445428848266602
Correct 12.773489952087402,10.812529563903809,11.20316219329834,11.843785285949707
Correct 12.148492813110352,12.335970878601074,11.945361137390137,12.69536018371582
Wrong 11.4922513961792,11.054729461669922,11.828186988830566,13.867260932922363
Wrong 9.789113998413086,12.757853507995605,9.914114952087402,11.257859230041504
Correct 11.593817710876465,11.210990905761719,12.07037353515625,13.24225902557373
Correct 11.2500638961792,12.781292915344238,11.617238998413086,11.976619720458984
Correct 12.421934127807617,11.29690933227539,12.171929359436035,12.351612091064453
Wrong 11.921945571899414,11.476604461669922,12.16413402557373,11.937557220458984
Correct 12.187567710876465,12.96880054473877,10.218814849853516,11.656304359436035
Correct 11.843801498413086,11.093781471252441,12.984431266784668,12.515669822692871
Correct 11.242240905761719,12.156288146972656,10.445363998413086,12.296920776367188
Wrong 11.437562942504883,11.882858276367188,12.015686988830566,12.312555313110352
Correct 10.8906888961792,11.10940933227539,13.273500442504883,9.960987091064453
Correct 11.961016654968262,11.109424591064453,13.046955108642578,13.250064849853516
Wrong 11.06254768371582,13.35159969329834,11.148486137390137,11.218789100646973
Correct 10.851605415344238,13.74222469329834,11.585981369018555,12.578163146972656
Wrong 11.898550033569336,11.711005210876465,11.726645469665527,10.882869720458984
Correct 10.820367813110352,10.976598739624023,13.617238998413086,12.367223739624023
Correct 11.656312942504883,12.953169822692871,11.601615905761719,11.92973804473877
Correct 12.117252349853516,11.62503719329834,11.875055313110352,11.99223518371582
Wrong 10.984443664550781,12.187545776367188,11.343817710876465,12.351629257202148
Correct 11.4531831741333,11.328157424926758,12.9375581741333,12.085981369018555
Correct 11.640685081481934,10.914093017578125,11.421919822692871,11.343792915344238
Wrong 11.015839576721191,11.586066246032715,11.468875885009766,11.101692199707031
Wrong 12.109454154968262,12.007859230041504,12.171935081481934,12.484431266784668
Correct 11.171917915344238,12.851594924926758,11.585980415344238,11.765661239624023
Wrong 11.781291961669922,12.531279563903809,11.750038146972656,13.656292915344238
Correct 11.390660285949707,11.343781471252441,10.929730415344238,14.898478507995605
Correct 11.9531888961792,13.81255054473877,10.351621627807617,11.093798637390137
Correct 12.42195987701416,12.28911018371582,13.218820571899414,12.42192554473877
Correct 10.79690933227539,14.171905517578125,10.812532424926758,11.101593017578125
Wrong 12.195353507995605,12.546905517578125,11.632850646972656,12.750039100646973
Correct 11.625082969665527,11.265669822692871,12.515690803527832,12.4766206741333
Correct 13.30475902557373,12.937541961669922,12.17192268371582,12.437544822692871
Correct 13.062565803527832,10.757851600646973,13.054742813110352,12.742232322692871
Correct 11.445372581481934,11.070344924926758,13.0859956741333,12.164105415344238
Wrong 13.296926498413086,10.453153610229492,10.882850646972656,11.945344924926758
Correct 11.796929359436035,11.773480415344238,11.218798637390137,14.132868766784668
Correct 11.78132152557373,11.906307220458984,11.398497581481934,11.867240905761719
Correct 12.86722469329834,11.351583480834961,10.648469924926758,11.710967063903809
Correct 11.734428405761719,10.929719924926758,12.742238998413086,12.226603507995605
Correct 12.171951293945312,12.273482322692871,11.296930313110352,12.070369720458984
Wrong 11.390706062316895,12.734435081481934,11.617242813110352,11.02348804473877
Wrong 10.726612091064453,9.101613998413086,11.90630054473877,14.007866859436035
Correct 12.125040054321289,11.132842063903809,11.820348739624023,12.70315933227539
Correct 12.77349853515625,12.109414100646973,10.640666961669922,10.812539100646973
Wrong 10.578192710876465,10.953170776367188,12.679758071899414,11.171928405761719
Correct 11.125041961669922,13.445350646972656,11.281289100646973,11.828160285949707
Correct 11.843793869018555,11.101594924926758,14.05473804473877,11.921910285949707
Wrong 12.304749488830566,11.312535285949707,11.85161304473877,12.468795776367188
Wrong 10.914128303527832,11.859426498413086,11.289125442504883,11.961003303527832
Wrong 12.421936988830566,12.171911239624023,12.148487091064453,12.85161304473877
Wrong 11.023527145385742,11.109439849853516,12.453222274780273,11.843822479248047
Wrong 12.914114952087402,12.023468017578125,11.945355415344238,12.742223739624023
Correct 11.507858276367188,10.664097785949707,11.343794822692871,13.953174591064453
Correct 11.140671730041504,11.546914100646973,11.398486137390137,14.335990905761719
Wrong 11.757878303527832,11.398478507995605,11.8672456741333,12.062555313110352
Correct 12.601628303527832,11.570348739624023,11.906293869018555,11.812538146972656
Wrong 11.812603950500488,12.015692710876465,10.632891654968262,11.484455108642578
Correct 12.132872581481934,12.687541007995605,13.515691757202148,12.585981369018555
Correct 11.781298637390137,10.335972785949707,10.898490905761719,13.429736137390137
Correct 12.9531888961792,11.460972785949707,12.906304359436035,12.906291961669922
Correct 11.91418743133545,12.375088691711426,11.851659774780273,11.039152145385742
Correct 11.06253719329834,10.289088249206543,13.25784969329834,11.148462295532227
Correct 13.742232322692871,11.242213249206543,11.492217063903809,11.843779563903809
Correct 13.578169822692871,9.109408378601074,10.828160285949707,11.726590156555176
Correct 11.226616859436035,13.015667915344238,11.835984230041504,11.710979461669922
Correct 12.08598518371582,12.765654563903809,12.250035285949707,12.906286239624023
Wrong 12.10941219329834,11.789093971252441,11.65628433227539,14.101601600646973
Wrong 11.156301498413086,13.460976600646973,11.179737091064453,11.929733276367188
Correct 10.414112091064453,9.960975646972656,11.765679359436035,13.007863998413086
Wrong 13.023494720458984,11.445344924926758,11.859418869018555,13.132852554321289
Wrong 11.734421730041504,11.273467063903809,12.031293869018555,12.250040054321289
Correct 11.929744720458984,11.859406471252441,13.359431266784668,11.007855415344238
Wrong 11.242250442504883,13.109420776367188,11.304740905761719,11.593802452087402
Correct 14.132835388183594,10.132832527160645,9.718770980834961,12.171890258789062
Correct 11.609426498413086,12.406290054321289,11.28129768371582,12.203169822692871
Wrong 11.640695571899414,12.437551498413086,10.2813138961792,11.335990905761719
Correct 10.468805313110352,9.976590156555176,13.054754257202148,10.773481369018555
Wrong 11.578201293945312,11.945365905761719,11.726618766784668,12.242252349853516
Wrong 12.351633071899414,12.015661239624023,12.554747581481934,12.414116859436035
Correct 10.265678405761719,13.195353507995605,10.375052452087402,10.828168869018555
Wrong 11.390679359436035,12.804732322692871,11.312554359436035,11.789111137390137
Correct 11.328169822692871,11.109406471252441,13.250049591064453,12.914100646972656
Correct 11.218839645385742,11.984442710876465,11.086017608642578,12.187570571899414
Wrong 11.804730415344238,11.593778610229492,11.179730415344238,13.359419822692871
Correct 12.171927452087402,11.742219924926758,12.640677452087402,12.484416007995605
Wrong 12.28911304473877,12.195341110229492,12.031296730041504,12.398478507995605
Wrong 11.000060081481934,12.546923637390137,10.906306266784668,12.48442554473877
Correct 12.734416961669922,9.64065170288086,9.031291007995605,10.109405517578125
Correct 9.851607322692871,10.929716110229492,12.390674591064453,13.000041007995605
Correct 10.976618766784668,10.304722785949707,12.8750638961792,11.570358276367188
Wrong 11.945439338684082,11.304771423339844,11.546952247619629,10.976627349853516
Wrong 12.929750442504883,10.87503433227539,12.312543869018555,12.203166007995605
Correct 10.562535285949707,10.375033378601074,11.601601600646973,14.046918869018555
Wrong 11.0781831741333,13.406299591064453,11.5859956741333,12.664113998413086
Correct 11.398475646972656,11.56252670288086,11.289097785949707,13.984414100646973
Wrong 12.398490905761719,12.101601600646973,12.296923637390137,12.625045776367188
Correct 11.70317554473877,11.82815933227539,11.460983276367188,12.99223804473877
Correct 10.773503303527832,13.085990905761719,10.609439849853516,11.515680313110352
Wrong 11.804758071899414,11.695355415344238,11.445364952087402,11.74223804473877
Wrong 13.070389747619629,12.195368766784668,12.21881103515625,12.03131103515625
Correct 12.789135932922363,11.835979461669922,11.20317268371582,12.117230415344238
Wrong 13.304754257202148,12.78128433227539,11.304729461669922,12.789104461669922
Wrong 12.429764747619629,12.265676498413086,12.523503303527832,12.828192710876465
Correct 12.328164100646973,12.781280517578125,11.187535285949707,12.101594924926758
Correct 11.312557220458984,12.859418869018555,11.984436988830566,11.945366859436035
Wrong 12.601600646972656,12.742213249206543,10.460969924926758,12.320341110229492
Wrong 12.5859956741333,11.906290054321289,12.86723804473877,12.523484230041504
Wrong 10.609432220458984,9.953157424926758,13.211000442504883,11.382854461669922
Correct 11.578184127807617,12.718803405761719,10.593809127807617,11.343799591064453
Wrong 13.703168869018555,10.859405517578125,9.726598739624023,11.109402656555176
Correct 10.851614952087402,13.781295776367188,10.687554359436035,11.46880054473877
Correct 11.35163402557373,12.906302452087402,11.726633071899414,11.945371627807617
Correct 13.023506164550781,11.257857322692871,12.08598804473877,12.203170776367188
Wrong 12.95317268371582,11.585967063903809,11.125036239624023,13.375036239624023
Correct 12.343816757202148,11.24222469329834,13.1875638961792,12.445361137390137
Wrong 11.640678405761719,11.867218971252441,12.882862091064453,12.164102554321289
Correct 12.687546730041504,11.585967063903809,11.90628433227539,11.804718971252441
Wrong 12.02348804473877,12.242220878601074,12.132852554321289,11.851600646972656
Correct 12.125041007995605,13.328155517578125,12.328165054321289,12.94534969329834
Wrong 12.484442710876465,11.71879768371582,12.937562942504883,12.656302452087402
Wrong 12.609434127807617,11.109410285949707,12.671929359436035,12.75786018371582
Wrong 11.523567199707031,12.007901191711426,11.445408821105957,11.554763793945312
Wrong 11.468790054321289,13.140657424926758,10.843790054321289,12.01566219329834
Correct 12.132864952087402,13.656289100646973,11.554730415344238,11.914102554321289
Wrong 11.4766206741333,13.601615905761719,10.687548637390137,11.99223518371582
Correct 11.257888793945312,11.406295776367188,12.906325340270996,12.226622581481934
Correct 11.312545776367188,12.140655517578125,11.898480415344238,11.42191219329834
Correct 10.39065933227539,9.781271934509277,13.750041007995605,11.203149795532227
Correct 12.015705108642578,12.234429359436035,11.445377349853516,13.1406888961792
Correct 10.312543869018555,10.226595878601074,10.515668869018555,13.61723804473877
Correct 12.257862091064453,11.437528610229492,12.08597469329834,12.773475646972656
Correct 11.695356369018555,13.476602554321289,10.914101600646973,11.414097785949707
Correct 11.632877349853516,11.10941219329834,11.968802452087402,12.546923637390137
Correct 12.054739952087402,10.35159969329834,12.765677452087402,13.414107322692871
Wrong 11.968817710876465,12.42973804473877,11.8984956741333,12.609437942504883
Wrong 12.3672513961792,12.328169822692871,12.4219331741333,12.257862091064453
Correct 10.49222469329834,10.554708480834961,13.937544822692871,11.554716110229492
Wrong 12.828186988830566,11.429726600646973,13.054739952087402,12.406290054321289
Correct 11.27347469329834,11.117213249206543,11.101602554321289,12.992223739624023
Correct 11.617258071899414,12.734427452087402,11.695384979248047,11.437561988830566
Correct 12.750053405761719,10.265656471252441,10.687541961669922,12.218785285949707
Correct 12.046916961669922,12.984405517578125,10.929729461669922,11.914098739624023
Correct 11.093799591064453,10.453157424926758,13.351619720458984,11.828166961669922
Correct 10.828178405761719,10.273473739624023,10.156307220458984,13.609435081481934
Correct 12.140693664550781,11.679727554321289,12.109435081481934,11.96880054473877
Wrong 12.335980415344238,11.507843017578125,11.671913146972656,14.164104461669922
Wrong 11.882867813110352,12.593786239624023,12.390677452087402,12.92192554473877
Wrong 11.601633071899414,11.89848518371582,11.336003303527832,12.046934127807617
Wrong 12.52350902557373,11.304739952087402,12.234429359436035,12.992244720458984
Correct 13.35941219329834,12.38283634185791,11.320341110229492,11.726587295532227
Correct 12.125055313110352,12.640658378601074,12.093791961669922,12.203166961669922
Wrong 11.523475646972656,11.953153610229492,11.273477554321289,14.406291007995605
Correct 11.585973739624023,11.125028610229492,12.250035285949707,13.359411239624023
Correct 12.90628719329834,10.195333480834961,10.414093017578125,11.523462295532227
Correct 11.117255210876465,10.835979461669922,13.039139747619629,11.921929359436035
Correct 11.523479461669922,11.148465156555176,11.523475646972656,12.875041961669922
Wrong 12.046939849853516,12.78911304473877,12.312551498413086,12.695369720458984
Wrong 11.5078706741333,10.953160285949707,10.960983276367188,11.86723518371582
Wrong 12.265687942504883,11.562545776367188,12.328180313110352,12.398486137390137
Correct 12.17192554473877,11.820344924926758,11.328171730041504,13.687553405761719
Correct 12.101627349853516,11.937538146972656,10.406304359436035,11.078176498413086
Correct 10.359416007995605,10.398469924926758,11.109419822692871,14.132862091064453
Correct 11.2969331741333,10.953156471252441,13.7578763961792,11.710977554321289
Wrong 12.953216552734375,10.953178405761719,12.656316757202148,13.132871627807617
Wrong 11.695375442504883,12.093791961669922,12.062555313110352,11.992236137390137
Correct 11.531303405761719,11.914097785949707,12.437548637390137,13.25786304473877
Wrong 12.703193664550781,11.765663146972656,10.875041007995605,11.08597183227539
Wrong 12.796930313110352,11.914100646972656,11.42973518371582,13.171918869018555
Wrong 12.445355415344238,11.67190170288086,12.585978507995605,12.578157424926758
Wrong 12.710988998413086,12.445341110229492,13.023476600646973,12.14065933227539
Wrong 12.5156888961792,12.632852554321289,12.546932220458984,12.843803405761719
Correct 11.804741859436035,11.187532424926758,11.312531471252441,12.843789100646973
Wrong 10.890664100646973,13.062529563903809,11.773473739624023,12.55472183227539
Wrong 13.500038146972656,10.867215156555176,10.81252670288086,13.351587295532227
Correct 12.726613998413086,11.859407424926758,11.226600646972656,11.71097469329834
Correct 11.367273330688477,11.195364952087402,11.351634979248047,10.921942710876465
Wrong 11.961004257202148,11.351598739624023,11.78130054473877,11.984424591064453
Correct 11.328185081481934,10.68753433227539,13.437564849853516,11.718794822692871
Wrong 13.312532424926758,11.507833480834961,11.50002670288086,12.539085388183594
Wrong 12.07817554473877,11.023469924926758,12.328173637390137,12.867233276367188
Wrong 11.546926498413086,12.500042915344238,11.679725646972656,11.648475646972656
Wrong 10.375033378601074,9.585972785949707,9.250044822692871,14.42972469329834
Correct 11.695352554321289,11.070337295532227,12.054722785949707,13.156286239624023
Wrong 9.804777145385742,13.054763793945312,10.03132438659668,10.843818664550781
Correct 12.382869720458984,12.070347785949707,11.859416007995605,12.109416007995605
Wrong 13.617225646972656,11.656277656555176,9.73441219329834,11.62502384185791
Wrong 12.195375442504883,11.835973739624023,11.585987091064453,13.492239952087402
Wrong 12.164130210876465,12.742228507995605,12.257867813110352,12.210988998413086
Correct 11.437559127807617,11.12503719329834,13.054752349853516,12.203170776367188
Correct 11.078195571899414,12.60942268371582,10.99223804473877,11.515677452087402
Correct 12.781314849853516,11.609416961669922,11.046929359436035,12.531296730041504
Wrong 11.976621627807617,11.679722785949707,11.218801498413086,13.148492813110352
Correct 13.109436988830566,11.250035285949707,11.906296730041504,11.789103507995605
Correct 11.031322479248047,12.609420776367188,11.476621627807617,11.07817554473877
Wrong 12.867250442504883,11.601603507995605,11.601617813110352,12.820356369018555
Correct 12.00787353515625,12.835983276367188,11.289122581481934,12.312553405761719
Correct 10.79692268371582,10.851590156555176,13.171923637390137,11.617222785949707
Correct 11.51567554473877,10.539097785949707,13.507865905761719,12.195347785949707
Wrong 11.500068664550781,10.296924591064453,12.7266263961792,12.281291961669922
Correct 12.117239952087402,11.195345878601074,13.109421730041504,12.937538146972656
Correct 11.43755054473877,11.007843017578125,13.304737091064453,12.35941219329834
Correct 11.4922513961792,11.695352554321289,11.453177452087402,12.2422513961792
Correct 11.921932220458984,11.77347469329834,11.617229461669922,13.140671730041504
Wrong 11.66411304473877,11.210981369018555,11.164118766784668,14.078190803527832
Wrong 11.5703763961792,11.84379768371582,11.6250581741333,12.062559127807617
Wrong 11.632892608642578,11.828168869018555,11.445377349853516,11.429739952087402
Correct 12.945392608642578,10.992228507995605,12.796935081481934,12.671926498413086
Correct 11.0234956741333,12.859419822692871,11.914118766784668,12.312555313110352
Wrong 11.36725902557373,12.21098804473877,11.48443603515625,11.093805313110352
Correct 10.359402656555176,10.421897888183594,10.492218017578125,13.851593971252441
Correct 11.609457969665527,11.203176498413086,11.625078201293945,12.05475902557373
Wrong 12.2813138961792,11.671911239624023,12.164115905761719,12.421921730041504
Correct 11.226608276367188,13.398472785949707,12.578165054321289,12.460980415344238
Wrong 11.750052452087402,12.906285285949707,11.523480415344238,11.648477554321289
Correct 10.812541961669922,13.781292915344238,10.921914100646973,10.97659969329834
Wrong 11.468843460083008,12.1563138961792,10.367259979248047,13.296957015991211
Correct 10.656310081481934,13.257856369018555,9.929743766784668,10.703167915344238
Correct 13.28130054473877,12.77347469329834,11.421917915344238,12.265663146972656
Wrong 12.429725646972656,11.851588249206543,12.53128433227539,13.25784683227539
Wrong 13.273490905761719,10.429720878601074,10.765666961669922,11.210977554321289
Wrong 11.804746627807617,12.226607322692871,11.117241859436035,13.804750442504883
Wrong 10.96880054473877,13.757859230041504,11.093801498413086,11.914108276367188
Correct 13.28911018371582,11.578155517578125,11.382845878601074,11.625028610229492
Wrong 11.953177452087402,12.093783378601074,12.57036018371582,13.343796730041504
Correct 11.773510932922363,12.00004768371582,10.820371627807617,11.7969331741333
Correct 11.164118766784668,10.531299591064453,10.710991859436035,13.9453763961792
Wrong 11.656286239624023,10.21877670288086,13.960976600646973,11.585963249206543
Wrong 11.000048637390137,12.468786239624023,11.156294822692871,11.656292915344238
Correct 11.703180313110352,13.007857322692871,11.765671730041504,12.88286018371582
Wrong 11.96888542175293,10.312643051147461,10.632933616638184,11.10166072845459
Wrong 11.65628433227539,12.37502670288086,11.726594924926758,13.218779563903809
Wrong 11.6172456741333,10.984411239624023,12.609437942504883,12.632864952087402
Wrong 11.78130054473877,10.640652656555176,10.83597469329834,11.273477554321289
Correct 12.671943664550781,12.375049591064453,12.843810081481934,13.031303405761719
Wrong 12.546927452087402,12.81253433227539,12.429733276367188,13.125049591064453
Wrong 11.804749488830566,13.484424591064453,11.695366859436035,12.53129768371582
Correct 11.132856369018555,12.703160285949707,11.585983276367188,11.80472469329834
Wrong 12.96101188659668,12.140668869018555,11.601608276367188,12.234419822692871
Wrong 12.843788146972656,10.359405517578125,11.445345878601074,12.406277656555176
Wrong 11.632864952087402,11.101592063903809,11.367233276367188,11.875041007995605
Correct 11.062538146972656,11.25002384185791,10.546910285949707,11.531282424926758
Wrong 11.804767608642578,12.132872581481934,11.851611137390137,12.02348804473877
Correct 10.86723518371582,13.570355415344238,11.375042915344238,11.812546730041504
Wrong 10.398489952087402,13.296924591064453,10.93754768371582,11.75004768371582
Wrong 12.382877349853516,10.10161304473877,12.429737091064453,12.406298637390137
Wrong 12.601621627807617,11.92972183227539,10.992234230041504,12.742227554321289
Wrong 12.101644515991211,11.91411018371582,12.117260932922363,11.929750442504883
Wrong 11.335975646972656,10.468780517578125,12.000041007995605,13.617227554321289
Wrong 11.023502349853516,10.734416961669922,12.9922513961792,11.507861137390137
Correct 13.195394515991211,11.42192268371582,11.335989952087402,12.02348518371582
Wrong 10.679733276367188,13.50784969329834,10.625048637390137,11.36722469329834
Wrong 12.0625638961792,11.515664100646973,11.882872581481934,11.89848804473877
Wrong 11.507856369018555,12.429718017578125,11.890661239624023,12.078156471252441
Wrong 10.734673500061035,11.132990837097168,11.094097137451172,10.83615493774414
Wrong 11.835982322692871,12.632847785949707,11.976598739624023,12.242222785949707
Correct 10.32815933227539,13.781293869018555,9.437546730041504,10.312532424926758
Wrong 10.914116859436035,9.82815933227539,13.398494720458984,11.523476600646973
Correct 11.515686988830566,12.101598739624023,13.562562942504883,12.070358276367188
Wrong 13.062564849853516,10.83597469329834,11.132855415344238,10.523481369018555
Wrong 11.304762840270996,11.562549591064453,11.781318664550781,11.898494720458984
Wrong 11.812544822692871,12.320342063903809,11.250041007995605,12.164107322692871
Correct 11.515686988830566,12.523483276367188,11.984426498413086,12.484428405761719
Wrong 13.476582527160645,11.710957527160645,14.101583480834961,11.921890258789062
Wrong 12.554765701293945,12.671920776367188,12.554747581481934,13.140686988830566
Wrong 12.546930313110352,10.437531471252441,11.468790054321289,12.515665054321289
Wrong 11.500045776367188,11.382837295532227,13.156298637390137,12.43753433227539
Correct 10.382866859436035,10.000036239624023,12.960999488830566,10.726608276367188
Wrong 11.578202247619629,12.070359230041504,11.843812942504883,12.086005210876465
Wrong 11.781322479248047,11.718799591064453,11.437548637390137,11.671929359436035
Correct 11.476601600646973,10.585973739624023,11.335980415344238,14.66411018371582
Wrong 11.88288688659668,11.578173637390137,11.632874488830566,12.968815803527832
Correct 11.117236137390137,10.23440933227539,13.601618766784668,12.578163146972656
Correct 10.515663146972656,10.765652656555176,10.96097469329834,13.796916007995605
Wrong 12.414135932922363,12.96098804473877,12.15632438659668,12.867254257202148
Correct 13.304764747619629,12.007861137390137,11.984419822692871,12.484418869018555
Wrong 11.632872581481934,10.382847785949707,12.7734956741333,10.640671730041504
Correct 11.687566757202148,13.453179359436035,10.718811988830566,12.906309127807617
Correct 11.734413146972656,12.88283920288086,11.312538146972656,12.398470878601074
Correct 10.21881103515625,10.281286239624023,12.851627349853516,10.304732322692871
Wrong 12.234458923339844,11.92192554473877,13.179773330688477,12.609436988830566
Wrong 11.898489952087402,10.88284969329834,10.914118766784668,13.91412353515625
Wrong 13.398497581481934,12.007845878601074,12.445354461669922,13.507854461669922
Wrong 11.140681266784668,12.609426498413086,9.625065803527832,11.320369720458984
Wrong 11.984424591064453,12.234405517578125,12.38286018371582,12.421916007995605
Wrong 11.328178405761719,13.257854461669922,11.960988998413086,12.351611137390137
Wrong 12.554730415344238,12.460966110229492,12.406289100646973,13.070345878601074
Correct 10.804739952087402,13.023482322692871,11.054736137390137,10.898480415344238
Correct 12.742266654968262,11.945356369018555,11.468802452087402,10.85161018371582
Wrong 11.625048637390137,10.85940933227539,13.7422456741333,11.851597785949707
Wrong 12.773482322692871,11.632837295532227,13.171918869018555,12.273470878601074
Wrong 12.179740905761719,12.046910285949707,11.492237091064453,12.38286304473877
Wrong 11.343820571899414,11.757856369018555,12.093825340270996,11.78912353515625
Wrong 12.101619720458984,11.90628433227539,12.773492813110352,12.30473518371582
Wrong 12.83599853515625,11.765661239624023,12.73442554473877,11.773476600646973
Correct 10.687562942504883,13.117238998413086,10.195384979248047,11.296927452087402
Wrong 12.601627349853516,10.937542915344238,12.156306266784668,12.015670776367188
Wrong 12.093803405761719,11.750030517578125,11.328170776367188,12.906296730041504
Wrong 10.875043869018555,13.695354461669922,10.460982322692871,11.531288146972656
Correct 10.804755210876465,13.039119720458984,10.742256164550781,12.101625442504883
Wrong 12.99223804473877,11.937529563903809,11.63284969329834,12.156285285949707
Wrong 11.726625442504883,10.64847183227539,11.515676498413086,11.85161304473877
Wrong 12.140711784362793,11.406299591064453,12.648507118225098,12.015685081481934
Correct 12.632858276367188,9.445340156555176,10.500036239624023,11.179718971252441
Correct 11.359427452087402,13.007854461669922,11.812548637390137,12.250043869018555
Correct 12.273487091064453,10.710968017578125,12.226605415344238,11.492219924926758
Wrong 10.914161682128906,11.164122581481934,12.929800033569336,11.140698432922363
Wrong 11.656299591064453,11.093777656555176,12.726618766784668,11.390663146972656
Wrong 12.070367813110352,11.25003433227539,12.531304359436035,11.953170776367188
Correct 12.320381164550781,11.851616859436035,12.226627349853516,13.523504257202148
Wrong 12.250062942504883,12.218791961669922,12.960997581481934,12.742234230041504
Wrong 11.093805313110352,13.140665054321289,11.804730415344238,11.570357322692871
Wrong 11.59379768371582,12.95316219329834,11.757853507995605,12.210975646972656
Correct 10.812542915344238,12.92972469329834,10.25005054473877,10.484415054321289
Wrong 11.507865905761719,12.250038146972656,11.054737091064453,11.273480415344238
Correct 11.179729461669922,11.03127670288086,13.851613998413086,11.351594924926758
Correct 11.960980415344238,13.210968971252441,11.960976600646973,12.625035285949707
Wrong 11.312592506408691,12.367249488830566,11.539138793945312,11.523504257202148
Wrong 12.414116859436035,11.765656471252441,11.750041007995605,12.148483276367188
Correct 11.585978507995605,13.507843017578125,11.421917915344238,12.28909969329834
Correct 11.570372581481934,11.47659969329834,12.4922513961792,11.398486137390137
Wrong 12.312553405761719,11.656282424926758,11.687544822692871,11.92191219329834
Correct 11.72662353515625,12.898480415344238,12.679738998413086,12.812539100646973
Correct 10.60163402557373,12.78130054473877,11.398494720458984,11.43755054473877
Correct 12.843796730041504,11.023472785949707,11.750041961669922,12.914101600646973
Wrong 13.515681266784668,11.718782424926758,12.203164100646973,12.476595878601074
Correct 11.63286018371582,11.859406471252441,13.226617813110352,12.937541007995605
Correct 10.296924591064453,13.031291007995605,11.81254768371582,11.671915054321289
Wrong 10.984435081481934,13.351612091064453,11.687564849853516,11.320366859436035
Correct 12.820363998413086,9.929719924926758,11.250042915344238,11.92190933227539
Wrong 10.58598518371582,9.992219924926758,13.656310081481934,11.68753719329834
Wrong 10.66411018371582,10.789091110229492,13.648489952087402,11.703157424926758
Correct 12.257863998413086,12.351594924926758,12.109416961669922,12.945354461669922
Correct 11.273490905761719,11.226595878601074,12.20317554473877,11.281291961669922
Wrong 11.343805313110352,12.26566219329834,11.453169822692871,11.906295776367188
Correct 11.640660285949707,12.226592063903809,10.78128433227539,12.046906471252441
Correct 11.523481369018555,10.968779563903809,14.273490905761719,11.921906471252441
Correct 11.765673637390137,12.85941219329834,12.015669822692871,11.992223739624023
Correct 11.695391654968262,12.453178405761719,12.484440803527832,12.429747581481934
Wrong 11.382857322692871,12.515658378601074,11.078166961669922,12.562542915344238
