grade confidence_levels
Wrong 15.602240562438965,14.143230438232422,15.42172622680664,15.401285171508789
Correct 13.245261192321777,15.071146965026855,12.895233154296875,12.788311958312988
Wrong 15.322395324707031,13.939204216003418,15.700600624084473,15.05724048614502
Correct 13.602859497070312,14.247418403625488,13.846145629882812,13.63318157196045
Correct 17.23651695251465,15.657148361206055,15.509159088134766,14.324041366577148
Wrong 13.76885986328125,13.781134605407715,13.628865242004395,13.901537895202637
Correct 15.686954498291016,14.312688827514648,14.719620704650879,14.92061710357666
Correct 13.812234878540039,11.816436767578125,14.619586944580078,15.37443733215332
Correct 14.298346519470215,13.276286125183105,14.498250007629395,13.750490188598633
Correct 14.010933876037598,12.784163475036621,15.5437593460083,13.323046684265137
Wrong 14.886366844177246,12.719484329223633,12.951740264892578,15.54375171661377
Correct 13.132391929626465,14.725724220275879,14.2474946975708,12.89258098602295
Correct 15.050333976745605,13.62014102935791,16.050506591796875,13.322075843811035
Correct 14.885889053344727,12.930532455444336,13.372291564941406,15.750167846679688
Correct 12.318032264709473,11.784859657287598,16.580806732177734,13.35991382598877
Correct 15.63416576385498,12.439035415649414,13.981616973876953,14.684171676635742
Correct 16.796159744262695,13.111425399780273,12.825560569763184,13.262557029724121
Correct 15.084053039550781,12.855460166931152,15.523807525634766,14.611369132995605
Correct 14.22782039642334,15.16115665435791,13.105110168457031,13.840351104736328
Correct 13.097475051879883,16.407506942749023,12.95665168762207,13.292481422424316
Correct 15.683465957641602,13.226377487182617,12.864418983459473,14.207239151000977
Correct 14.971487998962402,12.073665618896484,17.145793914794922,14.217630386352539
Correct 13.29267406463623,13.10243034362793,15.118428230285645,15.230916976928711
Correct 15.136680603027344,14.173998832702637,14.080850601196289,15.969888687133789
Correct 16.421586990356445,13.064813613891602,13.819011688232422,13.988275527954102
Correct 13.91003704071045,12.952659606933594,15.246092796325684,15.057798385620117
Correct 15.699740409851074,13.111278533935547,13.919148445129395,13.079322814941406
Wrong 12.992372512817383,15.324698448181152,12.704080581665039,13.444413185119629
Correct 14.39838695526123,15.364744186401367,13.257863998413086,13.670062065124512
Wrong 15.909183502197266,12.047423362731934,15.153472900390625,13.383635520935059
Correct 13.666415214538574,15.418724060058594,12.682421684265137,13.629961013793945
Correct 16.563528060913086,11.674216270446777,12.543839454650879,14.456634521484375
Wrong 15.51673412322998,12.26411247253418,13.297052383422852,14.47370719909668
Correct 13.55578899383545,12.811758995056152,13.923677444458008,12.775897979736328
Correct 14.137105941772461,11.533064842224121,13.2959623336792,16.562807083129883
Wrong 14.955183029174805,14.405006408691406,14.42927074432373,14.594813346862793
Correct 12.842226028442383,16.138870239257812,13.263425827026367,13.099424362182617
Correct 14.812981605529785,12.9056978225708,13.860700607299805,15.521197319030762
Correct 13.5142183303833,13.308883666992188,15.564494132995605,13.437657356262207
Wrong 13.892341613769531,14.527910232543945,13.972410202026367,13.351025581359863
Correct 12.331466674804688,14.670520782470703,13.005861282348633,12.726862907409668
Wrong 15.146806716918945,13.326815605163574,14.742773056030273,14.050323486328125
Correct 14.55599308013916,12.996086120605469,15.597213745117188,13.491488456726074
Wrong 15.462833404541016,13.454495429992676,13.915618896484375,12.529772758483887
Wrong 14.864169120788574,12.939979553222656,13.896443367004395,16.38053321838379
Wrong 14.392724990844727,12.876448631286621,14.83969783782959,14.014894485473633
Correct 15.246825218200684,14.483443260192871,13.889931678771973,14.226509094238281
Correct 12.574933052062988,15.804390907287598,13.86361312866211,14.94658088684082
Correct 14.00646686553955,11.181807518005371,13.408540725708008,16.60403060913086
Wrong 13.678167343139648,13.337991714477539,14.164588928222656,13.730908393859863
Correct 14.493936538696289,12.797377586364746,15.503429412841797,14.251601219177246
Wrong 14.591941833496094,13.496981620788574,16.734512329101562,16.113088607788086
Correct 13.722477912902832,12.830841064453125,16.450153350830078,14.666584968566895
Correct 13.12311840057373,16.374961853027344,14.825180053710938,13.205400466918945
Correct 15.840206146240234,15.068023681640625,14.299222946166992,15.071429252624512
Wrong 15.13728141784668,13.58837604522705,14.26179313659668,13.769503593444824
Correct 14.047852516174316,16.251548767089844,13.20417308807373,14.732702255249023
Correct 14.145681381225586,12.839081764221191,16.27906036376953,13.238451957702637
Correct 16.36198616027832,12.197530746459961,12.419523239135742,13.895021438598633
Wrong 15.757781982421875,13.515089988708496,13.677452087402344,13.587666511535645
Wrong 14.016538619995117,14.63371467590332,14.088332176208496,14.536602020263672
Correct 16.519834518432617,11.475076675415039,12.332484245300293,13.387578964233398
Correct 15.308656692504883,15.31218433380127,13.20787239074707,13.237543106079102
Correct 14.770910263061523,12.998917579650879,13.972811698913574,15.492142677307129
Correct 13.303144454956055,11.92473316192627,12.652265548706055,15.597198486328125
Wrong 14.632096290588379,12.725215911865234,15.608680725097656,13.111152648925781
Correct 15.425198554992676,12.951552391052246,14.592065811157227,13.428760528564453
Correct 11.379948616027832,14.450982093811035,12.742291450500488,12.297499656677246
Correct 15.923236846923828,13.147529602050781,13.493896484375,14.145447731018066
Correct 15.881325721740723,11.898592948913574,11.690967559814453,12.630728721618652
Correct 15.777024269104004,14.500998497009277,14.179855346679688,14.625357627868652
Wrong 14.90676498413086,14.160600662231445,14.369490623474121,13.987889289855957
Correct 17.09231185913086,12.383516311645508,13.343717575073242,13.427433967590332
Correct 14.976495742797852,13.408683776855469,16.845462799072266,12.90422534942627
Correct 13.489690780639648,14.89136791229248,14.295331001281738,13.325006484985352
Correct 13.702699661254883,15.756092071533203,13.11570930480957,13.49380111694336
Wrong 14.640533447265625,14.380812644958496,14.09438705444336,15.221779823303223
Correct 15.34476089477539,14.896940231323242,14.005353927612305,14.517017364501953
Wrong 14.662934303283691,12.97751235961914,14.68031120300293,13.136581420898438
Wrong 13.15589714050293,16.0192813873291,12.98392105102539,13.558391571044922
Correct 13.090744018554688,15.3571138381958,14.417612075805664,12.87341594696045
Correct 15.676647186279297,14.812904357910156,15.253745079040527,14.583809852600098
Correct 13.339694023132324,12.362715721130371,13.684362411499023,16.59992218017578
Correct 14.078598022460938,13.03268814086914,16.94626808166504,13.519702911376953
Wrong 12.862408638000488,11.839771270751953,14.146906852722168,17.456501007080078
Correct 15.429778099060059,14.767158508300781,12.874164581298828,15.792966842651367
Correct 15.10540771484375,13.063355445861816,15.636849403381348,15.17015266418457
Wrong 13.842475891113281,14.560600280761719,14.931398391723633,14.16497802734375
Wrong 14.936333656311035,14.28482437133789,12.906820297241211,13.675956726074219
Wrong 15.478812217712402,14.674942970275879,13.807343482971191,14.835189819335938
Correct 14.394758224487305,13.976871490478516,13.77396011352539,15.053084373474121
Wrong 14.004902839660645,12.239449501037598,16.403793334960938,13.359926223754883
Correct 12.695327758789062,15.61812973022461,12.865598678588867,13.462014198303223
Correct 13.211491584777832,14.03143310546875,14.341480255126953,14.403679847717285
Correct 12.765741348266602,11.50517749786377,16.23527717590332,13.48848819732666
Correct 15.915576934814453,14.695935249328613,15.374345779418945,16.058101654052734
Correct 13.127756118774414,14.213458061218262,16.841278076171875,13.38202953338623
Wrong 15.107665061950684,13.820271492004395,14.393582344055176,14.460445404052734
Correct 16.307884216308594,11.840728759765625,11.839803695678711,12.302850723266602
Correct 16.231870651245117,13.39295482635498,14.709566116333008,14.754231452941895
Correct 13.614725112915039,15.150875091552734,13.564118385314941,13.174361228942871
Correct 16.109296798706055,12.594122886657715,12.198627471923828,13.390613555908203
Wrong 14.748993873596191,13.003313064575195,16.52093505859375,13.892282485961914
Correct 13.886297225952148,12.591203689575195,16.048452377319336,13.218921661376953
Wrong 13.999211311340332,12.891300201416016,13.135767936706543,13.234431266784668
Wrong 14.416147232055664,14.934290885925293,13.365299224853516,14.181357383728027
Correct 16.521442413330078,11.114198684692383,12.172709465026855,13.049049377441406
Wrong 14.153982162475586,14.707030296325684,13.583782196044922,14.117313385009766
Wrong 15.347335815429688,14.444822311401367,14.374624252319336,14.828815460205078
Correct 14.506242752075195,13.764223098754883,16.470321655273438,14.192723274230957
Correct 16.529644012451172,12.286319732666016,13.839646339416504,13.625015258789062
Correct 14.737934112548828,13.583903312683105,14.577218055725098,14.468090057373047
Correct 16.268173217773438,13.065080642700195,16.275989532470703,13.686795234680176
Wrong 16.545307159423828,13.101021766662598,13.393097877502441,13.219082832336426
Correct 14.744277000427246,12.718738555908203,15.807204246520996,14.310600280761719
Correct 14.760979652404785,16.751323699951172,12.891963005065918,13.627493858337402
Correct 12.775762557983398,15.279001235961914,13.335074424743652,13.755536079406738
Correct 15.703713417053223,13.907565116882324,14.178971290588379,16.015119552612305
Wrong 12.902795791625977,13.075623512268066,13.072518348693848,13.065878868103027
Correct 12.889552116394043,15.159341812133789,13.289633750915527,12.323500633239746
Correct 13.885966300964355,14.458209991455078,13.909985542297363,13.647480964660645
Correct 16.5628662109375,13.356873512268066,14.599100112915039,14.324295043945312
Wrong 14.448341369628906,14.724406242370605,14.356866836547852,15.237031936645508
Correct 15.059772491455078,13.7969970703125,15.007150650024414,14.207815170288086
Correct 14.619758605957031,13.894580841064453,13.856742858886719,13.791183471679688
Correct 16.62781524658203,12.067695617675781,11.987552642822266,12.937275886535645
Correct 12.04605770111084,15.742855072021484,12.808852195739746,13.294687271118164
Correct 14.207599639892578,13.007811546325684,13.613469123840332,13.705520629882812
Correct 14.49138355255127,13.012252807617188,13.219794273376465,16.237924575805664
Correct 12.757658004760742,12.17011547088623,12.818462371826172,13.001334190368652
Wrong 11.917999267578125,15.300006866455078,12.944172859191895,12.909659385681152
Correct 15.849458694458008,14.718888282775879,13.112503051757812,13.147454261779785
Correct 13.914525032043457,13.352824211120605,14.806706428527832,15.60041332244873
Wrong 15.098122596740723,13.881854057312012,14.840211868286133,14.947789192199707
Correct 12.562232971191406,15.928375244140625,12.532471656799316,13.455296516418457
Correct 12.915874481201172,12.321292877197266,13.647321701049805,16.312747955322266
Correct 15.292126655578613,13.632314682006836,15.301465034484863,15.499173164367676
Wrong 13.89970874786377,13.017420768737793,13.170693397521973,12.635107040405273
Correct 14.497344017028809,14.141059875488281,14.594001770019531,13.762089729309082
Correct 14.597478866577148,12.40371036529541,15.899032592773438,13.165377616882324
Correct 14.602873802185059,14.306222915649414,15.59766674041748,15.014314651489258
Correct 14.283270835876465,12.871745109558105,16.978994369506836,13.947778701782227
Wrong 14.832649230957031,13.386933326721191,12.312432289123535,12.961956977844238
Correct 14.78310489654541,13.618931770324707,14.613636016845703,15.369214057922363
Correct 12.877482414245605,12.123635292053223,16.307409286499023,12.54985237121582
Wrong 15.08360767364502,13.189178466796875,13.702900886535645,13.918961524963379
Correct 13.737006187438965,15.146488189697266,13.067933082580566,13.377396583557129
Wrong 15.020781517028809,13.989517211914062,14.498303413391113,14.385232925415039
Correct 12.534865379333496,12.942484855651855,13.863661766052246,15.04606819152832
Wrong 14.681413650512695,13.777922630310059,14.626715660095215,14.060912132263184
Wrong 13.94628620147705,15.374574661254883,13.097867012023926,13.149415969848633
Correct 12.665107727050781,15.291885375976562,13.746445655822754,14.233686447143555
Wrong 15.604487419128418,15.09654712677002,15.404439926147461,16.497589111328125
Wrong 16.401241302490234,12.62454605102539,12.878801345825195,13.676331520080566
Correct 14.396125793457031,13.657308578491211,14.781890869140625,13.846831321716309
Correct 14.876410484313965,13.678386688232422,13.740008354187012,16.169347763061523
Correct 15.638041496276855,13.47287368774414,13.295027732849121,14.012598991394043
Correct 14.663580894470215,10.44722843170166,12.979409217834473,16.118818283081055
Correct 13.502215385437012,13.546560287475586,14.412666320800781,15.114900588989258
Correct 14.352509498596191,15.026477813720703,14.595556259155273,14.649663925170898
Wrong 14.753559112548828,13.634598731994629,17.13127899169922,14.41325855255127
Wrong 13.261412620544434,13.512584686279297,12.793994903564453,14.566462516784668
Correct 17.091835021972656,12.841218948364258,13.248733520507812,13.698234558105469
Wrong 14.422399520874023,14.790539741516113,12.825767517089844,13.291694641113281
Correct 13.8414945602417,12.933296203613281,13.81385326385498,15.473214149475098
Correct 13.279801368713379,14.292540550231934,13.725608825683594,13.615395545959473
Correct 14.709604263305664,14.785778045654297,13.420343399047852,14.1395902633667
Correct 13.762353897094727,16.35757827758789,14.118772506713867,13.330154418945312
Correct 12.925251960754395,16.174772262573242,12.380974769592285,14.2490234375
Correct 15.284650802612305,12.975564956665039,13.549517631530762,15.292448043823242
Wrong 14.276835441589355,14.19534969329834,12.975190162658691,13.942583084106445
Wrong 15.740964889526367,14.387456893920898,15.810911178588867,15.50499439239502
Wrong 15.542506217956543,13.482467651367188,12.964142799377441,13.829504013061523
Wrong 15.903766632080078,13.07870101928711,14.299799919128418,15.695206642150879
Correct 14.741978645324707,13.128804206848145,16.00187110900879,14.402382850646973
Correct 15.037731170654297,14.978302001953125,14.915019989013672,14.63338851928711
Correct 16.149160385131836,12.786497116088867,15.604829788208008,14.273431777954102
Correct 14.091120719909668,16.790443420410156,12.574082374572754,12.091309547424316
Correct 14.354032516479492,13.500704765319824,14.434187889099121,14.849883079528809
Wrong 12.969751358032227,15.134307861328125,13.612375259399414,14.454939842224121
Correct 14.815605163574219,16.510107040405273,13.222429275512695,12.537871360778809
Wrong 15.213409423828125,11.99122142791748,14.528068542480469,13.703889846801758
Correct 12.586052894592285,14.800431251525879,13.501750946044922,13.683765411376953
Correct 13.92461109161377,12.235455513000488,14.752524375915527,15.747001647949219
Wrong 15.0437593460083,14.606494903564453,14.229666709899902,13.492683410644531
Correct 14.370416641235352,13.370627403259277,15.082983016967773,14.166609764099121
Wrong 15.210667610168457,15.421966552734375,13.928258895874023,15.659259796142578
Correct 17.030094146728516,12.335843086242676,13.208003997802734,13.085822105407715
Correct 14.00801944732666,15.019432067871094,13.83631420135498,13.278519630432129
Correct 13.149710655212402,14.912698745727539,12.624441146850586,12.916521072387695
Correct 14.380364418029785,10.515316009521484,11.948688507080078,16.97801971435547
Correct 15.674993515014648,13.21286678314209,12.875235557556152,15.054909706115723
Wrong 15.078356742858887,14.447558403015137,14.580665588378906,14.776193618774414
Wrong 14.955649375915527,14.032361030578613,13.410770416259766,13.31889533996582
Wrong 14.873113632202148,13.971433639526367,14.774153709411621,14.263840675354004
Correct 14.921675682067871,14.584308624267578,12.480741500854492,12.65896224975586
Correct 14.72217845916748,14.078125,16.6082763671875,12.735308647155762
Wrong 14.507953643798828,13.402670860290527,14.89276123046875,14.585209846496582
Correct 15.631747245788574,12.822290420532227,14.524458885192871,13.670296669006348
Correct 14.875110626220703,13.332139015197754,14.279698371887207,16.976778030395508
Wrong 13.879733085632324,12.115690231323242,15.558570861816406,14.597623825073242
Correct 13.885688781738281,14.449026107788086,15.247305870056152,13.68034839630127
Correct 14.963590621948242,13.546123504638672,15.456771850585938,13.447208404541016
Correct 15.042229652404785,14.776829719543457,15.60287857055664,14.708537101745605
Wrong 14.90745735168457,12.741026878356934,13.729578018188477,15.303827285766602
Wrong 15.455201148986816,13.55929183959961,13.908498764038086,15.532038688659668
Correct 12.728781700134277,14.424250602722168,12.73617172241211,13.682215690612793
Wrong 16.8673038482666,12.848012924194336,14.118876457214355,13.7589111328125
Wrong 12.7660493850708,16.449726104736328,13.466517448425293,13.545174598693848
Correct 14.82524585723877,13.075243949890137,13.483076095581055,15.243224143981934
Wrong 13.733620643615723,14.59310531616211,14.23751449584961,13.708183288574219
Wrong 15.075525283813477,13.670555114746094,14.906147003173828,14.85937786102295
Correct 13.957274436950684,13.476934432983398,15.436178207397461,13.682531356811523
Wrong 15.327715873718262,15.266363143920898,12.225248336791992,12.243097305297852
Wrong 14.868294715881348,12.60389232635498,14.745896339416504,13.117305755615234
Wrong 14.690470695495605,14.998662948608398,14.825273513793945,15.691203117370605
Wrong 14.26401138305664,13.313480377197266,13.821063995361328,13.730977058410645
Correct 14.90857982635498,13.437516212463379,14.39462661743164,16.249479293823242
Correct 13.479515075683594,15.614002227783203,12.913835525512695,13.346508026123047
Wrong 15.160734176635742,13.721455574035645,14.201807022094727,15.282027244567871
Correct 15.362235069274902,11.463203430175781,11.905869483947754,12.72239875793457
Wrong 14.070541381835938,13.563276290893555,12.804645538330078,14.738518714904785
Correct 12.713936805725098,15.667224884033203,14.391758918762207,14.965827941894531
Correct 15.828475952148438,13.231451034545898,12.89091968536377,14.08607006072998
Correct 13.366594314575195,14.107769966125488,13.250998497009277,13.537168502807617
Wrong 15.363033294677734,13.63451099395752,14.077594757080078,14.724581718444824
Wrong 14.236491203308105,14.036974906921387,13.012883186340332,15.293521881103516
Wrong 14.29928970336914,14.615850448608398,13.661030769348145,13.475976943969727
Wrong 14.793279647827148,12.171675682067871,13.09864616394043,15.360725402832031
Correct 14.364042282104492,12.574953079223633,16.944114685058594,14.830799102783203
Correct 13.84161376953125,12.231781005859375,13.632603645324707,15.024276733398438
Correct 14.874105453491211,13.651412963867188,16.19817352294922,13.923186302185059
Correct 14.746070861816406,13.45348072052002,13.472732543945312,15.450438499450684
Correct 14.421211242675781,12.805191993713379,16.305667877197266,14.077588081359863
Wrong 14.888738632202148,14.630084991455078,12.653119087219238,14.406877517700195
Wrong 14.269268989562988,14.479340553283691,13.020377159118652,14.80836296081543
Correct 14.284939765930176,13.498993873596191,14.930267333984375,14.266490936279297
Wrong 15.898946762084961,14.764150619506836,15.120077133178711,15.281957626342773
Wrong 14.936141967773438,14.224169731140137,13.797219276428223,14.072206497192383
Wrong 15.789156913757324,13.041681289672852,13.20634651184082,15.080231666564941
Wrong 15.37675952911377,13.186948776245117,16.386337280273438,13.649931907653809
Correct 12.523140907287598,11.8843355178833,16.219501495361328,12.859596252441406
Wrong 15.565399169921875,13.653135299682617,13.965328216552734,14.340137481689453
Correct 14.588452339172363,13.697113990783691,13.448960304260254,15.045144081115723
Correct 12.25069522857666,15.294197082519531,13.773695945739746,13.155250549316406
Wrong 13.856579780578613,13.29114055633545,14.40330696105957,14.278106689453125
Correct 15.526334762573242,13.658978462219238,14.546497344970703,14.054394721984863
Correct 14.037158966064453,13.599879264831543,15.859877586364746,14.374086380004883
Correct 13.870036125183105,13.036494255065918,15.770373344421387,13.599969863891602
Wrong 16.123645782470703,12.468758583068848,13.062884330749512,13.33846664428711
Correct 15.135382652282715,12.318244934082031,14.442532539367676,14.9152250289917
Wrong 16.060779571533203,13.471771240234375,13.579506874084473,13.603398323059082
Wrong 14.615599632263184,13.818704605102539,14.957112312316895,14.560977935791016
Wrong 13.902552604675293,14.84381103515625,13.647116661071777,14.292984008789062
Correct 13.446333885192871,13.003069877624512,14.691545486450195,13.674991607666016
Wrong 15.729610443115234,11.487541198730469,12.880450248718262,15.065492630004883
Correct 14.926527976989746,14.099079132080078,13.910843849182129,15.426855087280273
Wrong 14.414823532104492,14.257428169250488,13.86957836151123,14.051766395568848
Correct 15.389894485473633,14.494375228881836,13.170055389404297,13.062126159667969
Wrong 15.93360710144043,12.49238395690918,14.092757225036621,12.914443016052246
Correct 14.951517105102539,12.64746379852295,15.920970916748047,14.02355670928955
Correct 14.516979217529297,12.482474327087402,12.907851219177246,13.397658348083496
Wrong 15.17689037322998,14.347402572631836,14.608772277832031,14.450729370117188
Correct 14.255142211914062,13.23938274383545,13.893671989440918,13.959628105163574
Correct 15.123564720153809,13.739928245544434,14.288537979125977,14.322953224182129
Correct 13.727926254272461,12.474926948547363,12.623507499694824,16.006837844848633
Wrong 13.502914428710938,13.51935863494873,13.705516815185547,13.877898216247559
Wrong 13.691463470458984,12.133180618286133,13.417908668518066,16.233919143676758
Correct 15.26254940032959,13.04944133758545,13.520700454711914,14.389557838439941
Wrong 13.50637149810791,12.516203880310059,16.206663131713867,13.412711143493652
Wrong 16.00763511657715,14.097527503967285,13.36491870880127,14.068581581115723
Wrong 13.533040046691895,13.497493743896484,13.383136749267578,13.454560279846191
Correct 14.963719367980957,13.822441101074219,15.679536819458008,14.3014497756958
Correct 14.238397598266602,13.44870662689209,13.832751274108887,14.4186372756958
Correct 12.09135627746582,15.483155250549316,12.987215042114258,12.882505416870117
Wrong 15.657879829406738,13.309856414794922,14.150298118591309,14.818418502807617
Wrong 16.545333862304688,12.079090118408203,13.311116218566895,13.780467987060547
Wrong 14.918647766113281,13.414971351623535,15.946648597717285,13.653443336486816
Correct 14.296684265136719,13.065396308898926,16.128965377807617,14.141660690307617
Wrong 14.938241958618164,13.30867862701416,14.907934188842773,14.804841995239258
Wrong 14.8378324508667,14.665590286254883,14.759378433227539,14.69896411895752
Correct 14.795487403869629,12.677908897399902,13.721109390258789,13.861827850341797
Wrong 14.238103866577148,12.583646774291992,13.65462875366211,15.60142707824707
Correct 15.30107593536377,13.37081527709961,13.42562198638916,13.958456039428711
Correct 14.5651273727417,12.967913627624512,16.402700424194336,15.166038513183594
Correct 16.267879486083984,14.816140174865723,14.98824405670166,14.847317695617676
Wrong 14.58145523071289,15.183854103088379,12.798129081726074,13.022971153259277
Wrong 14.308418273925781,13.1001615524292,12.972674369812012,13.583244323730469
Correct 14.541309356689453,12.942184448242188,14.8870849609375,15.840871810913086
Wrong 14.491072654724121,13.407599449157715,14.52365779876709,13.318319320678711
Correct 14.427103042602539,13.712238311767578,16.297094345092773,14.858709335327148
Wrong 13.677956581115723,15.203078269958496,13.906709671020508,13.076499938964844
Wrong 13.62752628326416,14.294754981994629,13.504528999328613,14.254642486572266
Wrong 15.269043922424316,13.615277290344238,13.794647216796875,14.975162506103516
Correct 13.839428901672363,13.94167709350586,13.59834098815918,14.130888938903809
Correct 13.833860397338867,12.875760078430176,16.650959014892578,15.490477561950684
Correct 14.205938339233398,13.456399917602539,16.886442184448242,15.237441062927246
Correct 15.168449401855469,14.966880798339844,14.288284301757812,13.860359191894531
Wrong 13.829358100891113,14.79483413696289,13.455655097961426,14.272994995117188
Wrong 16.29234504699707,12.571491241455078,13.338831901550293,14.41152572631836
Wrong 13.276908874511719,12.483427047729492,13.443033218383789,13.868935585021973
Wrong 13.535815238952637,14.322896003723145,13.569254875183105,13.17608642578125
Wrong 13.831138610839844,14.655745506286621,13.83092975616455,13.4020357131958
Correct 13.22790813446045,12.727302551269531,16.27595329284668,13.714893341064453
Wrong 14.675108909606934,13.478791236877441,12.975497245788574,15.714258193969727
Wrong 14.504274368286133,14.579642295837402,16.2609920501709,13.97468376159668
Wrong 15.549707412719727,13.786690711975098,14.10342025756836,13.6746244430542
Correct 13.510684967041016,12.498818397521973,17.213777542114258,14.071476936340332
Wrong 13.382124900817871,12.800992012023926,13.405803680419922,15.462928771972656
Correct 13.801377296447754,12.47666072845459,13.248180389404297,16.578371047973633
Wrong 12.80544662475586,12.589762687683105,13.453330993652344,13.15282917022705
Correct 15.53658676147461,12.918869018554688,13.256281852722168,12.590089797973633
Correct 16.46276092529297,12.064685821533203,11.861323356628418,12.840600967407227
Wrong 15.370997428894043,14.736966133117676,14.881755828857422,14.174976348876953
Correct 13.968486785888672,14.143871307373047,15.852718353271484,14.640085220336914
Wrong 16.31195068359375,12.409733772277832,12.649799346923828,13.455366134643555
Correct 15.098528861999512,13.688192367553711,14.104710578918457,14.211329460144043
Wrong 12.969472885131836,15.640410423278809,14.181747436523438,13.83113956451416
Correct 14.766712188720703,11.307083129882812,11.875946998596191,12.555577278137207
Correct 12.588305473327637,15.128326416015625,12.95755386352539,13.302167892456055
Correct 15.184662818908691,13.262957572937012,16.27133560180664,13.427234649658203
Wrong 14.570859909057617,13.366077423095703,16.07938575744629,14.527070045471191
Wrong 14.872196197509766,13.511761665344238,14.544256210327148,14.624653816223145
Correct 13.299713134765625,13.839149475097656,15.162300109863281,12.627029418945312
Correct 14.034436225891113,13.03792953491211,15.792994499206543,14.665289878845215
Wrong 14.52193546295166,14.054317474365234,13.3230562210083,14.886510848999023
Correct 15.984013557434082,12.466811180114746,14.688862800598145,13.962215423583984
Wrong 14.658031463623047,14.2799072265625,13.426745414733887,13.476521492004395
Correct 15.862276077270508,13.485594749450684,13.707941055297852,14.516533851623535
Correct 16.638628005981445,11.70910930633545,12.254670143127441,13.693548202514648
Correct 16.016616821289062,13.658698081970215,13.638656616210938,13.23553466796875
Wrong 12.505759239196777,12.580228805541992,13.64138126373291,13.51778507232666
Wrong 14.448162078857422,14.407739639282227,14.870600700378418,15.147138595581055
Wrong 15.644848823547363,14.68996524810791,14.694701194763184,14.44293212890625
Wrong 15.243867874145508,13.278105735778809,13.58289623260498,12.853981018066406
Correct 15.206607818603516,13.171737670898438,14.120203018188477,13.527746200561523
Correct 13.961926460266113,11.815847396850586,14.748371124267578,15.154409408569336
Wrong 14.480401039123535,13.995748519897461,13.895258903503418,14.432847023010254
Correct 13.71458911895752,11.443485260009766,12.85543441772461,17.309473037719727
Wrong 13.354511260986328,12.23087215423584,13.76678466796875,14.877031326293945
Wrong 16.31691551208496,13.469746589660645,13.239729881286621,14.730940818786621
Wrong 15.099034309387207,13.553133964538574,14.329392433166504,14.144570350646973
Correct 13.871773719787598,14.7796049118042,15.364455223083496,13.604133605957031
Wrong 14.538177490234375,13.189196586608887,14.579681396484375,13.720952033996582
Wrong 14.547840118408203,12.670210838317871,13.980462074279785,16.18722152709961
Correct 16.092357635498047,13.413394927978516,13.208505630493164,13.520604133605957
Wrong 14.189963340759277,14.016205787658691,14.074271202087402,14.056622505187988
Wrong 16.506080627441406,14.48043441772461,13.269457817077637,12.552477836608887
Wrong 14.055558204650879,14.130897521972656,15.04951286315918,13.649209022521973
Wrong 14.14148235321045,14.07869815826416,14.150665283203125,14.567614555358887
Wrong 13.873485565185547,12.48580551147461,13.561408996582031,13.205910682678223
Wrong 15.434471130371094,14.555445671081543,15.354806900024414,14.107378959655762
Correct 14.594822883605957,13.645435333251953,15.502618789672852,13.37099552154541
Wrong 14.330461502075195,13.570276260375977,15.125924110412598,14.82707691192627
Correct 13.341561317443848,10.777505874633789,12.099961280822754,16.577363967895508
Wrong 14.62405014038086,14.8627290725708,15.418170928955078,13.36087417602539
Correct 13.473244667053223,15.649084091186523,12.669315338134766,13.142143249511719
Wrong 15.531156539916992,13.115019798278809,13.230391502380371,14.955557823181152
Wrong 13.681936264038086,13.161014556884766,15.484237670898438,13.998236656188965
Wrong 13.454680442810059,12.476677894592285,16.894655227661133,14.170126914978027
Correct 14.345663070678711,14.661507606506348,14.81413745880127
Correct 13.009068489074707,11.882787704467773,13.778648376464844,15.904287338256836
Correct 13.317741394042969,16.15181541442871,13.781180381774902,14.166921615600586
Correct 15.89995288848877,15.536332130432129,16.280197143554688,15.283125877380371
Correct 15.424190521240234,14.566844940185547,15.003954887390137,16.44367027282715
Wrong 14.640191078186035,13.999513626098633,13.05140209197998,14.448883056640625
Correct 14.098702430725098,14.758224487304688,14.452397346496582,14.24954891204834
Wrong 12.66897201538086,16.477947235107422,12.763075828552246,12.999112129211426
Correct 13.171597480773926,12.707880973815918,13.119759559631348,16.825031280517578
Wrong 15.1627779006958,14.012351036071777,14.917891502380371,14.083979606628418
Correct 14.233949661254883,12.248478889465332,16.617252349853516,13.644214630126953
Correct 14.174566268920898,14.022797584533691,13.17490005493164,15.059017181396484
Wrong 13.735387802124023,13.04507064819336,14.661473274230957,14.31220817565918
Correct 13.872477531433105,14.731980323791504,14.160989761352539,13.688776016235352
Correct 16.0744571685791,12.642940521240234,12.128807067871094,12.660484313964844
Wrong 15.42560863494873,13.25894546508789,13.403369903564453,15.166293144226074
Correct 15.876906394958496,12.945627212524414,13.362151145935059,15.020771980285645
Correct 15.659979820251465,13.069430351257324,13.859089851379395,12.917601585388184
Correct 14.795928001403809,12.949324607849121,16.298982620239258,13.962288856506348
Wrong 15.742724418640137,13.138580322265625,12.265702247619629,12.79361343383789
Correct 16.692222595214844,12.919798851013184,13.563483238220215,13.534000396728516
Correct 15.032904624938965,13.778114318847656,14.062097549438477,13.711688041687012
Wrong 14.183064460754395,12.803936958312988,13.465185165405273,15.42147445678711
Wrong 14.684005737304688,14.21656322479248,14.445462226867676,13.99941349029541
Wrong 16.31603240966797,14.645252227783203,15.086162567138672,16.70077896118164
Correct 16.274158477783203,12.988959312438965,13.552613258361816,13.449458122253418
Wrong 15.186888694763184,14.464996337890625,14.283674240112305,14.365421295166016
Wrong 16.413650512695312,14.278773307800293,14.350537300109863,16.204904556274414
Wrong 14.779831886291504,15.103943824768066,14.976890563964844,13.594298362731934
Wrong 13.516883850097656,12.001659393310547,14.668264389038086,14.767197608947754
Wrong 14.966236114501953,13.624383926391602,14.748125076293945,13.936752319335938
Correct 15.484329223632812,13.111159324645996,15.657386779785156,14.218700408935547
Correct 13.803559303283691,14.741395950317383,13.645524024963379,13.613348007202148
Correct 13.864184379577637,13.698217391967773,15.795209884643555,13.422626495361328
Wrong 12.898398399353027,11.513550758361816,14.07209587097168,16.16486167907715
Correct 14.611274719238281,13.210536003112793,15.36306095123291,13.764885902404785
Correct 14.995306968688965,13.201338768005371,14.145082473754883,13.826729774475098
Correct 16.301733016967773,13.766157150268555,14.152717590332031,14.09472370147705
Correct 12.568574905395508,10.878532409667969,13.276981353759766,16.732864379882812
Correct 15.384309768676758,13.431619644165039,12.619776725769043,14.051912307739258
Wrong 14.408895492553711,14.5613431930542,14.629014015197754,13.72449779510498
Wrong 14.306567192077637,13.204545021057129,15.730356216430664,13.894964218139648
Wrong 13.823302268981934,13.847250938415527,13.085484504699707,14.395434379577637
Wrong 13.754864692687988,14.294013977050781,15.311996459960938,14.783263206481934
Wrong 14.989275932312012,15.09681224822998,13.445107460021973,13.681968688964844
Wrong 16.14591407775879,12.478156089782715,12.885960578918457,12.48828411102295
Wrong 14.261308670043945,12.748069763183594,14.73703670501709,15.817082405090332
Wrong 13.601778030395508,13.148530006408691,13.375329971313477,13.231110572814941
Wrong 14.895332336425781,13.336485862731934,15.348278999328613,15.53143310546875
Correct 16.321447372436523,12.588698387145996,15.182251930236816,13.702285766601562
Correct 13.233969688415527,12.863170623779297,16.579090118408203,13.761128425598145
Wrong 14.652432441711426,14.886860847473145,14.11733341217041,13.62093734741211
Wrong 12.326373100280762,16.05027961730957,12.552515983581543,13.010147094726562
Correct 16.668964385986328,12.331945419311523,14.448955535888672,13.558491706848145
Correct 14.892868041992188,14.77320384979248,14.58606243133545,14.975713729858398
Wrong 12.992172241210938,14.360055923461914,13.216072082519531,12.797212600708008
Correct 15.592048645019531,15.493246078491211,15.293962478637695,14.318585395812988
Correct 13.240521430969238,11.968976020812988,16.783809661865234,14.810359954833984
Wrong 15.34009838104248,14.107439994812012,14.867288589477539,14.348426818847656
Correct 16.284910202026367,13.122164726257324,13.773721694946289,14.050910949707031
Correct 14.669058799743652,13.766237258911133,14.881509780883789,15.16491413116455
Wrong 16.503280639648438,12.972320556640625,15.22144889831543,14.848288536071777
Correct 14.73505687713623,12.52934741973877,13.60365104675293,16.812484741210938
Wrong 13.884498596191406,13.425298690795898,12.733511924743652,12.92625904083252
Wrong 12.858759880065918,15.60775089263916,12.7494478225708,13.004839897155762
Correct 13.455445289611816,15.400660514831543,13.616925239562988,13.272037506103516
Correct 11.644426345825195,15.472172737121582,12.849593162536621,13.751891136169434
Wrong 14.24484634399414,14.293131828308105,14.362614631652832,14.753478050231934
Correct 15.99945068359375,14.349411010742188,12.56485652923584,13.650819778442383
Wrong 16.204954147338867,14.918634414672852,14.278087615966797,14.842193603515625
Wrong 15.401785850524902,13.228056907653809,13.568880081176758,13.891229629516602
Wrong 13.891425132751465,12.76446533203125,13.046018600463867,12.488536834716797
Wrong 15.004899978637695,13.41923713684082,14.578485488891602,14.281881332397461
Wrong 13.715126991271973,14.878917694091797,13.467601776123047,13.686236381530762
Correct 12.003161430358887,12.709163665771484,13.541017532348633,13.402539253234863
Correct 13.120594024658203,15.483454704284668,14.167525291442871,13.935705184936523
Correct 14.970804214477539,13.08161449432373,14.363163948059082,13.676787376403809
Wrong 14.153225898742676,14.288335800170898,15.054564476013184,13.661277770996094
Wrong 15.49354076385498,13.753219604492188,15.143012046813965,14.252191543579102
Correct 14.037301063537598,14.896136283874512,14.153944969177246,14.240660667419434
Correct 13.630605697631836,15.313093185424805,14.698509216308594,14.684088706970215
Correct 13.996841430664062,13.336877822875977,13.851597785949707,14.039665222167969
Wrong 13.553336143493652,13.18737506866455,13.529086112976074,13.6571626663208
Correct 13.817559242248535,15.73977279663086,14.08254623413086,13.915790557861328
Wrong 14.006965637207031,13.35740852355957,15.732887268066406,13.651976585388184
Wrong 13.612621307373047,14.65699291229248,15.145846366882324,13.508560180664062
Correct 13.320881843566895,14.643515586853027,14.605554580688477,15.04538345336914
Wrong 14.473581314086914,13.516680717468262,14.689332962036133,15.358990669250488
Correct 14.506196022033691,12.632579803466797,13.565905570983887,16.748485565185547
Wrong 15.12773323059082,13.354375839233398,14.22970962524414,15.318737983703613
Correct 15.50714111328125,13.058432579040527,15.680547714233398,13.719542503356934
Correct 15.325343132019043,13.18614673614502,14.483092308044434,14.565825462341309
Wrong 13.948266983032227,13.808063507080078,14.194235801696777,13.705428123474121
Wrong 15.980782508850098,13.398014068603516,14.061429023742676,13.708231925964355
Wrong 14.816524505615234,13.32374382019043,12.779014587402344,13.44570541381836
Correct 14.079395294189453,12.81533145904541,16.261518478393555,13.729228973388672
Wrong 15.956618309020996,13.36828899383545,13.35694694519043,14.394723892211914
Correct 15.094876289367676,14.872356414794922,13.688116073608398,14.092314720153809
Wrong 14.50744915008545,13.977592468261719,15.321375846862793,14.108933448791504
Wrong 13.648165702819824,12.929252624511719,16.930553436279297,13.421308517456055
Correct 15.808859825134277,13.172882080078125,14.285466194152832,13.731108665466309
Wrong 15.149784088134766,14.896512031555176,13.6826810836792,14.206801414489746
Wrong 11.903141975402832,15.823368072509766,11.689946174621582,11.503518104553223
Wrong 14.995980262756348,13.26443099975586,15.310042381286621,14.212873458862305
Correct 14.814309120178223,12.918461799621582,15.12939453125,15.914685249328613
Wrong 12.582399368286133,13.173266410827637,15.46817684173584,13.144983291625977
Wrong 15.982815742492676,13.62915325164795,12.245162963867188,14.5908784866333
Correct 13.894558906555176,13.007020950317383,14.233343124389648,15.408456802368164
Wrong 13.77226734161377,13.068840980529785,14.869239807128906,14.082974433898926
Wrong 15.172202110290527,13.075813293457031,14.931624412536621,15.196725845336914
Wrong 12.114749908447266,15.4159517288208,12.911113739013672,13.016621589660645
Correct 13.942092895507812,14.261761665344238,15.189011573791504,13.545921325683594
Wrong 14.784274101257324,12.691576957702637,12.832998275756836,16.049304962158203
Wrong 13.72124195098877,14.245285034179688,14.089058876037598,14.037697792053223
Wrong 13.808496475219727,12.804165840148926,13.814387321472168,15.446346282958984
Correct 15.596587181091309,12.333842277526855,13.722471237182617,15.240151405334473
Correct 13.152987480163574,13.42271614074707,11.76932144165039,15.656798362731934
Wrong 15.349388122558594,14.684358596801758,13.690947532653809,13.894396781921387
Correct 17.209957122802734,15.127635955810547,14.440433502197266,14.359166145324707
Wrong 15.135615348815918,14.80080509185791,15.28077507019043,15.051085472106934
Wrong 14.174154281616211,13.07710075378418,14.70710277557373,13.72908878326416
Wrong 14.024375915527344,11.820533752441406,13.798700332641602,13.49626636505127
Wrong 15.586153984069824,13.529778480529785,15.460649490356445,14.441590309143066
Wrong 14.151006698608398,13.34568977355957,13.935436248779297,13.850990295410156
Wrong 12.865328788757324,12.627509117126465,16.188831329345703,13.030343055725098
Wrong 13.791242599487305,14.014219284057617,14.684131622314453,14.04010009765625
Correct 15.449838638305664,13.507431030273438,13.737493515014648,14.16697883605957
Wrong 14.003013610839844,12.251787185668945,14.182829856872559,15.596281051635742
Wrong 17.178504943847656,14.17182731628418,13.871879577636719,13.866729736328125
Wrong 14.595497131347656,14.066633224487305,14.783893585205078,14.516108512878418
Wrong 17.13027000427246,14.24891185760498,14.56722354888916,14.520934104919434
Wrong 16.511003494262695,12.67502212524414,13.434735298156738,13.359843254089355
Wrong 15.39413833618164,14.507589340209961,13.45802116394043,14.110921859741211
Wrong 15.353372573852539,12.874723434448242,13.996491432189941,14.84658145904541
Correct 13.192009925842285,15.42941665649414,13.365974426269531,13.379465103149414
Wrong 12.809256553649902,15.570780754089355,12.76059627532959,12.970853805541992
Wrong 16.237882614135742,13.764708518981934,14.308758735656738,14.13056468963623
Wrong 14.751007080078125,14.053314208984375,14.055074691772461,13.795778274536133
Correct 14.98624038696289,13.727516174316406,13.276190757751465,14.10665512084961
Wrong 15.259044647216797,13.575249671936035,15.581095695495605,13.443965911865234
