grade confidence_levels
Correct 0.003053960157558322,0.0009260516380891204,0.015808019787073135,0.0013612194452434778
Correct 0.0398520901799202,0.002900745952501893,0.0017392950830981135,0.0031361631117761135
Correct 0.016951734200119972,0.004597377963364124,0.004006402101367712,0.01732596568763256
Correct 0.0014071648474782705,0.000862671120557934,0.014847350306808949,0.001062919618561864
Correct 0.03971478343009949,0.0012394919758662581,0.0019248593598604202,0.0016529299318790436
Correct 0.013335314579308033,0.003724659327417612,0.0007903089863248169,0.0013003966305404902
Correct 0.014920715242624283,0.015410305000841618,0.004347072448581457,0.0016337790293619037
Correct 0.003007660387083888,0.010722343809902668,0.0016328428173437715,0.004791861865669489
Correct 0.002620845101773739,0.0068421270698308945,0.0008174854447133839,0.0001867374376161024
Correct 0.041247617453336716,0.0005283456994220614,0.00078304682392627,0.0002889322058763355
Correct 0.019333796575665474,0.00046919731539674103,0.0018452988006174564,0.0009195401216857135
Correct 0.04754387214779854,0.007114766165614128,0.007946042343974113,0.0788133516907692
Correct 0.0015898903366178274,0.0009159996989183128,0.020220160484313965,0.0005881152465008199
Correct 0.0029990156181156635,0.00336506892926991,0.0031344098970294,0.0030152618419378996
Correct 0.01683128997683525,0.0006502231699414551,0.0005231614341028035,0.0009323543636128306
Correct 0.0028581612277776003,0.008002285845577717,0.017850089818239212,0.006146644242107868
Correct 0.00456821545958519,0.001370740938000381,0.0010033691069111228,0.014958938583731651
Correct 0.026658352464437485,0.002054397016763687,0.001905488083139062,0.0010825669160112739
Correct 0.02394540049135685,0.0007536455523222685,0.000810967932920903,0.0012661609798669815
Correct 0.0009224129025824368,0.0005096248351037502,0.006971847265958786,0.00030315661570057273
Correct 0.011430525220930576,0.019660932943224907,0.0014137662947177887,0.0017391717992722988
Wrong 0.002265260787680745,0.0022082168143242598,0.00399723881855607,0.005377315450459719
Correct 0.019246844574809074,0.0027724553365260363,0.0017633760580793023,0.0017726774094626307
Wrong 0.021401124075055122,0.019298039376735687,0.0013637080555781722,0.0014838003553450108
Wrong 0.0077130659483373165,0.006255534943193197,0.0009319194941781461,0.0006355316727422178
Wrong 0.003562801517546177,0.0006506256177090108,0.009381124749779701,0.0005086041055619717
Correct 0.0019185064593330026,0.0004122857062611729,0.00048717009485699236,0.013213797472417355
Correct 0.014239219017326832,0.014909104444086552,0.00169250403996557,0.0018572374247014523
Correct 0.002439160132780671,0.0021974171977490187,0.004208848811686039,0.0016688571777194738
Correct 0.005071584600955248,0.0013277310645207763,0.004898039624094963,0.008837051689624786
Correct 0.01180795393884182,0.0033579396549612284,0.004040516447275877,0.03375813737511635
Correct 0.0013375054113566875,0.0019319551065564156,0.025554556399583817,0.000790818186942488
Wrong 0.006315115839242935,0.0005936254747211933,0.0040393429808318615,0.0054313107393682
Correct 0.014508955180644989,0.0025725793093442917,0.002522335620597005,0.022536858916282654
Correct 0.023789238184690475,0.001297498820349574,0.0009157111635431647,0.001115600229240954
Wrong 0.0055427090264856815,0.0042232428677380085,0.0010860621696338058,0.001250812434591353
Correct 0.0032124884892255068,0.0018555560382083058,0.0034751356579363346,0.0025793027598410845
Correct 0.011267841793596745,0.015562742948532104,0.0015377274248749018,0.0011971135390922427
Wrong 0.012931166216731071,0.010769259184598923,0.0030954957474023104,0.00440843915566802
Wrong 0.02566741220653057,0.003150255186483264,0.0033175514545291662,0.027747564017772675
Correct 0.002340229693800211,0.013313079252839088,0.0004274718230590224,0.00031111427233554423
Correct 0.0075152283534407616,0.0004003733629360795,0.0008005769341252744,0.030115600675344467
Correct 0.0027471818029880524,0.006232913117855787,0.0004622814303729683,0.0001624978322070092
Correct 0.001649262267164886,0.016774678602814674,0.001086417119950056,0.0009075247799046338
Correct 0.002605866175144911,0.0011960829142481089,0.0012215967290103436,0.06392484158277512
Correct 0.003057153895497322,0.0025159029755741358,0.01982905901968479,0.0010419194586575031
Correct 0.005988852586597204,0.016458380967378616,0.0008360995561815798,0.001172006013803184
Wrong 0.021431349217891693,0.004335146863013506,0.0050391084514558315,0.03280828520655632
Correct 0.001691250829026103,0.0006118493038229644,0.00036404799902811646,0.009827540256083012
Correct 0.027615098282694817,0.005041210446506739,0.004996044095605612,0.01426741387695074
Correct 0.014734555967152119,0.005749046336859465,0.01672225631773472,0.0031327696051448584
Correct 0.0026575704105198383,0.031205330044031143,0.0013533319579437375,0.0005944058648310602
Correct 0.0014433292672038078,0.0011075695510953665,0.002214105799794197,0.016112981364130974
Correct 0.0012150290422141552,0.010910863988101482,0.0018639547051861882,0.0011693016858771443
Correct 0.01832176372408867,0.00155737716704607,0.0019803247414529324,0.0019396739080548286
Correct 0.0007282327860593796,0.00025315137463621795,0.0004042214131914079,0.009744121693074703
Wrong 0.0033503975719213486,0.0020130835473537445,0.0026078918017446995,0.0018872186774387956
Correct 0.007113981060683727,0.007948157377541065,0.02080557681620121,0.0006991393165662885
Correct 0.0034900468308478594,0.0009685491095297039,0.010292399674654007,0.003318396396934986
Wrong 0.005454449448734522,0.005196375772356987,0.0008847421850077808,0.0008749470580369234
Correct 0.000860599975567311,0.00023231098020914942,0.022422173991799355,0.0005795572651550174
Correct 0.001646884367801249,0.0011301380582153797,0.000977513031102717,0.01698427088558674
Wrong 0.005320548079907894,0.004863009788095951,0.0012802944984287024,0.0009979334427043796
Correct 0.01256216038018465,0.002200760180130601,0.00221474701538682,0.002348494017496705
Correct 0.0060408832505345345,0.0008015013299882412,0.0011284142965450883,0.01035306416451931
Wrong 0.010792633518576622,0.0014091377379372716,0.008841692470014095,0.0028066535014659166
Correct 0.00405315775424242,0.0013161139795556664,0.0018269788706675172,0.010450704023241997
Correct 0.03126905858516693,0.0019614866469055414,0.0013400907628238201,0.0011519979452714324
Wrong 0.02022377960383892,0.0005146267358213663,0.0005565342144109309,0.000683421443682164
Correct 0.0037651793099939823,0.02574937231838703,0.0019686436280608177,0.001657265005633235
Correct 0.00931626744568348,0.0013795222621411085,0.0035563367418944836,0.0006378043908625841
Correct 0.0022165081463754177,0.004720126278698444,0.003794934833422303,0.0007354679983109236
Correct 0.010824959725141525,0.004174927249550819,0.039791714400053024,0.0014881815295666456
Wrong 0.004893224220722914,0.005670011974871159,0.0070542702451348305,0.003450284246355295
Correct 0.031023968011140823,0.0005470322212204337,0.0006598681211471558,0.0007035993621684611
Correct 0.0027337362989783287,0.008630531840026379,0.0005340082570910454,0.00030110913212411106
Correct 0.023415790870785713,0.002316250465810299,0.0007696134271100163,0.0030768541619181633
Wrong 0.004401267971843481,0.029907265678048134,0.001666401163674891,0.0016311915824189782
Wrong 0.005300245713442564,0.0019627625588327646,0.0014991996577009559,0.004773409105837345
Wrong 0.003124004928395152,0.002579272026196122,0.0013450377155095339,0.0017072713235393167
Correct 0.006366658490151167,0.010021122172474861,0.0015327971195802093,0.0007441298221237957
Correct 0.037737615406513214,0.008091681636869907,0.020529594272375107,0.0031897430308163166
Correct 0.059980906546115875,0.011059430427849293,0.007409274112433195,0.00356609676964581
Wrong 0.005950449034571648,0.0052898479625582695,0.0012167927343398333,0.0016463962383568287
Correct 0.03637944534420967,0.003229249967262149,0.012316069565713406,0.0032835095189511776
Wrong 0.010676796548068523,0.01211580540984869,0.0032670758664608,0.005601198878139257
Wrong 0.01583399623632431,0.004807659424841404,0.013020160607993603,0.003952242434024811
Correct 0.004444459453225136,0.02210192382335663,0.001224326086230576,0.0049624270759522915
Correct 0.004615376237779856,0.052659306675195694,0.003810723777860403,0.0024765911512076855
Correct 0.0035636925604194403,0.0008938792743720114,0.009213872253894806,0.0008093033102340996
Correct 0.0024922776501625776,0.0008965776651166379,0.0009021554724313319,0.02551380544900894
Correct 0.0025506620295345783,0.004575859289616346,0.0019688154570758343,0.008016637526452541
Wrong 0.013637780211865902,0.0043005566112697124,0.002980991266667843,0.00539833540096879
Correct 0.0037872670218348503,0.009377330541610718,0.0023694064002484083,0.0013892407296225429
Wrong 0.009638977237045765,0.001455799792893231,0.00573231466114521,0.0016414561541751027
Wrong 0.0032206864561885595,0.006974243558943272,0.0023066378198564053,0.0014895102940499783
Wrong 0.01111378613859415,0.0013029926922172308,0.0011917704250663519,0.0014222533209249377
Correct 0.005839724559336901,0.0020747981034219265,0.01877724565565586,0.001496596960350871
Correct 0.0021986740175634623,0.00027647288516163826,0.0005460884422063828,0.017172714695334435
Correct 0.014556541107594967,0.0006150106200948358,0.000987648032605648,0.0006544947973452508
Correct 0.005627725273370743,0.035906482487916946,0.0025749208871275187,0.002131704706698656
Correct 0.006659160368144512,0.0009713608887977898,0.014941479079425335,0.001771783921867609
Correct 0.011852036230266094,0.0013557409401983023,0.0014606061158701777,0.0013832341646775603
Wrong 0.013820011168718338,0.011976057663559914,0.0023220933508127928,0.003061942756175995
Wrong 0.011975240893661976,0.003140730084851384,0.008853113278746605,0.0020888447761535645
Wrong 0.0018031748477369547,0.003949412610381842,0.0032192275393754244,0.0019462861819192767
Correct 0.004178189672529697,0.0019632731564342976,0.002733430126681924,0.01467560138553381
Correct 0.05329213663935661,0.0015710623702034354,0.003211477305740118,0.0017453718464821577
Correct 0.004018566571176052,0.00927226897329092,0.000652699323836714,0.0008610162185505033
Correct 0.0015758321387693286,0.011432282626628876,0.0003601089119911194,0.00012355195940472186
Correct 0.008444731123745441,0.002938346704468131,0.010144097730517387,0.0010119227226823568
Correct 0.0016347977798432112,0.001203640247695148,0.015659140422940254,0.0010079224593937397
Wrong 0.0015190711710602045,0.0030064547900110483,0.0009782409761101007,0.011630501598119736
Correct 0.011595736257731915,0.0046753427013754845,0.004604922141879797,0.022721121087670326
Correct 0.0014459232334047556,0.015488145872950554,0.0004473159206099808,0.00015886256005614996
Correct 0.003442333545535803,0.033396344631910324,0.0019914524164050817,0.0015749959275126457
Wrong 0.019843026995658875,0.008478229865431786,0.002136075869202614,0.002728478517383337
Correct 0.0016669065225869417,0.017710035666823387,0.002943678991869092,0.0019830733072012663
Correct 0.0027562081813812256,0.0012044538743793964,0.02013513259589672,0.0015847847098484635
Correct 0.0009850534843280911,0.0016456570010632277,0.03972375765442848,0.002031833864748478,0.0018178647151216865
Correct 0.029248718172311783,0.0020758435130119324,0.0014340932248160243,0.001195260090753436
Wrong 0.019767219200730324,0.0020503057166934013,0.00135192705783993,0.003770590992644429
Correct 0.01279678288847208,0.00503747770562768,0.004223005846142769,0.015751169994473457
Wrong 0.012427729554474354,0.011288145557045937,0.0021686984691768885,0.0016507797408849
Wrong 0.008768796920776367,0.002148929750546813,0.004190804436802864,0.0056081474758684635
Wrong 0.0140369338914752,0.006489507853984833,0.0018716739723458886,0.004206391051411629
Correct 0.0035835779272019863,0.01130540668964386,0.0005829111323691905,0.0012762265978381038
Correct 0.0012641942594200373,0.0002879279782064259,0.000437847338616848,0.017940035089850426
Correct 0.002531413920223713,0.0014521131524816155,0.001757097546942532,0.008708707056939602
Correct 0.0026876507326960564,0.004286352079361677,0.022420654073357582,0.002034625969827175
Wrong 0.0021779995877295732,0.0003750766918528825,0.0003359310794621706,0.026388248428702354
Wrong 0.013685205020010471,0.0034801617730408907,0.0034813890233635902,0.0027869746554642916
Correct 0.0059083024971187115,0.00710320845246315,0.0009057046263478696,0.0013871547998860478
Wrong 0.0032098540104925632,0.0036682807840406895,0.004526539705693722,0.00233994098380208
Wrong 0.006049350835382938,0.0027580310124903917,0.0013730218634009361,0.001439721672795713
Wrong 0.00892185140401125,0.0015203270595520735,0.04004253074526787,0.003109691431745887
Correct 0.01585506834089756,0.0022622484248131514,0.0010009979596361518,0.0011243164772167802
Correct 0.011794502846896648,0.0014531746273860335,0.005092629697173834,0.029605668038129807
Correct 0.008426979184150696,0.001077659078873694,0.0021100062876939774,0.0009683599346317351
Correct 0.003928378690034151,0.0233860295265913,0.0026588798500597477,0.0016364175826311111
Wrong 0.011491673067212105,0.0023710690438747406,0.010700325481593609,0.0010118404170498252
Wrong 0.0020955281797796488,0.0024681291542947292,0.001521807280369103,0.009558512829244137
Wrong 0.014298471622169018,0.0018479775171726942,0.00705164298415184,0.001387636293657124
Correct 0.046210840344429016,0.004137436859309673,0.0029351043049246073,0.007031983230262995
Wrong 0.010749582201242447,0.008156167343258858,0.0014590790960937738,0.0006663750391453505
Correct 0.005926123354583979,0.004533349070698023,0.01309932954609394,0.0032098006922751665
Correct 0.0031987924594432116,0.0007615427603013813,0.016679072752594948,0.0003377899120096117
Wrong 0.014064875431358814,0.00284790201112628,0.0021230007987469435,0.009937068447470665
Correct 0.006877480074763298,0.008332508616149426,0.0016624015988782048,0.0015109569067135453
Wrong 0.009119341149926186,0.002037524478510022,0.0011248798109591007,0.0033068740740418434
Wrong 0.006817111745476723,0.0016426616348326206,0.004302875138819218,0.0020847904961556196
Correct 0.055516716092824936,0.002491457387804985,0.004394402727484703,0.002052762545645237
Wrong 0.02189541608095169,0.0039050851482897997,0.004431936424225569,0.0147671764716506
Wrong 0.017231320962309837,0.0019218181259930134,0.0014689185190945864,0.0015399712137877941
Correct 0.02637435682117939,0.0025746594183146954,0.002204097341746092,0.0012277165660634637
Correct 0.014968452043831348,0.002873669844120741,0.0030397905502468348,0.022873355075716972
Correct 0.002467685379087925,0.0008181586163118482,0.002110469387844205,0.015739193186163902
Correct 0.06900665909051895,0.0020719810854643583,0.0020454516634345055,0.0020682041067630053
Correct 0.04543565586209297,0.003370219375938177,0.0031455347780138254,0.005419513210654259
Wrong 0.007150888442993164,0.005861346144229174,0.0018797621596604586,0.0007817918085493147
Correct 0.0038818148896098137,0.0030193941202014685,0.003966564778238535,0.004302147310227156
Correct 0.0055308593437075615,0.020085245370864868,0.001600405783392489,0.001423022709786892
Wrong 0.010140257887542248,0.0018314439803361893,0.0008077920647338033,0.0009185915696434677
Wrong 0.003942107781767845,0.0029153558425605297,0.0009865190368145704,0.00024873041547834873
Wrong 0.0058402311988174915,0.0039604827761650085,0.004394621588289738,0.009325298480689526
Correct 0.002464191522449255,0.001959065906703472,0.0020047847647219896,0.01328821200877428
Wrong 0.0080092279240489,0.005135026760399342,0.0024759003426879644,0.0036465907469391823
Wrong 0.007357060443609953,0.002538983942940831,0.0008953737560659647,0.0007211430929601192
Wrong 0.006517940200865269,0.0021428789477795362,0.0017497334629297256,0.004192061256617308
Correct 0.00597379170358181,0.002937552286311984,0.0032731997780501842,0.0025790382642298937
Correct 0.006642661057412624,0.016829490661621094,0.0042649004608392715,0.00259304023347795
Wrong 0.0067111412063241005,0.007681243121623993,0.0022759693674743176,0.0014866150449961424
Wrong 0.0031115326564759016,0.0005812247982248664,0.005010399967432022,0.0007892957655712962
Wrong 0.016139602288603783,0.009327320381999016,0.004119565710425377,0.004265480674803257
Correct 0.015930745750665665,0.001677664928138256,0.0019181233365088701,0.0014986025635153055
Correct 0.015682809054851532,0.000990794156678021,0.0008959713159129024,0.0020392455626279116
Correct 0.003181328298524022,0.0019330712966620922,0.025329211726784706,0.0015574567951261997
Correct 0.001955645391717553,0.006788154598325491,0.0008340551285073161,0.0006196730537340045
Wrong 0.007175548002123833,0.0021037415135651827,0.0029559440445154905,0.0025347464252263308
Correct 0.0015593505231663585,0.0334867425262928,0.0022975660394877195,0.0013827418442815542
Wrong 0.0018396963132545352,0.004107892978936434,0.0017084215069189668,0.003809924703091383
Correct 0.012482843361794949,0.0017738306196406484,0.0015271613374352455,0.001825867686420679
Wrong 0.010752147994935513,0.0014153032097965479,0.0014372941805049777,0.010682721622288227
Correct 0.01950257457792759,0.005963342729955912,0.006825521122664213,0.004510580096393824
Correct 0.02652278169989586,0.0035709873773157597,0.002541410969570279,0.0065833162516355515
Wrong 0.018826650455594063,0.003377226646989584,0.006928163580596447,0.0027244738303124905
Correct 0.00966610573232174,0.002367642940953374,0.0034982769284397364,0.0010729888454079628
Correct 0.0586262010037899,0.0014644945040345192,0.001351280719973147,0.0027417668607085943
Correct 0.002040187595412135,0.0006815448286943138,0.0010892999125644565,0.015948204323649406
Correct 0.011017149314284325,0.0016909756232053041,0.0018677698681131005,0.0013125570258125663
Wrong 0.003971918951719999,0.001952226972207427,0.013584772124886513,0.005173189099878073
Wrong 0.012001380324363708,0.0023720620665699244,0.004663415253162384,0.003676449880003929
Wrong 0.0015681223012506962,0.0013155132764950395,0.0009922877652570605,0.000901614548638463
Correct 0.007552018389105797,0.007788003422319889,0.0013224594295024872,0.0026530250906944275
Wrong 0.005548911634832621,0.0038468660786747932,0.005656164139509201,0.01104458887130022
Correct 0.011541467159986496,0.013693084940314293,0.004225170239806175,0.00572103401646018
Correct 0.003234519623219967,0.0031728926114737988,0.02956622652709484,0.0027743233367800713
Wrong 0.003185420762747526,0.0039013277273625135,0.026866141706705093,0.0020313432905822992
Correct 0.00452018715441227,0.0008877914515323937,0.0031498901080340147,0.008252791129052639
Correct 0.0042455545626580715,0.005461778957396746,0.009155115112662315,0.0009340209071524441
Correct 0.00813394133001566,0.0034718455281108618,0.022819282487034798,0.002634916454553604
Correct 0.028882604092359543,0.0016096170293167233,0.000712540524546057,0.0011644252808764577
Wrong 0.010443419218063354,0.0021927959751337767,0.001906619407236576,0.0031901439651846886
Correct 0.002073835814371705,0.004152250476181507,0.015517963096499443,0.002427208237349987
Correct 0.025102276355028152,0.005095257889479399,0.0037976435851305723,0.0038344990462064743
Wrong 0.021480180323123932,0.000548401556443423,0.0006551571423187852,0.0005546650500036776
Correct 0.0014777109026908875,0.022147150710225105,0.0014226165367290378,0.0007878553005866706
Wrong 0.0027271010912954807,0.0217972993850708,0.0022025855723768473,0.002068640198558569
Correct 0.0024629870895296335,0.0023101912811398506,0.0006788570317439735,0.013952171429991722
Wrong 0.00841063354164362,0.002828342141583562,0.0014633458340540528,0.004249958787113428
Correct 0.006264443043619394,0.003894183551892638,0.024379558861255646,0.003547403495758772
Wrong 0.0012725695269182324,0.0007110266014933586,0.016827428713440895,0.000370725872926414
Correct 0.0040514529682695866,0.013247146271169186,0.004977962002158165,0.0025189591106027365
Correct 0.02124064229428768,0.028828108683228493,0.003492105985060334,0.0019516551401466131
Correct 0.0019070308189839125,0.001616508001461625,0.05814843997359276,0.0012214414309710264
Correct 0.005068229045718908,0.0045154462568461895,0.0022587687708437443,0.0015142073389142752
Correct 0.011428441852331161,0.00034264297573827207,0.0003031193045899272,0.00022418265871237963
Correct 0.007066239137202501,0.001979895867407322,0.0023301236797124147,0.014375447295606136
Correct 0.005733531434088945,0.0015136280562728643,0.023525523021817207,0.0018403730355203152
Wrong 0.002936558099463582,0.00420580105856061,0.0028610907029360533,0.0013611982576549053
Correct 0.002858813153579831,0.011787489987909794,0.0005864276317879558,0.0003295712813269347
Correct 0.026389267295598984,0.0028625912964344025,0.0030746208503842354,0.002451835200190544
Correct 0.004199216607958078,0.004714322276413441,0.009202620945870876,0.0043930476531386375
Correct 0.006075204350054264,0.03387053310871124,0.003629406914114952,0.003537530777975917
Correct 0.0038600934203714132,0.006077288184314966,0.0009132016566582024,0.0008308711694553494
Wrong 0.005574754439294338,0.002834177343174815,0.011945032514631748,0.001158756553195417
Wrong 0.026159822940826416,0.0028042271733283997,0.0020502512343227863,0.0016471818089485168
Wrong 0.006916800979524851,0.005301537457853556,0.004474995192140341,0.0018847316969186068
Wrong 0.01342040952295065,0.009293314069509506,0.009581198915839195,0.0024505124893039465
Correct 0.004995701368898153,0.008175775408744812,0.024018622934818268,0.0025078419130295515
Correct 0.06162410229444504,0.0031183732207864523,0.004062246065586805,0.00265254988335073
Correct 0.0464627705514431,0.0014673431869596243,0.0011713614221662283,0.002788357436656952
Correct 0.0058173127472400665,0.0020738078746944666,0.0015026102773845196,0.025450684130191803
Wrong 0.0031965565867722034,0.0011743177892640233,0.0019094512099400163,0.017058907076716423
Correct 0.006273067556321621,0.0031424451153725386,0.0031623351387679577,0.01992933265864849
Correct 0.002198263304308057,0.005527210421860218,0.0007524846587330103,0.001361836213618517
Wrong 0.01283214520663023,0.0014347619144245982,0.0022750310599803925,0.0056686727330088615
Correct 0.011158245615661144,0.0011531448690220714,0.001061702729202807,0.0013711322098970413
Wrong 0.011997616849839687,0.002480096882209182,0.01144966296851635,0.001152719254605472
Wrong 0.011850718408823013,0.003129454329609871,0.0008998680859804153,0.0006493717664852738
Correct 0.024895047768950462,0.0032941210083663464,0.003539668396115303,0.02672049030661583
Wrong 0.0024522969033569098,0.0010890270350500941,0.004454482812434435,0.004980775061994791
Correct 0.0041386522352695465,0.0035956960637122393,0.0138864079490304,0.005153506062924862
Correct 0.013745573349297047,0.037678975611925125,0.004483824595808983,0.0038058480713516474
Wrong 0.006941939704120159,0.005123139824718237,0.0008837195346131921,0.009647953324019909
Correct 0.006902622990310192,0.0012840202543884516,0.021818000823259354,0.0025591033045202494
Correct 0.0037570265121757984,0.0010875267907977104,0.005770592018961906,0.0008002839749678969
Correct 0.005822359584271908,0.04017869383096695,0.0022507542744278908,0.0017752086278051138
Correct 0.024442480877041817,0.004060277249664068,0.005139447748661041,0.0021597121376544237
Correct 0.0019574295729398727,0.0015465010656043887,0.005237207747995853,0.006688740570098162
Correct 0.013225256465375423,0.0017051773611456156,0.0036387343425303698,0.003186517860740423
Correct 0.0019808171782642603,0.0019365608459338546,0.011201401241123676,0.0014232646208256483
Wrong 0.0039860280230641365,0.004787578713148832,0.001800401252694428,0.00028888159431517124
Correct 0.0038540291134268045,0.0018883781740441918,0.0290722344070673,0.0019969947170466185
Wrong 0.005112035665661097,0.001946542877703905,0.00785807240754366,0.0022099651396274567
Wrong 0.0025392984971404076,0.000814340659417212,0.0013991351006552577,0.013776418752968311
Correct 0.0038448895793408155,0.004252349026501179,0.0035821751225739717,0.009094193577766418
Wrong 0.018277857452630997,0.01154689583927393,0.0037548793479800224,0.0035794766154140234
Correct 0.0023921357933431864,0.008099645376205444,0.001051312661729753,0.00032961784745566547
Correct 0.006610217038542032,0.0063559082336723804,0.0010747801279649138,0.0005086535820737481
Wrong 0.0033883503638207912,0.00763574568554759,0.0049713244661688805,0.0019275638042017817
Correct 0.0024524827022105455,0.027363399043679237,0.0012764226412400603,0.0019811864476650953
Correct 0.0015557112637907267,0.013778763823211193,0.0009568597306497395,0.000527199765201658
Wrong 0.0031337286345660686,0.03806115686893463,0.0021950185764580965,0.002778088441118598
Correct 0.002058568876236677,0.0013522213557735085,0.0020194160751998425,0.01440380048006773
Wrong 0.0011625642655417323,0.01779966987669468,0.0017702775076031685,0.0017302421620115638
Wrong 0.0017345792148262262,0.0032639303244650364,0.001553550362586975,0.0016879404429346323
Wrong 0.013569614849984646,0.0015909961657598615,0.0018900827271863818,0.004617600701749325
Wrong 0.02727632224559784,0.004949738271534443,0.002776454435661435,0.004136070143431425
Wrong 0.0040949080139398575,0.0005313816363923252,0.001543886144645512,0.02151094377040863
Wrong 0.007191469892859459,0.003360607661306858,0.00501209357753396,0.004355169367045164
Correct 0.0054148114286363125,0.001052640494890511,0.001669680466875434,0.010202943347394466
Correct 0.004116244148463011,0.0015376473311334848,0.015115385875105858,0.000686188112013042
Correct 0.01909298449754715,0.01042455155402422,0.0021496566478163004,0.0012664959067478776
Wrong 0.0033684251829981804,0.0035097149666398764,0.0006981075275689363,0.00046628425479866564
Correct 0.007372481748461723,0.024887509644031525,0.002285950817167759,0.003249923000112176
Wrong 0.016226328909397125,0.0066458685323596,0.0011909275781363249,0.0022394282277673483
Wrong 0.006143165752291679,0.0013996678171679378,0.002054814249277115,0.0009049851796589792
Correct 0.002503916621208191,0.002927376888692379,0.021039683371782303,0.0017822212539613247
Wrong 0.0053505003452301025,0.006344035733491182,0.0025073057040572166,0.001757009536959231
Correct 0.018751610070466995,0.005218192003667355,0.006284166127443314,0.03293916955590248
Wrong 0.00594927417114377,0.000545517192222178,0.0019721188582479954,0.00045037289964966476
Correct 0.021414119750261307,0.0005069926264695823,0.0014467553701251745,0.030209403485059738
Wrong 0.005486967507749796,0.00045165320625528693,0.0004405361250974238,0.00020531084737740457
Wrong 0.018243033438920975,0.0012660296633839607,0.0015997617738321424,0.0021072705276310444
Wrong 0.012121941894292831,0.0032648236956447363,0.01092466153204441,0.0012886442709714174
Correct 0.016729814931750298,0.0035769855603575706,0.006182341370731592,0.0019738541450351477
Wrong 0.01172473281621933,0.010049679316580296,0.003681761911138892,0.0034342920407652855
Correct 0.005017389077693224,0.0013491191202774644,0.012359376065433025,0.0005248482339084148
Wrong 0.0034632885362952948,0.0041634635999798775,0.0018161506159231067,0.0009029662469401956
Correct 0.009753290563821793,0.0036937377881258726,0.0011060413671657443,0.0007405944052152336
Wrong 0.01850155182182789,0.005988188087940216,0.0036015938967466354,0.017433326691389084
Wrong 0.007265153340995312,0.002365473657846451,0.0016252248315140605,0.006145134102553129
Correct 0.006303359288722277,0.001082543982192874,0.0010515454923734069,0.0011733188293874264
Correct 0.0026883662212640047,0.002206749515607953,0.0009810260962694883,0.000981970806606114
Correct 0.0011428454890847206,0.0008845764677971601,0.02313411980867386,0.0003287284926045686
Correct 0.006570779252797365,0.003985484596341848,0.018423939123749733,0.0026471372693777084
Wrong 0.0015188428806141019,0.005176583305001259,0.0013445836957544088,0.0007370546227321029
Wrong 0.003990150056779385,0.0022596269845962524,0.001718674087896943,0.01434892788529396
Wrong 0.005574031267315149,0.013639642857015133,0.004113886971026659,0.0028321468271315098
Correct 0.014438086189329624,0.0008874561171978712,0.0008289831457659602,0.0014734900323674083
Correct 0.023596320301294327,0.002224523574113846,0.005278207827359438,0.005813977215439081
Correct 0.004236171953380108,0.0021337789949029684,0.0022042628843337297,0.02108997292816639
Correct 0.007467043586075306,0.0018937804270535707,0.03243550658226013,0.002826269483193755
Wrong 0.011674175970256329,0.0025126247201114893,0.0037626256234943867,0.0020307188387960196
Wrong 0.019716400653123856,0.0010887935059145093,0.0015746516874060035,0.0007788432412780821
Correct 0.025128688663244247,0.002189137041568756,0.0031653246842324734,0.0021027664188295603
Wrong 0.002333843382075429,0.009060097858309746,0.0076821353286504745,0.0008158085984177887
Correct 0.0013593959156423807,0.015413915738463402,0.0007368646329268813,0.0003005189646501094
Wrong 0.02499421313405037,0.01899709179997444,0.004665493033826351,0.002100801095366478
Wrong 0.001983573427423835,0.0046510896645486355,0.009847857989370823,0.0005519791156984866
Correct 0.004970512352883816,0.0011447619181126356,0.001519111217930913,0.009742164984345436
Wrong 0.01091323047876358,0.004010771866887808,0.00256686401553452
Wrong 0.014992894604802132,0.0025465176440775394,0.0017332545248791575,0.0036279289051890373
Wrong 0.0123668247833848,0.0028575926553457975,0.0030437279492616653,0.005593629088252783
Wrong 0.006192316301167011,0.005463744513690472,0.0027113398537039757,0.0019722769502550364
Wrong 0.00514263566583395,0.004300344735383987,0.0015796107472851872,0.0007870676927268505
Wrong 0.009957993403077126,0.0016772833187133074,0.0030580353923141956,0.005405092611908913
Wrong 0.0035508174914866686,0.0010565340053290129,0.011324498802423477,0.0030544688925147057
Wrong 0.002708095358684659,0.0103883296251297,0.0013499381020665169,0.0008807986159808934
Wrong 0.011233075521886349,0.0007334842230193317,0.0006185320671647787,0.00033749561407603323
Wrong 0.003810419701039791,0.013232776895165443,0.0020199138671159744,0.0008329268894158304
Wrong 0.003266152460128069,0.0031672194600105286,0.0023570877965539694,0.0035666637122631073
Correct 0.003489662893116474,0.01885683462023735,0.0022676638327538967,0.00219635758548975
Correct 0.005087584722787142,0.006986808497458696,0.0010773855028674006,0.0007307911291718483
Wrong 0.028814446181058884,0.004562469199299812,0.002416086383163929,0.0028927584644407034
Wrong 0.0027859481051564217,0.0012619035551324487,0.00276584574021399,0.010322131216526031
Wrong 0.002489566570147872,0.0068635218776762486,0.000943829189054668,0.001277588540688157
Correct 0.0037783142179250717,0.0008394806063733995,0.011663630604743958,0.0005909663159400225
Correct 0.012163127772510052,0.0026606691535562277,0.00223003001883626,0.029461046680808067
Wrong 0.009083024226129055,0.001760541694238782,0.008906538598239422,0.0012533304980024695
Correct 0.00445251539349556,0.0011959628900513053,0.004869230557233095,0.0009391508647240698
Wrong 0.005372841842472553,0.0007764838519506156,0.0005490290932357311,0.0002776416949927807
Correct 0.025207165628671646,0.006302849855273962,0.0016806625062599778,0.0021973969414830208
Correct 0.01599431037902832,0.00613142317160964,0.006349082104861736,0.0019425232894718647
Correct 0.006135241128504276,0.0010784401092678308,0.012047816067934036,0.0013158107176423073
Wrong 0.016612490639090538,0.003682931186631322,0.002581873442977667,0.009726117365062237
Correct 0.013751747086644173,0.0023919353261590004,0.0019326851470395923,0.018306652083992958
Wrong 0.007070817984640598,0.0008571111829951406,0.0005187312490306795,0.00018706510309129953
Correct 0.0039826929569244385,0.002938046818599105,0.005070663522928953,0.006377605255693197
Wrong 0.005883404053747654,0.004255048930644989,0.0008049175958149135,0.0006861591245979071
Correct 0.011761331930756569,0.0010112172458320856,0.0018556457944214344,0.00122705171816051
Wrong 0.013027905486524105,0.00189670838881284,0.007328054402023554,0.001373410690575838
Wrong 0.006909504067152739,0.0028824512846767902,0.003530192654579878,0.0022653851192444563
Correct 0.007851077243685722,0.008277245797216892,0.0014781769132241607,0.0003525506181176752
Correct 0.01804863102734089,0.0009345629368908703,0.0007900731870904565,0.001879893010482192
Correct 0.0038692711386829615,0.003552032634615898,0.010454249568283558,0.0014778602635487914
Correct 0.007831611670553684,0.0030022007413208485,0.010781675577163696,0.0018059952417388558
Wrong 0.004008612595498562,0.002113251481205225,0.0022648507729172707,0.014113917015492916
Correct 0.0022741102147847414,0.0018874539528042078,0.010039322078227997,0.001571302767843008
Wrong 0.008320889435708523,0.010100141167640686,0.0024010713677853346,0.0013504881644621491
Wrong 0.011922496370971203,0.002941267564892769,0.01907035894691944,0.004001126158982515
Correct 0.008547422476112843,0.003101653652265668,0.005560572724789381,0.007294388022273779
Wrong 0.03115895763039589,0.0037643713876605034,0.002268454059958458,0.002157673006877303
Wrong 0.006771400570869446,0.002795602660626173,0.0029979099053889513,0.025139030069112778
Wrong 0.0023299837484955788,0.0005193896940909326,0.0010318796848878264,0.013969195075333118
Correct 0.028463369235396385,0.0008360287174582481,0.0013578308280557394,0.0016467300010845065
Correct 0.0037974254228174686,0.003972021397203207,0.0031925137154757977,0.003003764199092984
Correct 0.00664633559063077,0.0016406936338171363,0.002996628638356924,0.0016052431892603636
Correct 0.006786408368498087,0.0258436668664217,0.0042316303588449955,0.0038593693170696497
Correct 0.019108984619379044,0.0029627573676407337,0.0017576980171725154,0.0017470348393544555
Wrong 0.015970472246408463,0.0025060863699764013,0.0025992083828896284,0.004494231194257736
Wrong 0.004436257760971785,0.0011155852116644382,0.008023370057344437,0.0008600109140388668
Wrong 0.004165673162788153,0.008396253921091557,0.0032986958976835012,0.001336413319222629
Correct 0.012279831804335117,0.001431843964383006,0.0011216073762625456,0.0010961606167256832
Correct 0.019332410767674446,0.003592507215216756,0.003514394164085388,0.002871840028092265
Wrong 0.006536827422678471,0.0015223004156723619,0.001829290296882391,0.0006480947486124933
Correct 0.004396380856633186,0.04007088765501976,0.0015342379920184612,0.0012000687420368195
Correct 0.01470851432532072,0.002866043709218502,0.004395238123834133,0.0030705472454428673
Wrong 0.013560639694333076,0.002231934340670705,0.004351866897195578,0.0087857311591506
Wrong 0.0038874882739037275,0.0009202564251609147,0.003058080095797777,0.0007073649321682751
Wrong 0.03574705868959427,0.003831705078482628,0.006353592965751886,0.004269671160727739
Correct 0.002601135289296508,0.001497634220868349,0.0010407189838588238,0.011213810183107853
Correct 0.002810452599078417,0.01013669278472662,0.0013243579305708408,0.002163833472877741
Correct 0.03153080493211746,0.0008077806560322642,0.0006367055466398597,0.001924477401189506
Correct 0.011445379815995693,0.001941078226082027,0.00242507248185575,0.002412298694252968
Correct 0.008482051081955433,0.0068213557824492455,0.016880622133612633,0.002906527603045106
Wrong 0.008971655741333961,0.0105717359110713,0.0032926069106906652,0.001646974473260343
Correct 0.001499642850831151,0.002234854269772768,0.0014100759290158749,0.0040258257649838924
Wrong 0.003983053844422102,0.0022891894914209843,0.006110647693276405,0.006928325165063143
Wrong 0.016031892970204353,0.0054479846730828285,0.0029910800512880087,0.003522784449160099
Correct 0.0015628710389137268,0.03667723387479782,0.001158309867605567,0.0008608294301666319
Correct 0.012167348526418209,0.0053582871332764626,0.02087482251226902
Wrong 0.006049673072993755,0.0027410846669226885,0.00324014900252223,0.007188061252236366
Correct 0.03632809594273567,0.001847331179305911,0.003660159884020686,0.003324244637042284
Correct 0.036090221256017685,0.0007590338354930282,0.0007665016455575824,0.0013557033380493522
Correct 0.005870265420526266,0.002606583060696721,0.003103417344391346,0.006724507547914982
Wrong 0.010045032948255539,0.00434922706335783,0.014794757589697838,0.005028348416090012
Wrong 0.012086624279618263,0.0035227974876761436,0.02729596197605133,0.00346953934058547
Correct 0.04570290073752403,0.0014583843294531107,0.001912651932798326,0.0017899214290082455
Correct 0.007199175655841827,0.0019068218534812331,0.007450678385794163,0.0016476137097924948
Wrong 0.007705794647336006,0.0017658559372648597,0.005410348996520042,0.0015896662371233106
Correct 0.0051891254261136055,0.024649692699313164,0.0009751538746058941,0.0010168103035539389
Correct 0.007665262557566166,0.019120678305625916,0.0024101699236780405,0.0024614285212010145
Correct 0.008596246130764484,0.001507272245362401,0.013404743745923042,0.0033372710458934307
Wrong 0.019717467948794365,0.005951253697276115,0.008680691942572594,0.002523023635149002
Correct 0.0037262237165123224,0.0011495973449200392,0.0024435471277683973,0.009903140366077423
Correct 0.00712744053453207,0.018163101747632027,0.0066331783309578896,0.008224055171012878
Wrong 0.004371660761535168,0.004316133446991444,0.003377199172973633,0.001533395959995687
Correct 0.016821011900901794,0.0017599774291738868,0.0013804117916151881,0.0022126110270619392
Correct 0.004795679356902838,0.005183262284845114,0.0023799582850188017,0.009268663823604584
Wrong 0.014432383701205254,0.002652334049344063,0.008728682063519955,0.001483640167862177
Wrong 0.007761339191347361,0.0012948611984029412,0.0017526110168546438,0.009867937304079533
Correct 0.006303382571786642,0.0019084768136963248,0.0021729632280766964,0.02340630628168583
Correct 0.006380258593708277,0.01618162915110588,0.004567498806864023,0.0031067465897649527
Correct 0.0024512067902833223,0.0014475471107289195,0.002233331324532628,0.026024365797638893
Wrong 0.004696886520832777,0.003019125433638692,0.0014040868263691664,0.0004924798267893493
Correct 0.007318438962101936,0.0014137105317786336,0.008622744120657444,0.0008604256436228752
Correct 0.02296343632042408,0.0034746332094073296,0.003881101729348302,0.0024905463214963675
Wrong 0.01422305777668953,0.0009840105194598436,0.0008385818800888956,0.00048168314970098436
Wrong 0.0024962211027741432,0.002554852282628417,0.002061491599306464,0.03664134442806244
Wrong 0.006723989266902208,0.0015573990531265736,0.003497703932225704,0.0011248942464590073
Wrong 0.0032431785948574543,0.00814711395651102,0.001026832964271307,0.0005876756622456014
Correct 0.019768761470913887,0.003991111647337675,0.0367182157933712,0.0015428847400471568
Wrong 0.005864190869033337,0.004596643149852753,0.002170039340853691,0.0015336931683123112
Wrong 0.018531378358602524,0.0013676342787221074,0.0013858486199751496,0.002561781322583556
Wrong 0.01295363437384367,0.004191216547042131,0.006263005547225475,0.007116957101970911
Wrong 0.004812180530279875,0.0028931028209626675,0.002423335565254092,0.0029130761977285147
Correct 0.030290305614471436,0.002042842796072364,0.0021687420085072517,0.0031412646640092134
Wrong 0.005357128567993641,0.0017584970919415355,0.0035409918054938316,0.004347280133515596
Wrong 0.005735061597079039,0.003971956204622984,0.0020482942927628756,0.0014674282865598798
Correct 0.020131535828113556,0.002963440725579858,0.0031590177677571774,0.0025113674346357584
Correct 0.032323118299245834,0.015500873327255249,0.005635351873934269,0.0034061428159475327
Wrong 0.0022441803012043238,0.010935664176940918,0.0014708841918036342,0.0010831253603100777
Correct 0.004805822856724262,0.0019475085427984595,0.019464602693915367,0.0022494865115731955
Correct 0.005032090935856104,0.004019175190478563,0.002871303353458643,0.008513779379427433
Wrong 0.008040683344006538,0.0009637174662202597,0.001515718991868198,0.0013899111654609442
Wrong 0.01912751793861389,0.003705149283632636,0.003072143532335758,0.008691588416695595
Correct 0.0020967870950698853,0.008343569003045559,0.00046815225505270064,0.0012846444733440876
Correct 0.01873430795967579,0.00920446403324604,0.0030915013048797846,0.0017815402243286371
Correct 0.019529426470398903,0.003186802612617612,0.012032640166580677,0.0025593640748411417
Correct 0.005194312427192926,0.008364505134522915,0.0012957204598933458,0.0011556411627680063
Correct 0.002631122013553977,0.004898362327367067,0.00155594979878515,0.000671194342430681
Correct 0.00627922685816884,0.001644217991270125,0.0017949475441128016,0.013956625945866108
Correct 0.0024557202123105526,0.005536719225347042,0.0009673727909103036,0.0006057127029635012
Correct 0.010846768505871296,0.0019025614019483328,0.011763375252485275,0.0021004576701670885
Wrong 0.016365235671401024,0.0048978570848703384,0.0016481049824506044,0.0009982952615246177
Wrong 0.014698685146868229,0.004941526334732771,0.0384800024330616,0.002148387487977743
Wrong 0.006724431179463863,0.002619758015498519,0.0030892931390553713,0.0015336333308368921
Correct 0.0028251553885638714,0.0010053873993456364,0.033122286200523376,0.0006852118531242013
Wrong 0.008605465292930603,0.002880445681512356,0.0030811652541160583,0.007647368591278791
Wrong 0.011796667240560055,0.004160029347985983,0.0030931388027966022,0.015355534851551056
Correct 0.02963174134492874,0.0036664744839072227,0.004779393784701824,0.0038313993718475103
Correct 0.002442232333123684,0.01288903784006834,0.0032049519941210747,0.0015384913422167301
Wrong 0.0015867247711867094,0.0012076812563464046,0.0010637276573106647,0.010999196209013462
Correct 0.005036776885390282,0.008265035226941109,0.00512483948841691,0.0062768044881522655
Wrong 0.014161324128508568,0.002548773540183902,0.0033011685591191053,0.006648674141615629
Wrong 0.00617421418428421,0.0027170972898602486,0.008860254660248756,0.007547202054411173
Wrong 0.019900524988770485,0.008153337985277176,0.0061226594261825085,0.010704535990953445
Correct 0.009773637168109417,0.0013965691905468702,0.0014608424389734864,0.001617517787963152
Wrong 0.007438451051712036,0.010460570454597473,0.0025178033392876387,0.002009131945669651
Wrong 0.00815759226679802,0.0019794816616922617,0.01795145682990551,0.0013529249699786305
Wrong 0.010879090055823326,0.0015598915051668882,0.002079710830003023,0.0012979910243302584
Wrong 0.007349182851612568,0.0016195493517443538,0.002398130251094699,0.0018350179307162762
Wrong 0.004186289384961128,0.0009204621892422438,0.0016152088064700365,0.0011887133587151766
Wrong 0.005988792050629854,0.0026741037145256996,0.002472595078870654,0.006388417910784483
Correct 0.04454242065548897,0.005935310386121273,0.005088960286229849,0.003976412117481232
Correct 0.007838964462280273,0.0016249169129878283,0.0020164218731224537,0.003155289450660348
Wrong 0.02555042691528797,0.0029234238900244236,0.004084555897861719,0.0187959223985672
Wrong 0.013101703487336636,0.005722567904740572,0.0032514543272554874,0.001191074843518436
Correct 0.013379240408539772,0.0022984177339822054,0.0026307259686291218,0.003381092334166169
Correct 0.005055509507656097,0.0017639604629948735,0.016378741711378098,0.002163089346140623
Correct 0.03491649031639099,0.0023772697895765305,0.0027607535012066364,0.0022630016319453716
Wrong 0.005135488696396351,0.014838892966508865,0.0026665194891393185,0.00239873887039721
Correct 0.0025768049526959658,0.001772504299879074,0.0013044709339737892,0.00799961294978857
Correct 0.019964836537837982,0.00779713736847043,0.00417730025947094,0.009858539327979088
Wrong 0.007038374897092581,0.0008563874289393425,0.0010418604360893369,0.006995078641921282
Correct 0.0015953455585986376,0.003700059140101075,0.03844218701124191,0.0023394871968775988
Correct 0.004664987325668335,0.002894270932301879,0.0031077363528311253,0.0080866739153862
Wrong 0.002044903812929988,0.020188963040709496,0.0014153619995340705,0.0008894464699551463
Correct 0.00427558459341526,0.0012082455214112997,0.003921171184629202,0.0011479886015877128
Correct 0.051972921937704086,0.004480821546167135,0.0042992145754396915,0.003358874935656786
Wrong 0.005919624585658312,0.00274303974583745,0.0014832901069894433,0.0009573196293786168
Wrong 0.008639611303806305,0.004054724704474211,0.0010481338249519467,0.0011165697360411286
Wrong 0.012552489526569843,0.0023251150269061327,0.005168588366359472,0.005292628891766071
Wrong 0.0130342748016119,0.004745366517454386,0.004250763449817896,0.01703726500272751
Wrong 0.007653019391000271,0.0036992274690419436,0.0008351313881576061,0.005667652003467083
Wrong 0.025085121393203735,0.006227097474038601,0.006885903887450695,0.00522360997274518
Wrong 0.019894873723387718,0.008312655612826347,0.004515753127634525,0.0024596427101641893
Wrong 0.010257036425173283,0.001988600008189678,0.00632764957845211,0.013406201265752316
Correct 0.004757007583975792,0.0029556062072515488,0.03682703524827957,0.0031563478987663984
Wrong 0.029252121224999428,0.01079168263822794,0.02590000443160534,0.009004203602671623
Correct 0.003100150264799595,0.0029076747596263885,0.012152967974543571,0.003826423082500696
Correct 0.007710524369031191,0.014420674182474613,0.0023342387285083532,0.003090653335675597
Wrong 0.0043096840381622314,0.0019030983094125986,0.001978103304281831,0.018316704779863358
Wrong 0.004348525777459145,0.012220852077007294,0.0007624460267834365,0.0003186738467775285
Wrong 0.0398724302649498,0.0018101765308529139,0.0029932621400803328,0.0029816976748406887
Wrong 0.0029880767688155174,0.007278908044099808,0.0013700610725209117,0.0005698450841009617
Correct 0.003009219653904438,0.006083943881094456,0.028748903423547745,0.002878752304241061
Correct 0.004800136666744947,0.003998602740466595,0.0036377653013914824,0.02966895140707493
Correct 0.0027853557839989662,0.0009066843194887042,0.0011436727363616228,0.0007817622972652316,0.008423889055848122
Wrong 0.008716383017599583,0.0009779948741197586,0.000811874633654952,0.0004331982636358589
Wrong 0.014831176958978176,0.0019137405324727297,0.0035125480499118567,0.0007496459875255823
Wrong 0.004574549850076437,0.01608213409781456,0.0024743760004639626
Wrong 0.05423736944794655,0.005394274834543467,0.008276985026896,0.00417334632948041
Wrong 0.024535277858376503,0.003355802269652486,0.0025865347124636173,0.007453707978129387
Wrong 0.007138891611248255,0.0013055376475676894,0.0055265603587031364,0.001965743489563465
Wrong 0.02608351968228817,0.0032562012784183025,0.004768569953739643,0.004556137602776289
Wrong 0.004811805207282305,0.004826665855944157,0.0025453215930610895,0.0007276511169038713
Wrong 0.004747208673506975,0.003719563130289316,0.005464828573167324,0.0035818922333419323
