grade confidence_levels
Wrong 0.16904599964618683,0.008416134864091873,0.005740190856158733,0.00953829474747181
Correct 0.22696234285831451,0.0047104512341320515,0.0025021613109856844,0.003041573567315936
Wrong 0.1920020878314972,0.006318060681223869,0.006520724389702082,0.006125817075371742
Correct 0.1278771013021469,0.004731155466288328,0.005076887086033821,0.0036848702002316713
Correct 0.17528174817562103,0.006139947567135096,0.005293531343340874,0.006850089877843857
Correct 0.1675128936767578,0.008470992557704449,0.004002182278782129,0.006394871976226568
Wrong 0.16563691198825836,0.006574587430804968,0.005580568686127663,0.005241968668997288
Wrong 0.09730949252843857,0.0072160218842327595,0.004309392534196377,0.006622304208576679
Wrong 0.22038403153419495,0.010307521559298038,0.005224654916673899,0.006351034622639418
Wrong 0.18711817264556885,0.008548980578780174,0.008158901706337929,0.010892821475863457
Wrong 0.13850688934326172,0.005584181752055883,0.002136594383046031,0.002086836379021406
Wrong 0.09558184444904327,0.004576236475259066,0.003401187714189291,0.004948450718075037
Wrong 0.1480288952589035,0.004298692103475332,0.003884019562974572,0.003001133445650339
Wrong 0.16026847064495087,0.00883199367672205,0.004916478414088488,0.0034860006999224424
Wrong 0.14027445018291473,0.009545280598104,0.004405363462865353,0.003738398663699627
Wrong 0.1564180701971054,0.006926368921995163,0.008226132020354271,0.006981102749705315
Wrong 0.16722001135349274,0.005545840132981539,0.005417909473180771,0.0035531024914234877
Wrong 0.21936295926570892,0.007564848754554987,0.006889600306749344,0.0060794902965426445
Wrong 0.20362018048763275,0.004940543323755264,0.004980083089321852,0.010542282834649086
Wrong 0.18129904568195343,0.010389033704996109,0.002546125091612339,0.0035626015160232782
Wrong 0.10897496342658997,0.016071133315563202,0.0034762639552354813,0.005137415137141943
Wrong 0.14036642014980316,0.0041082329116761684,0.004766189027577639,0.002304560737684369
Wrong 0.21643348038196564,0.01174258440732956,0.0032868334092199802,0.0031854540575295687
Wrong 0.18258313834667206,0.007024524733424187,0.008149619214236736,0.004753264132887125
Wrong 0.1682821661233902,0.010508179664611816,0.0036608129739761353,0.004887542221695185
Wrong 0.19335080683231354,0.009551496244966984,0.004994653165340424,0.0065648420713841915
Wrong 0.17822988331317902,0.00807926245033741,0.0034213499166071415,0.00274895248003304
Wrong 0.15406933426856995,0.0067166900262236595,0.0036810445599257946,0.0064097810536623
Correct 0.1337304711341858,0.007968710735440254,0.003454606980085373,0.005968467798084021
Wrong 0.2647007405757904,0.018730590119957924,0.0034652261529117823,0.0057577164843678474
Correct 0.19490516185760498,0.010657566599547863,0.003921016119420528,0.004803941119462252
Correct 0.2262827455997467,0.006622930057346821,0.004177702125161886,0.0032788885291665792
Correct 0.1616966426372528,0.010256162844598293,0.003572990419343114,0.00774261262267828
Wrong 0.20288334786891937,0.011901669204235077,0.0030331688467413187,0.0027616405859589577
Wrong 0.15048381686210632,0.009107655845582485,0.004370549228042364,0.0061151497066020966
Wrong 0.24241407215595245,0.006876647938042879,0.0033778788056224585,0.002844412112608552
Wrong 0.14208391308784485,0.005728528369218111,0.0022435635328292847,0.002107545267790556
Wrong 0.1778046041727066,0.008381237275898457,0.007058891002088785,0.008316786959767342
Wrong 0.21688266098499298,0.011494062840938568,0.0051010907627642155,0.007480166386812925
Wrong 0.16947537660598755,0.007446224335581064,0.007865412160754204,0.004177182912826538
Correct 0.16155743598937988,0.005152643658220768,0.0029825670644640923,0.0032755774445831776
Wrong 0.20134741067886353,0.006943671964108944,0.004962938837707043,0.019937211647629738
Correct 0.17895051836967468,0.008239628747105598,0.003714510938152671,0.004241813439875841
Wrong 0.05594120919704437,0.003718683263286948,0.0032059000805020332,0.0026576374657452106
Correct 0.20309628546237946,0.005328306462615728,0.003720303997397423,0.0027861495036631823
Wrong 0.09690842777490616,0.006341679021716118,0.005301688332110643,0.008272961713373661
Wrong 0.11720693856477737,0.007670401595532894,0.005525156855583191,0.0031727179884910583
Wrong 0.2215854972600937,0.0070673259906470776,0.0036958602722734213,0.006691987160593271
Wrong 0.11412666738033295,0.006289320066571236,0.003528238506987691,0.006095901597291231
Wrong 0.19116097688674927,0.00936957634985447,0.0036696954630315304,0.004823340103030205
Wrong 0.15030112862586975,0.01673218235373497,0.0032694467809051275,0.00530653540045023
Wrong 0.16575945913791656,0.011637924239039421,0.003108295612037182,0.007633150555193424
Wrong 0.12106016278266907,0.004585032816976309,0.004375775344669819,0.002759550930932164
Wrong 0.17131198942661285,0.012506985105574131,0.00238734926097095,0.006438792683184147
Wrong 0.14897242188453674,0.005300660151988268,0.0037592200096696615,0.0035866713151335716
Wrong 0.14616134762763977,0.009490604512393475,0.003895498812198639,0.0032800056505948305
Wrong 0.12688159942626953,0.009409153833985329,0.006569425575435162,0.004410203080624342
Correct 0.28904080390930176,0.005814200732856989,0.005549297668039799,0.0031862035393714905
Correct 0.16300101578235626,0.004733433946967125,0.0038640100974589586,0.0022186702117323875
Wrong 0.1676781177520752,0.006203935481607914,0.009914998896420002,0.006604260765016079
Wrong 0.16538825631141663,0.008363674394786358,0.0030536383856087923,0.011890368536114693
Wrong 0.10743773728609085,0.007141838315874338,0.007603037636727095,0.005025136284530163
Correct 0.20803578197956085,0.0063810148276388645,0.008859982714056969,0.003693212289363146
Wrong 0.2114858627319336,0.009292084723711014,0.014850612729787827,0.006852037739008665
Wrong 0.188675656914711,0.007035381626337767,0.003737138118594885,0.0038254582323133945
Wrong 0.17666621506214142,0.007012337911874056,0.003903944045305252,0.005091272760182619
Wrong 0.15417362749576569,0.00672107981517911,0.0033275100868195295,0.0028907805681228638
Correct 0.1863747388124466,0.0072832959704101086,0.002658822573721409,0.004557925276458263
Correct 0.18271633982658386,0.0071402559988200665,0.004503594245761633,0.004793853964656591
Correct 0.22004549205303192,0.0059564015828073025,0.002622840227559209,0.002948789857327938
Wrong 0.21484790742397308,0.007526020053774118,0.01362977921962738
Wrong 0.11695454269647598,0.009600013494491577,0.0054282862693071365,0.005914777517318726
Wrong 0.1418907642364502,0.007519574835896492,0.0036089695058763027,0.004633295349776745
Wrong 0.20605085790157318,0.004733525216579437,0.004588636104017496,0.003833428956568241
Wrong 0.18114575743675232,0.006007750518620014,0.004570747725665569,0.002298274775967002
Correct 0.2734357714653015,0.00590087566524744,0.009654873982071877,0.003496472956612706
Wrong 0.10261473804712296,0.006066599395126104,0.003197634359821677,0.0060670687817037106
Wrong 0.24006600677967072,0.008150420151650906,0.003506156150251627,0.008345081470906734
Wrong 0.15499767661094666,0.009454877115786076,0.0060576158575713634,0.01386592723429203
Wrong 0.21643391251564026,0.008933156728744507,0.005679173395037651,0.006045001558959484
Wrong 0.17414610087871552,0.010136359371244907,0.0045337975025177,0.003316764021292329
Correct 0.1641688197851181,0.009630676358938217,0.004958273842930794,0.005662037059664726
Correct 0.28259748220443726,0.005957265850156546,0.003557613119482994,0.004126755055040121
Wrong 0.14027021825313568,0.00592686515301466,0.0057899304665625095,0.0037089944817125797
Correct 0.13189244270324707,0.02006865106523037,0.004620846826583147,0.0024157664738595486
Wrong 0.212680846452713,0.006422243546694517,0.002555085811764002,0.007808448746800423
Wrong 0.1669061928987503,0.0073332404717803,0.005579299293458462,0.013488734140992165
Wrong 0.1856018453836441,0.006012831348925829,0.0030477328691631556,0.007542734034359455
Wrong 0.11432603001594543,0.00686577707529068,0.00681336922571063,0.009758887812495232
Correct 0.1563016176223755,0.006060189567506313,0.003453367156907916,0.004231085069477558
Correct 0.13332420587539673,0.005633118562400341,0.002620159415528178,0.001946992357261479
Wrong 0.21465013921260834,0.016552237793803215,0.002854171907529235,0.006089507136493921
Wrong 0.2557501792907715,0.007968073710799217,0.0057846615090966225,0.002908618887886405
Wrong 0.2438581883907318,0.011859479360282421,0.0030943667516112328,0.008410826325416565
Wrong 0.1130204126238823,0.0066300369799137115,0.0047021121717989445,0.002309492090716958
Wrong 0.2000785768032074,0.004088066052645445,0.003260110504925251,0.0016135898185893893
Correct 0.15284208953380585,0.006821071729063988,0.004875372163951397,0.004799485672265291
Wrong 0.28906017541885376,0.0044932072050869465,0.006487548351287842,0.00381343811750412
Wrong 0.09447330236434937,0.005853662732988596,0.003779977560043335,0.008001545444130898
Correct 0.16772134602069855,0.006709645502269268,0.004435697104781866,0.004038304090499878
Correct 0.2045011818408966,0.0044477637857198715,0.003491711337119341,0.0023809236008673906
Wrong 0.17992019653320312,0.010975224897265434,0.0064026471227407455,0.014428311958909035
Correct 0.2292821854352951,0.00725601427257061,0.004834023769944906,0.005830632522702217
Correct 0.2256738543510437,0.004611007869243622,0.0030718843918293715,0.003591259941458702
Wrong 0.13549353182315826,0.004820819478482008,0.003640152048319578,0.002073599025607109
Correct 0.12430579960346222,0.005461513996124268,0.004493122920393944,0.0042204842902719975
Wrong 0.18168576061725616,0.010996733792126179,0.00553005700930953,0.013162434101104736
Wrong 0.21202215552330017,0.004947346169501543,0.0031949819531291723,0.001907551079057157
Correct 0.12689010798931122,0.012272567488253117,0.0030314531177282333,0.0024356867652386427
Correct 0.22024662792682648,0.0060083940625190735,0.00514017790555954,0.004362061154097319
Wrong 0.1043044850230217,0.016632849350571632,0.003799882484599948,0.00767522631213069
Wrong 0.14018389582633972,0.00803303811699152,0.004234154708683491,0.004760039038956165
Wrong 0.1471879780292511,0.008908501826226711,0.003381798742339015,0.002287949901074171
Wrong 0.1557084172964096,0.007812563329935074,0.003207351779565215,0.005806798581033945
Wrong 0.13118678331375122,0.0046312687918543816,0.0037509596440941095,0.0035789518151432276
Wrong 0.17273923754692078,0.01139332726597786,0.00795513205230236,0.00600466737523675
Wrong 0.1109483540058136,0.007432802114635706,0.00491363275796175,0.004761943127959967
Wrong 0.1422029435634613,0.005385841242969036,0.003941323142498732,0.0053864228539168835
Wrong 0.16759219765663147,0.007537938188761473,0.0032423839438706636,0.003293333575129509
Wrong 0.14605343341827393,0.0053199161775410175,0.0037145516835153103,0.0036852548364549875
Wrong 0.16233736276626587,0.007894779555499554,0.0050981719978153706,0.008404647000133991
Wrong 0.2054380625486374,0.007309855427592993,0.007311422377824783,0.005693553481251001
Correct 0.17048464715480804,0.005523103289306164,0.003978791646659374,0.0031471678521484137
Wrong 0.16014094650745392,0.007607813458889723,0.0057882387191057205,0.004873882047832012
Wrong 0.15500450134277344,0.007479631341993809,0.005388385616242886,0.00821533054113388
Wrong 0.13250425457954407,0.005776285193860531,0.0054695941507816315,0.005867728963494301
Wrong 0.1955827921628952,0.006336257327347994,0.0036398170050233603,0.0035548992455005646
Correct 0.2645362913608551,0.006622402463108301,0.00349033554084599,0.0076832277700304985
Correct 0.14401447772979736,0.00642708083614707,0.0038087046705186367,0.004967324435710907
Wrong 0.10207237303256989,0.008509847335517406,0.006179010961204767,0.007395151536911726
Wrong 0.1443338394165039,0.00827118381857872,0.004901858512312174,0.004713386297225952
Wrong 0.14374184608459473,0.005932720378041267,0.0052366857416927814,0.0033023736905306578
Wrong 0.1186455488204956,0.008073700591921806,0.006095369346439838,0.005953483749181032
Wrong 0.15312053263187408,0.008307305164635181,0.0037447952199727297,0.004177484195679426
Wrong 0.17176592350006104,0.007546403910964727,0.004368555266410112,0.008161164820194244
Wrong 0.17932021617889404,0.014266472309827805,0.004704881925135851,0.004595836624503136
Wrong 0.2006380259990692,0.0069733536802232265,0.004068236798048019,0.004984193481504917
Wrong 0.23471641540527344,0.005476994905620813,0.005026414059102535,0.0047216699458658695
Wrong 0.20677025616168976,0.006804073229432106,0.005686204880475998,0.0052995639853179455
Wrong 0.2289297878742218,0.0066482508555054665,0.005642788019031286,0.01021751668304205
Correct 0.1463577300310135,0.00740127032622695,0.004931628704071045,0.0044898283667862415
Wrong 0.11822547018527985,0.004995334427803755,0.0026538653764873743,0.008172807283699512
Wrong 0.19638173282146454,0.005441783927381039,0.006412884686142206,0.004238445777446032
Correct 0.22565922141075134,0.006060865707695484,0.0025467921514064074,0.0024299516808241606
Wrong 0.132905051112175,0.007735819090157747,0.0035699934232980013,0.006463953293859959
Wrong 0.16298629343509674,0.008911924436688423,0.002553630154579878,0.006270768120884895
Wrong 0.17659099400043488,0.014609028585255146,0.004970966838300228,0.012112082913517952
Wrong 0.12226755172014236,0.005330181214958429,0.0059472727589309216,0.008064905181527138
Correct 0.20617443323135376,0.010926616378128529,0.012191014364361763,0.011186733841896057
Wrong 0.2005801945924759,0.008278856053948402,0.0032423892989754677,0.006600919645279646
Correct 0.1827804148197174,0.009171145036816597,0.007428215816617012,0.007199354935437441
Wrong 0.23580686748027802,0.004818023648113012,0.002258532214909792,0.004526600241661072
Wrong 0.15538200736045837,0.004692001733928919,0.002591531490907073,0.0026527922600507736
Correct 0.157849982380867,0.005276140291243792,0.005154765676707029,0.007383228745311499
Wrong 0.20167744159698486,0.008389502763748169,0.010042576119303703,0.008006686344742775
Correct 0.1272156834602356,0.006483815144747496,0.0036374994087964296,0.002138227690011263
Wrong 0.2011306881904602,0.006881901994347572,0.006171112414449453,0.003328394377604127
Wrong 0.19915978610515594,0.017132120206952095,0.004366166889667511,0.006922869011759758
Wrong 0.1747908592224121,0.005888167768716812,0.005619356874376535,0.00462199654430151
Correct 0.2618843913078308,0.010395052842795849,0.004008118063211441,0.006305383983999491
Wrong 0.20563451945781708,0.0079731410369277,0.00447314977645874,0.008356873877346516
Correct 0.21820883452892303,0.0068516479805111885,0.00723795872181654,0.00879853405058384
Correct 0.13560280203819275,0.01545359194278717,0.0034218747168779373,0.006493465509265661
Wrong 0.10924071073532104,0.008623597212135792,0.006459901109337807,0.006664183456450701
Wrong 0.14487487077713013,0.01538930181413889,0.0046210759319365025,0.005154960788786411
Correct 0.2901419699192047,0.008166564628481865,0.004139096941798925,0.012356992810964584
Wrong 0.22016267478466034,0.006596642546355724,0.004193349741399288,0.004940832499414682
Wrong 0.19418296217918396,0.011662028729915619,0.003238748526200652,0.005509206093847752
Wrong 0.1835298389196396,0.00899575836956501,0.0065820487216115,0.0033096489496529102
Wrong 0.15850847959518433,0.004823917988687754,0.0033944924362003803,0.002602487802505493
Wrong 0.1783333569765091,0.00880930945277214,0.004034121986478567,0.005823621992021799
Wrong 0.1951320916414261,0.004244192503392696,0.006730450317263603,0.004698265343904495
Wrong 0.18994955718517303,0.00551619241014123,0.0070835985243320465,0.005691576283425093
Correct 0.16280469298362732,0.01216786541044712,0.0060712113045156,0.00804325845092535
Wrong 0.15832208096981049,0.024855323135852814,0.0036662311758846045,0.005292393732815981
Wrong 0.11413593590259552,0.004189976025372744,0.0028801592998206615,0.002444119658321142
Wrong 0.14442405104637146,0.005138642154633999,0.008342528715729713,0.006055679637938738
Wrong 0.1654435247182846,0.025770938023924828,0.004805069416761398,0.008565837517380714
Correct 0.14892306923866272,0.00453218212351203,0.003530037822201848,0.001680447836406529
Wrong 0.1541249006986618,0.007554254028946161,0.0034054757561534643,0.011430815793573856
Wrong 0.1111624613404274,0.007564611732959747,0.006223861128091812,0.003356922883540392
Correct 0.23276345431804657,0.009311644360423088,0.006400523707270622,0.004164771642535925
Correct 0.07852108031511307,0.004499439150094986,0.003760433057323098,0.004903515800833702
Wrong 0.18811959028244019,0.004783531650900841,0.0038743067998439074,0.0032877682242542505
Wrong 0.15349414944648743,0.01211628969758749,0.0034185564145445824,0.0029007841367274523
Wrong 0.16539712250232697,0.012654777616262436,0.0042724693194031715,0.007676013745367527
Wrong 0.17689993977546692,0.008018596097826958,0.0025040016043931246,0.009980892762541771
Wrong 0.15598464012145996,0.026477612555027008,0.00442516477778554,0.0036399478558450937
Wrong 0.18738484382629395,0.008902043104171753,0.006933404132723808,0.009854101575911045
Wrong 0.20895428955554962,0.014556344598531723,0.00458102859556675,0.003948910161852837
Wrong 0.12651586532592773,0.01140583399683237,0.003218161640688777,0.009910859167575836
Wrong 0.19782114028930664,0.007319110445678234,0.004726271610707045,0.003430731827393174
Correct 0.25429093837738037,0.011893375776708126,0.003127226373180747,0.007157922722399235
Correct 0.21209953725337982,0.005268682725727558,0.007972711697220802,0.009320277720689774
Wrong 0.17240168154239655,0.012103982269763947,0.006844416260719299,0.004968295339494944
Wrong 0.13233748078346252,0.004635549616068602,0.003161641536280513,0.003582359990105033
Wrong 0.1619466245174408,0.008254026994109154,0.0047037540934979916,0.01210479624569416
Wrong 0.10785825550556183,0.008187977597117424,0.005370830651372671,0.006528765428811312
Correct 0.1488254815340042,0.005725580267608166,0.0030413127969950438,0.003064885037019849
Wrong 0.15155528485774994,0.007143798284232616,0.005786890164017677,0.011065873317420483
Wrong 0.1948285698890686,0.01742694154381752,0.004205299075692892,0.006879094056785107
Wrong 0.0937688872218132,0.0048166909255087376,0.0032596196979284286,0.0032848133705556393
Wrong 0.11326778680086136,0.004460744559764862,0.003342013107612729,0.008015687577426434
Wrong 0.2961071729660034,0.005465841386467218,0.0036415155045688152,0.003501837607473135
Correct 0.17957283556461334,0.006695745978504419,0.0025222168769687414,0.00244423421099782
Wrong 0.15486979484558105,0.009373432956635952,0.007358819246292114,0.003502941457554698
Wrong 0.18911921977996826,0.00667639309540391,0.0015019263373687863,0.001675089937634766
Wrong 0.2015950083732605,0.00793959479779005,0.006281619891524315,0.0057190414518117905
Correct 0.11235763132572174,0.005421753972768784,0.0035008732229471207,0.004494915716350079
Wrong 0.12680287659168243,0.00883348099887371,0.0037407532799988985,0.0038293227553367615
Correct 0.19955521821975708,0.011706632561981678,0.008173065260052681,0.024591999128460884
Wrong 0.1194395124912262,0.007229004520922899,0.007636570371687412,0.005543144885450602
Wrong 0.23919576406478882,0.009569062851369381,0.0039587244391441345,0.006893198471516371
Wrong 0.18746112287044525,0.004879896529018879,0.00626646913588047,0.010412235744297504
Wrong 0.13486717641353607,0.006820253096520901,0.0034299578983336687,0.015983404591679573
Wrong 0.11664752662181854,0.004666290245950222,0.003441290929913521,0.0022743139415979385
Correct 0.2668519914150238,0.009275187738239765,0.005163318477571011,0.019636906683444977
Correct 0.12660478055477142,0.007602947764098644,0.004102155566215515,0.004400827921926975
Wrong 0.18375679850578308,0.009006830863654613,0.009007942862808704,0.003365888260304928
Wrong 0.21336865425109863,0.0073582883924245834,0.005018183495849371,0.019237631931900978
Correct 0.19245874881744385,0.00663715647533536,0.005251321010291576,0.004285591654479504
Wrong 0.08380153775215149,0.0065130325965583324,0.002715980401262641,0.0029358076862990856
Wrong 0.10715985298156738,0.008071491494774818,0.004859877284616232,0.00217288825660944
Correct 0.15566037595272064,0.0038966392166912556,0.0029189165215939283,0.002135238144546747
Correct 0.19466817378997803,0.005565559025853872,0.003593777772039175,0.010645116679370403
Wrong 0.14073795080184937,0.00763555895537138,0.0038703351747244596,0.002537856111302972
Wrong 0.15696612000465393,0.005246357060968876,0.0029899138025939465,0.003361270297318697
Wrong 0.20389197766780853,0.006352357100695372,0.0039756689220666885,0.007031681481748819
Wrong 0.18593785166740417,0.007266071625053883,0.00280158594250679,0.0028455485589802265
Wrong 0.15717503428459167,0.006337076425552368,0.0035001158248633146,0.00846213661134243
Correct 0.2305675446987152,0.00525542302057147,0.0028355673421174288,0.00659258384257555
Correct 0.16003455221652985,0.010975774377584457,0.005226023029536009,0.004575908184051514
Wrong 0.1606513410806656,0.007572585716843605,0.007226259913295507,0.003662075148895383
Wrong 0.19763581454753876,0.018966903910040855,0.0045765782706439495,0.004833463113754988
Correct 0.21728821098804474,0.005927697755396366,0.002097895136103034,0.0031001116149127483
Wrong 0.18129649758338928,0.01465104054659605,0.003852413734421134,0.009460200555622578
Correct 0.14561361074447632,0.012723454274237156,0.0035063158720731735,0.005387977696955204
Wrong 0.1346827894449234,0.004905759356915951,0.008815234526991844,0.004537379369139671
Wrong 0.07401295751333237,0.005618673283606768,0.0033817982766777277,0.0025326006580144167
Correct 0.15918007493019104,0.004241962917149067,0.003954449202865362,0.00220081047154963
Wrong 0.15099011361598969,0.01278726663440466,0.0029212823137640953,0.002765594283118844
Wrong 0.11755696684122086,0.012390866875648499,0.005125986412167549,0.0038992236368358135
Wrong 0.2171427309513092,0.005521563347429037,0.004614340141415596,0.004103703424334526
Wrong 0.17424875497817993,0.010967041365802288,0.004263127688318491,0.019555553793907166
Wrong 0.08853096514940262,0.004655341152101755,0.003542102174833417,0.003432821249589324
Wrong 0.14096733927726746,0.007297914009541273,0.003163839690387249,0.004531748592853546
Wrong 0.16179823875427246,0.008846977725625038,0.0032297710422426462,0.0063232360407710075
Correct 0.13363903760910034,0.01046716421842575,0.002796345856040716,0.007028639316558838
Correct 0.20942601561546326,0.005041885189712048,0.0021860504057258368,0.001869593863375485
Wrong 0.1034136712551117,0.005108378827571869,0.0029341871850192547,0.00778995780274272
Wrong 0.21797941625118256,0.005289031192660332,0.004120207857340574,0.0020877057686448097
Wrong 0.150297611951828,0.008282930590212345,0.005920726340264082,0.007140671368688345
Wrong 0.2512610852718353,0.00604913430288434,0.004602702800184488,0.0043234750628471375
Wrong 0.15584610402584076,0.007881197147071362,0.006742369383573532,0.024090247228741646
Correct 0.22862508893013,0.00958507601171732,0.004457928705960512,0.005377183202654123
Wrong 0.18325325846672058,0.0068867080844938755,0.0033050321508198977,0.0067810178734362125
Wrong 0.3372788429260254,0.007994239218533039,0.004279442131519318,0.009059282019734383
Wrong 0.1317865401506424,0.00849076360464096,0.004475033842027187,0.01040451880544424
Wrong 0.14431677758693695,0.012709129601716995,0.002351329429075122,0.004900206811726093
Wrong 0.24922655522823334,0.012407906353473663,0.004601147025823593,0.0052543990314006805
Wrong 0.30506959557533264,0.011554728262126446,0.006185935344547033,0.0071197799406945705
Correct 0.1876644790172577,0.008117412216961384,0.0034645337145775557,0.004018662963062525
Wrong 0.18960373103618622,0.011036076582968235,0.003904767567291856,0.006337887141853571
Wrong 0.08018727600574493,0.005808776710182428,0.012298038229346275,0.00800197571516037
Wrong 0.1828676462173462,0.011690021492540836,0.003298118244856596,0.0033757241908460855
Wrong 0.23401765525341034,0.014386842958629131,0.005418846849352121,0.007406579330563545
Wrong 0.16703122854232788,0.010349261574447155,0.0025566217955201864,0.005583701189607382
Wrong 0.17749804258346558,0.004513483960181475,0.00511512067168951,0.00469356682151556
Wrong 0.1513715386390686,0.0062967767007648945,0.006056861020624638,0.004716509487479925
Wrong 0.16578419506549835,0.021917182952165604,0.00415100809186697,0.00906661618500948
Wrong 0.2662457227706909,0.008039730601012707,0.004237678833305836,0.005929362494498491
Wrong 0.16656050086021423,0.02719060890376568,0.0031480183824896812,0.004875266458839178
Wrong 0.1336764395236969,0.01753394678235054,0.006401170045137405,0.006155659444630146
Correct 0.19777102768421173,0.006066076923161745,0.005524091422557831,0.011602256447076797
Correct 0.27012673020362854,0.005519418977200985,0.002908832859247923,0.008031276054680347
Wrong 0.2159833163022995,0.006272215861827135,0.004962198436260223,0.0138086611405015
Wrong 0.12011004984378815,0.007559091784060001,0.006992502603679895,0.004585552960634232
Correct 0.12654973566532135,0.008346855640411377,0.004831281024962664,0.003973946440964937
Wrong 0.21385882794857025,0.011877256445586681,0.00413781451061368,0.004268845077604055
Wrong 0.14047269523143768,0.013065698556602001,0.00322744227014482,0.010097409598529339
Wrong 0.17775675654411316,0.008645129390060902,0.0070562721230089664,0.0075702667236328125
Correct 0.2043089121580124,0.007269467227160931,0.0048053027130663395,0.003830937435850501
Wrong 0.06857120990753174,0.0038685081526637077,0.003522648476064205,0.0037495794240385294
Wrong 0.11281288415193558,0.012460708618164062,0.003200720064342022,0.002802307717502117
Wrong 0.19362786412239075,0.01858234405517578,0.004312098026275635,0.008508328348398209
Wrong 0.1362159103155136,0.009638779796659946,0.003057001857087016,0.002939824713394046
Wrong 0.15572795271873474,0.006377344485372305,0.004523141775280237,0.0035779050085693598
Wrong 0.16662508249282837,0.005701519548892975,0.0038588657043874264,0.003596358932554722
Wrong 0.10596965998411179,0.004206215497106314,0.005840902682393789,0.0038904771208763123
Wrong 0.19503401219844818,0.007741347886621952,0.004080028738826513,0.00636838236823678
Wrong 0.18168526887893677,0.005486480891704559,0.0021829474717378616,0.003983257804065943
Wrong 0.15413148701190948,0.006117993034422398,0.004407302942126989,0.0035968217998743057
Wrong 0.18712687492370605,0.009029814973473549,0.0025472124107182026,0.001863461802713573
Wrong 0.2841495871543884,0.006630509160459042,0.0029427981935441494,0.004889801610261202
Wrong 0.14538510143756866,0.006143063306808472,0.006289238575845957,0.008396880701184273
Wrong 0.14850862324237823,0.006524914875626564,0.003520925994962454,0.0045912982895970345
Wrong 0.18044087290763855,0.022234823554754257,0.004588962532579899,0.011357498355209827
Wrong 0.14057305455207825,0.008642079308629036,0.02833973430097103,0.009793775156140327
Wrong 0.13326463103294373,0.006380492355674505,0.004119998775422573,0.004024389665573835
Wrong 0.14363935589790344,0.005231826566159725,0.003149281954392791,0.00324882660061121
Wrong 0.1444816142320633,0.007962299510836601,0.00460871821269393,0.00306975981220603
Correct 0.1805979460477829,0.007395883556455374,0.0038374445866793394,0.005123509094119072
Wrong 0.11547357589006424,0.008563084527850151,0.0026529356837272644,0.0023228873033076525
Wrong 0.10671272873878479,0.004875340964645147,0.007094905246049166,0.005271836183965206
Wrong 0.1745195984840393,0.00754875922575593,0.0032471357844769955,0.007973870262503624
Correct 0.2525370717048645,0.004962198901921511,0.004311761818826199,0.004625404719263315
Correct 0.16912506520748138,0.007909934967756271,0.0034026741050183773,0.019428135827183723
Wrong 0.16184638440608978,0.012977649457752705,0.006786333862692118,0.005581596400588751
Wrong 0.16928119957447052,0.007041647098958492,0.0026940261013805866,0.0029585983138531446
Correct 0.12368302792310715,0.004721282981336117,0.00429942412301898,0.0021115634590387344
Correct 0.1679534763097763,0.006512202322483063,0.002958553610369563,0.0024525730405002832
Wrong 0.1998695731163025,0.00470047676935792,0.004737674258649349,0.0042466893792152405
Wrong 0.18785761296749115,0.008582736365497112,0.004150671418756247,0.013609467074275017
Wrong 0.1971663385629654,0.005593026988208294,0.00205788086168468,0.003340001916512847
Correct 0.18039362132549286,0.004921139683574438,0.0025533977895975113,0.001912248320877552
Wrong 0.19805587828159332,0.005888043437153101,0.010746547020971775,0.0045501673594117165
Wrong 0.2116815596818924,0.008668908849358559,0.0032655319664627314,0.006293698213994503
Wrong 0.1931617259979248,0.007607584353536367,0.0054800864309072495,0.0046143485233187675
Correct 0.26188409328460693,0.009689347818493843,0.00420055165886879,0.006925249472260475
Correct 0.1658037304878235,0.0052880290895700455,0.004630724433809519,0.002577337669208646
Wrong 0.23737743496894836,0.005989137105643749,0.0028293468058109283,0.008714796043932438
Correct 0.13725091516971588,0.006270143203437328,0.0031293530482798815,0.0030087383929640055
Wrong 0.12053272128105164,0.007126264739781618,0.0047106025740504265,0.023550843819975853
Wrong 0.1563544124364853,0.005650823470205069,0.009613927453756332,0.007256476674228907
Correct 0.09889408200979233,0.004735009744763374,0.0040189470164477825,0.0017972292844206095
Wrong 0.12201284617185593,0.008110537193715572,0.005619286093860865,0.005156130529940128
Wrong 0.11294516175985336,0.008709178306162357,0.003519367426633835,0.013490799814462662
Wrong 0.14563006162643433,0.005602608900517225,0.002999209798872471,0.0022637508809566498
Wrong 0.12952999770641327,0.006010958459228277,0.0036462252028286457,0.009094850160181522
Wrong 0.18037837743759155,0.0076810941100120544,0.004343557637184858,0.004309451207518578
Wrong 0.13337191939353943,0.004635379649698734,0.0034454031847417355,0.001962866634130478
Wrong 0.1692906767129898,0.007979827001690865,0.0036826343275606632,0.004955080337822437
Wrong 0.13697059452533722,0.006112758070230484,0.004578567575663328,0.00725947692990303
Wrong 0.22586126625537872,0.007432261481881142,0.006613259669393301,0.004913169890642166
Wrong 0.15365318953990936,0.004291067365556955,0.0024263649247586727,0.0027923753950744867
Correct 0.18983541429042816,0.009675291366875172,0.0032162433490157127,0.005513574928045273
Correct 0.16215863823890686,0.006336795166134834,0.0039048464968800545,0.00290134665556252
Correct 0.14849963784217834,0.006679274141788483,0.00452001765370369,0.00562478881329298
Wrong 0.22339852154254913,0.005770188756287098,0.007071169558912516,0.0036112028174102306
Wrong 0.2171052098274231,0.006110681686550379,0.002864662790670991,0.003649292979389429
Wrong 0.19340643286705017,0.004692716524004936,0.0030069875065237284,0.004239964298903942
Correct 0.11777032166719437,0.0066960654221475124,0.004604371730238199,0.0049768052995204926
Wrong 0.15854954719543457,0.007955480366945267,0.004714023321866989,0.011220059357583523
Wrong 0.14337074756622314,0.005780137609690428,0.0027310275472700596,0.0035614646039903164
Wrong 0.1427871286869049,0.014473260380327702,0.005041772034019232,0.0031548291444778442
Correct 0.20210738480091095,0.007536137476563454,0.003644731594249606,0.004535895772278309
Wrong 0.20221732556819916,0.006399002391844988,0.003119302913546562,0.0034797184634953737
Correct 0.18914450705051422,0.0069982619024813175,0.005282919853925705,0.01118396408855915
Correct 0.14804716408252716,0.010475977323949337,0.004135203547775745,0.004470928572118282
Wrong 0.24335889518260956,0.007762216962873936,0.015444168820977211,0.0060475775972008705
Wrong 0.28319087624549866,0.014433559961616993,0.002393515780568123,0.005310265347361565
Correct 0.18328723311424255,0.004808677360415459,0.0034100539050996304,0.0037159682251513004
Correct 0.22392037510871887,0.009837789461016655,0.002128144958987832,0.0038530505262315273
Correct 0.21071188151836395,0.007098103407770395,0.0034871564712375402,0.0056596375070512295
Wrong 0.14737491309642792,0.014592238701879978,0.003897569142282009,0.002616451820358634
Wrong 0.33488979935646057,0.00576199172064662,0.00524713983759284,0.003387661185115576
Wrong 0.20005828142166138,0.009805900976061821,0.0037221729289740324,0.006846063304692507
Wrong 0.2088877260684967,0.0055665732361376286,0.0042354571633040905,0.0026091833133250475
Wrong 0.18482820689678192,0.0060346052050590515,0.0065260822884738445,0.0033590684179216623
Wrong 0.08077094703912735,0.003604630706831813,0.0038981493562459946,0.004247602540999651
Wrong 0.2658686339855194,0.0072530233301222324,0.006156492978334427,0.0060608708299696445
Wrong 0.15791203081607819,0.00911998376250267,0.012862801551818848,0.012467512860894203
Wrong 0.1497584730386734,0.0038378373719751835,0.0025372086092829704,0.004487697966396809
Wrong 0.20270168781280518,0.006414709147065878,0.004014682490378618,0.005750569980591536
Correct 0.12835755944252014,0.004748995881527662,0.003816339885815978,0.004191097803413868
Wrong 0.15513768792152405,0.006977757904678583,0.0038852214347571135,0.0026694771368056536
Correct 0.16383302211761475,0.0065537081100046635,0.0025079238694161177,0.0030008957255631685
Correct 0.2023843675851822,0.008551429957151413,0.01133004855364561,0.007258259225636721
Wrong 0.16662725806236267,0.009182431735098362,0.0031992581207305193,0.004237462300807238
Wrong 0.17922458052635193,0.004966237582266331,0.004557764157652855,0.002119455486536026
Wrong 0.13878090679645538,0.007240974344313145,0.003613358596339822,0.003937168978154659
Wrong 0.11386852711439133,0.004699767101556063,0.004774794448167086,0.0033590304665267467
Correct 0.1651914268732071,0.00443656463176012,0.002338445745408535,0.002909962087869644
Wrong 0.0929960235953331,0.004967044573277235,0.00366319646127522,0.0025569149293005466
Correct 0.13938972353935242,0.007741678971797228,0.0033824099227786064,0.0049986341036856174
Wrong 0.1371944695711136,0.012962070293724537,0.004410579800605774,0.0027599039021879435
Wrong 0.14202560484409332,0.005908086895942688,0.003936357796192169,0.005173885729163885
Wrong 0.17335398495197296,0.02897031232714653,0.0035702513996511698,0.004513043910264969
Correct 0.23977510631084442,0.006339977495372295,0.004861398134380579,0.003420328488573432
Wrong 0.24518974125385284,0.005291269160807133,0.0026821184437721968,0.003932655323296785
Wrong 0.1813439130783081,0.004298262298107147,0.0037347390316426754,0.004684176295995712
Correct 0.12501370906829834,0.00780633045360446,0.004082268103957176,0.007685807067900896
Correct 0.1491529941558838,0.014653326943516731,0.006709878798574209,0.003822782076895237
Correct 0.19166314601898193,0.0043010106310248375,0.003098519053310156,0.0020477348007261753
Correct 0.21430917084217072,0.00792897678911686,0.004698257427662611,0.00612756097689271
Wrong 0.17639446258544922,0.010187429375946522,0.003256578464061022,0.00805981270968914
Wrong 0.13240709900856018,0.0058174896985292435,0.004030055832117796,0.008333688601851463
Wrong 0.13421721756458282,0.005244964733719826,0.007937411777675152,0.0037488641683012247
Wrong 0.21130317449569702,0.011644917540252209,0.006583693437278271,0.006136646494269371
Wrong 0.10309602320194244,0.006853204220533371,0.0030413023196160793,0.0031623586546629667
Wrong 0.13464529812335968,0.0065993331372737885,0.004608324728906155,0.004716868977993727
Wrong 0.16101175546646118,0.009371865540742874,0.0037287340965121984,0.009520923718810081
Wrong 0.15212734043598175,0.00637779850512743,0.00537127535790205,0.004522752948105335
Wrong 0.23073570430278778,0.004259149078279734,0.0025238008238375187,0.0025039773900061846
Wrong 0.14351505041122437,0.0065565831027925014,0.004368521273136139,0.005697048734873533
Wrong 0.06750257313251495,0.005245907232165337,0.007693395484238863,0.003387168748304248
Correct 0.18851260840892792,0.0090259974822402,0.0037628381978720427,0.007425004616379738
Wrong 0.13600341975688934,0.011699504218995571,0.0041398173198103905,0.0029582688584923744
Wrong 0.16966019570827484,0.004812725819647312,0.005806118715554476,0.007397063076496124
Wrong 0.16318251192569733,0.006735157687216997,0.004085629712790251,0.006895509548485279
Correct 0.1772075891494751,0.004232980310916901,0.0023935257922858,0.0017509788740426302
Wrong 0.19438578188419342,0.004866363015025854,0.0033191030379384756,0.0038802155759185553
Wrong 0.1709814965724945,0.010348563082516193,0.004629825707525015,0.006841377355158329
Wrong 0.14098632335662842,0.017237603664398193,0.0033946980256587267,0.0038767545484006405
Wrong 0.18334895372390747,0.01257416047155857,0.0029181158170104027,0.003746476722881198
Correct 0.15660645067691803,0.006413503549993038,0.003150538308545947,0.004013624973595142
Wrong 0.17279930412769318,0.005425914656370878,0.0025632951874285936,0.0035865081008523703
Wrong 0.1390281766653061,0.007310733199119568,0.003975140396505594,0.0032189886551350355
Correct 0.08172459155321121,0.005648929625749588,0.003295288886874914,0.003974666818976402
Wrong 0.24847270548343658,0.010175559669733047,0.007682461757212877,0.009194604121148586
Correct 0.1407054215669632,0.004487641621381044,0.002680036472156644,0.0024784482084214687
Wrong 0.10804101824760437,0.016829676926136017,0.003966742195188999,0.0047473968006670475
Wrong 0.19277586042881012,0.00453355023637414,0.002904800232499838,0.002027713693678379
Wrong 0.15576650202274323,0.03728802502155304,0.004815948195755482,0.012106920592486858
Wrong 0.14211280643939972,0.010294419713318348,0.010380610823631287,0.009088508784770966
Wrong 0.06289752572774887,0.005942363291978836,0.0040847607888281345,0.0025759178679436445
Wrong 0.17287476360797882,0.015343151055276394,0.002751470310613513,0.004194787237793207
Correct 0.12143447995185852,0.005547856912016869,0.00826509203761816,0.004027683287858963
Wrong 0.2127429097890854,0.0070005543529987335,0.008058855310082436,0.00434715673327446
Wrong 0.1748437136411667,0.005936187691986561,0.00473359040915966,0.003863154212012887
Wrong 0.1147259995341301,0.0060330526903271675,0.003776641795411706,0.002986754523590207
Wrong 0.14085432887077332,0.009074906818568707,0.002704263897612691,0.005591570399701595
Wrong 0.15558692812919617,0.006573906168341637,0.0034387975465506315,0.005940140224993229
Wrong 0.19766953587532043,0.006978678051382303,0.006818000692874193,0.007846919819712639
Wrong 0.13584604859352112,0.02035009115934372,0.005393119063228369,0.01782151125371456
Wrong 0.2580820620059967,0.005657347850501537,0.002491333521902561,0.0044756620191037655
Wrong 0.26364725828170776,0.007537673227488995,0.005515226628631353,0.007421540562063456
Wrong 0.11297737807035446,0.006784703116863966,0.005849889013916254,0.006892242934554815
Wrong 0.18170244991779327,0.006618474144488573,0.003380865091457963,0.003952356521040201
Wrong 0.12218667566776276,0.004849850200116634,0.001959769055247307,0.00182661775033921
Wrong 0.21346259117126465,0.006915201898664236,0.004981710109859705,0.008022992871701717
Wrong 0.14081592857837677,0.004219094756990671,0.0025394719559699297,0.0033638833556324244
Wrong 0.08471757918596268,0.004668568726629019,0.0048172748647630215,0.002660173224285245
Wrong 0.1848699003458023,0.009874668903648853,0.004280972294509411,0.013498351909220219
Wrong 0.20760290324687958,0.009559307247400284,0.005238788668066263,0.0048447842709720135
Correct 0.19879858195781708,0.0075297304429113865,0.006098312325775623,0.013113216497004032
Wrong 0.19824513792991638,0.006422396749258041,0.00417985487729311,0.002963770879432559
Wrong 0.1292228400707245,0.008793462067842484,0.00405835872516036,0.007580844219774008
Wrong 0.19156000018119812,0.011777016334235668,0.0031207799911499023,0.006710679270327091
Wrong 0.14574632048606873,0.004470501560717821,0.005786416586488485,0.0030727738048881292
Correct 0.10769002884626389,0.008111642673611641,0.0044108503498137,0.003953395411372185
Wrong 0.1510932743549347,0.008726171217858791,0.0031854496337473392,0.011293232440948486
Wrong 0.2214602380990982,0.005764998961240053,0.003110340563580394,0.005009060259908438
Wrong 0.20922040939331055,0.010916316881775856,0.0041117435321211815,0.005575775168836117
Wrong 0.17384538054466248,0.007819308899343014,0.003580422606319189,0.00442079920321703
Wrong 0.11994600296020508,0.008035634644329548,0.004104678053408861,0.0035659759305417538
Wrong 0.16915306448936462,0.006661880295723677,0.004615389741957188,0.004688158165663481
Wrong 0.13093718886375427,0.010664282366633415,0.0039237444289028645,0.003628576174378395
Correct 0.18066063523292542,0.006038549821823835,0.0031086935196071863,0.0022389618679881096
Correct 0.11642659455537796,0.004957916215062141,0.005934789311140776,0.0038313977420330048
Wrong 0.21967938542366028,0.012887169606983662,0.0060409544967114925,0.005330885294824839
Wrong 0.18393346667289734,0.009448111988604069,0.0023893138859421015,0.00853682029992342
Wrong 0.1574193686246872,0.010221945121884346,0.0033712342847138643,0.0049819196574389935
Correct 0.21850167214870453,0.005512844771146774,0.00258431863039732,0.002707884879782796
Wrong 0.2159814089536667,0.009714511223137379,0.008441121317446232,0.006127488799393177
Wrong 0.15627199411392212,0.03301339969038963,0.004574366845190525,0.0070296041667461395
Wrong 0.17521604895591736,0.006234337110072374,0.0058574797585606575,0.005049383733421564
Wrong 0.17970913648605347,0.006246067117899656,0.0031168258283287287,0.0061018215492367744
Wrong 0.20070141553878784,0.011234712786972523,0.0029309955425560474,0.0028185604605823755
Wrong 0.1503513604402542,0.012733099982142448,0.004102121107280254,0.005266914144158363
Wrong 0.157130166888237,0.007822937332093716,0.0030879322439432144,0.009889774955809116
Wrong 0.15259969234466553,0.008676189929246902,0.008477848023176193,0.010386028327047825
Correct 0.17237769067287445,0.005246085114777088,0.003838688600808382,0.003308969084173441
Correct 0.16673532128334045,0.005235364660620689,0.002824993571266532,0.005114846862852573
Wrong 0.12761437892913818,0.015361197292804718,0.0058313109911978245,0.006764180958271027
Correct 0.21537309885025024,0.004575761035084724,0.003374545369297266,0.0021115329582244158
Correct 0.1855667531490326,0.00808973703533411,0.005782052408903837,0.00416435906663537
Correct 0.20912806689739227,0.007797839120030403,0.004273646045476198,0.006026557646691799
Wrong 0.17019252479076385,0.005733187776058912,0.004430975764989853,0.008674770593643188
Wrong 0.23426203429698944,0.0058188047260046005,0.003641827031970024,0.004712666384875774
Wrong 0.13703306019306183,0.008293931372463703,0.004236937500536442,0.007039423566311598
Wrong 0.3002195358276367,0.0188949815928936,0.0045948512852191925,0.0056293862871825695
Correct 0.20741665363311768,0.010737716220319271,0.004476978909224272,0.005072524305433035
Wrong 0.21442416310310364,0.012287241406738758,0.003333625616505742,0.0024771764874458313
Correct 0.17365498840808868,0.007570313289761543,0.0029418396297842264,0.0025161707308143377
Wrong 0.20266617834568024,0.010995782911777496,0.009554887190461159,0.007982885465025902
Wrong 0.1646256297826767,0.009733058512210846,0.0037236043717712164,0.008325798436999321
Correct 0.23826736211776733,0.01014659833163023,0.004907296039164066,0.0059653958305716515
Wrong 0.16928884387016296,0.0074380310252308846,0.003682842943817377,0.010490973480045795
Wrong 0.23876087367534637,0.018411297351121902,0.004239168018102646,0.004583156201988459
Wrong 0.16168566048145294,0.007924883626401424,0.004960239864885807,0.003489776747301221
Wrong 0.14556922018527985,0.005059426184743643,0.004753584042191505,0.002298419363796711
Wrong 0.12454434484243393,0.00713684456422925,0.004754976835101843,0.005181143060326576
Wrong 0.12461664527654648,0.014538348652422428,0.004165755584836006,0.005475485697388649
Wrong 0.14739461243152618,0.006375584285706282,0.0038980299141258,0.0034396082628518343
Wrong 0.21744833886623383,0.006414151284843683,0.0033803065307438374,0.0031018147710710764
Wrong 0.2530260980129242,0.011380662210285664,0.003417644649744034,0.004492058418691158
Wrong 0.21430498361587524,0.006888747215270996,0.0021854720544070005,0.002202011877670884
Correct 0.07881707698106766,0.010501247830688953,0.0036866150330752134,0.004080483689904213
Correct 0.18955393135547638,0.006189102306962013,0.003339489921927452,0.004027665127068758
Wrong 0.1512114703655243,0.011213299818336964,0.01907934620976448,0.00814185943454504
Wrong 0.12290089577436447,0.00798033457249403,0.0046925791539251804,0.005615616217255592
Wrong 0.13434547185897827,0.00711992010474205,0.00421889265999198,0.006283757276833057
Wrong 0.16478411853313446,0.006854751612991095,0.005864011123776436,0.004531175829470158
Correct 0.17388775944709778,0.01069052703678608,0.0039025014266371727,0.00456233648583293
Wrong 0.22685834765434265,0.009660737589001656,0.0025207684375345707,0.0023128567263484
Wrong 0.22889503836631775,0.00614761421456933,0.007771869655698538,0.006293762940913439
Wrong 0.24220316112041473,0.01988034136593342,0.010397568345069885,0.006017357110977173
Wrong 0.11644350737333298,0.00912028830498457,0.0048449053429067135,0.006939375773072243
Wrong 0.204337015748024,0.012562157586216927,0.0036278055049479008,0.012563765980303288
