grade confidence_levels
Wrong 0.22804103791713715,0.04431893676519394,0.17703182995319366,0.15322749316692352
Wrong 0.00039108144119381905,0.00010808766819536686,0.00010919189662672579,0.0003631395229604095
Correct 0.09927554428577423,0.05125439539551735,0.02365565113723278,0.03348587080836296
Wrong 0.12408795952796936,0.07550026476383209,0.08168408274650574,0.108098104596138
Correct 0.2221851497888565,0.10083144158124924,0.04140046611428261,0.049760930240154266
Wrong 0.11824999749660492,0.061319392174482346,0.06385745853185654,0.03878209739923477
Correct 0.08392511308193207,0.020769687369465828,0.020902683958411217,0.03623040020465851
Wrong 0.0747392475605011,0.012719064950942993,0.018255610018968582,0.023745788261294365
Wrong 0.06850077956914902,0.04345836862921715,0.04502522572875023,0.03567279502749443
Wrong 0.3932768702507019,0.03998713195323944,0.13403944671154022,0.05095197260379791
Correct 0.42151227593421936,0.10286407917737961,0.04153652489185333,0.07486741244792938
Wrong 0.07346250861883163,0.0795828104019165,0.2546353340148926,0.28647181391716003
Correct 0.09866154938936234,0.057106662541627884,0.6229503750801086,0.058508481830358505
Wrong 0.059074923396110535,0.011684564873576164,0.013022715225815773,0.023592602461576462
Correct 0.036067333072423935,0.020690403878688812,0.13466453552246094,0.02638167515397072
Correct 0.3341420590877533,0.04950627684593201,0.09011837840080261,0.08027102053165436
Correct 0.41650861501693726,0.04041256755590439,0.017606550827622414,0.04252925142645836
Wrong 0.06548112630844116,0.01266428828239441,0.027631966397166252,0.04960394278168678
Wrong 0.08747533708810806,0.056150373071432114,0.015494376420974731,0.04556488245725632
Correct 0.07072631269693375,0.3910009562969208,0.07094257324934006,0.08168194442987442
Correct 0.21844948828220367,0.12126785516738892,0.04829312488436699,0.13610008358955383
Wrong 0.12823477387428284,0.023227715864777565,0.04588284716010094,0.026661060750484467
Correct 0.06746871024370193,0.05380800738930702,0.20839951932430267,0.40894240140914917
Wrong 0.046494122594594955,0.01230838056653738,0.010720239020884037,0.03773989900946617
Correct 0.12466827034950256,0.02424749545753002,0.014588547870516777,0.01952223666012287
Correct 0.04538782313466072,0.023604117333889008,0.058881472796201706,0.028281398117542267
Correct 0.41604042053222656,0.13342389464378357,0.07215481251478195,0.07325176149606705
Wrong 0.07853247225284576,0.0473330058157444,0.014088734984397888,0.015160111710429192
Wrong 0.08079764991998672,0.04542531073093414,0.015444585122168064,0.0261912252753973
Correct 0.0937664657831192,0.01993066817522049,0.5470870733261108,0.04821156710386276
Correct 0.16773618757724762,0.5161222219467163,0.021262753754854202,0.05797507241368294
Correct 0.22388947010040283,0.017546340823173523,0.010565146803855896,0.038892555981874466
Wrong 0.6936222314834595,0.045633912086486816,0.024035407230257988,0.033712416887283325
Correct 0.15626880526542664,0.05606469884514809,0.2972724437713623,0.06673327088356018
Correct 0.04849525913596153,0.13360804319381714,0.16975466907024384,0.35948216915130615
Wrong 0.3138541877269745,0.08830957859754562,0.16595184803009033,0.10294893383979797
Correct 0.051342301070690155,0.061451490968465805,0.020132839679718018,0.026505589485168457
Correct 0.1272638887166977,0.15290546417236328,0.07345707714557648,0.3788135349750519
Correct 0.13691644370555878,0.06962697952985764,0.5407976508140564,0.04117252305150032
Correct 0.06512729078531265,0.025576913729310036,0.017762858420610428,0.010907522402703762
Wrong 0.00033382291439920664,5.951029743300751e-05,0.0001268689229618758,0.00038904219400137663
Wrong 0.10093505680561066,0.026302799582481384,0.04582047462463379,0.025547722354531288
Correct 0.06290484219789505,0.055595964193344116,0.4929737150669098,0.059585634618997574
Wrong 0.16169466078281403,0.17750537395477295,0.21281452476978302,0.08777086436748505
Wrong 0.0677134096622467,0.019344577565789223,0.016076890751719475,0.06748847663402557
Wrong 0.13116450607776642,0.06282339245080948,0.4254576861858368,0.10674216598272324
Correct 0.3419535458087921,0.0713115781545639,0.24357371032238007,0.12126471102237701
Wrong 0.04879538714885712,0.023921748623251915,0.026282882317900658,0.10135860741138458
Correct 0.06746608763933182,0.027878640219569206,0.0489024855196476,0.15451374650001526
Correct 0.08984583616256714,0.03239966556429863,0.03802799805998802,0.04023562744259834
Wrong 0.0005037628579884768,9.958137525245547e-05,0.00024303188547492027,0.00040633237222209573
Wrong 0.07892026007175446,0.04576658830046654,0.04367263242602348,0.07271138578653336
Correct 0.0934935063123703,0.04053067788481712,0.299628883600235,0.09232635051012039
Correct 0.07157786190509796,0.3052313029766083,0.21002411842346191,0.03473804518580437
Wrong 0.11827986687421799,0.07803434133529663,0.22501343488693237,0.08669968694448471
Wrong 0.26542335748672485,0.1036127507686615,0.05687740817666054,0.14729392528533936
Wrong 0.11125177145004272,0.0805005207657814,0.04068098962306976,0.06651614606380463
Correct 0.03433798998594284,0.012787677347660065,0.07522271573543549,0.019870495423674583
Correct 0.641395092010498,0.06271303445100784,0.039128098636865616,0.059670984745025635
Wrong 0.10419724136590958,0.07795459777116776,0.03770134598016739,0.0607941560447216
Wrong 0.24019531905651093,0.13335394859313965,0.10122721642255783,0.1140056774020195
Correct 0.10301105678081512,0.01146826520562172,0.045892588794231415,0.007991050370037556
Wrong 0.5867722630500793,0.17771458625793457,0.02527373470366001,0.047330714762210846
Correct 0.08631722629070282,0.02244163118302822,0.017761634662747383,0.10732755064964294
Correct 0.08553238213062286,0.18391330540180206,0.05858878791332245,0.42978233098983765
Correct 0.3120982348918915,0.10299667716026306,0.11047016829252243,0.09635733813047409
Correct 0.1884363293647766,0.07600104063749313,0.14541611075401306,0.08453337103128433
Wrong 0.00029844153323210776,0.00030165474163368344,0.00012576347216963768,0.00030381756369024515
Wrong 0.0626436397433281,0.021681910380721092,0.025284461677074432,0.06783927232027054
Correct 0.65653395652771,0.03592054918408394,0.02091032825410366,0.05909084901213646
Correct 0.1267462819814682,0.021291527897119522,0.020957155153155327,0.02686508372426033
Wrong 0.0646398663520813,0.020996829494833946,0.0336274690926075,0.020876755937933922
Correct 0.7346484065055847,0.02203395590186119,0.020268632099032402,0.03082217462360859
Wrong 0.3933725655078888,0.09855488687753677,0.16510635614395142,0.052874255925416946
Wrong 0.000400241871830076,0.00021468492923304439,0.0004007593379355967,0.0007586715510115027
Correct 0.05323147401213646,0.07376177608966827,0.033513594418764114,0.03535084426403046
Wrong 0.31527039408683777,0.18175317347049713,0.060657232999801636,0.19262441992759705
Correct 0.13233812153339386,0.034180354326963425,0.020516084507107735,0.01819520816206932
Correct 0.5128526091575623,0.10247231274843216,0.05849965661764145,0.03678132966160774
Wrong 0.17794480919837952,0.4291117489337921,0.03843825310468674,0.039807528257369995
Correct 0.03378511220216751,0.7234351634979248,0.03516688942909241,0.04352959245443344
Correct 0.0010993026662617922,0.000299206527415663,0.00028107850812375546,0.00042198534356430173
Correct 0.019987063482403755,0.041364528238773346,0.06704124808311462,0.5353262424468994
Correct 0.0762878954410553,0.02005813457071781,0.07844504714012146,0.021652083843946457
Wrong 0.07377204298973083,0.034086693078279495,0.036787159740924835,0.22538511455059052
Correct 0.04624998942017555,0.014718476682901382,0.009324334561824799,0.13332132995128632
Wrong 0.00031555601162835956,8.151322253979743e-05,0.00022002823243383318,0.0005251452093943954
Wrong 0.061014022678136826,0.03823186829686165,0.05325935408473015,0.025086617097258568
Wrong 0.06307687610387802,0.02405422367155552,0.020044907927513123,0.03510021045804024
Correct 0.13197046518325806,0.08766965568065643,0.06459019333124161,0.23002442717552185
Correct 0.06357454508543015,0.03795346990227699,0.07520526647567749,0.11750888079404831
Wrong 0.039911575615406036,0.012256612069904804,0.05300738662481308,0.023295899853110313
Wrong 0.055074937641620636,0.04891497641801834,0.03922870382666588,0.03478240966796875
Wrong 0.05276110768318176,0.08207767456769943,0.05098126083612442,0.07029923051595688
Wrong 0.0003214012540411204,5.2981598855694756e-05,4.5464861614163965e-05,8.605910988990217e-05
Wrong 0.05651992931962013,0.011813700199127197,0.008814248256385326,0.028575975447893143
Correct 0.042140115052461624,0.03636200353503227,0.6491773128509521,0.06029554829001427
Wrong 0.23194828629493713,0.08685873448848724,0.07084287703037262,0.13248202204704285
Correct 0.4778887927532196,0.06274344027042389,0.023678751662373543,0.049296628683805466
Correct 0.08682379126548767,0.02996368147432804,0.031885046511888504,0.056490954011678696
Wrong 0.0005199579754844308,0.00019949348643422127,0.00020259598386473954,0.0010032092686742544
Correct 0.3874189555644989,0.0858069360256195,0.06776192039251328,0.11604594439268112
Wrong 0.12150038778781891,0.07427169382572174,0.5315755009651184,0.05740032345056534
Correct 0.1921197921037674,0.10363807529211044,0.21414606273174286,0.09483443945646286
Wrong 0.09788809716701508,0.04635511711239815,0.04749017953872681,0.04069243744015694
Wrong 0.0009667458944022655,0.0004275637911632657,0.00022163797984831035,0.0005514542572200298
Correct 0.24955016374588013,0.025064295157790184,0.022613422945141792,0.1386442482471466
Wrong 0.22050902247428894,0.26633504033088684,0.11036744713783264,0.15117846429347992
Wrong 0.07124903798103333,0.054019562900066376,0.043397560715675354,0.02230880782008171
Wrong 0.09737041592597961,0.024868136271834373,0.0373048298060894,0.028849629685282707
Correct 0.14342589676380157,0.0205333661288023,0.011995146982371807,0.020356453955173492
Correct 0.19366984069347382,0.05776182562112808,0.15629377961158752,0.06796561181545258
Wrong 0.15816111862659454,0.058544058352708817,0.12263131141662598,0.06089400127530098
Wrong 0.08975163102149963,0.02998550981283188,0.02107645943760872,0.07031787186861038
Wrong 0.0007801391184329987,0.00020102733105886728,0.0006311482866294682,0.0008708041859790683
Correct 0.05548284575343132,0.5942781567573547,0.01934264786541462,0.06115523725748062
Wrong 1.52889024320757e-05,4.274145248928107e-05,2.585830952739343e-05,6.136852607596666e-05
Wrong 0.20685076713562012,0.07773563265800476,0.08013322949409485,0.11666352301836014
Wrong 0.08200772851705551,0.04807167127728462,0.042714618146419525,0.04013928398489952
Correct 0.18090079724788666,0.3478385806083679,0.05623302981257439,0.09071244299411774
Wrong 0.08552137017250061,0.029485270380973816,0.020304733887314796,0.01600136235356331
Correct 0.5240795016288757,0.05032976716756821,0.09214278310537338,0.05886101722717285
Wrong 0.07262852787971497,0.03527270257472992,0.018800240010023117,0.04805756360292435
Correct 0.08135629445314407,0.016529634594917297,0.019949091598391533,0.015469478443264961
Correct 0.09154588729143143,0.0372074730694294,0.052266739308834076,0.030844058841466904
Correct 0.40827563405036926,0.039415474981069565,0.018051667138934135,0.024724602699279785
Correct 0.08408709615468979,0.35601821541786194,0.11966246366500854,0.1678294539451599
Wrong 0.1886468380689621,0.08422502130270004,0.4217971861362457,0.10429553687572479
Wrong 0.09260276705026627,0.016278885304927826,0.014511177316308022,0.01650463417172432
Correct 6.324239075183868e-05,6.522367766592652e-05,4.101146259927191e-05,0.00015711013111285865
Wrong 0.053513169288635254,0.4580461084842682,0.09062067419290543,0.08992044627666473
Correct 0.1890813708305359,0.012393327429890633,0.007812954485416412,0.01060743723064661
Correct 0.05072250962257385,0.017237339168787003,0.022686107084155083,0.09147381037473679
Wrong 0.0007047842373140156,0.00021859172557014972,0.0003222121740691364,0.000731509062461555
Correct 0.045116063207387924,0.44873568415641785,0.04692644625902176,0.06613578647375107
Wrong 0.11949001997709274,0.07277897745370865,0.05410527437925339,0.11201709508895874
Wrong 0.16784679889678955,0.06584444642066956,0.08165882527828217,0.12155119329690933
Wrong 3.564529833965935e-05,2.849820339179132e-05,3.6862827982986346e-05,0.00010009831748902798
Wrong 0.0678713470697403,0.01973852887749672,0.021817075088620186,0.014376116916537285
Wrong 0.0004868301621172577,0.00010933134763035923,0.00023767595121171325,0.0005203749751672149
Correct 0.0923793688416481,0.1413733810186386,0.3230660855770111,0.15979664027690887
Correct 0.09534548968076706,0.06588882207870483,0.5732557773590088,0.05225705727934837
Wrong 0.45669224858283997,0.07389618456363678,0.02423178404569626,0.06608449667692184
Correct 0.05417853593826294,0.015342031605541706,0.027585985139012337,0.06926950067281723
Correct 0.06152532249689102,0.04956049844622612,0.390095591545105,0.03301633894443512
Wrong 0.08876720070838928,0.025442762300372124,0.02620997466146946,0.03035292588174343
Correct 0.14438477158546448,0.3552444875240326,0.050398088991642,0.10397036373615265
Wrong 0.08428555727005005,0.01998152770102024,0.039666470140218735,0.03637814149260521
Correct 0.05299723893404007,0.06538074463605881,0.044239792972803116,0.09527599811553955
Wrong 0.053426604717969894,0.01988806389272213,0.025667740032076836,0.01610059104859829
Wrong 0.20789089798927307,0.2731238901615143,0.038616739213466644,0.08030176162719727
Wrong 0.11955248564481735,0.09650125354528427,0.1055743396282196,0.1589967906475067
Wrong 0.09653357416391373,0.08148318529129028,0.10362648218870163,0.1410713493824005
Wrong 0.5866379737854004,0.0428730770945549,0.06855451315641403,0.07762564718723297
Wrong 0.3054903745651245,0.08532675355672836,0.28615421056747437,0.08861582726240158
Wrong 0.14852212369441986,0.27679017186164856,0.1268463134765625,0.19520451128482819
Correct 0.0008980720886029303,0.0001395080325892195,0.00015915159019641578,0.0005406599957495928
Wrong 0.07244836539030075,0.017386872321367264,0.030215298756957054,0.03947244957089424
Correct 0.08933314681053162,0.16699732840061188,0.04699143022298813,0.21873633563518524
Wrong 0.09968134760856628,0.15995243191719055,0.06798288226127625,0.18779581785202026
Correct 0.0003013701643794775,0.00027815380599349737,0.0005044994759373367,0.0005904457066208124
Wrong 0.09916871041059494,0.2158699333667755,0.07099901884794235,0.31830161809921265
Wrong 0.24914202094078064,0.26406359672546387,0.08414013683795929,0.12425856292247772
Wrong 0.0004849710676353425,0.00015085894847288728,0.0001220683116116561,0.0002252233971375972
Correct 0.06708638370037079,0.027132946997880936,0.030654367059469223,0.07554362714290619
Wrong 0.0010433458955958486,0.00022071045532356948,0.0004170743632130325,0.0008172699599526823
Wrong 0.2582588493824005,0.1407851129770279,0.06451883912086487,0.14784827828407288
Wrong 0.00047153080231510103,0.0003018022980540991,0.00021007911709602922,0.000719060655683279
Correct 0.11498042941093445,0.5500171780586243,0.031031858175992966,0.09933993220329285
Wrong 0.08814510703086853,0.017172440886497498,0.01698119379580021,0.061604153364896774
Wrong 0.08186586201190948,0.03574810549616814,0.018546810373663902,0.06597954779863358
Correct 0.07838395237922668,0.02092863619327545,0.03140633553266525,0.030749013647437096
Wrong 0.585018515586853,0.14919500052928925,0.036028992384672165,0.057703495025634766
Wrong 0.07499417662620544,0.014440445229411125,0.022051921114325523,0.03346266224980354
Wrong 0.11404252052307129,0.016342610120773315,0.018072547391057014,0.01308839488774538
Correct 0.08187508583068848,0.017412394285202026,0.024872856214642525,0.02065424434840679
Correct 0.11457377672195435,0.039998095482587814,0.022195957601070404,0.023233961313962936
Correct 0.07153274118900299,0.39641818404197693,0.04491126909852028,0.08335532248020172
Correct 0.05462163686752319,0.02020844630897045,0.0324428454041481,0.06791718304157257
Wrong 0.059089094400405884,0.06864649802446365,0.04198431223630905,0.04019191488623619
Correct 0.08033960312604904,0.4315863251686096,0.05429703742265701,0.05462693050503731
Wrong 0.06589635461568832,0.011558756232261658,0.02144285850226879,0.015816258266568184
Correct 0.03955138847231865,0.043718285858631134,0.018822135403752327,0.02620379626750946
Wrong 0.05764013156294823,0.012880910187959671,0.06055706739425659,0.03629544377326965
Wrong 0.2227349728345871,0.18973849713802338,0.09138952195644379,0.13284403085708618
Correct 0.07016557455062866,0.07403335720300674,0.2604404091835022,0.2278081625699997
Wrong 0.00041169964242726564,9.33466071728617e-05,7.189453754108399e-05,0.00019749173952732235
Correct 0.7456040978431702,0.016791660338640213,0.014152996242046356,0.025934182107448578
Wrong 0.0005081825656816363,0.00020737206796184182,0.0004448401159606874,0.0010770317167043686
Wrong 0.1452946960926056,0.19171752035617828,0.24885164201259613,0.1543203592300415
Wrong 0.09551446884870529,0.01749788410961628,0.02272220142185688,0.06533365696668625
Correct 0.18683268129825592,0.02213125303387642,0.0097493976354599,0.021058369427919388
Wrong 0.08303197473287582,0.028183000162243843,0.035316064953804016,0.020763060078024864
Wrong 0.0013814844423905015,0.0001543128746561706,0.00023835388128645718,0.0002890608739107847
Wrong 0.04083944857120514,0.2381334900856018,0.2923799455165863,0.1941714584827423
Correct 0.09689588844776154,0.03211159631609917,0.025792991742491722,0.022083286195993423
Correct 0.048157282173633575,0.04188283160328865,0.5388041138648987,0.0466214120388031
Wrong 0.11924421042203903,0.08261752873659134,0.1982644945383072,0.16408176720142365
Correct 0.1175880879163742,0.01624494232237339,0.015343459323048592,0.01587112434208393
Wrong 0.09448909759521484,0.022595951333642006,0.017493396997451782,0.035704147070646286
Wrong 0.27165427803993225,0.07815474271774292,0.05701899155974388,0.07291354238986969
Correct 0.03332541137933731,0.014161739498376846,0.04718959704041481,0.025589371100068092
Wrong 0.13637103140354156,0.012397567741572857,0.013536784797906876,0.011744530871510506
Wrong 0.0006517864530906081,0.00015706595149822533,0.00029113373602740467,0.0005420773522928357
Wrong 0.09997222572565079,0.025520220398902893,0.03775021433830261,0.03402632847428322
Correct 0.14187459647655487,0.031596552580595016,0.026598960161209106,0.027642348781228065
Correct 0.2296639084815979,0.3960743248462677,0.04305027052760124,0.08492458611726761
Wrong 0.7284876108169556,0.019001109525561333,0.029480746015906334,0.0295012928545475
Wrong 0.10136617720127106,0.14340943098068237,0.05581585690379143,0.07097212225198746
Wrong 0.06323833763599396,0.01729368418455124,0.017967645078897476,0.03576464205980301
Correct 0.09626911580562592,0.1352299302816391,0.19836555421352386,0.051061127334833145
Wrong 0.07073628157377243,0.01821645349264145,0.0225850660353899,0.02876872755587101
Correct 0.06737883388996124,0.05689433589577675,0.4005405902862549,0.08362609893083572
Wrong 0.11421958357095718,0.07425358891487122,0.012241172604262829,0.016954787075519562
Wrong 0.24036066234111786,0.07039640843868256,0.19743698835372925,0.07565134763717651
Wrong 0.052148424088954926,0.02391224540770054,0.01993171125650406,0.031542494893074036
Wrong 0.08620374649763107,0.024736186489462852,0.03727070987224579,0.037632837891578674
Wrong 0.061924371868371964,0.013640799559652805,0.03842756152153015,0.02649540826678276
Wrong 0.061927881091833115,0.04045707732439041,0.010254568420350552,0.01265778299421072
Correct 0.08324196189641953,0.029783187434077263,0.014118652790784836,0.017402037978172302
Correct 0.13870397210121155,0.03614988550543785,0.014677914790809155,0.018523817881941795
Wrong 0.20131845772266388,0.09666674584150314,0.030443159863352776,0.062465596944093704
Correct 0.05437508597970009,0.06646106392145157,0.021901756525039673,0.053985465317964554
Wrong 0.12084347009658813,0.0932767391204834,0.043494679033756256,0.13203655183315277
Wrong 0.15231406688690186,0.19404666125774384,0.0953507050871849,0.24141493439674377
Wrong 0.15704452991485596,0.019193032756447792,0.028208257630467415,0.030335118994116783
Correct 0.059479180723428726,0.363216757774353,0.07442133873701096,0.22285601496696472
Wrong 0.05962923541665077,0.6442608833312988,0.04068874940276146,0.05579555034637451
Wrong 0.05581807345151901,0.018816528841853142,0.01257193274796009,0.06288568675518036
Wrong 0.21438534557819366,0.11563281714916229,0.16918358206748962,0.16711410880088806
Wrong 0.10249269008636475,0.03867203742265701,0.03602122142910957,0.09535699337720871
Wrong 0.21719913184642792,0.1475505828857422,0.15173771977424622,0.10348902642726898
Correct 0.10392045229673386,0.07937414199113846,0.06570819765329361,0.1266491711139679
Correct 0.09679856896400452,0.03443309664726257,0.4708624482154846,0.07153767347335815
Correct 0.0009389859042130411,0.00027134758420288563,0.0002088430628646165,0.0011305594816803932
Wrong 0.042948123067617416,0.02786830998957157,0.011326363310217857,0.05411575362086296
Wrong 0.0718168094754219,0.024610938504338264,0.02035929448902607,0.09679381549358368
Wrong 0.09937038272619247,0.015300026163458824,0.018532339483499527,0.023263201117515564
Wrong 0.07700273394584656,0.056070175021886826,0.04386057332158089,0.05672832205891609
Wrong 0.00042860989924520254,6.460989243350923e-05,8.901305409381166e-05,0.0001742289459798485
Wrong 0.1536913514137268,0.03867931291460991,0.4394058287143707,0.05232866853475571
Correct 0.03334427252411842,0.04909264296293259,0.6072726845741272,0.05220746621489525
Wrong 0.08866319060325623,0.017374835908412933,0.028590882197022438,0.02890385128557682
Correct 0.0005067808669991791,0.00010725930042099208,0.00020875691552646458,0.0005439228843897581
Wrong 0.03269946575164795,0.022221501916646957,0.04550090432167053,0.018597913905978203
Wrong 0.04381001740694046,0.02704959362745285,0.03861921653151512,0.037681180983781815
Wrong 0.12441059201955795,0.098121277987957,0.23521403968334198,0.1502203494310379
Wrong 0.24586758017539978,0.13424152135849,0.23247598111629486,0.1343178004026413
Wrong 0.0006490738596767187,0.00013623974518850446,0.00031216812203638256,0.0003153354045934975
Wrong 0.5586168169975281,0.07271803170442581,0.044878412038087845,0.08629413694143295
Correct 0.07616572082042694,0.022326519712805748,0.025434963405132294,0.05975910276174545
Wrong 0.07792346924543381,0.03186240419745445,0.015686320140957832,0.024254627525806427
Wrong 0.06011727452278137,0.016189157962799072,0.015683891251683235,0.018287990242242813
Wrong 0.05869351699948311,0.03575742617249489,0.02436915971338749,0.0453169010579586
Correct 0.07101765275001526,0.0374978631734848,0.09454511106014252,0.039879802614450455
Wrong 0.20599928498268127,0.056622229516506195,0.09260369837284088,0.1984507292509079
Correct 0.124362513422966,0.0671476274728775,0.03656213358044624,0.3621339797973633
Wrong 0.053522951900959015,0.033295657485723495,0.04256154224276543,0.03753538429737091
Correct 0.45172959566116333,0.13730089366436005,0.03958434239029884,0.07258692383766174
Wrong 0.1406201422214508,0.012110023759305477,0.009294718503952026,0.010647584684193134
Wrong 0.11121292412281036,0.021555595099925995,0.022235292941331863,0.02129128761589527
Correct 0.10797230154275894,0.09163730591535568,0.024158453568816185,0.047893375158309937
Correct 0.13049544394016266,0.11803785711526871,0.32013389468193054,0.155296191573143
Correct 0.1377260833978653,0.013591239228844643,0.012551935389637947,0.03280298784375191
Wrong 0.0006067848880775273,0.0002732826105784625,0.00024184824724216014,0.0007117414497770369
Correct 0.09101684391498566,0.10774591565132141,0.04524854198098183,0.26436251401901245
Correct 0.05938715860247612,0.020548304542899132,0.018896160647273064,0.014711037278175354
Wrong 0.07150808721780777,0.023002319037914276,0.028915004804730415,0.14481134712696075
Wrong 0.1674351990222931,0.12491389364004135,0.2686598598957062,0.21868881583213806
Wrong 0.06540409475564957,0.020821833983063698,0.5101549029350281,0.051450107246637344
Wrong 0.0746888741850853,0.019647622480988503,0.02781634032726288,0.07257341593503952
Wrong 0.136977881193161,0.046334926038980484,0.026298891752958298,0.03176064416766167
Wrong 0.11915290355682373,0.04407769814133644,0.06215151399374008,0.058979518711566925
Wrong 0.0001031287683872506,0.0009950475068762898,0.0002143722667824477,0.0002759043127298355
Correct 0.0651405081152916,0.41777968406677246,0.11128433793783188,0.19314950704574585
Wrong 0.16394232213497162,0.09146787226200104,0.16316577792167664,0.138309046626091
Wrong 0.40404433012008667,0.05892070010304451,0.07476765662431717,0.15143321454524994
Wrong 0.0829678326845169,0.025446154177188873,0.12910506129264832,0.02011115662753582
Wrong 0.09329055994749069,0.0174358319491148,0.041163135319948196,0.01543429121375084
Wrong 0.2261788696050644,0.08006484061479568,0.31412404775619507,0.13764503598213196
Wrong 0.08211707323789597,0.034008629620075226,0.06493402272462845,0.0382407121360302
Wrong 0.15495233237743378,0.16326959431171417,0.08673685044050217,0.2368936389684677
Wrong 0.10472378134727478,0.09954904764890671,0.16335396468639374,0.17542557418346405
Correct 0.2649695575237274,0.12159619480371475,0.04997604712843895,0.14960329234600067
Wrong 0.001061509596183896,0.00015348198940046132,0.000432780449045822,0.00047397243906743824
Correct 0.15358780324459076,0.04049461707472801,0.04598483815789223,0.06997102499008179
Wrong 0.08639051765203476,0.5639997124671936,0.029014889150857925,0.05143333598971367
Wrong 0.14307428896427155,0.041957028210163116,0.039618294686079025,0.09104108065366745
Wrong 0.043157730251550674,0.01218005083501339,0.014850983396172523,0.019249795004725456
Wrong 0.15008990466594696,0.15881876647472382,0.13965357840061188,0.07743848860263824
Wrong 0.06637376546859741,0.06611461192369461,0.03295580670237541,0.0150007838383317
Correct 0.045042164623737335,0.019592292606830597,0.0611499659717083,0.019347378984093666
Wrong 0.00014590717910323292,6.544696225319058e-05,0.00016813397814985365,0.00014939844550099224
Wrong 0.0004765629128087312,0.00015697948401793838,0.00024045900499913841,0.0004555912164505571
Correct 0.00026302208425477147,7.427817763527855e-05,0.0001286329934373498,0.00036901526618748903
Correct 0.040679171681404114,0.02355988696217537,0.6166775822639465,0.05063832923769951
Wrong 0.0008004932897165418,0.00013674200454261154,0.0004680593847297132,0.0005244977073743939
Correct 0.0012005568714812398,0.0001545021077618003,0.00038074745680205524,0.0010296114487573504
Wrong 0.074379563331604,0.2316519320011139,0.21685369312763214,0.20795224606990814
Wrong 0.000947064021602273,0.00010047353862319142,9.757890074979514e-05,0.00031221628887578845
Wrong 0.05496454983949661,0.021203169599175453,0.02674315869808197,0.02364249713718891
Wrong 0.14335596561431885,0.3832796514034271,0.08562176674604416,0.06156191602349281
Correct 0.08720921725034714,0.06026441231369972,0.052972108125686646,0.047600649297237396
Correct 0.06327665597200394,0.01454635988920927,0.11111108213663101,0.022329159080982208
Wrong 0.042331140488386154,0.018171492964029312,0.011140949092805386,0.06022714078426361
Wrong 0.06154545024037361,0.08439204096794128,0.5007577538490295,0.12178559601306915
Wrong 0.3027196228504181,0.09701815992593765,0.19908349215984344,0.14530673623085022
Correct 0.15309728682041168,0.04285392537713051,0.2403775006532669,0.05183093249797821
Wrong 0.060060277581214905,0.16745257377624512,0.07339999079704285,0.357248991727829
Wrong 0.13985607028007507,0.020547062158584595,0.01772184669971466,0.0833180695772171
Correct 3.453491808613762e-05,3.449435826041736e-05,3.446718619670719e-05,4.835970685235225e-05
Correct 0.0010308377677574754,8.571679791202769e-05,0.00016471926937811077,0.00030951740336604416
Correct 0.4245343506336212,0.308238685131073,0.025851937010884285,0.050768230110406876
Wrong 0.09837549179792404,0.09441158175468445,0.4245619773864746,0.14260409772396088
Wrong 0.3026270866394043,0.07549367100000381,0.19781620800495148,0.06805968284606934
Wrong 0.3533466160297394,0.1568477898836136,0.018668871372938156,0.06778576970100403
Correct 0.35227009654045105,0.10001999139785767,0.042920250445604324,0.061799850314855576
Wrong 0.1034194827079773,0.327816903591156,0.2631094753742218,0.08892367035150528
Correct 0.0009676682529971004,0.00011438971705501899,0.00016274281369987875,0.0007128119468688965
Correct 0.1092415377497673,0.45854452252388,0.05107568949460983,0.08827894926071167
Correct 0.0651923343539238,0.05928761139512062,0.5910478234291077,0.08259844034910202
Wrong 0.17644387483596802,0.11064796894788742,0.15932244062423706,0.1266174614429474
Wrong 0.2697502374649048,0.2520853579044342,0.09015396237373352,0.1732412874698639
Correct 0.08586851507425308,0.07795646041631699,0.10237371176481247,0.021055372431874275
Correct 0.12709976732730865,0.08782388269901276,0.4000162184238434,0.09834198653697968
Wrong 0.05168280005455017,0.021976634860038757,0.023502787575125694,0.03045072965323925
Correct 0.4374489188194275,0.07663560658693314,0.11891612410545349,0.07571999728679657
Wrong 0.13754378259181976,0.31101614236831665,0.10735820978879929,0.16265031695365906
Correct 0.12689979374408722,0.018202880397439003,0.014513091184198856,0.017718452960252762
Correct 0.7722184658050537,0.03903251513838768,0.009792469441890717,0.020725548267364502
Correct 0.15064433217048645,0.024179989472031593,0.019680500030517578,0.01624104753136635
Wrong 0.0002368730492889881,0.00023043176042847335,0.0007451851852238178,0.00046687337453477085
Wrong 0.06345047801733017,0.0917586237192154,0.062253233045339584,0.47651177644729614
Wrong 0.0904122069478035,0.03297122195363045,0.03970396891236305,0.04046980291604996
Wrong 0.49923500418663025,0.08602052927017212,0.04018999636173248,0.08498973399400711
Correct 0.1274411827325821,0.02731507271528244,0.02740950882434845,0.02421494759619236
Correct 0.08310741186141968,0.05919364094734192,0.08079705387353897,0.37126803398132324
Wrong 0.0740678682923317,0.03096041828393936,0.018237555399537086,0.015696270391345024
Correct 0.166192889213562,0.043428219854831696,0.0710553303360939,0.5142796039581299
Wrong 0.04498392716050148,0.014814231544733047,0.03294072672724724,0.024582525715231895
Wrong 0.7003827095031738,0.02667095512151718,0.017637338489294052,0.06184576824307442
Wrong 0.0007074969471432269,8.972801151685417e-05,0.0003388651821296662,0.0007582263788208365
Wrong 0.0006629736162722111,0.0003002939047291875,0.0007939118659123778,0.0009643619414418936
Correct 0.0006977322045713663,0.00013984320685267448,0.00045262882485985756,0.0003205373650416732
Wrong 0.09423359483480453,0.03370893374085426,0.02629851922392845,0.03624356910586357
Wrong 0.17874965071678162,0.3531085252761841,0.03604738041758537,0.07413830608129501
Wrong 0.09910385310649872,0.12431705743074417,0.11411836743354797,0.1242738589644432
Wrong 0.13732561469078064,0.06650770455598831,0.013624900951981544,0.00792496558278799
Wrong 0.04983790963888168,0.028077470138669014,0.03257523849606514,0.021866440773010254
Correct 0.15419623255729675,0.16763107478618622,0.16191963851451874,0.15076079964637756
Wrong 0.2745348811149597,0.17249198257923126,0.14478883147239685,0.18232117593288422
Wrong 0.060484401881694794,0.021182021126151085,0.031803544610738754,0.014552702195942402
Correct 0.10583680868148804,0.06492851674556732,0.3862372040748596,0.07135803252458572
Wrong 0.18400706350803375,0.1524893045425415,0.23536787927150726,0.1179952472448349
Correct 0.04096006974577904,0.012723575346171856,0.010139516554772854,0.04668082669377327
Correct 0.0819500982761383,0.020884349942207336,0.04167575761675835,0.01772630773484707
Correct 0.07083713263273239,0.5438105463981628,0.04800578951835632,0.08168725669384003
Wrong 0.08488941192626953,0.011568304151296616,0.012182990089058876,0.04764754697680473
Correct 0.06391163915395737,0.016271186992526054,0.03068108856678009,0.019170355051755905
Wrong 0.000518910470418632,0.00025811942759901285,0.0014556250534951687,0.001213426934555173
Wrong 0.15029315650463104,0.19864052534103394,0.11959762126207352
Wrong 0.06512613594532013,0.015728967264294624,0.03341663256287575,0.055335450917482376
Correct 0.13892443478107452,0.29195526242256165,0.061988264322280884,0.14071635901927948
Wrong 0.0004082543309777975,6.124220817582682e-05,0.00012807728489860892,0.00018610412371344864
Wrong 0.07860783487558365,0.02283267118036747,0.023984579369425774,0.05491049960255623
Wrong 0.2032461166381836,0.08968822658061981,0.08571255207061768,0.06455060094594955
Correct 0.15454517304897308,0.26388972997665405,0.13952377438545227,0.14515958726406097
Wrong 0.07645279169082642,0.13460111618041992,0.10014013946056366,0.06566983461380005
Correct 0.041997816413640976,0.009778296574950218,0.009087965823709965,0.10420890897512436
Wrong 0.08076171576976776,0.03847867622971535,0.02295241691172123,0.035984572023153305
Wrong 0.2800346612930298,0.07841547578573227,0.224272221326828,0.11568673700094223
Wrong 0.3884776532649994,0.14410017430782318,0.12358681857585907,0.11689165979623795
Correct 0.08966723829507828,0.1749478578567505,0.13205596804618835,0.26267459988594055
Wrong 0.11672596633434296,0.11479611694812775,0.30902424454689026,0.1063452884554863
Correct 0.6349022388458252,0.05959451571106911,0.0227472186088562,0.034116655588150024
Correct 0.14172986149787903,0.18912702798843384,0.08502212911844254,0.24602848291397095
Correct 0.2599252462387085,0.05973655357956886,0.07575977593660355,0.10884705930948257
Correct 0.0008842035313136876,0.00016485585365444422,0.00042050087358802557,0.0005614933907054365
Wrong 0.0007420156034640968,0.00010521753574721515,0.00017577718244865537,0.000320807215757668
Wrong 0.28687936067581177,0.14510254561901093,0.022458752617239952,0.04836102947592735
Correct 0.00011235022248001769,0.00010741473670350388,3.0087792765698396e-05,7.044814992696047e-05
Correct 0.067400723695755,0.021101588383316994,0.028174689039587975,0.048909857869148254
Wrong 0.060346439480781555,0.012508928775787354,0.012346536852419376,0.03629975765943527
Wrong 0.290365993976593,0.11199578642845154,0.11355361342430115,0.1299566775560379
Wrong 0.0006560085457749665,0.0001834970316849649,0.0001519861980341375,0.00033712410368025303
Correct 0.3167332708835602,0.08086801320314407,0.11589471250772476,0.08057576417922974
Wrong 0.0007652461063116789,0.00017319140897598118,0.00024043946177698672,0.0004045881796628237
Correct 0.00044266300392337143,0.00015918188728392124,0.00027231243439018726,0.0011753002181649208
Wrong 0.000451396539574489,0.0001765138586051762,0.00015834832447580993,0.00025372434174641967
Correct 0.0965941771864891,0.039947427809238434,0.20410571992397308,0.1549675315618515
Correct 0.1269577145576477,0.09259148687124252,0.13490398228168488,0.10922452807426453
Wrong 0.0007816930301487446,0.00012108439113944769,0.0003334913053549826,0.0002797137713059783
Wrong 0.10666916519403458,0.06249508634209633,0.029780840501189232,0.028869953006505966
Correct 0.05120439454913139,0.06591501832008362,0.5216069221496582,0.10871206969022751
Wrong 0.06352396309375763,0.04760250821709633,0.09201627224683762,0.1439385712146759
Correct 0.057183559983968735,0.018547741696238518,0.08530376106500626,0.03884299099445343
Correct 0.11039415001869202,0.01996627263724804,0.01942587085068226,0.013526351191103458
Correct 0.14913292229175568,0.014417951926589012,0.014460471458733082,0.012868775986135006
Correct 0.039690051227808,0.012503063306212425,0.037141814827919006,0.26778286695480347
Correct 0.10544057935476303,0.013961615972220898,0.007072070147842169,0.010721571743488312
Wrong 0.00042477971874177456,0.00014416262274608016,0.00020348047837615013,0.0004719886928796768
Wrong 0.16056695580482483,0.11033916473388672,0.3047060966491699,0.11313387006521225
Correct 0.07598605006933212,0.385839581489563,0.2120324820280075,0.06996060162782669
Correct 0.08805129677057266,0.02036108635365963,0.04447285458445549,0.03060150146484375
Correct 0.10646175593137741,0.022780630737543106,0.01776779443025589,0.015505796298384666
Wrong 0.6930068731307983,0.031471993774175644,0.016545481979846954,0.02746066078543663
Correct 0.0005248124361969531,0.00010935838508885354,0.0003121203917544335,0.000408683845307678
Wrong 0.10420073568820953,0.04166388511657715,0.02779880352318287,0.028390206396579742
Correct 0.0700116753578186,0.05498939007520676,0.1459425836801529,0.09143507480621338
Correct 0.32181695103645325,0.053822342306375504,0.2027902603149414,0.10626325756311417
Correct 0.03718062862753868,0.015211387537419796,0.04512559622526169,0.02269783243536949
Wrong 0.1357835978269577,0.22411248087882996,0.07726608961820602,0.08430072665214539
Correct 0.0006902924505993724,0.00044192795758135617,0.00028928322717547417,0.0006919542793184519
Correct 0.14613883197307587,0.012245108373463154,0.011469966731965542,0.011516313068568707
Wrong 0.06506451219320297,0.014697209931910038,0.017785629257559776,0.021686600521206856
Wrong 0.05242197588086128,0.014723352156579494,0.012200863100588322,0.01690862886607647
Wrong 0.000510438927449286,0.000201007176656276,0.00028748257318511605,0.0011822831584140658
Wrong 0.0004030484415125102,0.0001583662087796256,0.0008726526284590364,0.0009281041566282511
Wrong 0.08315182477235794,0.01715226285159588,0.029754627496004105,0.0479784831404686
Correct 0.26251697540283203,0.0830659419298172,0.03182605281472206,0.08819694817066193
Correct 0.053327690809965134,0.01758631132543087,0.01753539778292179,0.11866705864667892
Wrong 0.09914728254079819,0.018676187843084335,0.032189950346946716,0.02663196250796318
Correct 0.14099889993667603,0.05345635116100311,0.02245398797094822,0.3701407313346863
Wrong 0.16843488812446594,0.06014806404709816,0.04245549067854881,0.04854720085859299
Wrong 0.11850236356258392,0.5918645262718201,0.0355396643280983,0.0386929027736187
Correct 0.08599315583705902,0.49563950300216675,0.05204899236559868,0.06847381591796875
Correct 0.03137888386845589,0.6408488750457764,0.03956269472837448,0.08217106759548187
Wrong 0.06555620580911636,0.03615686669945717,0.04205142334103584,0.05406517535448074
Correct 0.23482750356197357,0.08533213287591934,0.026663199067115784,0.07993994653224945
Wrong 0.3022022843360901,0.13334700465202332,0.1479848474264145,0.18214477598667145
Wrong 0.12217438220977783,0.06641959398984909,0.20949523150920868,0.20679862797260284
Wrong 2.338236299692653e-05,9.159355613519438e-06,1.3967323866381776e-05,8.77974889590405e-06
Wrong 0.09754762053489685,0.01696069911122322,0.012186868116259575,0.02118133008480072
Wrong 0.09665803611278534,0.2202502340078354,0.11700219660997391,0.12392479181289673
Wrong 0.1133609414100647,0.038252849131822586,0.06409201771020889,0.03664800524711609
Wrong 0.11812116205692291,0.060040127485990524,0.026905139908194542,0.03150936961174011
Wrong 0.0006053157849237323,0.000205629738047719,0.0003396830288693309,0.0007642342243343592
Wrong 0.11073115468025208,0.1847960352897644,0.12174618989229202,0.1611599177122116
Wrong 0.09231234341859818,0.02924296073615551,0.07189745455980301,0.03470015153288841
Wrong 0.10142864286899567,0.02651885524392128,0.02030087076127529,0.01762872189283371
Wrong 0.07761839032173157,0.07281020283699036,0.043266866356134415,0.04462086781859398
Wrong 0.08062613755464554,0.020092278718948364,0.022500071674585342,0.03842465206980705
Wrong 9.971146937459707e-05,3.1749987101648e-05,4.9524260248290375e-05,2.9798116884194314e-05
Correct 0.05064750835299492,0.06609070301055908,0.015016421675682068,0.02832476608455181
Wrong 0.04115944728255272,0.1696295589208603,0.45115137100219727,0.12257005274295807
Correct 0.15638747811317444,0.23215945065021515,0.17101268470287323,0.06364014744758606
Correct 0.03775826469063759,0.024097317829728127,0.021612467244267464,0.0716988742351532
Wrong 0.05452248826622963,0.01603209227323532,0.019103962928056717,0.017842741683125496
Correct 0.08335988968610764,0.05345525965094566,0.039931874722242355,0.45290330052375793
Wrong 0.12957772612571716,0.06802713125944138,0.3047691583633423,0.12739628553390503
Correct 0.16262342035770416,0.0871477797627449,0.1652679592370987,0.11603061109781265
Correct 0.2581712007522583,0.08152661472558975,0.09546179324388504,0.05667504295706749
Correct 0.07925286144018173,0.05187571048736572,0.05444633215665817,0.0457165353000164
Wrong 0.07557433843612671,0.009151522070169449,0.011665098369121552,0.007805829867720604
Wrong 0.3280368447303772,0.10054080188274384,0.047366056591272354,0.17052704095840454
Correct 0.0003154106088913977,0.00011004373664036393,0.0007730131619609892,0.0004205683362670243
Wrong 0.42692089080810547,0.08426818996667862,0.03894380107522011,0.13160906732082367
Correct 0.2679169178009033,0.13719108700752258,0.07182949781417847,0.10034395754337311
Wrong 0.07173468917608261,0.013792670331895351,0.026652950793504715,0.02234063297510147
Wrong 0.058256298303604126,0.04565328359603882,0.3788740932941437,0.0447528176009655
Correct 0.2895564138889313,0.06655948609113693,0.17997939884662628,0.0838920846581459
Wrong 0.055328354239463806,0.025043027475476265,0.023186836391687393,0.0201122984290123
Wrong 0.12205362319946289,0.44254347681999207,0.016579411923885345,0.04017020761966705
Wrong 0.11564937233924866,0.02102700062096119,0.02602207474410534,0.022676769644021988
Wrong 0.0005770912976004183,5.925847653998062e-05,0.00011260961764492095,0.0004533578176051378
Wrong 0.07884436100721359,0.09763680398464203,0.30193451046943665,0.0768791064620018
Wrong 0.3487125635147095,0.1987723410129547,0.033829230815172195,0.11753583699464798
Wrong 0.07706726342439651,0.042774640023708344,0.32284125685691833,0.18513891100883484
Wrong 0.05076640844345093,0.01811094395816326,0.09103640168905258,0.05207665637135506
Wrong 0.2303413301706314,0.11725403368473053,0.12043073773384094,0.20441652834415436
Wrong 0.03381672874093056,0.04805319383740425,0.013761535286903381,0.033615224063396454
Correct 0.09354227781295776,0.06305567920207977,0.33534350991249084,0.06335549801588058
Wrong 0.06827312707901001,0.012373793870210648,0.01013887021690607,0.07075602561235428
Wrong 0.000723529898095876,0.0003854731621686369,0.0004267006879672408,0.0008626645430922508
Wrong 0.07814111560583115,0.018788743764162064,0.028815679252147675,0.13681308925151825
Wrong 0.05221755802631378,0.01228888239711523,0.0766497403383255,0.10319674015045166
Wrong 0.04499419778585434,0.013783994130790234,0.011814234778285027,0.04085531830787659
Wrong 0.2898787260055542,0.15193496644496918,0.15356510877609253,0.12337424606084824
Correct 0.18561211228370667,0.015813279896974564,0.010210426524281502,0.012352848425507545
Correct 0.3676460385322571,0.0777537077665329,0.18236571550369263,0.10026252269744873
Wrong 0.04950198158621788,0.012701216153800488,0.07018724083900452,0.026492001488804817
Wrong 0.060916680842638016,0.018354136496782303,0.0347047820687294,0.09514284878969193
Wrong 0.22534573078155518,0.1327812820672989,0.19295312464237213,0.16148753464221954
Wrong 0.1254095435142517,0.10842994600534439,0.11154668778181076,0.07749734073877335
Wrong 0.24182207882404327,0.04752372205257416,0.47146478295326233,0.04630579426884651
Wrong 0.05522678792476654,0.029720833525061607,0.02143872156739235,0.02039490081369877
Correct 0.0012143313651904464,0.00026950641768053174,0.0002952672366518527,0.0006946473149582744
Wrong 0.05279072746634483,0.12382937222719193,0.2666512131690979,0.2774732708930969
Wrong 0.35646072030067444,0.08465258777141571,0.11919191479682922,0.12131053954362869
Wrong 0.08399024605751038,0.016808323562145233,0.01945074275135994,0.06380970031023026
Wrong 0.5743306279182434,0.10639717429876328,0.02212608978152275,0.03349592536687851
Wrong 0.12960349023342133,0.02218988910317421,0.02027135342359543,0.014643052592873573
Wrong 0.5155367255210876,0.07250681519508362,0.03592538461089134,0.05569089949131012
Wrong 0.597412645816803,0.06479287147521973,0.04106888175010681,0.05740965157747269
Correct 0.10130321234464645,0.37913060188293457,0.06719307601451874,0.07695060223340988
Correct 0.06882185488939285,0.04933120310306549,0.02262551337480545,0.02342250756919384
Wrong 0.3000049293041229,0.10494156181812286,0.12663476169109344,0.06330946832895279
Wrong 0.09419328719377518,0.032243240624666214,0.023474417626857758,0.019960099831223488
Correct 0.2795478403568268,0.14267604053020477,0.06758493185043335,0.1270376443862915
Wrong 0.24066829681396484,0.08588504046201706,0.3260367810726166,0.04780774191021919
