grade confidence_levels
Correct 0.005911309737712145,0.0030395942740142345,0.0012961765751242638,0.04646995663642883
Correct 0.0033156494610011578,0.005966685246676207,0.0003872338274959475,0.0017797481268644333
Correct 0.002757926005870104,0.001671452191658318,0.00945925060659647,0.0032053987961262465
Correct 0.001460513100028038,0.025546425953507423,0.0023503524716943502,0.004090336617082357
Correct 0.0022691485937684774,0.0011468215379863977,0.025599734857678413,0.0017171555664390326
Correct 0.007443497888743877,0.00038561015389859676,0.0007375668501481414,0.01772201992571354
Wrong 0.011238330975174904,0.0007253718795254827,0.0009098058217205107,0.005572563502937555
Correct 0.0010899566113948822,0.0025288511533290148,0.0010514998575672507,0.026464689522981644
Correct 0.010964404791593552,0.0012056214036419988,0.009717687964439392,0.0018161333864554763
Correct 0.005032094195485115,0.002263617003336549,0.008811792358756065,0.002169788582250476
Correct 0.008566026575863361,0.00111797743011266,0.0008986235479824245,0.006574556231498718
Correct 0.0027200300246477127,0.00874171033501625,0.0031919304747134447,0.0037466981448233128
Wrong 0.003531099297106266,0.0025380307342857122,0.010987475514411926,0.003268002299591899
Correct 0.0044238329865038395,0.011548791080713272,0.0012228001141920686,0.0008745832019485533
Wrong 0.00789762381464243,0.006704649887979031,0.0016779365250840783,0.0010094738099724054
Wrong 0.002801480470225215,0.005137614440172911,0.0019660391844809055,0.004688325338065624
Correct 0.002674067858606577,0.0009464799077250063,0.0008719962788745761,0.024730565026402473
Correct 0.005019809119403362,0.0003342925920151174,0.00035735577694140375,0.010873431339859962
Correct 0.016101617366075516,0.0007745222537778318,0.0005145063623785973,0.0014561357675120234
Wrong 0.002125854603946209,0.00038585608126595616,0.004312395583838224,0.0004256823449395597
Correct 0.006399387959390879,0.007226666435599327,0.015422466211020947,0.0017236137064173818
Correct 0.001226656953804195,0.0006474778638221323,0.00066623609745875,0.015266249887645245
Correct 0.0029790408443659544,0.026426907628774643,0.001904138596728444,0.0024510780349373817
Correct 0.006555294152349234,0.0017920042155310512,0.008907434530556202,0.003679838730022311
Correct 0.0043424456380307674,0.023012954741716385,0.006328710820525885,0.005027287639677525
Correct 0.012649454176425934,0.0005738649633713067,0.0008390167495235801,0.0013374375412240624
Correct 0.002688850276172161,0.001182276988402009,0.006237988825887442,0.001849891385063529
Correct 0.005021686665713787,0.0018529155058786273,0.0020873593166470528,0.014747495763003826
Correct 0.0020017705392092466,0.0003068958467338234,0.0004745973856188357,0.028272926807403564
Correct 0.003086628159508109,0.003541388548910618,0.001838591881096363,0.01802971214056015
Correct 0.004707226064056158,0.003084935713559389,0.023083502426743507,0.002208517864346504
Wrong 0.00566451158374548,0.0031448714435100555,0.00429461058229208,0.004077274352312088
Correct 0.0006348203169181943,0.0011433576000854373,0.03191806748509407,0.00808163546025753
Correct 0.007219844032078981,0.00540834991261363,0.0009608357795514166,0.0031123324297368526
Wrong 0.005058592651039362,0.004286883864551783,0.00307971122674644,0.0030719011556357145
Correct 0.002558293519541621,0.005856535397469997,0.0007116972701624036,0.0006931475945748389
Correct 0.001664263429120183,0.0061188009567558765,0.0008063678978942335,0.003017944749444723
Correct 0.0027631286066025496,0.011418480426073074,0.0020188679918646812,0.00310347368940711
Wrong 0.0017793601145967841,0.00792999193072319,0.0043178643099963665,0.0016436761943623424
Wrong 0.006232570856809616,0.012146402150392532,0.005148729775100946,0.01059371791779995
Correct 0.002760551869869232,0.015201549045741558,0.0035688732750713825,0.0014129976043477654
Correct 0.005947553087025881,0.002281494438648224,0.001775672659277916,0.006004931405186653
Correct 0.012437072582542896,0.0004376669239718467,0.0012203169753775,0.004071373492479324
Correct 0.0029031846206635237,0.0008614397374913096,0.011080436408519745,0.0016687129391357303
Wrong 0.004442667588591576,0.0008241251925937831,0.0007838334422558546,0.011509408243000507
Correct 0.0046665258705616,0.009270085021853447,0.0012834083754569292,0.001289430190809071
Wrong 0.005051623564213514,0.0057973419316112995,0.0034614780452102423,0.012167495675384998
Correct 0.012142058461904526,0.0018180818296968937,0.005539435427635908,0.002356697106733918
Wrong 0.010944914072751999,0.002114891307428479,0.002078293589875102,0.002993537811562419
Correct 0.004984099417924881,0.0023359167389571667,0.003996148705482483,0.00952309463173151
Correct 0.01829305849969387,0.0016541618388146162,0.001074722153134644,0.0010222827550023794
Correct 0.0038811045233160257,0.008786797523498535,0.001190832699649036,0.0042963833548128605
Correct 0.0023311444092541933,0.015623293817043304,0.0008655850542709231,0.0007309598731808364
Correct 0.0032117264345288277,0.015885435044765472,0.0012329616583883762,0.0008835496264509857
Correct 0.036192379891872406,0.00250605633482337,0.0008355532772839069,0.0029751360416412354
Correct 0.002842320827767253,0.0010727797634899616,0.011723116971552372,0.0015850457129999995
Wrong 0.004124875646084547,0.0017893152544274926,0.0033640137407928705,0.0013532927259802818
Correct 0.0035775075666606426,0.02745516411960125,0.0013709021732211113,0.001459804130718112
Correct 0.014113557524979115,0.0008370369323529303,0.0009844654705375433,0.0013162960531190038
Correct 0.002333996118977666,0.0005942051648162305,0.0007632229826413095,0.008395195938646793
Correct 0.0020626101177185774,0.0006810702034272254,0.008868667297065258,0.0023017895873636007
Wrong 0.006933456286787987,0.018444932997226715,0.004687026143074036,0.0038004827219992876
Wrong 0.004942967090755701,0.002424122067168355,0.006073174998164177,0.013740954920649529
Wrong 0.002547756303101778,0.0010405398206785321,0.009298047982156277,0.0027274847961962223
Wrong 0.004684831481426954,0.0008789817802608013,0.0007571341120637953,0.03510194271802902
Correct 0.0020851774606853724,0.000471894396468997,0.007262084167450666,0.0005356721812859178
Correct 0.005229571368545294,0.0024914685636758804,0.004091826267540455,0.005881603341549635
Wrong 0.007043592631816864,0.0028025968931615353,0.002282069530338049,0.003720135660842061
Correct 0.0013768579810857773,0.01672724261879921,0.0009405775927007198,0.0010355963604524732
Correct 0.0038189361803233624,0.039571717381477356,0.001715462771244347,0.001453554374165833
Correct 0.014110204763710499,0.0012260241201147437,0.0010925120441243052,0.0024756246712058783
Correct 0.0020847017876803875,0.003735890844836831,0.0009997206507250667,0.006942152976989746
Correct 0.026036037132143974,0.002664887811988592,0.0022963332012295723,0.005377518013119698
Correct 0.009067010134458542,0.0012711789458990097,0.0046531204134225845,0.009799440391361713
Wrong 0.007123657967895269,0.00297205219976604,0.0025086074601858854,0.0016023218631744385
Correct 0.0012326417490839958,0.0008596899569965899,0.015503792092204094,0.0008096813689917326
Correct 0.023277411237359047,0.0014459461672231555,0.0014276949223130941,0.0011645527556538582
Wrong 0.003241143422201276,0.0007678928668610752,0.0009568372624926269,0.016196927055716515
Correct 0.005037258844822645,0.0011497996747493744,0.006932516116648912,0.0011719134636223316
Correct 0.0025532746221870184,0.02063102088868618,0.0012678263010457158,0.001886281301267445
Wrong 0.008679993450641632,0.00302639021538198,0.004312423057854176,0.003562943311408162
Correct 0.0039002716075628996,0.003487939713522792,0.003604856552556157,0.02832258865237236
Correct 0.0240032859146595,0.000980275683104992,0.0012709037400782108,0.002172366715967655
Correct 0.002704854356124997,0.005930253770202398,0.007236118894070387,0.0034069293178617954
Wrong 0.005275210365653038,0.0028193420730531216,0.004157440271228552,0.004881639499217272
Wrong 0.005153973586857319,0.0010566100245341659,0.0013654829235747457,0.016630008816719055
Correct 0.02361449785530567,0.0008677481091581285,0.0008194417459890246,0.0016369444783776999
Correct 0.03273071348667145,0.0007633829372934997,0.000722982978913933,0.0014540184056386352
Correct 0.013291723094880581,0.0011185985058546066,0.001868411898612976,0.0018451455980539322
Correct 0.009062176570296288,0.0005071530467830598,0.0005187655333429575,0.0008194955880753696
Correct 0.02358044870197773,0.0017520253313705325,0.001817776239477098,0.0017025709385052323
Correct 0.0029124836437404156,0.0006880116998218,0.0003726574359461665,0.01689465530216694
Correct 0.0014970554038882256,0.042776696383953094,0.0011205970076844096,0.0032137001398950815
Correct 0.004537587519735098,0.01074749231338501,0.0031849974766373634,0.004297999665141106
Correct 0.021594474092125893,0.001475679106079042,0.0007113648462109268,0.0008253547130152583
Correct 0.01158067025244236,0.0008002720423974097,0.0013160754460841417,0.0007810351671651006
Correct 0.0020387298427522182,0.004856450483202934,0.004097227472811937,0.005901552736759186
Correct 0.013871317729353905,0.0015470150392502546,0.0025407830253243446,0.0027535383123904467
Correct 0.0034985202364623547,0.006182091310620308,0.0009462353773415089,0.0008615356055088341
Wrong 0.01115491148084402,0.0014420469524338841,0.0018270190339535475,0.008410646580159664
Correct 0.0032657168339937925,0.0008532471256330609,0.0007828575326129794,0.023194465786218643
Wrong 0.007307329215109348,0.001128269941546023,0.005121135618537664,0.0017340963240712881
Wrong 0.004844064358621836,0.0008347848779521883,0.0012134036514908075,0.0037466681096702814
Correct 0.0019714564550668,0.0033153099939227104,0.00260364287532866,0.0051497966051101685
Wrong 0.01837228238582611,0.003974463324993849,0.010109635069966316,0.004269993398338556
Wrong 0.0033247594255954027,0.0009562579798512161,0.0007942226948216558,0.016606727614998817
Correct 0.0204117801040411,0.001716464408673346,0.003797508543357253,0.0024968083016574383
Wrong 0.006317482329905033,0.00595292542129755,0.0039026723243296146,0.01162089966237545
Correct 0.007550382521003485,0.00420683529227972,0.008778042159974575,0.0029403462540358305
Correct 0.003420311026275158,0.020272811874747276,0.0012547109508886933,0.00107547827064991
Correct 0.003439039457589388,0.00115275161806494,0.0014791274443268776,0.009726198390126228
Correct 0.0021557637955993414,0.02072104997932911,0.0014254413545131683,0.0008416168857365847
Correct 0.02058509923517704,0.001036747358739376,0.0008225672063417733,0.0015682405792176723
Correct 0.015378544107079506,0.0033906179014593363,0.00345952482894063,0.026144569739699364
Correct 0.02116985060274601,0.0017030182061716914,0.0020436968188732862,0.002135896822437644
Correct 0.004394666291773319,0.024671046063303947,0.0014501474797725677,0.00518190348520875
Correct 0.003959088586270809,0.0018925938056781888,0.0019848912488669157,0.014355698600411415
Correct 0.002505199983716011,0.001646160613745451,0.003441935870796442,0.015059497207403183
Correct 0.002721652388572693,0.03511998429894447,0.0010336017003282905,0.0010852187406271696
Correct 0.005123724229633808,0.002657312201336026,0.009742578491568565,0.0015781930414959788
Correct 0.0026556276716291904,0.0011108710896223783,0.006804674863815308,0.0017310091061517596
Correct 0.01977805607020855,0.0019520753994584084,0.0016089027049019933,0.0025032274425029755
Correct 0.004812043160200119,0.0011106276651844382,0.0012561925686895847,0.008920996449887753
Correct 0.0017375679453834891,0.0012827201280742884,0.011720463633537292,0.001112649915739894
Wrong 0.004067454487085342,0.000969932007137686,0.0021814575884491205,0.0009304634295403957
Correct 0.004755686037242413,0.0010149627923965454,0.006630034651607275,0.002337933983653784
Correct 0.002722162986174226,0.03076028823852539,0.0013127544661983848,0.0018627515528351068
Correct 0.024654822424054146,0.002110513160005212,0.0016858072485774755,0.0010902275098487735
Correct 0.001989032607525587,0.0010767518542706966,0.0012707883724942803,0.02998146414756775
Correct 0.0031532857101410627,0.002093639224767685,0.0017507452284917235,0.010570758022367954
Correct 0.0029027727432549,0.015268157236278057,0.0014559755800291896,0.0016968343406915665
Wrong 0.0010386196663603187,0.01603752188384533,0.0006469386862590909,0.001572909764945507
Correct 0.015050249174237251,0.0012879749992862344,0.0008578159613534808,0.0009438261622563004
Correct 0.011239128187298775,0.0017388251144438982,0.001788612687960267,0.00200314330868423
Wrong 0.005347000900655985,0.003211993956938386,0.004054389428347349,0.015092157758772373
Correct 0.0018310202285647392,0.0013261508429422975,0.0010007581440731883,0.03726402297616005
Wrong 0.022304492071270943,0.0004543435061350465,0.0007710870122537017,0.0009160037152469158
Correct 0.006379403173923492,0.004382447339594364,0.014219948090612888,0.0017599182901903987
Correct 0.0027520933654159307,0.007772768847644329,0.0007511297008022666,0.0007091246661730111
Wrong 0.0030324161052703857,0.0009634314919821918,0.0015209249686449766,0.0025157639756798744
Correct 0.0021671955473721027,0.006869328673928976,0.001621142029762268,0.0019147058483213186
Correct 0.0015400343108922243,0.000957156007643789,0.01149042323231697,0.0020224389154464006
Correct 0.02119079977273941,0.0014412874588742852,0.0015203104121610522,0.0030535885598510504
Wrong 0.0024420081172138453,0.024914685636758804,0.0010561648523434997,0.0012418956030160189
Correct 0.041451841592788696,0.0014017760986462235,0.001971356337890029,0.0028080232441425323
Wrong 0.0019618419464677572,0.01114568766206503,0.010886121541261673,0.0008330575074069202
Correct 0.025869516655802727,0.0009235978359356523,0.0007104852120392025,0.000878014718182385
Correct 0.007175514008849859,0.003057330846786499,0.002324696397408843,0.009366231970489025
Correct 0.0023637355770915747,0.018240729346871376,0.0012887310003861785,0.0013208029558882117
Wrong 0.002878704108297825,0.003230731701478362,0.01491659414023161,0.0035837979521602392
Correct 0.005651446990668774,0.005229347851127386,0.017453111708164215,0.002572924830019474
Correct 0.002558582229539752,0.0014826197875663638,0.010314833372831345,0.0020756523590534925
Correct 0.0021295505575835705,0.02851877361536026,0.0019156754715368152,0.006870366167277098
Wrong 0.02221807837486267,0.01441945694386959,0.0023214993998408318,0.0021720253862440586
Correct 0.07010889053344727,0.001590883475728333,0.0024337288923561573,0.0032099185045808554
Correct 0.01186229195445776,0.00867485348135233,0.0007624718127772212,0.0008959685801528394
Correct 0.004450419917702675,0.04130931943655014,0.002975965617224574,0.0026043616235256195
Correct 0.0033465935848653316,0.0011248104274272919,0.020237348973751068,0.0018087042262777686
Correct 0.004750717431306839,0.0009767793817445636,0.0016527373809367418,0.004756298381835222
Correct 0.004027528688311577,0.0017829661956056952,0.0033316577319055796,0.00907211098819971
Correct 0.02316962741315365,0.0008854670450091362,0.0009349589236080647,0.0006727324798703194
Correct 0.006305751856416464,0.002412764821201563,0.002485368400812149,0.0019291250500828028
Correct 0.0052993460558354855,0.0020448267459869385,0.0037431467790156603,0.007240651175379753
Wrong 0.006094604730606079,0.005844388622790575,0.0038632943760603666,0.004899225663393736
Wrong 0.010031729005277157,0.00197330629453063,0.0019747731275856495,0.009881901554763317
Correct 0.001342464704066515,0.0005761274369433522,0.0007229302427731454,0.022467264905571938
Correct 0.00646524503827095,0.008179291151463985,0.0016553369350731373,0.0015893459785729647
Correct 0.003112256294116378,0.020210567861795425,0.0011086097219958901,0.001618106267414987
Correct 0.023135652765631676,0.001690455130301416,0.0014289807295426726,0.0025607957504689693
Correct 0.0023842903319746256,0.02736351080238819,0.0005885664722882211,0.0006703644176013768
Wrong 0.02535787597298622,0.00147602753713727,0.0017662125173956156,0.001961175352334976
Correct 0.0027676415629684925,0.0005880011012777686,0.017536628991365433,0.0026185016613453627
Correct 0.010164625011384487,0.0008065187139436603,0.000819559209048748,0.0009342475095763803
Correct 0.006585975643247366,0.009472666308283806,0.0029376496095210314,0.004058119375258684
Wrong 0.011289560236036777,0.0011516715167090297,0.0005855123745277524,0.0015185349620878696
Correct 0.0032261896412819624,0.0021153874695301056,0.008076217025518417,0.0021030434872955084
Correct 0.008793600834906101,0.002258870517835021,0.002256253268569708,0.0027947137132287025
Wrong 0.002167527563869953,0.006608056370168924,0.0005555281531997025,0.000994544941931963
Correct 0.005939623340964317,0.007846998050808907,0.001850122818723321,0.00151699164416641
Correct 0.011371040716767311,0.001468321424908936,0.0008438072400167584,0.0017460135277360678
Correct 0.0023602191358804703,0.006055873818695545,0.001124300411902368,0.0021321175154298544
Wrong 0.004921610467135906,0.017402341589331627,0.0012902459129691124,0.0027469811029732227
Correct 0.020045094192028046,0.000771067978348583,0.0009627590188756585,0.001541138393804431
Correct 0.005735995713621378,0.014911633916199207,0.0017981684068217874,0.0021262257359921932
Correct 0.022749291732907295,0.0009185755043290555,0.0010969344293698668,0.003287065774202347
Wrong 0.015841105952858925,0.0008489427273161709,0.000745305442251265,0.0019877348095178604
Wrong 0.006888644304126501,0.003410983830690384,0.0010029757395386696,0.0015179957263171673
Wrong 0.001863812911324203,0.016658857464790344,0.0018094093538820744,0.002212252002209425
Correct 0.002330330666154623,0.006266975775361061,0.0011483774287626147,0.012682246044278145
Correct 0.006179015152156353,0.005494434852153063,0.006441748235374689,0.013256062753498554
Wrong 0.0047555407509207726,0.0017626147018745542,0.001919353730045259,0.0147593067958951
Correct 0.0035982122644782066,0.001953928265720606,0.0016493642469868064,0.01925240270793438
Correct 0.004101138096302748,0.02524443157017231,0.0012533062836155295,0.0011993933003395796
Wrong 0.01174912415444851,0.002161456970497966,0.0026012153830379248,0.004505319986492395
Correct 0.008836828172206879,0.0014508332824334502,0.0015549161471426487,0.001472191303037107
Correct 0.001779067562893033,0.0011122525902464986,0.014227589592337608,0.002585676033049822
Correct 0.006884254049509764,0.0016171525930985808,0.003574921051040292,0.0020262610632926226
Correct 0.005106863100081682,0.009158398024737835,0.0021634679287672043,0.0014012940227985382
Correct 0.013395204208791256,0.001835616771131754,0.0015697432681918144,0.0009033803944475949
Wrong 0.012717073783278465,0.0017200205475091934,0.0029679143335670233,0.00494945514947176
Correct 0.018113920465111732,0.0027063421439379454,0.0020526840817183256,0.002713453723117709
Correct 0.0051984176971018314,0.007628869265317917,0.0009508930379524827,0.0008204655023291707
Correct 0.02287805639207363,0.001498870668001473,0.0009488241630606353,0.0013782430905848742
Correct 0.006808493286371231,0.002921072766184807,0.003182073589414358,0.003506928449496627
Correct 0.0016740587307140231,0.01698671095073223,0.0006026336341165006,0.001742851221933961
Wrong 0.009536421857774258,0.001536289812065661,0.0014398156199604273,0.0066135721281170845
Correct 0.025160862132906914,0.0015862302388995886,0.0013053930597379804,0.0024377303197979927
Correct 0.00608297623693943,0.0023240570444613695,0.011935378424823284,0.003958967048674822
Correct 0.008870391175150871,0.003415866754949093,0.006466535851359367,0.01270388811826706
Wrong 0.004541974514722824,0.0035396520979702473,0.0025858653243631124,0.0010403754422441125
Correct 0.0023655726108700037,0.009388679638504982,0.0005754285957664251,0.0007763162720948458
Correct 0.011108971200883389,0.0007148210424929857,0.0007475526072084904,0.001122585847042501
Correct 0.003612614469602704,0.028963923454284668,0.0017957380041480064,0.0011608643690124154
Wrong 0.007758826948702335,0.002804417861625552,0.0032962036784738302,0.005382007919251919
Correct 0.0029756303410977125,0.005901477299630642,0.0022892022971063852,0.0016586279962211847
Wrong 0.008741817437112331,0.005075751803815365,0.00105944718234241,0.0005418043001554906
Correct 0.009554600343108177,0.002196621848270297,0.02449735440313816,0.0033064917661249638
Correct 0.0017061711987480521,0.0005901012336835265,0.013683946803212166,0.0012502067256718874
Correct 0.0040857489220798016,0.000929149566218257,0.0008951891213655472,0.004706414416432381
Wrong 0.0022038521710783243,0.011229341849684715,0.0015587375964969397,0.0013809205265715718
Wrong 0.007080355659127235,0.001571343862451613,0.003578085685148835,0.0019087155815213919
Correct 0.0028514692094177008,0.0010109709110110998,0.009321670047938824,0.001720900647342205
Correct 0.004980981815606356,0.00947669055312872,0.0034600102808326483,0.0025475036818534136
Correct 0.0011703934287652373,0.0006362454732879996,0.0009458729764446616,0.01687353104352951
Correct 0.005726098548620939,0.0021850434131920338,0.0026747698429971933,0.008800067938864231
Wrong 0.009558686055243015,0.001246029045432806,0.000803366769105196,0.019167475402355194
Correct 0.013223545625805855,0.0017587541369721293,0.0039320276118814945,0.0015040358994156122
Wrong 0.007394574116915464,0.010063369758427143,0.0022087921388447285,0.0016069074627012014
Correct 0.003977764863520861,0.002688382286578417,0.008178087882697582,0.004950701724737883
Correct 0.003641311777755618,0.010933932848274708,0.0006714445189572871,0.0007727111224085093
Correct 0.00821229163557291,0.002776201581582427,0.009794068522751331,0.0034587697591632605
Correct 0.004794585518538952,0.00037793227238580585,0.00038702780148014426,0.010223332792520523
Correct 0.00319568975828588,0.0017621155129745603,0.006734019611030817,0.001660417765378952
Wrong 0.0034831990487873554,0.0017903409898281097,0.001863032695837319,0.02079925872385502
Wrong 0.006777332164347172,0.0019397455034777522,0.004066414199769497,0.0032037156634032726
Correct 0.008909875527024269,0.0015126662328839302,0.0038469373248517513,0.002152584958821535
Correct 0.006374364718794823,0.0018756694626063108,0.0009663081727921963,0.0016278171679005027
Correct 0.009369812905788422,0.011270711198449135,0.0037413816899061203,0.0022301755379885435
Correct 0.0028257756493985653,0.03166666999459267,0.0015146908117458224,0.0032805087976157665
Correct 0.0037522437050938606,0.001843586447648704,0.017850611358880997,0.003413934027776122
Wrong 0.0010081513319164515,0.0009932768298313022,0.015310866758227348,0.0019255253719165921
Wrong 0.006187288090586662,0.0012976685538887978,0.0018258087802678347,0.005417116452008486
Wrong 0.0031853734981268644,0.002239325549453497,0.006110017653554678,0.0036668151151388884
Wrong 0.002738399663940072,0.008351817727088928,0.0010616747895255685,0.0014703379711136222
Correct 0.01879671961069107,0.002404645550996065,0.003518402809277177,0.0024728153366595507
Correct 0.00481802225112915,0.0140314269810915,0.0010788518702611327,0.0011938875541090965
Wrong 0.004295381251722574,0.0012083029141649604,0.0018978528678417206,0.01951306127011776
Wrong 0.012891328893601894,0.0008349725976586342,0.0013876319862902164,0.02077639102935791
Correct 0.006853139027953148,0.001359813380986452,0.008561539463698864,0.0009015073883347213
Wrong 0.014078741893172264,0.003463584464043379,0.0024070062208920717,0.002248660195618868,0.042488399893045425
Wrong 0.0031663982663303614,0.0022419842425733805,0.007613621652126312,0.002971852431073785
Correct 0.0009441685979254544,0.0005531751667149365,0.012715104036033154,0.0013025675434619188
Correct 0.016507746651768684,0.0020396336913108826,0.0018720498774200678,0.0024067950434982777
Wrong 0.007214568089693785,0.004950599744915962,0.0012646653922274709,0.0009874795796349645
Wrong 0.0037629366852343082,0.00509478896856308,0.0061360509134829044,0.002336481586098671
Correct 0.003333431202918291,0.0010671335039660335,0.0068185110576450825,0.0013819668674841523
Wrong 0.003198669059202075,0.0012859321432188153,0.01919160597026348,0.0023408150300383568
Wrong 0.007879250682890415,0.017818644642829895,0.0023204174358397722,0.0024470468051731586
Wrong 0.01057758741080761,0.0007582745747640729,0.0012259702198207378,0.0020226717460900545
Correct 0.004593328107148409,0.0018748538568615913,0.0019862367771565914,0.014809596352279186
Wrong 0.004390464164316654,0.002533076796680689,0.0010274765081703663,0.019827311858534813
Correct 0.0077661313116550446,0.024571062996983528,0.004503450822085142
Wrong 0.008323915302753448,0.0013396083377301693,0.001223745639435947,0.003557473188266158
Correct 0.0038071926683187485,0.010367773473262787,0.0024633053690195084,0.0035474589094519615
Correct 0.0038511937018483877,0.0010072352597489953,0.0011076879454776645,0.008022085763514042
Correct 0.0018565255450084805,0.001001583063043654,0.0007436457090079784,0.02104390785098076
Wrong 0.002836525207385421,0.0009341695113107562,0.014577516354620457,0.0009979718597605824
Correct 0.003430895274505019,0.0018339952221140265,0.0019332434749230742,0.0029609205666929483
Correct 0.005476345773786306,0.006194057408720255,0.002996626077219844,0.0027611826080828905
Correct 0.0144683001562953,0.0022336947731673717,0.0019088287372142076,0.0022239359095692635
Correct 0.0023330829571932554,0.016121260821819305,0.001372137456201017,0.0015072395326569676
Correct 0.008547842502593994,0.0028631817549467087,0.0030522323213517666,0.020970983430743217
Correct 0.006069833412766457,0.001801003236323595,0.0009306108113378286,0.009555784054100513
Wrong 0.007075731176882982,0.005553015042096376,0.0017407964915037155,0.0020649342332035303
Correct 0.006412488408386707,0.0025100144557654858,0.0024693256709724665,0.008985047228634357
Wrong 0.002958472818136215,0.0013574822805821896,0.01230306550860405,0.002218651119619608
Wrong 0.017198052257299423,0.00463465042412281,0.0027821280527859926,0.006282185669988394
Correct 0.0046165683306753635,0.0018217334290966392,0.002130234381183982,0.009318768978118896
Wrong 0.003930925391614437,0.0011529246112331748,0.014306136406958103,0.001846284605562687
Correct 0.0038538770750164986,0.001158839208073914,0.0041555422358214855,0.003881132695823908
Correct 0.008206258527934551,0.014018701389431953,0.0030353812035173178,0.002414702670648694
Correct 0.0031370550859719515,0.0011772590223699808,0.005336845759302378,0.0008877889486029744
Correct 0.0038958555087447166,0.003327887272462249,0.0038994131609797478,0.01025462243705988
Correct 0.0019001755863428116,0.0007043672376312315,0.008691497147083282,0.0015534879639744759
Correct 0.003122876863926649,0.000674850249197334,0.007587373722344637,0.0027803077828139067
Wrong 0.016866890713572502,0.0030648265965282917,0.005813771393150091,0.009247067384421825
Correct 0.0037768154870718718,0.0024340206291526556,0.011916721239686012,0.0032535872887820005
Correct 0.0026058340445160866,0.0017053191550076008,0.013357145711779594,0.00273131369613111
Correct 0.0013220241526141763,0.0005575725808739662,0.0009142807684838772,0.016831856220960617
Correct 0.004612782504409552,0.001377223408780992,0.0014513519126921892,0.006610496435314417
Wrong 0.00487673981115222,0.002485253382474184,0.001822944264858961,0.013674181886017323
Wrong 0.008328340947628021,0.0005577176343649626,0.0010543636744841933,0.00290412874892354
Correct 0.01512683555483818,0.002640672493726015,0.001070226775482297,0.0016782734310254455
Correct 0.0049169291742146015,0.0025644483976066113,0.003156744409352541,0.006576551590114832
Correct 0.005081235431134701,0.025842824950814247,0.0030691709835082293,0.0070510320365428925
Correct 0.0029881412629038095,0.006198307033628225,0.000680036551784724,0.0008554778178222477
Wrong 0.006196044385433197,0.005587185733020306,0.001230865716934204,0.001487610163167119
Wrong 0.006507986690849066,0.0021787139121443033,0.006990937981754541,0.0018659884808585048
Correct 0.01921478472650051,0.002327311085537076,0.0026730576064437628,0.002603356959298253
Wrong 0.003773380070924759,0.0004276624822523445,0.0009752418845891953,0.008836130611598492
Correct 0.002284754067659378,0.008459892123937607,0.0008293536957353354,0.0017805758398026228
Correct 0.013854224234819412,0.003567126812413335,0.005514529068022966,0.003927279729396105
Wrong 0.004279751796275377,0.03481161966919899,0.0031150602735579014,0.005162333138287067
Correct 0.03236299753189087,0.001972000580281019,0.00234395288862288,0.004153766203671694
Correct 0.004226323217153549,0.0021837649401277304,0.008593272417783737,0.0017644064500927925
Correct 0.010072359815239906,0.0019445770885795355,0.0018951254896819592,0.001538982498459518
Wrong 0.01996590755879879,0.004059576895087957,0.013866918161511421,0.002246692543849349
Wrong 0.008180713281035423,0.005986358504742384,0.0039853304624557495,0.00728991674259305
Correct 0.020230688154697418,0.0013663626741617918,0.0021949857473373413,0.00177047960460186
Wrong 0.008113810792565346,0.001848796964623034,0.0034263967536389828,0.002088445471599698
Correct 0.003744490910321474,0.009699065238237381,0.0016389230731874704,0.0013385696802288294
Correct 0.005980655550956726,0.007653744425624609,0.0020156835671514273,0.0015295966295525432
Wrong 0.0017148882616311312,0.001000496675260365,0.0009322277037426829,0.003953003790229559
Correct 0.007146967109292746,0.0011218147119507194,0.001415227772668004,0.0024344734847545624
Correct 0.0035551139153540134,0.0018700392683967948,0.0020062399562448263,0.004673924297094345
Wrong 0.0009732305770739913,0.012167784385383129,0.000881776271853596,0.002481624949723482
Correct 0.002618234371766448,0.001060960697941482,0.014363978989422321,0.002790088765323162
Correct 0.004383896477520466,0.010787317529320717,0.004257068503648043,0.005084789823740721
Wrong 0.027167778462171555,0.0017183565068989992,0.002299303188920021,0.0020673435647040606
Correct 0.0026895664632320404,0.01932719722390175,0.001148401526734233,0.0006799460388720036
Correct 0.004394500982016325,0.0015531188109889627,0.002006649738177657,0.004357644822448492
Correct 0.004856036510318518,0.002250902121886611,0.002250360557809472,0.0050918301567435265
Correct 0.0037504304200410843,0.0073268115520477295,0.0011833762982860208,0.001022461336106062
Wrong 0.004653630778193474,0.014149617403745651,0.0024792831391096115,0.005750145297497511
Correct 0.00623496575281024,0.0023117538075894117,0.007917495444417,0.002142021432518959
Correct 0.0029846634715795517,0.0015468273777514696,0.01176068838685751,0.004241019021719694
Wrong 0.004373490810394287,0.00696845818310976,0.0021954162511974573,0.004211619030684233
Correct 0.003192134201526642,0.001131644006818533,0.010668928734958172,0.0007736822008155286
Correct 0.0030569066293537617,0.0184915903955698,0.0006745762657374144,0.0007363692275248468
Correct 0.010378655046224594,0.0026932419277727604,0.021360058337450027,0.003026106394827366
Wrong 0.005698339082300663,0.00551307387650013,0.002196755027398467,0.0026346296072006226
Correct 0.007620887365192175,0.005514673423022032,0.0013880805345252156,0.0009874234674498439
Correct 0.004034095443785191,0.0012936019338667393,0.004721927922219038,0.0019222183618694544
Wrong 0.003457937855273485,0.00285596982575953,0.001919116941280663,0.004473678767681122
Wrong 0.0033592074178159237,0.020163441076874733,0.00184244301635772,0.002831996651366353
Correct 0.002279314212501049,0.0006890652584843338,0.0005698749446310103,0.02228059433400631
Correct 0.0019348958740010858,0.0014941026456654072,0.00377801526337862,0.01519036665558815
Correct 0.010193820111453533,0.0026325625367462635,0.002378293313086033,0.002425301121547818
Wrong 0.01738625019788742,0.0015103028854355216,0.0016683991998434067,0.0017248457297682762
Wrong 0.0020344448275864124,0.01618988998234272,0.0023717747535556555,0.002325895242393017
Wrong 0.006744614336639643,0.007688285782933235,0.0010363879846408963,0.0006312031764537096
Wrong 0.005792578216642141,0.003069316502660513,0.002995503833517432,0.00823727622628212
Correct 0.004500843584537506,0.0009781613480299711,0.0011400313815101981,0.011493834666907787
Correct 0.004147812258452177,0.01080373115837574,0.0020678022410720587,0.0016525315586477518
Wrong 0.004777670372277498,0.0028455201536417007,0.0016475511947646737,0.006180358584970236
Correct 0.005907033104449511,0.004854255355894566,0.008197561837732792,0.004716497380286455
Wrong 0.0021295668557286263,0.0013947272673249245,0.0011493206257000566,0.023032303899526596
Wrong 0.012820940464735031,0.0007666785386390984,0.001074305851943791,0.0011672450928017497
Wrong 0.0018918527057394385,0.0006463615573011339,0.007335820235311985,0.0009925103513523936
Wrong 0.0014170244103297591,0.001021668198518455,0.005364209413528442,0.013510859571397305
Wrong 0.006928898859769106,0.0026740028988569975,0.01239863969385624,0.0014359222259372473
Correct 0.009064811281859875,0.0016279624542221427,0.0029742324259132147,0.0015812901547178626
Correct 0.01244704145938158,0.0005535728414542973,0.0008536106906831264,0.0013331902446225286
Correct 0.02083362452685833,0.0019921320490539074,0.0014481350081041455,0.0022894288413226604
Correct 0.01576884835958481,0.0029786229133605957,0.0031867478974163532,0.0022072100546211004
Wrong 0.006028799340128899,0.002952667884528637,0.002604177687317133,0.004243116360157728
Wrong 0.004574087914079428,0.0018313879845663905,0.0008651193929836154,0.009311285801231861,0.008649885654449463
Wrong 0.01658792421221733,0.0027090776711702347,0.0030841694679111242,0.0020339330658316612
Wrong 0.010406693443655968,0.006224335636943579,0.0019273548386991024,0.0018568519735708833
Wrong 0.006022516638040543,0.020270375534892082,0.00304673844948411,0.002100649755448103
Correct 0.009745034389197826,0.018282899633049965,0.0035926452837884426,0.0037667909637093544
Correct 0.004349810536950827,0.0013655103975906968,0.0025291582569479942,0.012773295864462852
Correct 0.008460244163870811,0.014010753482580185,0.004345157649368048,0.003882566001266241
Correct 0.008805562742054462,0.000817293708678335,0.0008651710813865066,0.0004287237243261188
Wrong 0.0037202334497123957,0.0020278533920645714,0.005694087129086256,0.0021075927652418613
Correct 0.0035577041562646627,0.00144124124199152,0.02005542442202568,0.0014307169476523995
Wrong 0.034646209329366684,0.0037138834595680237,0.0051381452940404415,0.010741396807134151
Wrong 0.0013383476762101054,0.0007952403393574059,0.017914600670337677,0.0021751862950623035
Correct 0.0037402654998004436,0.0016858853632584214,0.014937355183064938,0.0035683144815266132
Correct 0.002462841337546706,0.002785978838801384,0.001154603436589241,0.001028177561238408
Correct 0.011986088007688522,0.001864178804680705,0.0017510654870420694,0.0020234850235283375
Wrong 0.0026942843105643988,0.0018527173670008779,0.005955761764198542,0.002493386622518301
Correct 0.01416326966136694,0.019126195460557938,0.003512340597808361,0.0021760130766779184
Correct 0.0074040829204022884,0.00681430334225297,0.0041932472959160805,0.0033672680146992207
Wrong 0.030832527205348015,0.0014848345890641212,0.001383201451972127,0.0018452770309522748
Correct 0.007102189119905233,0.003476999932900071,0.010281303897500038,0.003861759090796113
Wrong 0.006418140605092049,0.0017201383598148823,0.007604866288602352,0.0012110659154132009
Correct 0.0033626952208578587,0.0016377303982153535,0.008617961779236794,0.0024617977906018496
Wrong 0.011535490863025188,0.0008149248897098005,0.0015138633316382766,0.001916365115903318
Correct 0.0020467424765229225,0.006043643224984407,0.0010157378856092691,0.002933842595666647
Wrong 0.012469406239688396,0.001539341639727354,0.0015396521193906665,0.009785272181034088
Wrong 0.0024403505958616734,0.0016152181196957827,0.016599129885435104,0.001930386759340763
Wrong 0.0028443485498428345,0.025019856169819832,0.0007953419699333608,0.0016225494910031557
Correct 0.00518367113545537,0.0005558478296734393,0.0032958376687020063,0.0010332256788387895
Correct 0.007105032913386822,0.02094261348247528,0.004743126221001148,0.004315470345318317
Correct 0.015534667298197746,0.0014697008300572634,0.0008778739720582962,0.0015671475557610393
Correct 0.00492061348631978,0.0015132210683077574,0.002047208370640874,0.01587681658565998
Wrong 0.0040421742014586926,0.0015925755724310875,0.007112921681255102,0.0020191494841128588
Wrong 0.0030012261122465134,0.003492798889055848,0.004014565143734217,0.002353736897930503
Wrong 0.014858835376799107,0.002787905978038907,0.0027196924202144146,0.005558002274483442
Wrong 0.017069416120648384,0.002575986087322235,0.002289985306560993,0.0032365000806748867
Wrong 0.012370538897812366,0.0015160319162532687,0.0014328123070299625,0.0032310886308550835
Wrong 0.0024930774234235287,0.0018244028324261308,0.0034542460925877094,0.021975839510560036
Wrong 0.004657491110265255,0.0008953799842856824,0.0009313375921919942,0.012247919104993343
Correct 0.006289580371230841,0.024725735187530518,0.003513373201712966,0.0052994368597865105
Wrong 0.004219122231006622,0.011413749307394028,0.0028027761727571487,0.011647701263427734
Correct 0.008015058003365993,0.010851708240807056,0.0017339615151286125,0.0024144903291016817
Correct 0.003170295851305127,0.00893569178879261,0.0010040561901405454,0.0013348667416721582
Wrong 0.005535482428967953,0.0026715057902038097,0.002612421754747629,0.008709747344255447
Correct 0.0010261086281388998,0.0005697180749848485,0.01411892008036375,0.0004904842935502529
Wrong 0.002902440959587693,0.0015707275597378612,0.01180151104927063,0.0009110371465794742
Wrong 0.008392712101340294,0.007274190429598093,0.0033999935258179903,0.0029967238660901785
Correct 0.005097912158817053,0.0015213183360174298,0.0021582264453172684,0.00605964008718729
Correct 0.010243995115160942,0.0022837629076093435,0.0024724307004362345,0.036565616726875305
Wrong 0.006185970734804869,0.0028447257354855537,0.00264908280223608,0.008129182271659374
Wrong 0.003561822697520256,0.0030591876711696386,0.002721671713516116,0.0030725449323654175
Wrong 0.006858978886157274,0.004498668480664492,0.0036347254645079374,0.00310136703774333
Wrong 0.0053996373899281025,0.0007248356705531478,0.005230007693171501,0.0006092527182772756
Wrong 0.005278381053358316,0.0023820518981665373,0.0014663379406556487,0.004014735110104084
Correct 0.0030477961990982294,0.020091816782951355,0.0015285024419426918,0.002802225761115551
Wrong 0.0047576515935361385,0.0016959375934675336,0.002042809035629034,0.004233249928802252
Correct 0.005408438853919506,0.008869310840964317,0.0014052470214664936,0.004343574400991201
Wrong 0.007844914682209492,0.0016551273874938488,0.0021220119670033455,0.0029330626130104065
Correct 0.007959221489727497,0.016838131472468376,0.004530578851699829,0.0044652363285422325
Correct 0.024958938360214233,0.001126574701629579,0.001288715866394341,0.0009809142211452127
Correct 0.007828044705092907,0.0008455224451608956,0.0010519044008105993,0.0014664330519735813
Correct 0.006792548578232527,0.008961119689047337,0.003122444963082671,0.0019808728247880936
Wrong 0.007497791200876236,0.002911744872108102,0.008128725923597813,0.0027406825684010983
Correct 0.010628306306898594,0.0016132023883983493,0.0018082235474139452,0.0011527251917868853
Correct 0.002866735216230154,0.0014505510916933417,0.0018093128455802798,0.0032226836774498224
Wrong 0.014614986255764961,0.0011286927619948983,0.0006054396508261561,0.0029215142130851746
Correct 0.01800929196178913,0.002019159961491823,0.001367991091683507,0.002007954055443406
Correct 0.009388989768922329,0.0019119681091979146,0.00824048463255167,0.002101107034832239
Wrong 0.01540252473205328,0.002265096642076969,0.0020914296619594097,0.0024794391356408596
Correct 0.009766943752765656,0.035525329411029816,0.002580705564469099,0.006255445070564747
Correct 0.002624877030029893,0.015297288075089455,0.0014504765858873725,0.00187965901568532
Wrong 0.008615490049123764,0.0038492074236273766,0.0032865151297301054,0.002133754314854741
Wrong 0.006009205710142851,0.0013011032715439796,0.0018720082007348537,0.0037628363352268934
Correct 0.004389972425997257,0.0019752492662519217,0.001990546239539981,0.005379137117415667
Wrong 0.0019474549917504191,0.0017050899332389235,0.0015244144015014172,0.001330782426521182
Wrong 0.008029498159885406,0.0017436487833037972,0.0011386953992769122,0.0041724080219864845
Correct 0.003485415829345584,0.0018456617835909128,0.0012990712421014905,0.006168391089886427
Wrong 0.006149322260171175,0.004633389413356781,0.003362146206200123,0.0024360190145671368
Correct 0.008043049834668636,0.0023382112849503756,0.0024470461066812277,0.010571836493909359
Correct 0.003189275972545147,0.0007380209863185883,0.006626679562032223,0.0012786603765562177
Wrong 0.010177097283303738,0.001840323442593217,0.002393761882558465,0.001602449337951839
Wrong 0.005570119712501764,0.003619690891355276,0.0018144650384783745,0.0020508551970124245
Correct 0.012804720550775528,0.002296814927831292,0.0014599623391404748,0.00231717131100595
Correct 0.0036214892752468586,0.0042843022383749485,0.00305933877825737,0.0025716363452374935
Correct 0.002349918009713292,0.0007447934476658702,0.0007327769417315722,0.013722621835768223
Correct 0.008516164496541023,0.003130903234705329,0.0031477136071771383,0.015419794246554375
Correct 0.004258253145962954,0.0008217854774557054,0.0015770874451845884,0.001494553405791521
Correct 0.005392384249716997,0.001186959445476532,0.005328991916030645,0.002198644448071718
Wrong 0.007104428019374609,0.001453006872907281,0.0012168833054602146,0.011444931849837303
Wrong 0.008330374024808407,0.005092036444693804,0.0023087600711733103,0.0019067468820139766
Wrong 0.0039465781301259995,0.0014612136874347925,0.0025534452870488167,0.0023746255319565535
Correct 0.0030841385014355183,0.005849215667694807,0.0011791636934503913,0.0020909663289785385
Correct 0.007142023649066687,0.0019394338596612215,0.009217217564582825,0.0035954895429313183
Correct 0.010386273264884949,0.0016259134281426668,0.004527056589722633,0.001714224461466074
Correct 0.002655593678355217,0.003395954379811883,0.001438026549294591,0.001550867804326117
Wrong 0.006036508362740278,0.0017410465516149998,0.0026784385554492474,0.003937093541026115
Correct 0.008668054826557636,0.004316354636102915,0.018247293308377266,0.007128593046218157
Wrong 0.006112457253038883,0.0024143916089087725,0.003003274090588093,0.00206421478651464
Wrong 0.008432630449533463,0.0010201091645285487,0.0013597741490229964,0.0062255715020000935
Correct 0.004352839197963476,0.00166521524079144,0.0015251270961016417,0.04524747654795647
Correct 0.005045911762863398,0.0020061435643583536,0.007666873279958963,0.005039162002503872
Correct 0.0014762207865715027,0.0010119432117789984,0.010295432060956955,0.0008642010507173836
Wrong 0.004121467005461454,0.001784027786925435,0.016028152778744698,0.0024296846240758896
Correct 0.005149516277015209,0.010504852049052715,0.003937766887247562,0.0037677541840821505
Wrong 0.014206895604729652,0.00305910874158144,0.0023669516667723656,0.002131600631400943
Correct 0.004576836712658405,0.0015338658122345805,0.0017391248838976026,0.010714328847825527
Wrong 0.004286386538296938,0.0022895520087331533,0.0020846491679549217,0.0021242813672870398
Wrong 0.004629730246961117,0.01287428755313158,0.002798593370243907,0.003898722818121314
Correct 0.019403034821152687,0.0027988837100565434,0.004090874455869198,0.00298404973000288
Correct 0.006961054168641567,0.002111717127263546,0.005906636826694012,0.003881479613482952
Wrong 0.008874773979187012,0.0018645254895091057,0.0019929560367017984,0.0028852650430053473
Wrong 0.008888989686965942,0.0014741431223228574,0.0016306154429912567,0.005439029540866613
Correct 0.007630419451743364,0.0038602633867412806,0.009091143496334553,0.0029038270004093647
Wrong 0.003559871343895793,0.0016194726340472698,0.014716085977852345,0.0020991191267967224
Wrong 0.002538031665608287,0.0008266265504062176,0.007831261493265629,0.002597201382741332
Wrong 0.005866569932550192,0.0009627186227589846,0.004957566969096661,0.0018057732377201319
Wrong 0.002610140712931752,0.003767666406929493,0.0013094989117234945,0.001466582529246807,0.011877200566232204
Correct 0.0075859795324504375,0.0036884017754346132,0.0021907160989940166,0.008463223464787006
Correct 0.0073580374009907246,0.0030258484184741974,0.004578101448714733,0.009010650217533112
Wrong 0.01735929399728775,0.002827059244737029,0.0026725942734628916,0.004604381043463945
Correct 0.0007453316356986761,0.000678518321365118,0.0006314474157989025,0.03171563893556595
Correct 0.004659990780055523,0.0015656279865652323,0.009030635468661785,0.0016275305533781648
Wrong 0.0042462642304599285,0.0025969650596380234,0.012064437381923199,0.0017749465769156814
Wrong 0.015329684130847454,0.0023327490780502558,0.002807982498779893,0.004098919220268726
Wrong 0.006236035842448473,0.006507849786430597,0.002840952016413212,0.005014308728277683
Wrong 0.005226191133260727,0.005482988432049751,0.012415057979524136,0.003543588100001216
Wrong 0.00992565881460905,0.00467003183439374,0.009416402317583561,0.006716046016663313
Correct 0.004295059479773045,0.015877021476626396,0.001859837444499135,0.0022512611467391253
Correct 0.007406224031001329,0.003546358784660697,0.0061139389872550964,0.0027541385497897863
Correct 0.018614204600453377,0.002386720385402441,0.0019269583281129599,0.0028390379156917334
Correct 0.0028811984229832888,0.01665332540869713,0.0010278981644660234,0.0010395065182819963
Wrong 0.005052163265645504,0.005571570247411728,0.008548484183847904,0.0032882755622267723
Wrong 0.006065356079488993,0.0031137531623244286,0.003393991617485881,0.0023793147411197424
Correct 0.0034139372874051332,0.051560282707214355,0.0015190362464636564,0.00251845084130764
Correct 0.005037607159465551,0.011390425264835358,0.001313856104388833,0.0011722982162609696
Correct 0.004280476830899715,0.0046197474002838135,0.0020663223695009947,0.001492803916335106
Correct 0.0037867676001042128,0.0015139062888920307,0.01527125108987093,0.0013677944662049413
Wrong 0.006474443711340427,0.005384540185332298,0.010452205315232277,0.005446426570415497
Correct 0.012549842707812786,0.0009669018909335136,0.0007778885774314404,0.0013896727468818426
Correct 0.018481574952602386,0.019801748916506767,0.0036076835822314024,0.002006314694881439
Wrong 0.016936365514993668,0.004013895057141781,0.003945096395909786,0.011202167719602585
Correct 0.014623484574258327,0.001180542167276144,0.0012497766874730587,0.001582751632668078
Wrong 0.018371490761637688,0.0019045488443225622,0.0017611728981137276,0.004538858309388161
Wrong 0.004293228965252638,0.0010526953265070915,0.0054106926545500755,0.0012926493072882295
Wrong 0.005000948905944824,0.0009721190435811877,0.001298338989727199,0.008776773698627949
