grade confidence_levels
Correct 15.222814559936523,15.30713939666748,14.530485153198242,16.18520164489746
Correct 17.19721031188965,14.686965942382812,13.906091690063477,14.48197078704834
Wrong 15.262520790100098,16.092573165893555,16.04056739807129,15.121315956115723
Correct 17.13633918762207,13.25235366821289,14.075228691101074,13.63585376739502
Correct 16.723777770996094,14.880182266235352,16.082990646362305,15.182391166687012
Correct 17.150590896606445,14.353059768676758,15.070854187011719,14.162111282348633
Correct 15.392614364624023,14.611241340637207,16.72092628479004,13.839423179626465
Correct 16.157520294189453,14.60968017578125,16.435482025146484,17.01715850830078
Wrong 14.523163795471191,14.228619575500488,14.061704635620117,14.07628345489502
Wrong 15.506775856018066,15.261321067810059,15.70937442779541,15.206514358520508
Correct 13.243206977844238,16.795190811157227,13.177427291870117,13.296501159667969
Wrong 15.52148723602295,14.956388473510742,14.901966094970703,15.479743003845215
Correct 15.600546836853027,15.236859321594238,16.1710262298584,15.10273551940918
Correct 14.03895092010498,15.150046348571777,16.666067123413086,13.96351146697998
Correct 14.701884269714355,15.144574165344238,13.634787559509277,13.765310287475586
Correct 14.85636043548584,14.840688705444336,17.252531051635742,13.995014190673828
Correct 16.997547149658203,14.61388111114502,17.039522171020508,15.735014915466309
Correct 15.540224075317383,13.803512573242188,16.71393585205078,14.876349449157715
Correct 15.942536354064941,14.912885665893555,15.846539497375488,16.187273025512695
Correct 14.819587707519531,16.18500518798828,14.909194946289062,15.060702323913574
Correct 13.807624816894531,16.832571029663086,14.202432632446289,13.980717658996582
Correct 14.240551948547363,14.223250389099121,18.235794067382812,14.920859336853027
Correct 13.517223358154297,15.732013702392578,14.035543441772461,12.858586311340332
Correct 15.169790267944336,14.649624824523926,17.146873474121094,15.109148979187012
Wrong 14.569891929626465,16.80845069885254,15.823429107666016,14.486420631408691
Wrong 15.334274291992188,14.488832473754883,15.210509300231934,15.013011932373047
Correct 15.48359489440918,16.513864517211914,16.153432846069336,16.20978546142578
Wrong 16.329496383666992,13.469541549682617,16.283931732177734,15.091731071472168
Correct 16.297771453857422,15.44524097442627,15.943370819091797,16.10382080078125
Correct 13.661495208740234,15.871142387390137,13.885137557983398,14.319411277770996
Correct 16.38971710205078,14.839924812316895,14.637596130371094,14.366412162780762
Correct 15.615220069885254,15.373021125793457,15.481182098388672,13.441271781921387
Correct 16.232101440429688,15.813681602478027,13.807500839233398,13.947202682495117
Correct 14.2262601852417,16.900402069091797,13.782910346984863,14.016607284545898
Wrong 15.179496765136719,14.855627059936523,15.9546480178833,15.797338485717773
Correct 15.918962478637695,15.027544975280762,16.280494689941406,16.739036560058594
Wrong 15.671812057495117,14.793062210083008,15.359832763671875,15.243054389953613
Wrong 14.389925003051758,13.555876731872559,16.323562622070312,16.158584594726562
Wrong 14.891462326049805,14.694886207580566,14.85926342010498,14.150103569030762
Correct 15.652681350708008,15.298800468444824,16.570829391479492,15.217422485351562
Correct 16.75385284423828,14.213306427001953,15.404704093933105,16.34956932067871
Correct 14.509363174438477,14.103067398071289,14.774784088134766,16.966211318969727
Correct 16.427555084228516,13.047066688537598,13.710394859313965,14.116655349731445
Wrong 15.1240816116333,14.557971954345703,14.250601768493652,14.515336990356445
Correct 16.381467819213867,15.498486518859863,15.228771209716797,16.009868621826172
Wrong 15.11609172821045,14.360546112060547,14.620070457458496,14.309185981750488
Wrong 15.045949935913086,16.35316276550293,16.459936141967773,14.33289623260498
Correct 15.181574821472168,11.97293758392334,15.493760108947754,17.282241821289062
Wrong 16.23698616027832,13.78022575378418,13.774555206298828,15.667390823364258
Correct 14.411981582641602,16.333263397216797,14.635357856750488,14.67101764678955
Correct 14.42453384399414,15.638870239257812,13.985062599182129,13.638641357421875
Correct 15.101738929748535,15.528703689575195,14.744819641113281,14.791934967041016
Correct 16.016632080078125,14.016622543334961,16.737014770507812,15.07474136352539
Correct 15.605615615844727,14.805378913879395,14.02529525756836,16.657155990600586
Wrong 14.675326347351074,16.717323303222656,15.400714874267578,15.400994300842285
Correct 15.608138084411621,16.030136108398438,14.36234188079834,13.994405746459961
Correct 15.693442344665527,15.592606544494629,16.047134399414062,14.127729415893555
Correct 17.702503204345703,15.295923233032227,15.081671714782715,14.709458351135254
Correct 17.146865844726562,13.472013473510742,14.014684677124023,13.763383865356445
Wrong 15.493769645690918,15.657389640808105,14.612913131713867,14.718866348266602
Correct 14.844371795654297,12.90532398223877,14.487954139709473,16.054533004760742
Correct 15.064718246459961,15.180205345153809,15.870857238769531,15.497697830200195
Wrong 15.541040420532227,14.971588134765625,15.683249473571777,15.081522941589355
Correct 14.224373817443848,15.629789352416992,15.475651741027832,13.596535682678223
Correct 16.18607521057129,14.603880882263184,17.138673782348633,15.947901725769043
Correct 14.88060474395752,14.815811157226562,17.090229034423828,15.207799911499023
Wrong 15.258949279785156,15.071203231811523,14.161087036132812,14.768141746520996
Correct 15.723052024841309,15.047712326049805,14.191262245178223,14.671268463134766
Wrong 15.753800392150879,15.261411666870117,15.541389465332031,15.840313911437988
Wrong 16.302989959716797,16.827537536621094,13.343406677246094,14.389705657958984
Correct 14.81045150756836,14.745797157287598,16.81072235107422
Correct 13.788168907165527,14.64746379852295,14.6025972366333,13.96243953704834
Wrong 15.891036987304688,14.377155303955078,14.952260971069336,15.418615341186523
Correct 14.062548637390137,12.791121482849121,14.508464813232422,17.79496192932129
Wrong 15.26701545715332,15.020795822143555,15.297783851623535,13.601048469543457
Wrong 13.89663028717041,12.114489555358887,17.589435577392578,15.281221389770508
Wrong 15.938138008117676,15.477982521057129,16.15446662902832,15.542713165283203
Wrong 17.423471450805664,13.602927207946777,13.503902435302734,14.431814193725586
Correct 15.830101013183594,13.976537704467773,15.717498779296875,16.860965728759766
Wrong 14.94665813446045,13.752394676208496,16.248327255249023,14.871997833251953
Correct 15.392899513244629,16.565750122070312,15.631691932678223,13.81418228149414
Correct 15.70901870727539,12.411462783813477,14.710721015930176,13.856664657592773
Correct 16.949398040771484,15.469459533691406,15.226285934448242,15.342000007629395
Correct 14.0127592086792,15.280296325683594,16.011934280395508,14.584320068359375
Wrong 14.595629692077637,16.587169647216797,14.103754043579102,12.815587997436523
Wrong 16.025033950805664,14.49100112915039,15.691987991333008,16.107158660888672
Correct 14.091443061828613,14.02558422088623,15.186431884765625,17.259517669677734
Wrong 17.250411987304688,15.983253479003906,16.60472297668457,16.961971282958984
Correct 12.22765064239502,12.813244819641113,16.24721908569336,16.400466918945312
Wrong 15.271097183227539,13.608139038085938,13.493819236755371,15.667106628417969
Correct 16.213150024414062,14.744011878967285,14.511068344116211,13.69626235961914
Correct 13.960588455200195,14.833815574645996,13.204720497131348,15.308194160461426
Correct 15.685093879699707,14.706644058227539,16.63486671447754,15.069886207580566
Correct 14.268598556518555,16.034149169921875,14.329879760742188,14.459343910217285
Correct 16.06539535522461,15.079514503479004,17.176395416259766,14.239700317382812
Correct 16.810413360595703,14.952375411987305,17.625226974487305,15.484864234924316
Correct 15.488875389099121,14.352546691894531,14.866945266723633,14.693191528320312
Correct 17.290470123291016,15.147123336791992,17.809045791625977,16.15450668334961
Wrong 15.370227813720703,15.70652961730957,14.104158401489258,15.043279647827148
Wrong 15.02833366394043,14.322357177734375,15.167365074157715,14.519150733947754
Correct 16.3326358795166,15.251524925231934,15.62636661529541,15.717716217041016
Correct 15.12282657623291,13.326761245727539,14.240460395812988,15.85454273223877
Correct 17.634933471679688,13.09984302520752,14.217714309692383,15.110259056091309
Correct 16.218303680419922,14.156675338745117,15.68660831451416,14.73212718963623
Correct 15.760836601257324,13.0940523147583,17.69057273864746,13.796283721923828
Correct 17.00181770324707,15.269288063049316,15.157130241394043,15.10696029663086
Wrong 14.821529388427734,15.844073295593262,14.536441802978516,14.78003215789795
Correct 16.074832916259766,14.817519187927246,17.68647003173828,15.355566024780273
Wrong 15.35187816619873,17.169336318969727,15.16580867767334,14.796850204467773
Correct 17.0335750579834,12.33666706085205,14.56662368774414,13.503545761108398
Correct 14.801639556884766,15.000860214233398,14.598633766174316,12.931330680847168
Correct 15.779496192932129,15.399261474609375,16.615474700927734,14.846287727355957
Correct 14.228288650512695,16.43023681640625,14.47480297088623,14.691386222839355
Correct 14.816797256469727,15.482969284057617,14.904855728149414,16.07158088684082
Correct 15.656575202941895,14.462407112121582,16.89502716064453,15.675897598266602
Correct 15.348937034606934,15.292407035827637,17.239749908447266,14.956053733825684
Correct 14.897919654846191,14.945303916931152,14.888510704040527,14.481154441833496
Correct 14.7010498046875,12.938437461853027,14.96716022491455,16.942317962646484
Wrong 13.979142189025879,16.95405387878418,13.60759162902832,13.051865577697754
Wrong 17.083101272583008,14.204864501953125,14.993620872497559,15.078082084655762
Wrong 13.894163131713867,15.506766319274902,15.313405990600586,13.794808387756348
Correct 14.698358535766602,14.077444076538086,16.957496643066406,14.108560562133789
Correct 17.105314254760742,13.219039916992188,14.02328872680664,13.255305290222168
Correct 15.178117752075195,14.955963134765625,16.318971633911133,15.715886116027832
Wrong 14.828137397766113,15.604630470275879,14.729778289794922,15.264924049377441
Correct 14.05401611328125,14.038480758666992,16.39789390563965,16.686668395996094
Wrong 16.85976791381836,14.876448631286621,16.359214782714844,15.990732192993164
Correct 16.057945251464844,15.48759651184082,14.139571189880371,14.598827362060547
Correct 16.226863861083984,15.479450225830078,15.251309394836426,14.001099586486816
Correct 14.504207611083984,13.903017044067383,17.493120193481445,14.180360794067383
Wrong 15.854219436645508,14.552734375,14.958722114562988,15.04517936706543
Correct 13.84560489654541,16.261587142944336,15.279199600219727,15.196560859680176
Wrong 15.475679397583008,14.994998931884766,15.608406066894531,14.696794509887695
Correct 14.314401626586914,15.92074203491211,14.710055351257324,14.797460556030273
Correct 15.220060348510742,14.1278715133667,14.143778800964355,15.660290718078613
Wrong 15.910405158996582,15.746015548706055,14.16242790222168,13.843225479125977
Wrong 15.413166046142578,14.862324714660645,15.083085060119629,14.38149356842041
Correct 16.361270904541016,15.392346382141113,16.626245498657227,16.36998748779297
Correct 15.73434066772461,13.847856521606445,15.224398612976074,16.36540412902832
Correct 15.081138610839844,14.27509880065918,16.522682189941406,14.888640403747559
Wrong 16.285663604736328,14.189485549926758,16.503860473632812,15.072039604187012
Correct 16.245052337646484,13.305035591125488,14.924278259277344,17.17426872253418
Wrong 15.363974571228027,12.725191116333008,16.007349014282227,13.435511589050293
Correct 18.042438507080078,15.699456214904785,13.958466529846191,14.000246047973633
Wrong 15.592527389526367,15.216076850891113,15.434330940246582,14.703778266906738
Wrong 15.826218605041504,15.099405288696289,13.494417190551758,13.400886535644531
Wrong 16.318769454956055,15.557267189025879,15.887785911560059,14.922670364379883
Wrong 15.846160888671875,14.381769180297852,15.780342102050781,17.017885208129883
Wrong 15.973654747009277,14.996402740478516,16.91143035888672,14.821803092956543
Correct 15.034285545349121,14.504690170288086,13.806207656860352,15.727296829223633
Wrong 15.886730194091797,15.253546714782715,16.71918296813965,15.524519920349121
Wrong 15.2611665725708,13.56662654876709,13.614049911499023,17.204498291015625
Wrong 14.126799583435059,14.906432151794434,15.575174331665039,15.566994667053223
Wrong 14.912007331848145,13.777933120727539,14.715008735656738,16.45271873474121
Correct 15.481560707092285,14.185853004455566,17.050554275512695,15.763309478759766
Correct 17.162147521972656,15.573301315307617,15.907955169677734,16.44465446472168
Correct 14.628983497619629,14.503814697265625,17.664682388305664,14.404373168945312
Wrong 14.553203582763672,14.975285530090332,14.637435913085938,13.929238319396973
Wrong 15.850937843322754,14.055272102355957,13.932404518127441,14.452950477600098
Correct 16.799962997436523,14.206698417663574,15.644383430480957,14.826884269714355
Wrong 16.659578323364258,13.918057441711426,15.435221672058105,15.704606056213379
Correct 15.675050735473633,13.30274486541748,14.173874855041504,15.560203552246094
Wrong 13.496902465820312,15.469303131103516,14.457542419433594,14.17258358001709
Correct 15.691261291503906,14.25697135925293,15.308561325073242,17.424348831176758
Correct 14.581624031066895,16.237266540527344,15.223006248474121,14.731755256652832
Correct 15.458911895751953,12.99400520324707,15.336115837097168,14.28659439086914
Wrong 17.002878189086914,16.150001525878906,16.596708297729492,15.735734939575195
Correct 15.74539566040039,16.032690048217773,13.648981094360352,14.194741249084473
Correct 15.090612411499023,13.836235046386719,16.275171279907227,13.95376968383789
Correct 14.26965618133545,14.062255859375,14.113183975219727,17.01331901550293
Wrong 15.843707084655762,15.071439743041992,15.054807662963867,16.393043518066406
Correct 16.3018856048584,13.808344841003418,17.515649795532227,15.78842544555664
Wrong 15.454371452331543,14.171052932739258,15.445653915405273,15.290759086608887
Wrong 14.36435604095459,13.658634185791016,16.822383880615234,13.348709106445312
Correct 14.274304389953613,17.101076126098633,14.025500297546387,14.094945907592773
Wrong 15.253683090209961,13.606285095214844,14.418041229248047,14.540328979492188
Correct 15.455422401428223,14.22752571105957,17.698760986328125,15.15105152130127
Correct 13.042418479919434,16.59984588623047,12.891345024108887,13.591339111328125
Correct 16.550159454345703,14.810694694519043,15.240623474121094,15.198102951049805
Wrong 14.884283065795898,14.692337989807129,14.30504322052002,13.966835975646973
Correct 14.781596183776855,14.90329360961914,16.558574676513672,15.839964866638184
Correct 15.810321807861328,14.137420654296875,15.556918144226074,14.351999282836914
Wrong 13.39268684387207,13.468957901000977,13.054513931274414,13.59620475769043
Wrong 15.893155097961426,15.126065254211426,15.34597396850586,15.007506370544434
Correct 13.555792808532715,16.62232208251953,14.47813892364502,14.123629570007324
Wrong 15.752396583557129,16.141094207763672,16.1492862701416,15.372594833374023
Correct 15.193520545959473,13.834851264953613,14.995424270629883,17.04789924621582
Correct 14.040332794189453,16.120147705078125,13.865636825561523,14.14838981628418
Correct 15.336607933044434,13.763335227966309,16.2440242767334,14.472761154174805
Correct 12.671987533569336,16.58694839477539,12.455350875854492,12.618075370788574
Correct 14.123242378234863,14.921926498413086,13.703069686889648,13.33525276184082
Correct 15.451709747314453,14.421307563781738,17.0689697265625,15.003519058227539
Correct 16.408998489379883,15.116071701049805,15.34316349029541,14.889782905578613
Correct 16.907869338989258,13.490904808044434,15.875844955444336,15.173894882202148
Correct 14.357377052307129,13.799131393432617,16.749664306640625,13.532068252563477
Wrong 16.830385208129883,13.926437377929688,14.823285102844238,14.90677261352539
Correct 15.922274589538574,14.12453556060791,15.67322826385498,16.793155670166016
Wrong 16.145301818847656,15.680183410644531,15.143401145935059,15.409354209899902
Correct 17.081579208374023,15.30979061126709,14.634836196899414,14.500925064086914
Correct 15.84266185760498,15.56488037109375,15.899157524108887,15.13609504699707
Correct 15.348969459533691,15.48957633972168,14.199373245239258,14.911277770996094
Correct 14.590763092041016,14.033503532409668,14.224852561950684,14.638294219970703
Wrong 15.395683288574219,13.19579792022705,15.643712043762207,17.092737197875977
Correct 15.908671379089355,14.321735382080078,15.350458145141602,16.400894165039062
Correct 17.494319915771484,16.169628143310547,14.78597640991211,16.394454956054688
Wrong 13.892898559570312,14.111347198486328,17.278804779052734,13.801676750183105
Correct 14.036548614501953,16.3300724029541,13.288604736328125,13.182456970214844
Wrong 16.490047454833984,14.637828826904297,16.207311630249023,14.54380989074707
Correct 16.715152740478516,14.24870491027832,15.310726165771484,15.248751640319824
Wrong 15.77540111541748,15.762543678283691,15.808774948120117,15.240153312683105
Wrong 15.527203559875488,15.204926490783691,15.250775337219238,15.695661544799805
Wrong 15.090081214904785,13.424988746643066,17.254674911499023,13.818379402160645
Wrong 17.677297592163086,13.822346687316895,14.743739128112793,14.215609550476074
Correct 15.5449800491333,14.6759033203125,15.509132385253906,17.718555450439453
Correct 14.453402519226074,14.7981538772583,14.593425750732422,16.773229598999023
Wrong 15.581217765808105,14.893827438354492,15.011494636535645,14.24020004272461
Correct 16.67052459716797,14.302159309387207,15.065274238586426,14.021166801452637
Correct 15.251317024230957,14.814128875732422,14.473116874694824,13.617592811584473
Wrong 16.071542739868164,15.195198059082031,15.443012237548828,14.083462715148926
Correct 16.319290161132812,13.824297904968262,14.150931358337402,17.45738410949707
Correct 17.452171325683594,15.671072959899902,16.796207427978516,15.981344223022461
Wrong 15.367977142333984,15.020309448242188,15.660802841186523,14.581195831298828
Correct 13.863088607788086,14.850671768188477,16.19744300842285,13.496602058410645
Correct 17.151418685913086,13.956293106079102,13.994400978088379,14.994880676269531
Correct 16.89810562133789,13.518881797790527,14.829150199890137,14.614659309387207
Correct 12.94001579284668,15.983959197998047,15.97956657409668,12.415672302246094
Wrong 15.987773895263672,15.290867805480957,15.743867874145508,15.813720703125
Wrong 17.086563110351562,14.611189842224121,16.56093978881836,16.784303665161133
Wrong 14.903656959533691,15.642498016357422,13.917606353759766,14.414633750915527
Correct 15.781227111816406,14.722378730773926,16.341880798339844,17.199769973754883
Correct 16.500961303710938,14.264992713928223,14.366983413696289,15.264521598815918
Correct 15.571354866027832,15.201506614685059,15.200945854187012,14.446009635925293
Correct 14.93359088897705,14.365581512451172,16.677215576171875,14.236734390258789
Wrong 15.165142059326172,15.438680648803711,14.542506217956543,14.656782150268555
Correct 17.856477737426758,14.341022491455078,14.284806251525879,15.696756362915039
Correct 15.658933639526367,16.231184005737305,15.051015853881836,14.417372703552246
Correct 15.672807693481445,15.344285011291504,14.071477890014648,14.89876937866211
Correct 15.546628952026367,13.963910102844238,17.264263153076172,14.43640422821045
Wrong 15.585321426391602,15.248926162719727,15.548266410827637,14.815886497497559
Correct 16.05632209777832,14.845873832702637,15.666742324829102,15.039934158325195
Correct 14.488815307617188,16.09025001525879,13.722315788269043,14.834769248962402
Wrong 14.52377986907959,15.792394638061523,15.590290069580078,15.087404251098633
Correct 15.331527709960938,14.372209548950195,17.771432876586914,15.194541931152344
Correct 14.764068603515625,15.459209442138672,14.453847885131836,16.239938735961914
Wrong 15.175942420959473,15.225324630737305,14.279339790344238,15.720534324645996
Correct 15.994904518127441,15.127617835998535,16.04130744934082,15.069494247436523
Wrong 16.17799186706543,15.380441665649414,15.54944133758545,15.437581062316895
Wrong 15.905054092407227,15.766386985778809,14.87061595916748,16.137788772583008
Correct 17.678558349609375,13.197308540344238,13.554228782653809,13.546632766723633
Correct 14.241434097290039,12.343660354614258,14.709673881530762,17.650875091552734
Correct 14.278122901916504,13.05992317199707,17.042402267456055,14.684171676635742
Wrong 15.160173416137695,13.773180961608887,14.65328311920166,14.271239280700684
Wrong 17.290449142456055,15.476264953613281,16.80529022216797,16.625791549682617
Correct 13.254627227783203,12.05699348449707,14.363696098327637,16.850866317749023
Wrong 14.849886894226074,16.342344284057617,15.03956127166748,15.06114387512207
Correct 13.999670028686523,13.160102844238281,14.709156036376953,17.52397346496582
Wrong 15.29841423034668,13.92037582397461,15.111856460571289,15.132211685180664
Correct 15.95946979522705,15.638909339904785,14.840492248535156,16.184646606445312
Correct 13.169596672058105,16.784757614135742,12.972959518432617,13.202381134033203
Wrong 15.356724739074707,15.811283111572266,15.642282485961914,13.51659870147705
Wrong 16.60134506225586,13.155454635620117,16.5594425201416,15.354643821716309
Correct 16.584585189819336,13.766691207885742,14.544652938842773,13.878445625305176
Wrong 16.766618728637695,14.861499786376953,14.555459976196289,14.779873847961426
Correct 16.038272857666016,15.666354179382324,16.30149269104004,15.432430267333984
Correct 14.703874588012695,15.636014938354492,13.339290618896484,13.778348922729492
Correct 14.802656173706055,15.940622329711914,13.990169525146484,15.51527214050293
Wrong 15.731450080871582,15.381129264831543,13.224248886108398,13.717844009399414
Wrong 16.298444747924805,14.761504173278809,16.186912536621094,15.95069408416748
Wrong 15.536361694335938,14.925555229187012,17.022403717041016,14.70421314239502
Correct 14.925274848937988,15.366469383239746,14.613140106201172,13.872310638427734
Wrong 17.18314552307129,14.091752052307129,15.505983352661133,13.97273063659668
Correct 14.023798942565918,16.712383270263672,14.393302917480469,12.852601051330566
Correct 15.532890319824219,15.670623779296875,14.035542488098145,13.723343849182129
Correct 17.84223747253418,14.820145606994629,16.130630493164062,15.808049201965332
Correct 16.334007263183594,12.234085083007812,13.481714248657227,15.682109832763672
Correct 15.9410400390625,14.406231880187988,16.67778968811035,16.375347137451172
Wrong 14.255922317504883,13.665258407592773,16.19771385192871,13.633569717407227
Correct 17.35274314880371,14.645390510559082,15.265509605407715,14.752081871032715
Correct 15.320805549621582,14.531193733215332,16.007976531982422,14.468360900878906
Correct 15.829097747802734,15.95529556274414,15.498732566833496,15.683780670166016
Wrong 16.606260299682617,14.899565696716309,17.139867782592773,16.146835327148438
Correct 16.391218185424805,15.934175491333008,16.07599639892578,15.798927307128906
Wrong 13.439183235168457,12.869807243347168,13.493501663208008,14.186461448669434
Wrong 15.659828186035156,15.030406951904297,15.58648681640625,14.375524520874023
Correct 15.143718719482422,17.442014694213867,14.675196647644043,15.871331214904785
Wrong 15.055073738098145,15.383482933044434,14.970945358276367,14.223896980285645
Correct 15.272810935974121,14.607423782348633,17.073335647583008,14.697131156921387
Wrong 15.028803825378418,15.38242244720459,16.376371383666992,15.266166687011719
Correct 14.905256271362305,13.762567520141602,17.240867614746094,14.262024879455566
Correct 14.919549942016602,14.84449577331543,14.84627628326416,17.05555534362793
Correct 13.631345748901367,13.459708213806152,13.304645538330078,16.662519454956055
Correct 15.008894920349121,13.995330810546875,14.672253608703613,16.338472366333008
Correct 14.110085487365723,17.002826690673828,13.986626625061035,13.622620582580566
Correct 15.629384994506836,13.431467056274414,14.157144546508789,16.352046966552734
Wrong 14.682659149169922,14.204609870910645,16.510272979736328,15.975170135498047
Wrong 14.977174758911133,14.468079566955566,14.285139083862305,14.178540229797363
Wrong 15.44654369354248,15.629878044128418,15.302165031433105,15.639217376708984
Correct 13.963019371032715,13.204033851623535,16.92591667175293,14.042342185974121
Wrong 15.193013191223145,14.316822052001953,15.979114532470703,15.200952529907227
Wrong 15.364241600036621,15.853851318359375,14.821861267089844,15.162211418151855
Wrong 15.145569801330566,15.094964027404785,13.52479076385498,14.348843574523926
Correct 17.02878761291504,13.40441608428955,13.641740798950195,13.85551929473877
Correct 14.14871883392334,15.451214790344238,14.380958557128906,12.909558296203613
Correct 13.850140571594238,15.394919395446777,16.332927703857422,13.558353424072266
Correct 13.950822830200195,13.137016296386719,15.470113754272461,16.997182846069336
Correct 16.875980377197266,14.275745391845703,15.517146110534668,14.974454879760742
Wrong 15.539715766906738,14.651196479797363,14.814800262451172,16.080257415771484
Wrong 15.50676441192627,15.776707649230957,15.76213550567627,15.80904483795166
Wrong 14.845786094665527,14.899434089660645,14.64245319366455,15.18796157836914
Correct 16.48455238342285,13.279053688049316,13.919732093811035,15.411376953125
Correct 18.08278465270996,14.773598670959473,14.885603904724121,14.032543182373047
Wrong 16.018131256103516,15.115078926086426,15.35897445678711,15.207793235778809
Wrong 14.6924409866333,14.741576194763184,14.069319725036621,16.900150299072266
Correct 15.815872192382812,14.995392799377441,15.760697364807129,16.251564025878906
Correct 17.933441162109375,14.218300819396973,14.727993965148926,14.983916282653809
Correct 16.333105087280273,14.413141250610352,16.676856994628906,14.663933753967285
Correct 14.505593299865723,13.653148651123047,14.070470809936523,16.271501541137695
Wrong 15.38521957397461,15.289117813110352,15.570385932922363,15.185050964355469
Correct 16.441816329956055,15.550220489501953,14.987249374389648,15.481792449951172
Wrong 14.912160873413086,14.037606239318848,15.206101417541504,14.305768013000488
Correct 15.276341438293457,14.017038345336914,14.420917510986328,16.03046417236328
Correct 16.501283645629883,15.2108736038208,14.916604995727539,13.878549575805664
Correct 14.181639671325684,13.156639099121094,14.694770812988281,17.125530242919922
Correct 15.192802429199219,12.857553482055664,16.3919734954834,14.850435256958008
Correct 16.26466178894043,12.796134948730469,13.923418045043945,13.960676193237305
Wrong 15.157772064208984,16.52702522277832,15.890471458435059,14.993759155273438
Correct 15.01978874206543,15.469423294067383,15.129096984863281,15.791502952575684
Wrong 16.994613647460938,15.18136215209961,15.043848991394043,14.99726676940918
Wrong 16.751461029052734,13.667555809020996,14.236617088317871,17.676801681518555
Wrong 15.979052543640137,14.509899139404297,16.271289825439453,13.947750091552734
Wrong 16.160802841186523,16.099328994750977,15.472000122070312,14.207010269165039
Wrong 15.554248809814453,14.648981094360352,14.754149436950684,15.206232070922852
Correct 15.891246795654297,14.839064598083496,15.895535469055176,16.36661720275879
Correct 16.291059494018555,15.66584300994873,17.24411392211914,16.233661651611328
Wrong 16.431819915771484,13.539794921875,13.704144477844238,14.52828598022461
Correct 16.18573760986328,14.877254486083984,14.631385803222656,14.636445045471191
Correct 15.722707748413086,14.49608039855957,15.338972091674805,14.813985824584961
Correct 16.049020767211914,14.527799606323242,15.859912872314453,15.848618507385254
Wrong 16.325613021850586,13.995757102966309,16.143709182739258,14.495057106018066
Wrong 17.47344207763672,15.39333438873291,15.736902236938477,16.19892120361328
Wrong 16.17192840576172,15.053403854370117,15.752565383911133,15.766201972961426
Wrong 14.589441299438477,15.474029541015625,14.734576225280762,14.744980812072754
Wrong 15.132803916931152,14.486769676208496,14.299995422363281,16.14982795715332
Correct 15.466696739196777,15.807997703552246,14.934907913208008,16.090721130371094
Wrong 12.163615226745605,16.366825103759766,13.791574478149414,12.391608238220215
Correct 16.352724075317383,14.311197280883789,14.884356498718262,15.413863182067871
Wrong 17.202253341674805,12.78835678100586,14.021576881408691,14.573999404907227
Correct 16.6616153717041,15.18826961517334,15.534439086914062,14.969212532043457
Correct 15.753576278686523,15.413582801818848,15.544671058654785,14.584183692932129
Correct 15.199872016906738,13.601704597473145,16.559221267700195,15.09774398803711
Correct 14.991649627685547,16.10181427001953,14.622780799865723,14.946562767028809
Correct 17.4119815826416,12.558918952941895,13.243301391601562,15.535623550415039
Correct 15.463077545166016,15.289337158203125,13.743803977966309,14.149020195007324
Correct 16.24663543701172,13.801501274108887,14.252751350402832,13.713705062866211
Wrong 14.438043594360352,16.1241512298584,16.41669273376465,14.411822319030762
Correct 16.93609046936035,15.637020111083984,17.48372459411621,16.547378540039062
Wrong 16.607118606567383,16.457674026489258,15.29644775390625,15.41899299621582
Correct 14.624651908874512,14.160855293273926,16.491443634033203,15.563494682312012
Correct 14.988533973693848,14.135614395141602,17.298843383789062,14.586165428161621
Wrong 14.348210334777832,13.550975799560547,15.591140747070312,14.424376487731934
Correct 15.532149314880371,14.65378189086914,15.63844108581543,15.241369247436523
Correct 15.130431175231934,15.23753833770752,17.382225036621094,14.410236358642578
Correct 15.430388450622559,14.153186798095703,15.532081604003906,16.05248260498047
Correct 14.75968074798584,13.267618179321289,14.923337936401367,16.905200958251953
Wrong 15.14359188079834,14.870697021484375,15.667137145996094,15.64238166809082
Wrong 15.477416038513184,15.092089653015137,15.253427505493164,14.706003189086914
Correct 15.348538398742676,14.524147033691406,14.856998443603516,14.720268249511719
Wrong 15.049674034118652,13.409220695495605,16.61041259765625,15.041131019592285
Wrong 16.178598403930664,15.700937271118164,16.223716735839844,15.745781898498535
Wrong 14.370899200439453,16.617536544799805,15.036094665527344,14.4371976852417
Correct 14.822065353393555,14.517898559570312,15.84488296508789,17.290266036987305
Correct 14.712882995605469,13.096050262451172,14.582531929016113,16.103036880493164
Correct 16.856159210205078,13.31267261505127,13.809073448181152,13.852276802062988
Wrong 13.677891731262207,13.971345901489258,14.87623119354248,13.852970123291016
Wrong 15.541498184204102,16.759286880493164,13.215188026428223,14.258035659790039
Correct 12.23393726348877,16.555091857910156,12.685680389404297,11.979050636291504
Wrong 16.04153060913086,14.378623962402344,14.94245719909668,16.59068489074707
Correct 14.607784271240234,16.82248878479004,13.288541793823242,13.601264953613281
Correct 17.006669998168945,15.36623764038086,14.849513053894043,14.770797729492188
Wrong 14.784852027893066,13.792987823486328,14.878846168518066,15.201242446899414
Wrong 16.88942527770996,13.653192520141602,13.947017669677734,13.943512916564941
Wrong 15.373350143432617,15.01368236541748,14.925705909729004,16.008756637573242
Wrong 13.522297859191895,15.988016128540039,13.154707908630371,13.117496490478516
Correct 17.681018829345703,14.82099723815918,14.982711791992188,15.73376178741455
Wrong 14.058345794677734,13.089442253112793,15.307881355285645,16.814014434814453
Wrong 14.8842134475708,14.276920318603516,14.430782318115234,14.677372932434082
Correct 15.42781925201416,15.964612007141113,15.276765823364258,18.188800811767578
Wrong 14.41700267791748,13.691442489624023,18.00300407409668,13.982175827026367
Wrong 15.641124725341797,17.11065101623535,17.317546844482422,15.045366287231445
Correct 16.62027359008789,16.805551528930664,16.146806716918945,15.836016654968262
Correct 14.584755897521973,14.167165756225586,14.613783836364746,14.293476104736328
Wrong 15.10952091217041,13.995147705078125,14.147751808166504,16.123958587646484
Correct 14.609145164489746,13.727402687072754,15.17336368560791,15.018792152404785
Wrong 16.988176345825195,15.668997764587402,15.907272338867188,15.428271293640137
Wrong 15.17788028717041,15.194438934326172,13.452129364013672,13.956433296203613
Wrong 15.652315139770508,15.107815742492676,15.410149574279785,15.711882591247559
Wrong 15.464705467224121,15.830422401428223,14.387372970581055,13.46313190460205
Correct 14.417548179626465,16.194456100463867,14.519784927368164,15.414656639099121
Wrong 18.589595794677734,14.212688446044922,15.51723575592041,15.933021545410156
Wrong 17.950321197509766,14.78947639465332,15.048818588256836,16.269960403442383
Wrong 15.82345962524414,14.223663330078125,15.870888710021973,15.273907661437988
Wrong 14.547221183776855,16.10722541809082,16.325193405151367,16.058212280273438
Wrong 16.40271759033203,15.329365730285645,15.435750007629395,15.304203987121582
Correct 13.601496696472168,15.610041618347168,13.226934432983398,13.41276741027832
Wrong 14.070989608764648,16.49117088317871,13.58205509185791,13.848942756652832
Wrong 15.029983520507812,14.289083480834961,14.721803665161133,17.817890167236328
Wrong 15.673563003540039,14.218047142028809,14.037028312683105,17.217199325561523
Wrong 15.061988830566406,14.380165100097656,14.857505798339844,15.044293403625488
Wrong 14.829672813415527,13.853459358215332,15.134859085083008,17.224897384643555
Wrong 14.343558311462402,13.941408157348633,16.943225860595703,14.751913070678711
Correct 16.69276237487793,14.072718620300293,14.985091209411621,15.493682861328125
Wrong 14.318978309631348,16.97006607055664,15.289156913757324,14.234870910644531
Wrong 16.283374786376953,14.654229164123535,15.032849311828613,13.668712615966797
Wrong 14.473455429077148,15.52582836151123,14.383474349975586,13.745779991149902
Wrong 15.864219665527344,15.09334945678711,15.260862350463867,14.916131019592285
Correct 14.014154434204102,15.476640701293945,15.753888130187988,14.217714309692383
Correct 13.669662475585938,16.5212345123291,12.708163261413574,12.937981605529785
Wrong 13.542366981506348,12.560659408569336,16.96170997619629,13.345820426940918
Correct 14.101959228515625,13.673012733459473,16.428449630737305,14.260921478271484
Wrong 15.477584838867188,13.916986465454102,16.06386947631836,14.118172645568848
Correct 14.161672592163086,15.694887161254883,15.875702857971191,14.450798988342285
Correct 15.336883544921875,15.57376766204834,14.679632186889648,16.361949920654297
Wrong 15.936800003051758,15.57835865020752,15.688758850097656,15.51744270324707
Wrong 15.288369178771973,15.775480270385742,15.927729606628418,15.628722190856934
Wrong 14.591998100280762,15.27810001373291,14.955692291259766,15.760467529296875
Wrong 18.629667282104492,13.401493072509766,14.16185474395752,15.128969192504883
Correct 14.168842315673828,14.478171348571777,14.471689224243164,16.419876098632812
Correct 15.069701194763184,14.05551528930664,16.28078269958496,14.651729583740234
Wrong 16.329761505126953,15.659623146057129,15.788957595825195,15.884516716003418
Wrong 16.39590072631836,15.458367347717285,15.782392501831055,15.700501441955566
Wrong 16.184951782226562,15.010350227355957,15.675219535827637,16.169322967529297
Wrong 15.757181167602539,14.496646881103516,14.515678405761719,15.513072967529297
Correct 14.318971633911133,13.711366653442383,16.818883895874023,15.323600769042969
Correct 14.1104097366333,14.015597343444824,14.616072654724121,16.457006454467773
Wrong 15.229637145996094,16.083585739135742,15.566431999206543,15.072965621948242
Correct 16.58112144470215,14.575258255004883,16.141429901123047,15.02894401550293
Wrong 16.518739700317383,14.189675331115723,16.239727020263672,13.56457233428955
Wrong 15.603166580200195,15.59818172454834,14.774195671081543,15.409836769104004
Correct 14.070109367370605,16.334243774414062,14.645877838134766,14.302695274353027
Correct 13.74809455871582,14.85973834991455,16.906490325927734,13.973315238952637
Correct 15.267878532409668,15.170148849487305,15.26175308227539,15.033397674560547
Wrong 15.139518737792969,14.32613468170166,14.30014705657959,15.786919593811035
Wrong 15.900259971618652,13.45592975616455,14.157999038696289,15.518568992614746
Wrong 16.204010009765625,16.659358978271484,14.285848617553711,15.326582908630371
Correct 14.939943313598633,15.802835464477539,16.009552001953125,15.030317306518555
Wrong 15.044596672058105,15.784236907958984,14.660332679748535,13.337443351745605
Wrong 16.434965133666992,14.521174430847168,14.36235523223877,14.387444496154785
Correct 15.502303123474121,15.907649993896484,15.423789024353027,14.60422420501709
Correct 16.801679611206055,16.373241424560547,15.55025863647461,15.009422302246094
Wrong 15.074222564697266,14.084309577941895,16.487987518310547,14.091936111450195
Wrong 16.055238723754883,14.232317924499512,15.67203140258789,14.650979995727539
Wrong 15.622502326965332,14.92478084564209,13.669116973876953,14.275842666625977
Wrong 15.080302238464355,15.467046737670898,15.490028381347656,15.34314250946045
Wrong 17.059999465942383,16.321380615234375,15.706624031066895,17.3173828125
Wrong 17.187223434448242,14.393301010131836,16.734397888183594,14.748964309692383
Correct 13.700146675109863,15.294065475463867,13.711991310119629,13.016701698303223
Wrong 16.67430305480957,14.667377471923828,15.895256996154785,15.668939590454102
Wrong 16.208568572998047,13.174080848693848,13.867655754089355,14.693324089050293
Wrong 14.766911506652832,16.1575870513916,14.261100769042969,14.632535934448242
Correct 13.007041931152344,16.76593780517578,13.280754089355469,13.28928279876709
Wrong 17.474151611328125,14.264228820800781,15.048723220825195,14.946311950683594
Wrong 15.571111679077148,13.822800636291504,16.14921760559082,15.439920425415039
Correct 16.170934677124023,13.574920654296875,16.15666961669922,15.30899429321289
Correct 17.690404891967773,14.009482383728027,14.274588584899902,16.16192626953125
Correct 15.676307678222656,15.865458488464355,15.446548461914062,15.783638000488281
Correct 16.25872802734375,14.369746208190918,15.53405475616455,14.59537410736084
Wrong 15.938849449157715,15.478886604309082,16.667434692382812,14.996641159057617
Wrong 15.442635536193848,13.85988998413086,16.803659439086914,14.773174285888672
Wrong 15.800492286682129,14.73434066772461,16.105985641479492,15.336800575256348
Wrong 14.965456008911133,14.419574737548828,14.025726318359375,14.450666427612305
Wrong 14.966512680053711,15.244749069213867,15.289901733398438,15.081228256225586
Wrong 13.742074966430664,15.707210540771484,15.232439994812012,14.251206398010254
Wrong 14.580309867858887,15.368650436401367,14.896984100341797,13.948809623718262
Correct 14.071104049682617,16.447420120239258,13.568201065063477,13.935803413391113
Wrong 14.2223539352417,16.00930404663086,14.303560256958008,12.727301597595215
Correct 13.81856632232666,14.522884368896484,16.75548553466797,13.542671203613281
Correct 15.242942810058594,15.294440269470215,13.701080322265625,14.826200485229492
Correct 16.187358856201172,15.259573936462402,15.984166145324707,15.609173774719238
Wrong 15.134016036987305,14.746115684509277,14.726189613342285,15.83948040008545
Correct 13.840470314025879,16.31036949157715,13.38941478729248,13.075118064880371
Correct 15.743806838989258,15.228306770324707,16.51846694946289,15.646248817443848
Correct 15.277777671813965,13.963611602783203,16.13780975341797,16.06732749938965
Wrong 14.70296859741211,14.664097785949707,14.912091255187988,14.894068717956543
Correct 14.315730094909668,16.006933212280273,14.336847305297852,14.661076545715332
Wrong 16.69247055053711,14.895407676696777,15.409307479858398,15.8060884475708
Wrong 16.790761947631836,15.121594429016113,15.428563117980957,15.922365188598633
Wrong 15.309704780578613,15.591529846191406,15.21767520904541,14.226877212524414
Correct 15.574867248535156,16.395349502563477,15.948946952819824,14.954066276550293
Wrong 13.927223205566406,16.073169708251953,15.232239723205566,14.6752347946167
Correct 17.344348907470703,14.215498924255371,14.491851806640625,15.739532470703125
Wrong 15.419559478759766,14.068475723266602,17.452821731567383,13.432851791381836
Wrong 15.13901138305664,14.972777366638184,16.820297241210938,14.794737815856934
Correct 14.857770919799805,13.95567798614502,14.98635196685791,15.786893844604492
Correct 15.633745193481445,13.766463279724121,17.065582275390625,13.863618850708008
Wrong 16.097774505615234,17.05183219909668,14.655174255371094,15.84952163696289
Correct 15.583457946777344,16.474767684936523,14.974721908569336,14.927247047424316
Correct 16.107505798339844,15.094597816467285,16.71489143371582,15.359111785888672
Wrong 15.103689193725586,15.339702606201172,16.65113639831543,14.224955558776855
Wrong 14.992430686950684,14.790182113647461,14.962119102478027,14.518439292907715
Wrong 13.636460304260254,14.76636028289795,14.475756645202637,15.643305778503418
