grade confidence_levels
Correct 0.032606225460767746,0.0266124214977026,0.3451150357723236,0.2524915933609009
Correct 0.3959786295890808,0.04879412427544594,0.010069236159324646,0.013763017021119595
Correct 0.059538669884204865,0.03784507140517235,0.018734654411673546,0.47568246722221375
Correct 0.10398496687412262,0.05924883112311363,0.42432332038879395,0.07972801476716995
Correct 0.2373383641242981,0.022075898945331573,0.02242353931069374,0.04673468694090843
Correct 0.15794378519058228,0.1289099007844925,0.013800964690744877,0.036933306604623795
Correct 0.054959945380687714,0.26632821559906006,0.0333348847925663,0.020860441029071808
Correct 0.09171716123819351,0.234207883477211,0.04006823152303696,0.07485733926296234
Correct 0.018463701009750366,0.42023178935050964,0.04498958960175514,0.02059773914515972
Correct 0.1546483337879181,0.03910120949149132,0.1262202262878418,0.052616436034440994
Correct 0.5423650145530701,0.011982403695583344,0.034134674817323685,0.03206656873226166
Wrong 0.2842227518558502,0.1385190784931183,0.026853134855628014,0.2469368875026703
Correct 0.023954622447490692,0.008951185271143913,0.41802263259887695,0.06824034452438354
Correct 0.08585698902606964,0.20596015453338623,0.11920056492090225,0.0885823518037796
Correct 0.45029687881469727,0.0648714005947113,0.021060656756162643,0.046000707894563675
Wrong 0.021912530064582825,0.08399927616119385,0.0997515618801117,0.23558178544044495
Correct 0.02993691712617874,0.04091891646385193,0.024054978042840958,0.539000928401947
Correct 0.3018075227737427,0.020861677825450897,0.022556841373443604,0.0225568488240242
Correct 0.26474082469940186,0.10530659556388855,0.06190654635429382,0.1508447229862213
Correct 0.01165611669421196,0.02668110653758049,0.6669434309005737,0.008937051519751549
Correct 0.028769224882125854,0.37308481335639954,0.02137945592403412,0.2564172148704529
Correct 0.014808323234319687,0.024414772167801857,0.07288899272680283,0.011898810043931007
Correct 0.363962858915329,0.03385380655527115,0.017839698120951653,0.08378898352384567
Correct 0.04166446253657341,0.4919605851173401,0.042987022548913956,0.02373969368636608
Correct 0.08741072565317154,0.3917475938796997,0.02837809920310974,0.025043586269021034
Correct 0.3522557020187378,0.042070940136909485,0.06217680126428604,0.06936324387788773
Correct 0.04777000471949577,0.02054561674594879,0.0196047555655241,0.6004308462142944
Correct 0.03512534499168396,0.45551222562789917,0.07207248359918594,0.10163851827383041
Correct 0.05976942554116249,0.04878237098455429,0.5004429817199707,0.17026720941066742
Wrong 0.03191499784588814,0.025644421577453613,0.28004515171051025,0.2285662442445755
Correct 0.04041100665926933,0.03622419014573097,0.02231706492602825,0.5755649209022522
Correct 0.03785966709256172,0.03447160869836807,0.35363340377807617,0.027698718011379242
Correct 0.07581745833158493,0.06690865010023117,0.20289787650108337,0.3505762219429016
Correct 0.03170985355973244,0.025084558874368668,0.033754948526620865,0.4883353114128113
Correct 0.3090645670890808,0.03207012638449669,0.0156297255307436,0.025769073516130447
Wrong 0.1749652624130249,0.1722526252269745,0.14965559542179108,0.0893634781241417
Wrong 0.06247179955244064,0.08406496793031693,0.11855056136846542,0.16981589794158936
Correct 0.10340739041566849,0.2223607450723648,0.16524441540241241,0.06781618297100067
Correct 0.007065746933221817,0.32997214794158936,0.022454870864748955,0.03166646137833595
Wrong 0.03483531251549721,0.02843174710869789,0.01751628704369068,0.5119010210037231
Correct 0.013850223273038864,0.503735363483429,0.006542378105223179,0.015211491845548153
Correct 0.052854038774967194,0.08059275895357132,0.01770387776196003,0.24824318289756775
Correct 0.02451067604124546,0.43446195125579834,0.05108460411429405,0.025288719683885574
Correct 0.09318696707487106,0.2455148994922638,0.10234582424163818,0.07605697214603424
Correct 0.010469471104443073,0.016215436160564423,0.00742396479472518,0.7225874066352844
Correct 0.0051026614382863045,0.0058731213212013245,0.4813699424266815,0.027157044038176537
Wrong 0.3649686276912689,0.18934319913387299,0.014600577764213085,0.02369908057153225
Wrong 0.01838754117488861,0.01988167129456997,0.028479160740971565,0.7344874739646912
Correct 0.021209781989455223,0.018717564642429352,0.005889741238206625,0.7714040279388428
Wrong 0.1286212056875229,0.22573721408843994,0.060756340622901917,0.12273118644952774
Correct 0.0851021260023117,0.05494604632258415,0.19786830246448517,0.0949382558465004
Correct 0.019809603691101074,0.5524106621742249,0.05138217285275459,0.02108720876276493
Correct 0.0299385879188776,0.09366954118013382,0.18339602649211884,0.27104178071022034
Correct 0.007998168468475342,0.041257672011852264,0.01590624824166298,0.018024148419499397
Wrong 0.054935067892074585,0.1338576078414917,0.1424906700849533,0.18012511730194092
Correct 0.04770384728908539,0.07623052597045898,0.0631973147392273,0.16392140090465546
Correct 0.06805220991373062,0.08081397414207458,0.07021238654851913,0.25284454226493835
Correct 0.06002267450094223,0.09591592848300934,0.3295891284942627,0.05551188811659813
Correct 0.061261069029569626,0.05078719183802605,0.11267628520727158,0.08913429826498032
Correct 0.09397178143262863,0.14783833920955658,0.10003241151571274,0.1032077968120575
Correct 0.02183653600513935,0.015484420582652092,0.48170599341392517,0.0877252072095871
Correct 0.015492521226406097,0.044134072959423065,0.016751402989029884,0.5905073881149292
Correct 0.08700265735387802,0.3036690354347229,0.05276975408196449,0.04957260936498642
Wrong 0.061378657817840576,0.06847283244132996,0.140497088432312,0.45353028178215027
Correct 0.07518084347248077,0.06430556625127792,0.09356402605772018,0.3531069755554199
Correct 0.0375208780169487,0.00798865593969822,0.5428168773651123,0.018286213278770447
Wrong 0.11937654763460159,0.09297049790620804,0.17642691731452942,0.12125638872385025
Correct 0.3632010817527771,0.04475513845682144,0.023218655958771706,0.025500711053609848
Wrong 0.23723407089710236,0.052113380283117294,0.018581591546535492,0.038727372884750366
Correct 0.07316108793020248,0.45522341132164,0.04950324073433876,0.08963879942893982
Correct 0.158835306763649,0.06123644858598709,0.020193632692098618,0.038320790976285934
Wrong 0.04416078329086304,0.2705175280570984,0.2924991250038147,0.01899331621825695
Correct 0.017299935221672058,0.046297021210193634,0.5910805463790894,0.10433193296194077
Correct 0.17957033216953278,0.2738119959831238,0.11961956322193146,0.08482299000024796
Correct 0.2800183892250061,0.0268725398927927,0.008195659145712852,0.015552632510662079
Correct 0.028089918196201324,0.5218006372451782,0.0360681526362896,0.04151420295238495
Correct 0.42521724104881287,0.04144946485757828,0.020200850442051888,0.03436281532049179
Wrong 0.03382950276136398,0.504949152469635,0.05577536299824715,0.03278866037726402
Wrong 0.031230498105287552,0.05396144837141037,0.36875954270362854,0.10731515288352966
Correct 0.027568655088543892,0.5121175050735474,0.009677504189312458,0.06510844081640244
Correct 0.0599852129817009,0.3398393392562866,0.07946746796369553,0.06286395341157913
Correct 0.2425418645143509,0.020222565159201622,0.042147424072027206,0.011343828402459621
Correct 0.45912855863571167,0.11791390180587769,0.028006989508867264,0.020172689110040665
Correct 0.024678343906998634,0.5114122629165649,0.0271038506180048,0.021778563037514687
Wrong 0.034649208188056946,0.027841415256261826,0.5012722015380859,0.010567410849034786
Wrong 0.10371638089418411,0.13317438960075378,0.09297069907188416,0.09297072142362595
Correct 0.010226731188595295,0.01071751955896616,0.6132383942604065,0.012927797622978687
Correct 0.025261325761675835,0.6120257377624512,0.012120509520173073,0.04646267741918564
Correct 0.12757742404937744,0.26177188754081726,0.04693310335278511,0.0715644434094429
Correct 0.02112824283540249,0.020800674334168434,0.45885536074638367,0.03650632128119469
Correct 0.03196970373392105,0.0487479642033577,0.03196968510746956,0.3383779227733612
Correct 0.049945734441280365,0.11981355398893356,0.05316692963242531,0.1689642071723938
Wrong 0.10624444484710693,0.0741705596446991,0.09376034140586853,0.16455458104610443
Correct 0.06114897131919861,0.4661758244037628,0.05149257555603981,0.043361105024814606
Correct 0.037082795053720474,0.019848989322781563,0.6079104542732239,0.016977744176983833
Wrong 0.05318167805671692,0.174375981092453,0.37496718764305115,0.053181666880846024
Wrong 0.5162923336029053,0.1784258484840393,0.01054917462170124,0.006398400291800499
Correct 0.023727893829345703,0.23227007687091827,0.2359277307987213,0.04573669284582138
Correct 0.04848865419626236,0.019287453964352608,0.01898842118680477,0.49742990732192993
Wrong 0.183437779545784,0.195268452167511,0.10783745348453522,0.11479239165782928
Correct 0.03150303289294243,0.37783536314964294,0.02531338483095169,0.11344674974679947
Correct 0.17395061254501343,0.037036217749118805,0.286795973777771,0.05647348240017891
Correct 0.3269352912902832,0.06852934509515762,0.07070468366146088,0.09664186835289001
Correct 0.05472305417060852,0.30048853158950806,0.014960439875721931,0.025448570027947426
Correct 0.03439776226878166,0.05163713917136192,0.5215165019035339,0.031812720000743866
Wrong 0.02713434211909771,0.14899680018424988,0.03273024037480354,0.058347996324300766
Correct 0.02012215554714203,0.0166818555444479,0.036436501890420914,0.666354238986969
Correct 0.4487256407737732,0.009913626126945019,0.06265593320131302,0.0038822314236313105
Correct 0.011180215515196323,0.3532834053039551,0.12401410937309265,0.010502839460968971
Correct 0.012992252595722675,0.5880740880966187,0.008388424292206764,0.01518948096781969
Correct 0.04959138110280037,0.14805248379707336,0.33889544010162354,0.031033487990498543
Correct 0.08442852646112442,0.09567002952098846,0.3236473798751831,0.07335275411605835
Wrong 0.03994544595479965,0.14611433446407318,0.02702842466533184,0.45715129375457764
Correct 0.07906634360551834,0.13035832345485687,0.031945668160915375,0.1597183495759964
Correct 0.022121498361229897,0.6566655039787292,0.008011871948838234,0.007526461035013199
Correct 0.03489145264029503,0.48166152834892273,0.04015979543328285,0.028926022350788116
Correct 0.06443043053150177,0.4403020441532135,0.021921342238783836,0.08945279568433762
Correct 0.002040024846792221,0.16205918788909912,0.015311227180063725,0.0039941733703017235
Correct 0.015930775552988052,0.00996922142803669,0.6264863610267639,0.0446789413690567
Correct 0.013196964748203754,0.06198307126760483,0.635864794254303,0.10219283401966095,0.021758127957582474
Correct 0.25217965245246887,0.027423253282904625,0.008903026580810547,0.020379234105348587
Wrong 0.2907401919364929,0.0820070207118988,0.040596410632133484,0.13520671427249908
Correct 0.111669160425663,0.13681988418102264,0.07674898952245712,0.3333824574947357
Wrong 0.039357881993055344,0.2908174693584442,0.0297088660299778,0.05379582941532135
Wrong 0.10006968677043915,0.17022423446178436,0.18695470690727234,0.12070704996585846
Wrong 0.0688738152384758,0.22582852840423584,0.018249740824103355,0.19016669690608978
Correct 0.043764661997556686,0.3900701105594635,0.05532369762659073,0.05446599796414375
Correct 0.019800322130322456,0.03585373982787132,0.012390716932713985,0.5877624154090881
Correct 0.029276074841618538,0.03215346857905388,0.020437980070710182,0.7092941403388977
Wrong 0.09830602258443832,0.08675471693277359,0.0909181460738182,0.0422808863222599
Wrong 0.04414274916052818,0.012451032176613808,0.011515318416059017,0.3873401880264282
Correct 0.09245896339416504,0.07314105331897736,0.03454936668276787,0.40794798731803894
Correct 0.06367116421461105,0.31833574175834656,0.05196687579154968,0.13907058537006378
Wrong 0.0720384418964386,0.15250533819198608,0.0635736733675003,0.10159045457839966
Wrong 0.022723639383912086,0.0431218259036541,0.06372988969087601,0.016886761412024498
Wrong 0.025250783190131187,0.02299109846353531,0.6512260437011719,0.058709822595119476
Wrong 0.17498385906219482,0.18338149785995483,0.009718859568238258,0.02856532670557499
Correct 0.03748878091573715,0.05370019003748894,0.08993087708950043,0.4786245822906494
Correct 0.186136856675148,0.0567685067653656,0.04561477154493332,0.05588839203119278
Correct 0.041788388043642044,0.4782427251338959,0.036878105252981186,0.030099041759967804
Correct 0.1099940612912178,0.11708804219961166,0.30848583579063416,0.07442569732666016
Wrong 0.03396610915660858,0.1079440638422966,0.07303857803344727,0.3222614824771881
Correct 0.15886452794075012,0.02593390643596649,0.2921963036060333,0.0195759404450655
Correct 0.2712337374687195,0.05510446056723595,0.07650493085384369,0.04640259966254234
Correct 0.04457295686006546,0.29065215587615967,0.06903591752052307,0.042531803250312805
Correct 0.0503789559006691,0.027821896597743034,0.47798192501068115,0.019121695309877396
Correct 0.033208105713129044,0.027964022010564804,0.5276422500610352,0.05306639149785042
Wrong 0.0928555279970169,0.09580305963754654,0.05458692088723183,0.3141261637210846
Correct 0.11307799816131592,0.19235211610794067,0.05685916543006897,0.11132486909627914
Wrong 0.2769116461277008,0.08058586716651917,0.11725172400474548,0.14592215418815613
Correct 0.006242554169148207,0.006542140617966652,0.6673160791397095,0.049874719232320786
Correct 0.26129382848739624,0.04470209404826164,0.15360663831233978,0.062062714248895645
Correct 0.10126496106386185,0.020254261791706085,0.032875895500183105,0.31191790103912354
Wrong 0.39246153831481934,0.03122403472661972,0.01724354736506939,0.023940300568938255
Correct 0.6253538727760315,0.03162483125925064,0.016152380034327507,0.028348315507173538
Correct 0.032602328807115555,0.022059839218854904,0.008115357719361782,0.5514264702796936
Correct 0.10773500055074692,0.06433150172233582,0.07065430283546448,0.3532494008541107
Correct 0.45681530237197876,0.029203219339251518,0.03257853537797928,0.023101646453142166
Wrong 0.043349336832761765,0.013220801018178463,0.11600874364376068,0.014295089989900589
Correct 0.024820497259497643,0.4985330104827881,0.014364996924996376,0.09664501249790192
Correct 0.06336914747953415,0.06336914747953415,0.07886416465044022,0.3646642565727234
Correct 0.0301306564360857,0.4224908947944641,0.013580945320427418,0.05045934394001961
Wrong 0.20721732079982758,0.2619471549987793,0.046964533627033234,0.10583622753620148
Correct 0.02932009845972061,0.49591177701950073,0.03427865356206894,0.022131968289613724
Wrong 0.11366277933120728,0.12679997086524963,0.16798262298107147,0.29024800658226013
Correct 0.00784088671207428,0.013761177659034729,0.013761172071099281,0.47017332911491394
Correct 0.06390856951475143,0.4039144814014435,0.10536736249923706,0.03698743134737015
Correct 0.030544675886631012,0.3550700545310974,0.032010532915592194,0.1246413141489029
Wrong 0.1620708703994751,0.10301846265792847,0.03141884505748749,0.12622085213661194
Wrong 0.005892859306186438,0.04422835260629654,0.07067664712667465,0.013917073607444763
Correct 0.033062901347875595,0.4858556389808655,0.051208797842264175,0.037465162575244904
Wrong 0.05702576786279678,0.3281605839729309,0.12262463569641113,0.04237794503569603
Wrong 0.02177283726632595,0.018623290583491325,0.5193290710449219,0.06812116503715515
Correct 0.1059943288564682,0.301949679851532,0.17750702798366547,0.13824263215065002
Correct 0.21007665991783142,0.027556052431464195,0.01923721842467785,0.019540170207619667
Correct 0.44764450192451477,0.04295913130044937,0.03345659002661705,0.0518185980618
Correct 0.01669640839099884,0.02211914397776127,0.597836971282959,0.05648321285843849
Correct 0.04599198326468468,0.28617167472839355,0.1555888056755066,0.07123376429080963
Correct 0.035488277673721313,0.018125634640455246,0.1219458058476448,0.013469829224050045
Correct 0.0065018124878406525,0.6427980065345764,0.018234776332974434,0.009460078552365303
Wrong 0.09327743202447891,0.22728462517261505,0.18262828886508942,0.11076968908309937
Wrong 0.07322977483272552,0.07918024063110352,0.06070956960320473,0.09257107228040695
Wrong 0.26530787348747253,0.08748923987150192,0.054749343544244766,0.2002648413181305
Wrong 0.11561370640993118,0.3398074805736542,0.0723491683602333,0.0399550162255764
Wrong 0.0805015116930008,0.03572230041027069,0.08569332957267761,0.014891273342072964
Wrong 0.3799833059310913,0.15840056538581848,0.11058138310909271,0.03881773352622986
Correct 0.15095579624176025,0.13115264475345612,0.06099162623286247,0.1157417893409729
Correct 0.197022944688797,0.06916153430938721,0.15831229090690613,0.11764772236347198
Correct 0.02801486849784851,0.016728436574339867,0.012049033306539059,0.5896976590156555
Wrong 0.17956820130348206,0.24163533747196198,0.02212713286280632,0.041989926248788834
Correct 0.015496180392801762,0.017559468746185303,0.2386428266763687,0.27900180220603943
Correct 0.05777313932776451,0.09827540814876556,0.09525176882743835,0.2980164885520935
Correct 0.032243356108665466,0.4314112961292267,0.06513334810733795,0.04407143592834473
Correct 0.058189649134874344,0.43673741817474365,0.07355855405330658,0.10536780953407288
Wrong 0.015051060356199741,0.10447503626346588,0.03391806781291962,0.4132067859172821
Correct 0.03444584459066391,0.3761594593524933,0.03842709958553314,0.2505762279033661
Correct 0.026592744514346123,0.033616356551647186,0.6442824006080627,0.026180449873209
Wrong 0.16833266615867615,0.15813389420509338,0.17367605865001678,0.021401096135377884
Correct 0.055278901010751724,0.04172670468688011,0.08561760932207108,0.43480217456817627
Correct 0.06407642364501953,0.055670544505119324,0.2962861955165863,0.04836741089820862
Correct 0.03847343102097511,0.09229294210672379,0.29792520403862,0.026858780533075333
Correct 0.15973211824893951,0.03194841369986534,0.015815608203411102,0.032451532781124115
Correct 0.13180281221866608,0.018693609163165092,0.04019755870103836,0.18299002945423126
Correct 0.05103117972612381,0.11500050872564316,0.27587178349494934,0.12051951140165329
Correct 0.3205839991569519,0.13574378192424774,0.021816005930304527,0.032749708741903305
Wrong 0.4274912476539612,0.03454658016562462,0.014401151798665524,0.029091138392686844
Correct 0.011468085460364819,0.5439965128898621,0.017762107774615288,0.007881890051066875
Wrong 0.015589953400194645,0.4627799093723297,0.03739834204316139,0.039193131029605865
Correct 0.02972269430756569,0.07356435805559158,0.024258945137262344,0.6354990601539612
Correct 0.04788210988044739,0.029041962698101997,0.06443238258361816,0.6113176941871643
Correct 0.01674484647810459,0.018390610814094543,0.5459158420562744,0.06940542906522751
Wrong 0.014673953875899315,0.021686693653464317,0.6852773427963257,0.015866326168179512
Correct 0.07138262689113617,0.13129271566867828,0.05304704234004021,0.08345473557710648
Correct 0.13535499572753906,0.31966567039489746,0.04677741602063179,0.031160486862063408
Correct 0.04265037178993225,0.09462396800518036,0.527769923210144,0.02078612707555294
Wrong 0.01515062153339386,0.016639692708849907,0.020708421245217323,0.009189317934215069
Correct 0.5045158267021179,0.030298525467514992,0.014766317792236805,0.014537390321493149
Wrong 0.3190232515335083,0.059013355523347855,0.026599396020174026,0.05289922654628754
Correct 0.05450959876179695,0.008898447267711163,0.4091170132160187,0.01797535829246044
Correct 0.025686174631118774,0.07432537525892258,0.24754123389720917,0.06066260486841202
Correct 0.1132730022072792,0.42086026072502136,0.026076914742588997,0.04505687952041626
Correct 0.18390986323356628,0.11690019071102142,0.07909860461950302,0.13246527314186096
Correct 0.06992987543344498,0.09264202415943146,0.38399040699005127,0.12466345727443695
Correct 0.03157723695039749,0.44974738359451294,0.02875138819217682,0.023102395236492157
Correct 0.008044291287660599,0.600318968296051,0.009115359745919704,0.004305791575461626
Wrong 0.22672201693058014,0.15582358837127686,0.12326657772064209,0.13967934250831604
Wrong 0.5774766802787781,0.011084446683526039,0.005487197544425726,0.009189329110085964
Wrong 0.020123178139328957,0.08472169935703278,0.04534824192523956,0.006635921075940132
Wrong 0.041652727872133255,0.23597867786884308,0.2216814011335373,0.06252813339233398
Correct 0.014365126378834248,0.02405705116689205,0.4908078610897064,0.048596590757369995
Correct 0.5793775320053101,0.029761161655187607,0.025456061586737633,0.026677733287215233
Correct 0.28512564301490784,0.06462197005748749,0.05192520469427109,0.047278452664613724
Wrong 0.08788223564624786,0.25830018520355225,0.15666693449020386,0.19497521221637726
Wrong 0.010942800901830196,0.008131999522447586,0.017215440049767494,0.7206702828407288
Correct 0.056294649839401245,0.0554218627512455,0.045233987271785736,0.1578821837902069
Correct 0.024449486285448074,0.3537122905254364,0.02562282606959343,0.02191637083888054
Correct 0.053189098834991455,0.1108555868268013,0.17440028488636017,0.21704469621181488
Correct 0.27140405774116516,0.066510409116745,0.0436185859143734,0.11491967737674713
Wrong 0.33578652143478394,0.01698109321296215,0.31055164337158203,0.035391632467508316
Wrong 0.48437896370887756,0.05105315148830414,0.0309652928262949,0.02488131821155548
Correct 0.05595215782523155,0.0997454822063446,0.02602015808224678,0.16967278718948364
Wrong 0.08746884763240814,0.04681869596242905,0.07840653508901596,0.3799472749233246
Correct 0.025052905082702637,0.04261641576886177,0.4440731108188629,0.03371236100792885
Correct 0.17055067420005798,0.2520574629306793,0.04662592336535454,0.025749288499355316
Wrong 0.0739550068974495,0.48224714398384094,0.008971757255494595,0.02720652148127556
Correct 0.01827893778681755,0.026595691218972206,0.5177534222602844,0.0806504413485527
Correct 0.011547152884304523,0.009134546853601933,0.6110557913780212,0.013084634207189083
Correct 0.035032983869314194,0.359392374753952,0.03091648779809475,0.06148478761315346
Correct 0.359404593706131,0.03091753087937832,0.03291153535246849,0.0542619526386261
Correct 0.060095567256212234,0.05824660882353783,0.07961364835500717,0.26515400409698486
Correct 0.04934794083237648,0.013281816616654396,0.01962924562394619,0.005802394822239876
Correct 0.023079155012965202,0.06890162080526352,0.3724784255027771,0.03010088950395584
Wrong 0.06324940919876099,0.2621614634990692,0.3814426362514496,0.02595750242471695
Correct 0.02369152382016182,0.0299488827586174,0.5145238637924194,0.03238246962428093
Wrong 0.07116879522800446,0.045237623155117035,0.46407851576805115,0.09282157570123672
Wrong 0.029369061812758446,0.03830447047948837,0.030301321297883987,0.44527480006217957
Correct 0.012801740318536758,0.21316802501678467,0.025459282100200653,0.3920759856700897
Correct 0.04637853428721428,0.3823022246360779,0.09368718415498734,0.11659559607505798
Correct 0.03575949743390083,0.4565465450286865,0.08185426890850067,0.03689461946487427
Wrong 0.021787283942103386,0.325203537940979,0.014066919684410095,0.013634131290018559
Correct 0.11920060217380524,0.14604760706424713,0.23338332772254944,0.041843343526124954
Correct 0.021981406956911087,0.49253809452056885,0.018223218619823456,0.04171336814761162
Correct 0.029975038021802902,0.4404797852039337,0.019658096134662628,0.0350443534553051
Wrong 0.027903147041797638,0.13311836123466492,0.05636582523584366,0.015170668251812458
Correct 0.026474175974726677,0.0423056036233902,0.05023913085460663,0.3712198734283447
Wrong 0.0370074063539505,0.41696104407310486,0.1793326735496521,0.08210449665784836
Wrong 0.05792441964149475,0.11701051145792007,0.12651850283145905,0.2118786722421646
Correct 0.023949898779392242,0.02800026535987854,0.031236540526151657,0.6274028420448303
Wrong 0.2178908735513687,0.09518945217132568,0.08667095005512238,0.08532726764678955
Wrong 0.1359235644340515,0.06321031600236893,0.03774459660053253,0.3111320734024048
Correct 0.14449481666088104,0.11979037523269653,0.09184643626213074,0.2382315993309021
Correct 0.13148340582847595,0.09470394253730774,0.06407984346151352,0.20685242116451263
Correct 0.010355938225984573,0.013506688177585602,0.531157910823822,0.006183813791722059
Wrong 0.08858269453048706,0.16810037195682526,0.10195799171924591,0.06088191270828247
Wrong 0.04650901257991791,0.2804851830005646,0.028209129348397255,0.03978125751018524
Wrong 0.31117790937423706,0.2877924144268036,0.03491316735744476,0.02437332458794117
Wrong 0.1763070523738861,0.1876777857542038,0.02312643453478813,0.05293695256114006
Correct 0.14719372987747192,0.125901460647583,0.20118992030620575,0.1495116651058197
Correct 0.03372441977262497,0.05647775158286095,0.282370924949646,0.038816556334495544
Wrong 0.12048543244600296,0.06550677865743637,0.15230776369571686,0.08814899623394012
Correct 0.054699599742889404,0.034769173711538315,0.029278576374053955,0.5524463057518005
Wrong 0.19096936285495758,0.014272901229560375,0.058242350816726685,0.007882248610258102
Correct 0.1574716866016388,0.008746212348341942,0.013129615224897861,0.3548678755760193
Wrong 0.5880336165428162,0.04826871678233147,0.022800523787736893,0.029737496748566628
Wrong 0.41065365076065063,0.08881006389856339,0.01748773269355297,0.05645110458135605
Correct 0.022190194576978683,0.015491249971091747,0.529283881187439,0.020204398781061172
Wrong 0.14972612261772156,0.2078740894794464,0.054227184504270554,0.08665481209754944
Wrong 0.2805928587913513,0.06561336666345596,0.0570058673620224,0.04439622908830643
Correct 0.06478681415319443,0.05287744477391243,0.5176123976707458,0.07937844842672348
Wrong 0.11978089809417725,0.23451954126358032,0.05570327118039131,0.08493735641241074
Wrong 0.046309709548950195,0.4677113890647888,0.14264389872550964,0.10600396245718002
Correct 0.0099533936008811,0.20306746661663055,0.05909598618745804,0.38535431027412415
Wrong 0.055995307862758636,0.05178717151284218,0.06754318624734879,0.21132396161556244
Wrong 0.10637611895799637,0.10310321301221848,0.07543192058801651,0.10975281894207001
Wrong 0.11476738750934601,0.1320963352918625,0.05954045057296753,0.05092768743634224
Correct 0.0075620198622345924,0.02723187394440174,0.6914306282997131,0.012274368666112423
Correct 0.02465544268488884,0.04129008203744888,0.47998130321502686,0.020123181864619255
Wrong 0.1279871016740799,0.22114184498786926,0.08660037070512772,0.05768829956650734
Wrong 0.03333969786763191,0.05004880204796791,0.03333968296647072,0.41255664825439453
Wrong 0.02572404220700264,0.42834365367889404,0.05981014668941498,0.034615468233823776
Correct 0.48352259397506714,0.030431343242526054,0.029495052993297577,0.07186920195817947
Correct 0.33290255069732666,0.009592435322701931,0.048714376986026764,0.039759524166584015
Correct 0.008732020854949951,0.010369530878961086,0.012314118444919586,0.30304211378097534
Correct 0.056194547563791275,0.01585039310157299,0.1626041829586029,0.014890064485371113
Wrong 0.0807192474603653,0.2605648636817932,0.17088258266448975,0.03312710300087929
Wrong 0.31933915615081787,0.014030780643224716,0.028342943638563156,0.0563666895031929
Correct 0.2812791168689728,0.16026796400547028,0.12481679022312164,0.15055783092975616
Wrong 0.022126683965325356,0.5445224642753601,0.0760323628783226,0.05562647432088852
Correct 0.03185173124074936,0.6009979248046875,0.023670189082622528,0.016016053035855293
Correct 0.02439587563276291,0.42572301626205444,0.016507070511579514,0.048516981303691864
Wrong 0.02584589645266533,0.09907742589712143,0.2822452187538147,0.006534865591675043
Correct 0.023829275742173195,0.13928745687007904,0.01827053539454937,0.559567928314209
Wrong 0.09097287058830261,0.22166918218135834,0.11681143939495087
Wrong 0.19411027431488037,0.0573788620531559,0.03269348293542862,0.08091716468334198
Wrong 0.09757708758115768,0.16341084241867065,0.12529140710830688,0.14420954883098602
Correct 0.02683192677795887,0.5736919045448303,0.028562424704432487,0.06046667695045471
Wrong 0.21628007292747498,0.14407359063625336,0.03214713931083679,0.06196527183055878
Correct 0.018131103366613388,0.022564517334103584,0.02022668533027172,0.4603574872016907
Wrong 0.03039703704416752,0.012870915234088898,0.36457037925720215,0.06850077211856842
Wrong 0.016348058357834816,0.5165820717811584,0.02532036229968071,0.01420343853533268
Wrong 0.38396328687667847,0.10662273317575455,0.018240995705127716,0.016608620062470436
Wrong 0.05055629462003708,0.49489089846611023,0.06697618961334229,0.044615764170885086
Wrong 0.038546301424503326,0.236124649643898,0.12638838589191437,0.2804049551486969
Correct 0.10336269438266754,0.32339322566986084,0.04047740250825882,0.0495939627289772
Wrong 0.07029906660318375,0.07029902935028076,0.05561109259724617,0.08613217622041702
Wrong 0.056314658373594284,0.4161119759082794,0.02967570349574089,0.04184946417808533
Wrong 0.029691720381379128,0.22992269694805145,0.059049010276794434,0.2409568727016449
Wrong 0.05051784962415695,0.2093905359506607,0.018012678250670433,0.05906131863594055
Correct 0.032802339643239975,0.040823161602020264,0.32615551352500916,0.033843591809272766
Correct 0.03787420690059662,0.04713519290089607,0.00689740153029561,0.24697080254554749
Wrong 0.06969963014125824,0.04865817725658417,0.22150488197803497,0.10795287787914276
Correct 0.01564290188252926,0.017725730314850807,0.5344652533531189,0.14384940266609192
Wrong 0.06547297537326813,0.2756514251232147,0.06547293812036514,0.05179336667060852
Correct 0.2560458779335022,0.026568636298179626,0.03519771248102188,0.037467774003744125
Correct 0.208444744348526,0.10318759828805923,0.11332936584949493,0.16233687102794647
Correct 0.010295440442860126,0.022138671949505806,0.744676947593689,0.02755201980471611
Correct 0.12674421072006226,0.09567152708768845,0.027410345152020454,0.17873792350292206
Correct 0.02124098688364029,0.19230012595653534,0.023696022108197212,0.3706682026386261
Wrong 0.30685219168663025,0.05676194280385971,0.10440116375684738,0.22449781000614166
Correct 0.0666675791144371,0.09112375974655151,0.07554423063993454,0.1959468573331833
Wrong 0.0535065121948719,0.17272111773490906,0.17544104158878326,0.13663363456726074
Correct 0.29982829093933105,0.08196847140789032,0.07011133432388306,0.13514316082000732
Correct 0.08913783729076385,0.040177565068006516,0.5997023582458496,0.04276879504323006
Wrong 0.11899785697460175,0.18430741131305695,0.1117880642414093,0.09123877435922623
Correct 0.036541648209095,0.5286504030227661,0.044771745800971985,0.038295309990644455
Correct 0.4195665121078491,0.03964032605290413,0.012669803574681282,0.06535583734512329
Correct 0.0368107445538044,0.020648948848247528,0.3896169364452362,0.04171203076839447
Correct 0.023487575352191925,0.024233145639300346,0.7193486094474792,0.0182921402156353
Correct 0.0837731584906578,0.1199994832277298,0.025951702147722244,0.05324945226311684
Correct 0.05366918817162514,0.038656458258628845,0.34996697306632996,0.13077312707901
Wrong 0.1807814985513687,0.3887411653995514,0.02645416371524334,0.014159895479679108
Wrong 0.030086427927017212,0.05983400717377663,0.5168867111206055,0.04807797074317932
Wrong 0.023187793791294098,0.03071882389485836,0.4240601360797882,0.04133669659495354
Wrong 0.1779373586177826,0.03240477293729782,0.032915059477090836,0.0229784082621336
Wrong 0.030760198831558228,0.029813800007104874,0.022859027609229088,0.4663662612438202
Wrong 0.024399740621447563,0.054133184254169464,0.045584697276353836,0.6292774677276611
Correct 0.34011366963386536,0.03937100991606712,0.06291467696428299,0.03937100991606712
Correct 0.13086888194084167,0.2026936262845993,0.16034382581710815,0.1051560640335083
Correct 0.0978413075208664,0.054883960634469986,0.09632428735494614,0.05662614852190018
Correct 0.011348436586558819,0.40004613995552063,0.05247459188103676,0.15184032917022705
Correct 0.3726305365562439,0.03412267938256264,0.03466002643108368,0.03466003015637398
Wrong 0.029650535434484482,0.100306436419487,0.054535649716854095,0.44954222440719604
Wrong 0.034796591848134995,0.02211805433034897,0.3799896538257599,0.02211805433034897
Wrong 0.028022633865475655,0.43155166506767273,0.2617492079734802,0.025119321420788765
Correct 0.3126264214515686,0.05348404496908188,0.028184104710817337,0.06761017441749573
Wrong 0.12360171973705292,0.10907810926437378,0.10572211444377899,0.12554813921451569
Correct 0.08509577810764313,0.27901825308799744,0.0824776217341423,0.09794462472200394
Correct 0.04582108184695244,0.47746655344963074,0.03981003165245056,0.04043695330619812
Correct 0.13497509062290192,0.08446524292230606,0.11189824342727661,0.09276692569255829
Wrong 0.011408286169171333,0.038593731820583344,0.6037073731422424,0.13470536470413208
Correct 0.04910063371062279,0.030726388096809387,0.45152080059051514,0.06607210636138916
Wrong 0.14013667404651642,0.011149199679493904,0.028918808326125145,0.007905964739620686
Correct 0.025219464674592018,0.04785811901092529,0.07529133558273315,0.19226326048374176
Correct 0.12258521467447281,0.3717349171638489,0.08425145596265793,0.13254617154598236
Correct 0.5477386713027954,0.07297910004854202,0.017334051430225372,0.03138791769742966
Correct 0.270839661359787,0.06433004885911942,0.05250464379787445,0.08260141313076019
Wrong 0.12440109997987747,0.11151241511106491,0.19571034610271454,0.24740108847618103
Wrong 0.03931161016225815,0.4941157102584839,0.059013690799474716,0.06481386721134186
Wrong 0.014700393192470074,0.18190760910511017,0.3242852985858917,0.2565309405326843
Wrong 0.10339368134737015,0.011783132329583168,0.06887500733137131,0.5502752065658569
Wrong 0.28682106733322144,0.01722494699060917,0.35695451498031616,0.084784135222435
Correct 0.061560701578855515,0.36550265550613403,0.14767639338970184,0.06975740194320679
Correct 0.13770610094070435,0.08483822643756866,0.3055140972137451
Wrong 0.10817506164312363,0.09696746617555618,0.04236193373799324,0.3081619441509247
Correct 0.261260449886322,0.02430100180208683,0.01618795096874237,0.0446963794529438
Correct 0.5947525501251221,0.01853008195757866,0.011064814403653145,0.051163189113140106
Correct 0.08525130897760391,0.17221233248710632,0.09812361001968384,0.23538635671138763
Wrong 0.030353955924510956,0.04926931858062744,0.3366946578025818,0.06425931304693222
Wrong 0.08181287348270416,0.07806635648012161,0.24809430539608002,0.12474968284368515
Correct 0.3089103698730469,0.04115831479430199,0.030586250126361847,0.10510142892599106
Correct 0.060967423021793365,0.1231575682759285,0.3048178553581238,0.08204063028097153
Wrong 0.05849572271108627,0.2834620773792267,0.23499825596809387,0.09494791179895401
Correct 0.03759137541055679,0.2956790328025818,0.10059970617294312,0.046057913452386856
Correct 0.14517800509929657,0.5310389399528503,0.040314462035894394,0.05424904450774193
Wrong 0.14601528644561768,0.07694461941719055,0.12885798513889313,0.06086821109056473
Correct 0.030758559703826904,0.05151088163256645,0.45911142230033875,0.0254997368901968
Correct 0.0962923914194107,0.04408585652709007,0.044780097901821136,0.3929329514503479
Correct 0.0720297172665596,0.3228146731853485,0.02820722572505474,0.10812936723232269
Wrong 0.18203411996364594,0.3096504807472229,0.13527622818946838,0.10371990501880646
Correct 0.40779757499694824,0.016831813380122185,0.01036977581679821,0.024110455065965652
Correct 0.152858167886734,0.1458582580089569,0.0722050592303276,0.29464176297187805
Correct 0.10284379869699478,0.03287085145711899,0.48303353786468506,0.04857996851205826
Wrong 0.037578288465738297,0.06595192849636078,0.10375691950321198,0.24889995157718658
Correct 0.023558104410767555,0.02111734263598919,0.004290247801691294,0.6672866344451904
Correct 0.08500738441944122,0.4524208903312683,0.04919847846031189,0.04341752454638481
Correct 0.025342581793665886,0.035738758742809296,0.017417674884200096,0.6139943599700928
Wrong 0.1250602900981903,0.4946229159832001,0.025013618171215057,0.022074446082115173
Correct 0.026196274906396866,0.021380769088864326,0.5962241291999817,0.023118121549487114
Correct 0.3583366274833679,0.1075921356678009,0.042797185480594635,0.024385107681155205
Wrong 0.1403515785932541,0.23874609172344208,0.04084462672472,0.033861398696899414
Wrong 0.028398694470524788,0.019518118351697922,0.07841125875711441,0.44423022866249084
Correct 0.05472606047987938,0.0860961377620697,0.3052372634410858,0.127241849899292
Wrong 0.027374347671866417,0.4487568140029907,0.037416279315948486,0.036265112459659576
Correct 0.03861553966999054,0.009763536043465137,0.5946834087371826,0.02416498214006424
Correct 0.0379873663187027,0.276339054107666,0.32307296991348267,0.0626305639743805
Wrong 0.3471687436103821,0.03716754540801048,0.0322917141020298,0.052414633333683014
Correct 0.03640428185462952,0.034737199544906616,0.027912119403481483,0.6554428935050964
Wrong 0.043451882898807526,0.13384118676185608,0.07868113368749619,0.2539859414100647
Correct 0.2806858718395233,0.16500666737556458,0.07794363051652908,0.08560433238744736
Correct 0.03678889200091362,0.05269762501120567,0.08964166790246964,0.23251283168792725
Correct 0.08850295096635818,0.1505485475063324,0.12877097725868225,0.09275026619434357
Correct 0.3087368309497833,0.07333141565322876,0.027401939034461975,0.0182536318898201
Wrong 0.025958439335227013,0.5464112758636475,0.02118665538728237,0.00743721891194582
Wrong 0.04648289084434509,0.49973806738853455,0.028637263923883438,0.02265394665300846
Correct 0.018981071189045906,0.00816365797072649,0.7012165188789368,0.020523428916931152
Correct 0.14704985916614532,0.0751057043671608,0.10758393257856369,0.3874247074127197
Wrong 0.2537752091884613,0.042080044746398926,0.028031347319483757,0.0823887288570404
Correct 0.10519907623529434,0.027442818507552147,0.1137472614645958,0.4096197783946991
Correct 0.0638965293765068,0.2566952705383301,0.1139078214764595,0.12707336246967316
Wrong 0.01838054694235325,0.5629370212554932,0.021489029750227928,0.01080536562949419
Wrong 0.0363747775554657,0.03581082448363304,0.18186230957508087,0.10525387525558472
Correct 0.05619457736611366,0.5331592559814453,0.02132905088365078,0.11530377715826035
Correct 0.019037973135709763,0.671111524105072,0.014596913009881973,0.022964170202612877
Correct 0.022708607837557793,0.03517177700996399,0.028261303901672363,0.470593124628067
Correct 0.04335764795541763,0.5801187753677368,0.07037637382745743,0.030268510803580284
Correct 0.05628867819905281,0.08062976598739624,0.39072057604789734,0.05455683544278145
Correct 0.07796777039766312,0.46291589736938477,0.04728982225060463,0.06668935716152191
Wrong 0.025453835725784302,0.01833370141685009,0.5977159738540649,0.0331980437040329
Correct 0.07949811965227127,0.28184521198272705,0.06288816034793854,0.0537911094725132
Correct 0.02488069422543049,0.009297234006226063,0.5751993656158447,0.01485693920403719
Correct 0.03837340325117111,0.025165891274809837,0.02186448872089386,0.4823231101036072
Wrong 0.019361915066838264,0.026054300367832184,0.006691296584904194,0.48398688435554504
Correct 0.5054699182510376,0.061320457607507706,0.030833851546049118,0.07396657764911652
Correct 0.06791695207357407,0.3614632487297058,0.1530531644821167,0.1068483293056488
Wrong 0.0453239344060421,0.02836299128830433,0.017473923042416573,0.6660301685333252
Wrong 0.05129478871822357,0.06284768134355545,0.08196881413459778,0.0537564679980278
Wrong 0.026727896183729172,0.023958731442689896,0.08627867698669434,0.368967205286026
Wrong 0.08314976096153259,0.005658413749188185,0.13924939930438995,0.030114855617284775
Correct 0.16461527347564697,0.12820248305797577,0.059619661420583725,0.1954854279756546
Wrong 0.07849697768688202,0.10729261487722397,0.09617646783590317,0.12741313874721527
Wrong 0.06558140367269516,0.16487158834934235,0.09542033076286316,0.06661415100097656
Wrong 0.018397003412246704,0.012255043722689152,0.6485163569450378,0.025145715102553368
Wrong 0.23673047125339508,0.07107936590909958,0.019432013854384422,0.06471849977970123
Wrong 0.06671933829784393,0.12661103904247284,0.21876421570777893,0.21537265181541443
Wrong 0.21692237257957458,0.09931428730487823,0.07496634125709534,0.20698873698711395
Wrong 0.13954295217990875,0.08203306049108505,0.08463704586029053,0.23737052083015442
Correct 0.4319392144680023,0.05755032226443291,0.06420201063156128,0.054914895445108414
Correct 0.2041146457195282,0.13386163115501404,0.20095007121562958,0.20411460101604462
Correct 0.04642158001661301,0.04161202535033226,0.024847665801644325,0.4073362946510315
Wrong 0.2876093089580536,0.1638748198747635,0.06725408136844635,0.04695092514157295
Correct 0.4917598366737366,0.04945758357644081,0.014619630761444569,0.06552065163850784
Correct 0.017633818089962006,0.020296398550271988,0.46194374561309814,0.04945525527000427
Correct 0.43518203496932983,0.024551285430788994,0.016612224280834198,0.020353728905320168
Wrong 0.04928545653820038,0.35852691531181335,0.025568945333361626,0.031327735632658005
Correct 0.01011822372674942,0.04752293974161148,0.0482713058590889,0.19697709381580353
Wrong 0.07821010798215866,0.1484166830778122,0.21259702742099762,0.1876162588596344
Correct 0.029358142986893654,0.07980369031429291,0.17705218493938446,0.3576553165912628
Correct 0.017862530425190926,0.028101695701479912,0.5733261108398438,0.08930700272321701
Wrong 0.03888392075896263,0.1378554403781891,0.26160359382629395,0.025500692427158356
Wrong 0.0759657621383667,0.23399099707603455,0.06600017845630646,0.09754195064306259
Wrong 0.09813839197158813,0.04563857987523079,0.1618027687072754,0.06640373915433884
Correct 0.49355992674827576,0.07809252291917801,0.026157710701227188,0.022373881191015244
Correct 0.05901281163096428,0.37884584069252014,0.07344259321689606,0.08998376876115799
Wrong 0.13744601607322693,0.48728835582733154,0.03164186328649521,0.043930381536483765
Wrong 0.2629038989543915,0.14979806542396545,0.1241869404911995,0.1806909739971161
Wrong 0.0747060775756836,0.12707927823066711,0.0555168054997921,0.32450830936431885
Wrong 0.06565425544977188,0.011956526897847652,0.08697768300771713,0.020023414865136147
Correct 0.04382209852337837,0.041815005242824554,0.03059247136116028,0.05369161069393158
Wrong 0.08027704805135727,0.054318152368068695,0.06974580138921738,0.022292131558060646
Wrong 0.06195991858839989,0.01803136058151722,0.022440383210778236,0.4040292799472809
Correct 0.036741241812705994,0.03790753334760666,0.5484107732772827,0.02605343982577324
Wrong 0.040745511651039124,0.04992244392633438,0.6679548025131226,0.0749424621462822
Correct 0.059217531234025955,0.033741120249032974,0.18240272998809814,0.08351007848978043
Correct 0.02020910754799843,0.2206897884607315,0.029404064640402794,0.02399890497326851
Wrong 0.016775358468294144,0.00912060309201479,0.04151938110589981,0.6197311282157898
Wrong 0.04577611759305,0.5077616572380066,0.06159847229719162,0.02338014915585518
Wrong 0.4048677682876587,0.09767887741327286,0.0835491418838501,0.05832671746611595
Wrong 0.03069125860929489,0.5355812311172485,0.04535871744155884,0.026251617819070816
Wrong 0.03186851367354393,0.297672301530838,0.29305729269981384,0.03555189073085785
Correct 0.021072810515761375,0.022084113210439682,0.014711188152432442,0.655555784702301
Correct 0.02726791799068451,0.03393546864390373,0.017063822597265244,0.16966666281223297,0.43325912952423096
Wrong 0.481293261051178,0.020818699151277542,0.007194747216999531,0.018955636769533157
Wrong 0.32086411118507385,0.012441249564290047,0.11088761687278748,0.014774350449442863
Wrong 0.029995009303092957,0.38898107409477234,0.03506769612431526
Wrong 0.296268492937088,0.062101222574710846,0.02670939639210701,0.042681511491537094
Wrong 0.15912984311580658,0.129877969622612,0.03961052745580673,0.2664922773838043
Correct 0.02581862360239029,0.014037339016795158,0.5350422859191895,0.0887187123298645
Wrong 0.40578287839889526,0.023991340771317482,0.03129059448838234,0.08243976533412933
Wrong 0.04247934743762016,0.4638878107070923,0.021696319803595543,0.017708024010062218
Wrong 0.025062408298254013,0.15839925408363342,0.26526880264282227,0.26526886224746704
