grade confidence_levels
Correct 12.015631675720215,12.203130722045898,14.585958480834961,11.796887397766113
Correct 13.109391212463379,13.429704666137695,13.664106369018555,12.929715156555176
Correct 12.187506675720215,13.992194175720215,13.000015258789062,15.77345085144043
Correct 10.820322036743164,15.039072036743164,10.890643119812012,12.914074897766113
Correct 11.79688549041748,15.320321083068848,11.781266212463379,12.015636444091797
Correct 12.523445129394531,13.312506675720215,13.679709434509277,14.664076805114746
Correct 14.304716110229492,13.281270027160645,12.601612091064453,13.453158378601074
Correct 12.703133583068848,14.218757629394531,12.257833480834961,15.914078712463379
Wrong 12.218768119812012,12.367203712463379,12.632850646972656,13.359405517578125
Wrong 12.679707527160645,12.265641212463379,11.695358276367188,14.765665054321289
Correct 12.140637397766113,14.648449897766113,11.656278610229492,12.585956573486328
Correct 11.531257629394531,11.765632629394531,14.687521934509277,11.85157585144043
Correct 11.585943222045898,13.765631675720215,11.812518119812012,15.328141212463379
Correct 11.992204666137695,12.390639305114746,13.210981369018555,12.25783920288086
Correct 13.312508583068848,14.093758583068848,14.101588249206543,13.531264305114746
Correct 12.351572036743164,14.039071083068848,14.578152656555176,12.476576805114746
Correct 12.000007629394531,13.195319175720215,11.828140258789062,15.562516212463379
Correct 11.851569175720215,12.734380722045898,15.210958480834961,12.04688549041748
Correct 12.171887397766113,14.820323944091797,12.320338249206543,12.195326805114746
Wrong 12.187539100646973,12.515658378601074,12.79697036743164,12.812562942504883
Correct 14.757826805114746,13.164074897766113,11.56252384185791,12.500015258789062
Correct 12.773451805114746,12.335949897766113,13.890669822692871,12.546899795532227
Correct 11.164069175720215,15.750006675720215,11.37501335144043,11.539070129394531
Correct 12.664069175720215,13.945318222045898,14.109392166137695,15.546886444091797
Wrong 12.531292915344238,12.64065933227539,11.789145469665527,11.937552452087402
Correct 11.492197036743164,15.328133583068848,11.359393119812012,12.257823944091797
Correct 11.859384536743164,12.242196083068848,14.507841110229492,13.437517166137695
Correct 12.820327758789062,13.039074897766113,11.250031471252441,14.710965156555176
Correct 11.562507629394531,15.179695129394531,10.921890258789062,11.390634536743164
Correct 12.203133583068848,12.000007629394531,14.890650749206543,11.65626335144043
Correct 11.406256675720215,14.992194175720215,11.28907585144043,12.109383583068848
Correct 12.765640258789062,13.007824897766113,13.093791961669922,14.210968017578125
Correct 12.789072036743164,12.289071083068848,13.218785285949707,13.789082527160645
Correct 12.773452758789062,13.859387397766113,13.140657424926758,14.296896934509277
Correct 11.445317268371582,12.492193222045898,15.164079666137695,11.92969799041748
Correct 11.554698944091797,11.60938549041748,13.953156471252441,12.226583480834961
Correct 15.093762397766113,12.039070129394531,11.320330619812012,12.02344799041748
Correct 14.281261444091797,11.921883583068848,11.007830619812012,11.257824897766113
Correct 13.312520027160645,12.437517166137695,12.921921730041504,12.406281471252441
Correct 13.992202758789062,11.55469799041748,11.39064884185791,11.609393119812012
Correct 12.007821083068848,12.164071083068848,14.523465156555176,12.281266212463379
Correct 11.710942268371582,15.164068222045898,11.398448944091797,12.578132629394531
Correct 11.734379768371582,12.781255722045898,12.875014305114746,15.367199897766113
Correct 11.796880722045898,12.367192268371582,11.703140258789062,15.656264305114746
Wrong 13.601585388183594,12.679705619812012,12.25786018371582,13.80472183227539
Correct 13.273452758789062,12.968764305114746,14.109417915344238,15.015657424926758
Correct 13.835967063903809,13.585960388183594,13.359439849853516,13.640664100646973
Correct 11.320318222045898,14.882819175720215,10.93751335144043,11.460946083068848
Correct 11.42188549041748,12.421884536743164,12.12502670288086,15.132835388183594
Correct 11.70313835144043,12.64063835144043,13.671913146972656,11.570334434509277
Correct 11.765639305114746,14.335948944091797,12.546903610229492,12.367207527160645
Correct 12.898468017578125,12.968775749206543,12.75006103515625,13.062540054321289
Correct 12.718770980834961,14.750019073486328,12.406294822692871,12.898468017578125
Correct 11.976571083068848,13.187508583068848,12.523456573486328,14.890642166137695
Correct 13.625014305114746,13.601573944091797,12.937527656555176,14.281270980834961
Correct 12.898449897766113,12.367199897766113,13.671906471252441,12.257830619812012
Correct 11.26563549041748,12.132822036743164,14.890655517578125,11.445330619812012
Correct 12.757833480834961,13.750018119812012,12.328170776367188,12.664094924926758
Correct 15.32813549041748,13.296881675720215,12.828141212463379,12.812509536743164
Correct 12.523448944091797,13.320322036743164,14.578155517578125,12.781268119812012
Correct 11.804694175720215,12.679694175720215,15.343768119812012,12.67969799041748
Correct 15.226570129394531,12.992193222045898,11.820324897766113,12.101570129394531
Correct 12.242207527160645,14.296893119812012,12.484416961669922,14.031281471252441
Correct 12.875020027160645,12.546892166137695,12.359428405761719,14.328168869018555
Correct 13.32815170288086,13.820333480834961,12.382862091064453,12.140656471252441
Correct 12.625011444091797,11.56251049041748,12.75002670288086,12.093769073486328
Correct 12.140634536743164,15.50782299041748,12.265645980834961,13.515639305114746
Correct 14.976574897766113,12.109383583068848,11.398456573486328,11.375011444091797
Correct 11.960949897766113,13.05469799041748,12.437524795532227,15.710960388183594
Correct 11.406258583068848,15.031258583068848,11.320328712463379,11.164073944091797
Correct 13.281274795532227,14.289083480834961,13.109431266784668,13.84378719329834
Correct 11.726568222045898,15.015631675720215,11.289074897766113,11.101571083068848
Correct 12.33594799041748,13.00782299041748,14.632843017578125,11.937517166137695
Correct 11.898447036743164,11.882822036743164,14.523465156555176,12.062515258789062
Correct 12.195342063903809,14.00002670288086,12.593815803527832,12.250039100646973
Correct 14.500015258789062,13.015636444091797,12.91408920288086,12.757829666137695
Correct 14.406266212463379,12.117199897766113,11.734400749206543,11.273454666137695
Correct 12.40626049041748,12.828133583068848,11.726588249206543,14.304706573486328
Correct 12.132822036743164,11.968757629394531,15.187528610229492,12.054701805114746
Correct 11.625007629394531,11.968755722045898,14.718770980834961,12.218762397766113
Correct 12.750012397766113,13.44532299041748,11.484400749206543,15.054713249206543
Correct 11.92188549041748,12.257822036743164,11.085966110229492,14.500025749206543
Correct 12.187514305114746,12.109387397766113,11.312536239624023,14.296906471252441
Correct 15.101573944091797,12.125008583068848,11.945329666137695,11.296886444091797
Wrong 13.156265258789062,13.859390258789062,13.734418869018555,13.09377384185791
Correct 12.74220085144043,13.929699897766113,12.273468017578125,15.007835388183594
Correct 12.609400749206543,11.835958480834961,12.2813138961792,14.046920776367188
Correct 12.179697036743164,15.046883583068848,12.742208480834961,12.73438835144043
Correct 15.093764305114746,12.562509536743164,11.898459434509277,12.343764305114746
Correct 12.796894073486328,14.664082527160645,11.531291007995605,13.000025749206543
Correct 13.953136444091797,13.054697036743164,13.929716110229492,12.695327758789062
Wrong 14.05470085144043,12.648448944091797,14.171905517578125,12.585955619812012
Correct 14.421895980834961,13.125016212463379,11.718789100646973,12.210963249206543
Correct 11.570331573486328,13.773453712463379,12.039100646972656,12.515653610229492
Correct 11.656259536743164,14.46094799041748,11.507831573486328,11.515639305114746
Correct 11.375008583068848,11.375007629394531,14.546897888183594,11.460953712463379
Correct 11.304693222045898,15.203130722045898,11.843765258789062,12.812508583068848
Correct 13.890636444091797,12.929697036743164,13.695342063903809,12.203141212463379
Correct 11.343755722045898,11.742194175720215,14.640644073486328,11.82032299041748
Correct 12.750008583068848,14.570320129394531,12.390646934509277,13.468764305114746
Correct 11.95315170288086,13.320337295532227,12.1797513961792,12.414103507995605
Correct 11.421881675720215,11.656256675720215,15.289081573486328,11.453137397766113
Correct 12.023445129394531,12.398445129394531,14.468774795532227,12.484389305114746
Correct 14.179710388183594,12.343767166137695,12.273476600646973,12.843777656555176
Correct 12.570342063903809,13.187527656555176,12.765695571899414,11.843790054321289
Wrong 11.718764305114746,12.67970085144043,12.28128719329834,13.56252670288086
Correct 11.242198944091797,14.398447036743164,11.687520980834961,12.632828712463379
Correct 14.867203712463379,11.843761444091797,11.44533634185791,11.875016212463379
Wrong 13.687516212463379,13.375014305114746,12.679720878601074,14.56252670288086
Wrong 13.296893119812012,13.304703712463379,12.984415054321289,13.984406471252441
Correct 11.351569175720215,15.593755722045898,11.10157585144043,11.757820129394531
Correct 12.50001049041748,15.18751049041748,12.390646934509277,13.593764305114746
Correct 13.195326805114746,14.945324897766113,12.617219924926758,13.484395027160645
Correct 12.578136444091797,13.398448944091797,14.398472785949707,12.890643119812012
Correct 13.742226600646973,13.593775749206543,12.437570571899414,12.921914100646973
Wrong 11.773446083068848,12.398445129394531,15.195334434509277,11.98438835144043
Correct 12.257819175720215,15.460944175720215,11.87501335144043,12.507821083068848
Correct 12.359381675720215,14.273445129394531,12.500016212463379,15.500016212463379
Correct 11.21876049041748,15.367197036743164,11.648454666137695,11.30469799041748
Correct 12.039074897766113,13.000012397766113,12.382844924926758,14.804713249206543
Correct 12.039074897766113,12.49220085144043,13.796906471252441,11.656270980834961
Correct 12.476585388183594,13.125021934509277,14.086002349853516,12.296908378601074
Correct 15.10157299041748,12.257820129394531,11.203140258789062,11.49219799041748
Correct 14.929699897766113,12.007822036743164,11.117207527160645,11.00782585144043
Correct 12.304702758789062,12.093762397766113,11.18753433227539,15.203156471252441
Wrong 12.804701805114746,12.398449897766113,12.195345878601074,13.46877384185791
Correct 11.382821083068848,15.414070129394531,11.570330619812012,12.617199897766113
Correct 11.21876049041748,11.187509536743164,14.351593971252441,11.531269073486328
Wrong 13.882834434509277,13.523452758789062,13.242233276367188,13.921906471252441
Correct 11.343756675720215,12.226568222045898,14.62502384185791,11.562514305114746
Correct 11.359382629394531,12.656255722045898,15.429707527160645,11.195322036743164
Correct 11.500009536743164,14.992197036743164,11.484395027160645,11.789073944091797
Correct 11.789073944091797,12.60157299041748,11.453149795532227,15.070334434509277
Correct 11.507818222045898,11.750005722045898,14.492205619812012,11.78126049041748
Correct 12.523452758789062,13.50001335144043,13.781295776367188,11.882837295532227
Correct 12.773456573486328,12.179704666137695,13.992240905761719,13.648470878601074
Correct 11.687504768371582,15.070318222045898,11.679698944091797,11.734382629394531
Wrong 13.078150749206543,13.507831573486328,12.01567554473877,12.656281471252441
Correct 11.29688549041748,15.33594799041748,11.515645980834961,11.843762397766113
Correct 14.125032424926758,12.53908634185791,12.43756103515625,12.867227554321289
Correct 12.070323944091797,12.51563549041748,13.875031471252441,12.070333480834961
Correct 11.828133583068848,12.125008583068848,14.83596420288086,11.734389305114746
Correct 12.085946083068848,14.671884536743164,11.812519073486328,12.390636444091797
Wrong 13.05470085144043,14.08595085144043,12.742225646972656,13.171895027160645
Correct 12.632819175720215,13.757820129394531,12.820332527160645,14.804701805114746
Correct 11.601572036743164,11.49219799041748,14.664093971252441,11.773455619812012
Correct 13.007822036743164,14.765633583068848,12.414085388183594,13.585952758789062
Correct 11.796887397766113,12.10157299041748,14.625029563903809,11.851580619812012
Wrong 12.531271934509277,13.437518119812012,11.953171730041504,14.765663146972656
Wrong 10.898445129394531,15.960944175720215,11.171887397766113,12.617195129394531
Correct 14.39845085144043,12.53907299041748,11.68752384185791,12.437516212463379
Correct 11.281259536743164,15.382822036743164,12.007832527160645,12.539074897766113
Wrong 12.421891212463379,12.828137397766113,11.953158378601074,14.281278610229492
Correct 12.171890258789062,12.859387397766113,12.289100646972656,14.414093017578125
Correct 12.109381675720215,12.601568222045898,12.492205619812012,15.562516212463379
Correct 15.359393119812012,12.085948944091797,11.312522888183594,11.875016212463379
Wrong 12.914095878601074,12.781277656555176,13.125083923339844,13.007862091064453
Wrong 13.156268119812012,13.554703712463379,12.25003719329834,13.500024795532227
Correct 13.000032424926758,12.414088249206543,12.609444618225098,13.117233276367188
Correct 11.703137397766113,14.562512397766113,10.953150749206543,11.976579666137695
Correct 11.726566314697266,11.88281536102295,15.359386444091797,11.937506675720215
Correct 11.953129768371582,12.656254768371582,14.546892166137695,13.062508583068848
Correct 11.226572036743164,15.203133583068848,11.968769073486328,12.085948944091797
Correct 12.046881675720215,12.656254768371582,15.718770980834961,12.320321083068848
Wrong 12.632824897766113,12.148449897766113,13.031285285949707,13.56252384185791
Correct 15.007832527160645,12.51563835144043,11.92971420288086,12.234394073486328
Correct 11.570322036743164,11.835945129394531,15.164088249206543,12.328139305114746
Correct 12.312504768371582,12.257816314697266,15.632826805114746,12.570321083068848
Correct 15.265632629394531,13.257818222045898,12.296886444091797,12.171882629394531
Correct 12.281270027160645,12.617204666137695,13.351615905761719,13.445348739624023
Correct 12.187508583068848,13.257821083068848,13.171899795532227,15.054705619812012
Correct 15.078144073486328,12.390637397766113,11.335967063903809,12.359395980834961
Correct 13.53908920288086,12.953145027160645,12.304741859436035,13.398475646972656
Correct 11.992197036743164,11.960945129394531,14.914090156555176,11.757826805114746
Correct 11.671878814697266,14.398441314697266,11.992196083068848,15.125006675720215
Correct 13.468781471252441,12.359397888183594,12.195371627807617,11.945351600646973
Correct 13.257822036743164,12.632822036743164,13.41408920288086,15.320333480834961
Correct 11.343756675720215,14.765632629394531,10.968764305114746,10.921884536743164
Wrong 12.562506675720215,14.125006675720215,12.671889305114746,15.171887397766113
Correct 15.000009536743164,13.273445129394531,12.445326805114746,12.64844799041748
Correct 13.13284683227539,12.82815170288086,12.226631164550781,12.187543869018555
Correct 12.28127670288086,12.70314884185791,11.929750442504883,15.015687942504883
Correct 15.109391212463379,11.664073944091797,11.343770980834961,11.789076805114746
Correct 10.593756675720215,15.132820129394531,11.304702758789062,12.60938549041748
Correct 11.414073944091797,15.17188549041748,11.312522888183594,11.929701805114746
Correct 11.976568222045898,12.789068222045898,15.078145980834961,12.804698944091797
Correct 14.585953712463379,11.375011444091797,11.031274795532227,12.140640258789062
Correct 14.851577758789062,11.781261444091797,11.05471134185791,11.281265258789062
Correct 12.617197036743164,12.609383583068848,14.804717063903809,12.179703712463379
Correct 11.984389305114746,12.179701805114746,14.585975646972656,11.46877384185791
Correct 12.54688835144043,12.62501049041748,15.554720878601074,11.929704666137695
Correct 11.140636444091797,15.34376049041748,11.929708480834961,11.390637397766113
Correct 13.585960388183594,12.835960388183594,11.906291007995605,14.468783378601074
Correct 12.328133583068848,12.695321083068848,11.960962295532227,15.507831573486328
Correct 12.070322036743164,12.304697036743164,14.484404563903809,13.242204666137695
Correct 11.921884536743164,13.117196083068848,12.56252384185791,14.453143119812012
Wrong 13.265654563903809,13.976590156555176,12.500061988830566,12.507851600646973
Correct 15.195337295532227,12.273455619812012,10.984408378601074,11.101582527160645
Correct 12.820321083068848,13.664069175720215,12.914081573486328,15.500017166137695
Wrong 11.179699897766113,14.46095085144043,11.257837295532227,10.695328712463379
Correct 11.773446083068848,12.476570129394531,12.195332527160645,15.312519073486328
Correct 14.80470085144043,12.35938549041748,12.226582527160645,12.15626335144043
Correct 11.937508583068848,12.179695129394531,11.851581573486328,15.414081573486328
Correct 11.132822036743164,11.953132629394531,14.93752670288086,10.968765258789062
Correct 14.382829666137695,12.132824897766113,11.29690170288086,11.757830619812012
Correct 11.562507629394531,11.507819175720215,14.554708480834961,11.57032585144043
Correct 11.203132629394531,15.843757629394531,11.828140258789062,12.796884536743164
Correct 15.242198944091797,12.125007629394531,10.992204666137695,11.58594799041748
Correct 12.062517166137695,12.554701805114746,12.617231369018555,12.070342063903809
Correct 14.687514305114746,12.00001049041748,11.203146934509277,11.156265258789062
Correct 11.70313835144043,13.14844799041748,12.03127670288086,15.68752670288086
Correct 13.617208480834961,12.875017166137695,11.476604461669922,13.117217063903809
Correct 12.53126049041748,14.085946083068848,12.289083480834961,15.671895027160645
Correct 12.437504768371582,14.148441314697266,12.781261444091797,15.468758583068848
Correct 12.242196083068848,13.125008583068848,12.953146934509277,13.53907585144043
Correct 12.48438835144043,13.296886444091797,12.906281471252441,14.351587295532227
Correct 11.99219799041748,12.414072036743164,14.148466110229492,12.226580619812012
Correct 12.328137397766113,12.351573944091797,13.414098739624023,12.203147888183594
Correct 11.164067268371582,12.195316314697266,15.210951805114746,12.000007629394531
Correct 15.281262397766113,12.343757629394531,11.539078712463379,11.468761444091797
Wrong 12.51564884185791,12.226577758789062,12.109414100646973,13.32815933227539
Correct 14.726585388183594,12.023451805114746,10.804718017578125,11.156271934509277
Correct 12.578152656555176,12.25002384185791,12.968811988830566,12.320354461669922
Correct 11.132818222045898,11.398442268371582,14.828143119812012,11.67188549041748
Correct 11.296884536743164,15.460947036743164,10.804705619812012,11.82032299041748
Correct 11.023449897766113,13.75782585144043,10.61721134185791,11.046892166137695
Wrong 12.882833480834961,12.960952758789062,13.078174591064453,13.476593971252441
Wrong 12.476582527160645,13.250016212463379,12.132855415344238,13.453155517578125
Correct 14.007833480834961,11.414076805114746,11.406285285949707,11.98439884185791
Correct 11.859391212463379,14.67970085144043,12.015658378601074,12.203145980834961
Correct 11.703129768371582,12.375004768371582,15.468765258789062,12.523446083068848
Correct 11.484379768371582,12.101567268371582,14.304701805114746,11.992196083068848
Correct 11.898447036743164,12.226570129394531,14.718775749206543,11.664078712463379
Correct 11.578137397766113,15.132823944091797,10.867212295532227,11.765640258789062
Wrong 12.648445129394531,12.593757629394531,14.421899795532227,14.312514305114746
Correct 15.01563549041748,12.359382629394531,11.390642166137695,11.914073944091797
Correct 11.929710388183594,12.054706573486328,12.72662353515625,12.09378719329834
Correct 12.671900749206543,12.296893119812012,11.41411018371582,14.726602554321289
Correct 12.804710388183594,12.218767166137695,11.96098804473877,14.554730415344238
Correct 11.00782299041748,12.320322036743164,14.601593017578125,11.820330619812012
Correct 12.882832527160645,12.367202758789062,12.53911304473877,13.351597785949707
Correct 11.187507629394531,12.304695129394531,13.71096420288086,12.742203712463379
Correct 11.734381675720215,12.085943222045898,14.750018119812012,12.078136444091797
Correct 11.859383583068848,12.187508583068848,14.500030517578125,11.710953712463379
Correct 12.937509536743164,13.687508583068848,12.273460388183594,15.335958480834961
Correct 15.343759536743164,12.546882629394531,10.976578712463379,11.125011444091797
Correct 14.523466110229492,14.203147888183594,13.148484230041504,13.210969924926758
Correct 15.054703712463379,12.81251049041748,11.820334434509277,12.875016212463379
Correct 12.632824897766113,12.890634536743164,14.585972785949707,12.562521934509277
Correct 12.875032424926758,12.33596420288086,12.250067710876465,12.250048637390137
Correct 13.007843971252441,12.148465156555176,12.632882118225098,12.703167915344238
Correct 14.61720085144043,12.89063549041748,12.109396934509277,12.609389305114746
Wrong 12.117194175720215,12.539070129394531,14.351587295532227,13.867201805114746
Correct 11.757823944091797,15.257823944091797,12.695337295532227,12.07032585144043
Correct 12.617201805114746,14.546886444091797,13.078156471252441,13.203145980834961
Correct 12.89064884185791,12.929706573486328,12.742243766784668,13.609416961669922
Wrong 12.929717063903809,12.929710388183594,12.562560081481934,12.781291961669922
Correct 11.171883583068848,14.812508583068848,11.093767166137695,12.51563835144043
Correct 12.148457527160645,12.421893119812012,12.609426498413086,14.695356369018555
Correct 14.445324897766113,12.70313549041748,12.046897888183594,11.718765258789062
Correct 12.921899795532227,12.765642166137695,11.757859230041504,12.195343971252441
Correct 12.28907299041748,14.078133583068848,11.562519073486328,11.921889305114746
Correct 14.875018119812012,12.64063835144043,11.812525749206543,12.429705619812012
Correct 14.617205619812012,13.54688835144043,12.820343017578125,13.437520980834961
Correct 12.203131675720215,12.117194175720215,14.921896934509277,12.52344799041748
Wrong 12.671887397766113,13.867198944091797,14.531288146972656,13.195333480834961
Correct 12.187514305114746,14.507826805114746,12.148465156555176,12.890644073486328
Correct 13.062529563903809,12.710960388183594,12.33599853515625,12.835981369018555
Correct 12.085962295532227,14.695330619812012,11.789102554321289,12.046902656555176
Correct 15.554698944091797,12.179694175720215,11.398453712463379,11.539071083068848
Wrong 13.328141212463379,12.757827758789062,13.83598804473877,12.937528610229492
Correct 11.773445129394531,12.242195129394531,14.960968017578125,12.289076805114746
Correct 13.093777656555176,13.351587295532227,11.906302452087402,12.718790054321289
Correct 11.257820129394531,15.304696083068848,11.242203712463379,11.89844799041748
Correct 14.695319175720215,13.593754768371582,11.695323944091797,11.578131675720215
Correct 11.835949897766113,14.382823944091797,12.578152656555176,11.765642166137695
Wrong 11.929705619812012,12.398453712463379,12.117228507995605,12.765653610229492
Correct 13.125020027160645,12.101579666137695,13.437551498413086,12.000030517578125
Correct 12.23439884185791,12.281270980834961,11.789118766784668,14.156295776367188
Correct 14.960946083068848,12.257819175720215,11.56251335144043,11.375009536743164
Correct 12.83596134185791,14.531272888183594,12.000049591064453,14.218789100646973
Correct 11.679696083068848,11.726569175720215,14.929712295532227,11.343764305114746
Correct 14.132823944091797,13.476572036743164,12.21096134185791,14.125015258789062
Correct 13.140633583068848,13.539070129394531,14.804715156555176,13.00001335144043
Correct 13.562531471252441,12.898462295532227,12.6563138961792,12.718790054321289
Correct 12.015645980834961,13.656268119812012,12.648481369018555,13.148468971252441
Correct 11.898455619812012,11.718765258789062,13.367240905761719,13.523469924926758
Correct 11.960944175720215,15.492194175720215,12.617202758789062,12.679697036743164
Correct 15.109390258789062,12.265633583068848,11.257834434509277,11.960951805114746
Correct 11.921881675720215,15.171880722045898,11.54688835144043,12.289071083068848
Wrong 13.750008583068848,13.742195129394531,12.843770027160645,14.804704666137695
Correct 12.226570129394531,15.210945129394531,12.718765258789062,13.148447036743164
Correct 14.242196083068848,13.507819175720215,13.125018119812012,13.890637397766113
Correct 14.453137397766113,12.570322036743164,11.632832527160645,11.945326805114746
Correct 12.000016212463379,13.320326805114746,13.156290054321289,10.984400749206543
Correct 14.781261444091797,12.812509536743164,12.875021934509277,13.585951805114746
Correct 13.187517166137695,13.929701805114746,12.468782424926758,13.91408634185791
Correct 15.34376049041748,12.812507629394531,12.320329666137695,12.625011444091797
Correct 11.882827758789062,12.468764305114746,14.351602554321289,12.648462295532227
Correct 11.710948944091797,13.734384536743164,13.195341110229492,12.476581573486328
Correct 12.117197036743164,13.500008583068848,11.789084434509277,15.187517166137695
Correct 11.476571083068848,14.710946083068848,10.500017166137695,11.335948944091797
Correct 11.242196083068848,14.789072036743164,11.226581573486328,11.351574897766113
Correct 14.835953712463379,12.57032299041748,11.437524795532227,11.960954666137695
Correct 14.796891212463379,12.195323944091797,11.35939884185791,11.351577758789062
Correct 11.992192268371582,15.140630722045898,11.445323944091797,12.187507629394531
Correct 12.640646934509277,12.609392166137695,11.789117813110352,14.453173637390137
Correct 14.937520027160645,13.367202758789062,12.953158378601074,14.33596134185791
Correct 11.87501049041748,12.648446083068848,12.250020980834961,15.703145027160645
Correct 12.687509536743164,13.257821083068848,12.953146934509277,15.851581573486328
Correct 11.703131675720215,15.101569175720215,11.265639305114746,12.820322036743164
Correct 11.773444175720215,12.179693222045898,14.296896934509277,11.664074897766113
Wrong 12.265637397766113,13.710947036743164,11.906271934509277,15.585957527160645
Correct 12.257818222045898,13.546880722045898,13.703141212463379,14.24219799041748
Correct 11.906259536743164,12.664071083068848,12.421895980834961,15.671895027160645
Correct 11.67188835144043,11.64844799041748,13.398475646972656,12.265647888183594
Correct 14.80470085144043,12.382822036743164,12.078144073486328,12.65626335144043
Correct 13.71877670288086,12.898457527160645,11.679733276367188,12.070343971252441
Correct 11.53907299041748,12.820322036743164,14.523469924926758,11.554704666137695
Correct 13.335947036743164,14.796883583068848,12.585960388183594,13.414077758789062
Correct 13.828152656555176,13.234395027160645,13.039119720458984,13.56253719329834
Correct 12.250005722045898,13.289069175720215,14.710960388183594,12.750011444091797
Correct 13.320326805114746,13.585949897766113,13.250038146972656,14.67971420288086
Correct 11.437506675720215,14.843757629394531,12.273452758789062,13.00001049041748
Correct 11.13282299041748,15.273447036743164,11.250018119812012,11.78126335144043
Correct 12.664078712463379,12.39845085144043,12.960980415344238,14.398470878601074
Correct 11.81251335144043,11.750011444091797,14.546916007995605,11.382832527160645
Correct 12.085945129394531,14.921882629394531,13.218770980834961,13.281262397766113
Correct 11.37501049041748,15.046884536743164,10.984394073486328,11.726574897766113
Correct 15.132823944091797,11.257821083068848,11.546887397766113,11.054696083068848
Correct 15.101583480834961,12.414076805114746,11.085968017578125,11.382831573486328
Correct 13.703154563903809,12.48439884185791,11.992242813110352,12.64847469329834
Correct 14.742202758789062,12.875009536743164,11.445333480834961,12.03126335144043
Correct 12.36720085144043,14.164074897766113,12.218779563903809,13.242209434509277
Correct 12.54688549041748,13.359386444091797,12.101591110229492,15.09377670288086
Correct 11.867194175720215,14.968756675720215,12.265640258789062,12.125009536743164
Correct 11.60938549041748,11.351572036743164,11.320337295532227,14.773462295532227
Correct 12.57813835144043,13.656261444091797,12.562529563903809,15.289088249206543
Correct 12.24219799041748,13.32032299041748,13.046904563903809,14.000019073486328
Correct 14.67970085144043,11.953133583068848,11.273455619812012,11.039074897766113
Correct 11.953132629394531,15.101570129394531,11.796889305114746,12.42969799041748
Correct 12.000019073486328,14.375018119812012,11.656285285949707,12.429713249206543
Correct 13.945342063903809,12.484395980834961,12.507865905761719,12.570348739624023
Correct 11.50001335144043,12.08594799041748,14.070342063903809,11.085955619812012
Correct 11.921884536743164,13.328132629394531,12.664085388183594,15.289082527160645
Correct 12.796890258789062,12.460949897766113,13.859418869018555,12.140650749206543
Correct 15.148453712463379,12.562511444091797,11.796897888183594,12.062514305114746
Correct 12.140634536743164,12.820322036743164,12.632834434509277,15.140645027160645
Correct 11.80469799041748,12.343759536743164,14.195343971252441,12.203143119812012
Correct 11.812506675720215,12.187506675720215,14.718770027160645,11.37501335144043
Correct 11.703137397766113,14.99220085144043,11.445338249206543,11.632829666137695
Correct 11.890632629394531,14.046881675720215,11.343769073486328,15.476579666137695
Correct 13.382837295532227,12.710957527160645,12.304738998413086,12.53909683227539
Wrong 12.210958480834961,12.046895027160645,13.671930313110352,12.812536239624023
Correct 12.375011444091797,14.125009536743164,15.14847469329834,12.656268119812012
Correct 11.914071083068848,12.53126049041748,15.21877670288086,11.773452758789062
Correct 14.679696083068848,12.789069175720215,12.281265258789062,13.39844799041748
Correct 13.140637397766113,13.97657299041748,13.679720878601074,14.968774795532227
Correct 14.96876335144043,12.74219799041748,11.906266212463379,12.117198944091797
Wrong 12.19533920288086,12.484397888183594,12.031316757202148,12.828169822692871
Correct 11.710944175720215,15.351569175720215,11.914076805114746,11.773446083068848
Correct 11.515633583068848,15.570321083068848,11.585952758789062,11.72657299041748
Correct 11.468755722045898,12.421880722045898,14.609395027160645,11.72657299041748
Wrong 13.039093017578125,13.73439884185791,12.5156831741333,14.007855415344238
Correct 12.500008583068848,14.054695129394531,12.375017166137695,16.031269073486328
Correct 13.679704666137695,12.58595085144043,12.078163146972656,14.351588249206543
Correct 12.015630722045898,15.164068222045898,11.937511444091797,12.062507629394531
Correct 11.679692268371582,11.867192268371582,14.937516212463379,12.65626049041748
Correct 12.390646934509277,14.132832527160645,11.97661304473877,12.468785285949707
Correct 11.54688549041748,11.218759536743164,14.906280517578125,11.984393119812012
Correct 12.125016212463379,14.179701805114746,11.867219924926758,12.367210388183594
Correct 12.070326805114746,14.89845085144043,11.250030517578125,11.671893119812012
Correct 11.859386444091797,14.85157299041748,12.14846134185791,13.515641212463379
Correct 11.304707527160645,12.140639305114746,10.679733276367188,14.601601600646973
Correct 13.40628719329834,11.585966110229492,12.1953763961792,11.492228507995605
Correct 12.476588249206543,13.875021934509277,12.625062942504883,13.179727554321289
Correct 15.078136444091797,12.515632629394531,11.781267166137695,11.859386444091797
Correct 14.960949897766113,12.343758583068848,12.046894073486328,12.335949897766113
Correct 14.484392166137695,11.867198944091797,10.851587295532227,11.515643119812012
Wrong 12.781277656555176,13.34377670288086,13.31257152557373,13.57817554473877
Wrong 13.78907585144043,13.87501049041748,12.851587295532227,12.710954666137695
Correct 11.796882629394531,11.820319175720215,12.007831573486328,15.648456573486328
Correct 11.257819175720215,12.656256675720215,13.320328712463379,11.312512397766113
Correct 11.406256675720215,12.937505722045898,14.015643119812012,12.78907299041748
Correct 12.429694175720215,13.953131675720215,14.945333480834961,12.328136444091797
Wrong 13.375021934509277,13.656268119812012,13.00005054473877,12.328155517578125
Correct 13.664072036743164,14.148445129394531,13.921902656555176,14.695329666137695
Correct 11.984379768371582,12.617193222045898,12.39845085144043,15.265637397766113
Correct 11.820320129394531,13.281258583068848,11.796895027160645,15.320328712463379
Correct 12.140636444091797,14.695324897766113,11.468771934509277,11.937515258789062
Correct 12.750011444091797,12.835947036743164,13.062530517578125,13.281269073486328
Wrong 13.218770027160645,12.929702758789062,11.77347469329834,13.093777656555176
Correct 13.38283634185791,13.093770980834961,13.843818664550781,13.421913146972656
Correct 12.414082527160645,12.687519073486328,13.320368766784668,12.64847469329834
Correct 11.664081573486328,12.070326805114746,13.375042915344238,11.765654563903809
Correct 11.671881675720215,12.039068222045898,15.093771934509277,11.835948944091797
Wrong 12.085967063903809,13.312525749206543,11.750061988830566,12.546915054321289
Correct 11.882819175720215,15.054694175720215,12.382827758789062,13.51563549041748
Correct 11.156255722045898,15.031255722045898,10.96095085144043,12.007822036743164
Wrong 11.35157585144043,12.85157299041748,13.718783378601074,11.640645027160645
Correct 12.000008583068848,11.648446083068848,14.52346420288086,11.265642166137695
Correct 11.414066314697266,11.890629768371582,15.015641212463379,13.187509536743164
Correct 11.765637397766113,15.10157585144043,11.671896934509277,11.750015258789062
Correct 11.179693222045898,16.0781307220459,12.703134536743164,12.257818222045898
Correct 15.078141212463379,11.82813549041748,11.07033634185791,12.007828712463379
Correct 14.58594799041748,13.304694175720215,12.453143119812012,14.929701805114746
Correct 11.812520027160645,12.304704666137695,12.664112091064453,14.062540054321289
Correct 15.02344799041748,13.007821083068848,11.546893119812012,11.83595085144043
Wrong 13.804722785949707,13.73440170288086,12.812566757202148,14.828184127807617
Correct 12.164083480834961,14.492206573486328,11.968791007995605,12.734404563903809
Correct 13.507837295532227,13.820331573486328,12.359423637390137,12.515658378601074
Correct 11.414070129394531,11.406257629394531,14.39846134185791,11.625015258789062
Correct 12.640640258789062,12.953137397766113,14.468790054321289,12.234396934509277
Correct 12.460953712463379,11.85157585144043,11.539102554321289,14.546906471252441
Correct 13.703156471252441,13.210963249206543,13.343814849853516,13.60942268371582
Correct 15.343755722045898,13.070317268371582,11.835947036743164,12.390631675720215
Wrong 12.125012397766113,14.796886444091797,11.46877670288086,14.125019073486328
Correct 11.906259536743164,15.023447036743164,11.609393119812012,11.734386444091797
Correct 14.132832527160645,11.867201805114746,11.328154563903809,11.429709434509277
Correct 11.500007629394531,11.937506675720215,14.945337295532227,12.648451805114746
Correct 12.437519073486328,13.453141212463379,12.460990905761719,12.687532424926758
Correct 12.531256675720215,13.039069175720215,13.453145980834961,15.000014305114746
Correct 14.828142166137695,12.210948944091797,11.750025749206543,11.445330619812012
Wrong 10.929692268371582,15.070318222045898,11.132824897766113,12.765632629394531
Correct 11.460946083068848,14.937509536743164,11.429708480834961,12.046890258789062
Correct 11.929697036743164,12.382821083068848,12.18752384185791,15.367212295532227
Correct 13.093775749206543,13.773459434509277,12.390678405761719,12.906285285949707
Correct 12.093755722045898,12.828130722045898,12.281264305114746,15.50001335144043
Correct 11.718755722045898,13.132818222045898,12.125015258789062,16.03126335144043
Correct 14.89844799041748,11.828131675720215,12.000014305114746,11.50001049041748
Wrong 12.19532299041748,14.63282299041748,11.85158920288086,14.585957527160645
Correct 12.156266212463379,14.304703712463379,11.593786239624023,12.38283634185791
Wrong 12.523451805114746,12.96876335144043,13.500040054321289,12.710960388183594
Correct 12.281259536743164,11.976570129394531,14.804715156555176,11.460952758789062
Correct 12.710963249206543,13.421895027160645,12.82037353515625,13.132854461669922
Correct 12.062507629394531,11.617195129394531,15.007834434509277,11.062511444091797
Correct 13.093780517578125,12.718772888183594,11.828181266784668,12.367227554321289
Wrong 11.921890258789062,14.359390258789062,11.226597785949707,12.500024795532227
Correct 12.312517166137695,12.648452758789062,13.460988998413086,12.062528610229492
Correct 12.98438835144043,13.88282299041748,13.085967063903809,15.375025749206543
Correct 14.57032299041748,12.382822036743164,11.296891212463379,11.007823944091797
Correct 12.382832527160645,13.625018119812012,12.195361137390137,13.140661239624023
Correct 11.835954666137695,13.585953712463379,12.015667915344238,11.914090156555176
Wrong 12.085948944091797,13.273448944091797,12.21877670288086,13.695331573486328
Correct 12.367195129394531,13.695321083068848,13.359399795532227,15.140642166137695
Correct 11.375007629394531,15.281257629394531,12.234392166137695,12.42969799041748
Wrong 12.453136444091797,13.57813549041748,12.59377670288086,13.679707527160645
Correct 13.210948944091797,13.148447036743164,11.804718971252441,14.539087295532227
Correct 12.320319175720215,12.554693222045898,13.570331573486328,15.445328712463379
Correct 14.570322036743164,12.343757629394531,11.992205619812012,12.710949897766113
Correct 10.820318222045898,15.242193222045898,11.46095085144043,12.000008583068848
Correct 12.890673637390137,12.515661239624023,11.789152145385742,11.734432220458984
Correct 13.875009536743164,13.281257629394531,13.617212295532227,13.062515258789062
Correct 11.031257629394531,14.960945129394531,11.914079666137695,11.812511444091797
Correct 12.500005722045898,11.882819175720215,15.000021934509277,11.89845085144043
Correct 11.828140258789062,14.27345085144043,11.914091110229492,12.406270980834961
Correct 11.500005722045898,12.031254768371582,14.843765258789062,11.234383583068848
Correct 11.546881675720215,11.851569175720215,14.085959434509277,12.070327758789062
Correct 12.468768119812012,13.16407585144043,11.83597469329834,15.546908378601074
Correct 11.335945129394531,14.757819175720215,12.320328712463379,12.312511444091797
Correct 14.757826805114746,12.750011444091797,11.945332527160645,11.81251335144043
Correct 11.593762397766113,12.65626049041748,12.296900749206543,15.390650749206543
Correct 14.164081573486328,12.10157585144043,11.250031471252441,11.187520980834961
Correct 11.351574897766113,14.750011444091797,11.523460388183594,12.023452758789062
Wrong 14.132824897766113,12.773449897766113,13.687528610229492,12.148453712463379
Wrong 12.617202758789062,13.226576805114746,13.937543869018555,14.328154563903809
Correct 11.593757629394531,12.765630722045898,14.984394073486328,11.164073944091797
Wrong 11.843765258789062,14.421887397766113,13.843791007995605,12.570335388183594
Correct 11.515634536743164,14.796884536743164,11.093770027160645,11.52345085144043
Correct 10.98438549041748,15.343759536743164,11.445333480834961,11.718762397766113
Correct 11.382820129394531,11.710944175720215,14.828145980834961,11.29688835144043
Correct 11.78127670288086,12.382837295532227,12.961010932922363,12.523487091064453
Correct 14.554697036743164,12.937508583068848,12.335956573486328,12.578137397766113
Correct 14.890637397766113,13.570322036743164,12.960959434509277,13.101576805114746
Correct 15.320323944091797,11.710945129394531,12.078141212463379,11.32813549041748
Correct 11.984379768371582,11.835942268371582,14.507828712463379,11.898448944091797
Correct 13.44532585144043,14.968762397766113,12.156277656555176,12.898456573486328
Correct 11.32813835144043,13.99219799041748,11.57033920288086,12.406269073486328
Wrong 12.976581573486328,12.718765258789062,12.687544822692871,13.273468971252441
Wrong 12.304701805114746,13.234387397766113,13.585975646972656,13.351588249206543
Correct 11.781257629394531,14.742194175720215,11.789077758789062,14.585949897766113
Correct 12.656265258789062,13.132826805114746,14.17191219329834,12.203146934509277
Correct 11.218753814697266,11.578129768371582,14.562512397766113,11.375008583068848
Correct 12.57814884185791,13.609395980834961,11.882863998413086,13.007850646972656
Correct 11.585945129394531,11.679695129394531,14.718774795532227,11.960951805114746
Correct 11.62501049041748,11.523448944091797,14.539093971252441,11.789081573486328
Wrong 13.13283920288086,12.914083480834961,12.953185081481934,12.21878433227539
Wrong 11.617204666137695,12.601578712463379,13.476614952087402,12.156280517578125
Correct 15.015644073486328,12.812514305114746,12.10158920288086,12.406268119812012
Correct 11.835947036743164,13.05469799041748,12.375020027160645,15.273456573486328
Correct 12.70313835144043,14.203137397766113,13.445348739624023,15.085966110229492
Correct 14.33596134185791,13.531267166137695,12.367227554321289,13.828155517578125
Correct 13.554701805114746,13.023449897766113,12.835968971252441,12.226580619812012
Correct 11.226570129394531,15.148444175720215,11.203141212463379,11.507822036743164
Wrong 12.398446083068848,12.937508583068848,13.625024795532227,12.906266212463379
Correct 12.585946083068848,13.187508583068848,12.406270027160645,15.781269073486328
Correct 12.117194175720215,15.523445129394531,11.078139305114746,11.937508583068848
Wrong 11.10938549041748,11.875009536743164,10.781274795532227,15.242213249206543
Correct 11.921882629394531,12.421881675720215,15.039084434509277,11.87501335144043
Correct 12.695326805114746,13.296887397766113,13.210973739624023,14.35158634185791
