grade confidence_levels
Correct 14.988100051879883,15.41308879852295,14.72971248626709,14.423871994018555
Wrong 14.592348098754883,15.034872055053711,15.020445823669434,15.028619766235352
Correct 14.866539001464844,14.855881690979004,15.644549369812012,16.683591842651367
Wrong 15.37000846862793,15.15000057220459,15.450613975524902,16.199960708618164
Correct 15.047285079956055,15.182950973510742,15.24584674835205,15.593788146972656
Correct 14.97786808013916,15.182047843933105,15.41341781616211,15.951443672180176
Wrong 14.954141616821289,15.001834869384766,15.455007553100586,15.284430503845215
Wrong 14.80532169342041,14.794955253601074,14.821585655212402,15.139759063720703
Wrong 15.169842720031738,15.191396713256836,15.896166801452637,15.836745262145996
Correct 14.879977226257324,14.998618125915527,15.293218612670898,15.62822151184082
Correct 15.262900352478027,14.951179504394531,15.515843391418457,15.700136184692383
Wrong 14.871089935302734,14.80016803741455,15.231873512268066,15.380815505981445
Correct 15.406831741333008,14.76365852355957,15.781647682189941,15.44797134399414
Wrong 14.811722755432129,14.973921775817871,15.633780479431152,15.733187675476074
Wrong 14.629504203796387,14.33016300201416,15.085803985595703,15.416557312011719
Correct 14.80875301361084,15.03219985961914,15.19971752166748,15.724366188049316
Correct 15.261367797851562,15.281148910522461,15.266570091247559,16.58450698852539
Wrong 15.192923545837402,15.41538143157959,15.775311470031738,15.689274787902832
Correct 14.882025718688965,15.693321228027344,16.08486557006836,15.57774543762207
Wrong 15.498024940490723,15.135438919067383,15.530810356140137,15.472383499145508
Wrong 15.359610557556152,15.452893257141113,15.899907112121582,15.70073127746582
Wrong 14.60679817199707,14.281623840332031,14.665714263916016,14.696074485778809
Wrong 14.46483325958252,14.32017993927002,14.7803373336792,14.579351425170898
Wrong 15.397717475891113,15.508769989013672,15.700066566467285,15.6545991897583
Wrong 14.18635368347168,14.056622505187988,14.351752281188965,14.458244323730469
Wrong 15.788018226623535,15.490038871765137,15.856361389160156,16.858055114746094
Wrong 15.451114654541016,15.234441757202148,15.53111457824707,16.225914001464844
Wrong 15.479884147644043,15.325140953063965,15.272079467773438,16.18773651123047
Correct 14.326530456542969,13.459909439086914,13.96498966217041,14.179377555847168
Wrong 15.177657127380371,15.099302291870117,15.606986999511719,15.689922332763672
Correct 14.524232864379883,14.770474433898926,14.843164443969727,14.814849853515625
Correct 15.196043968200684,15.084744453430176,15.528536796569824,15.728073120117188
Wrong 14.830784797668457,14.937270164489746,15.6478910446167,15.521015167236328
Wrong 15.077858924865723,14.552367210388184,15.295453071594238,15.854056358337402
Wrong 14.736795425415039,14.361973762512207,15.48843765258789,15.167532920837402
Correct 14.744422912597656,14.497040748596191,15.351860046386719,15.652609825134277
Wrong 14.557802200317383,13.799971580505371,14.54509162902832,14.776870727539062
Correct 15.065134048461914,15.0058012008667,15.674266815185547,16.035263061523438
Correct 15.473692893981934,15.013153076171875,15.926777839660645,16.640117645263672
Wrong 14.411214828491211,14.96234130859375,15.105241775512695,14.574258804321289
Wrong 15.048436164855957,15.006559371948242,15.387377738952637,15.722162246704102
Correct 14.409000396728516,14.097097396850586,15.17326831817627,15.473320960998535
Correct 14.348610877990723,14.780550003051758,15.860958099365234,14.713008880615234
Wrong 15.803215026855469,15.50602912902832,15.932394027709961,15.77470588684082
Wrong 15.245923042297363,15.164780616760254,15.909005165100098,15.171502113342285
Wrong 14.74692440032959,14.514989852905273,15.789823532104492,15.382013320922852
Wrong 15.312934875488281,15.117046356201172,15.605175971984863,15.687419891357422
Correct 14.49007797241211,15.166343688964844,14.915692329406738,14.764111518859863
Wrong 14.774392127990723,14.592499732971191,15.448826789855957,15.632723808288574
Wrong 14.94865608215332,14.990673065185547,15.565917015075684,15.115333557128906
Wrong 14.754003524780273,14.863466262817383,15.192249298095703,15.991262435913086
Correct 14.465554237365723,14.088427543640137,14.702040672302246,14.91670036315918
Correct 15.047719955444336,14.803393363952637,15.825000762939453,15.441574096679688
Correct 15.187936782836914,15.486516952514648,15.766820907592773,15.53641128540039
Wrong 15.21052360534668,15.270322799682617,15.663351058959961,15.501984596252441
Wrong 14.816423416137695,14.573338508605957,15.111959457397461,15.753976821899414
Wrong 14.614538192749023,15.085536003112793,15.322484970092773,15.633461952209473
Wrong 15.361727714538574,15.572731971740723,15.269179344177246,15.085317611694336
Wrong 14.23465633392334,14.043190002441406,14.704200744628906,14.592585563659668
Correct 14.12659740447998,13.2557954788208,14.088397026062012,14.445322036743164
Correct 15.382620811462402,15.557051658630371,15.881508827209473,16.46793556213379
Correct 14.504670143127441,14.71940803527832,16.240903854370117,14.857956886291504
Wrong 14.743987083435059,14.718718528747559,15.038756370544434,15.059819221496582
Correct 14.743346214294434,14.493141174316406,15.126025199890137,15.136980056762695
Wrong 15.666202545166016,15.49879264831543,16.07864761352539,15.98733901977539
Wrong 15.017341613769531,14.928215980529785,15.817792892456055,15.435660362243652
Wrong 15.697035789489746,15.154379844665527,15.859838485717773,15.70005989074707
Correct 14.358637809753418,14.96298885345459,14.507684707641602,14.799215316772461
Wrong 14.859020233154297,14.31661319732666,15.197879791259766,15.202252388000488
Wrong 15.698019027709961,15.495641708374023,16.183334350585938,17.024023056030273
Correct 15.015962600708008,14.853225708007812,15.568693161010742,15.813030242919922
Wrong 14.911171913146973,15.247895240783691,15.553153038024902,15.227556228637695
Wrong 14.751277923583984,15.211492538452148,15.01390552520752,15.21060562133789
Wrong 15.12582015991211,14.591605186462402,15.924897193908691,15.680977821350098
Correct 15.301223754882812,14.518836975097656,14.784802436828613,15.28118896484375
Wrong 14.57314395904541,14.339791297912598,15.240175247192383,15.338025093078613
Wrong 14.680754661560059,14.653532981872559,14.809541702270508,14.640456199645996
Wrong 15.379149436950684,14.76765251159668,15.70948314666748,15.449374198913574
Wrong 15.119868278503418,14.847468376159668,15.48790168762207,15.570669174194336
Wrong 14.665693283081055,14.50694465637207,15.133859634399414,15.390486717224121
Correct 15.098042488098145,15.112767219543457,14.995948791503906,14.871787071228027
Wrong 14.680289268493652,15.00537395477295,15.591167449951172,15.224623680114746
Wrong 14.396273612976074,14.024551391601562,14.598119735717773,15.013148307800293
Wrong 14.190208435058594,14.545000076293945,15.078699111938477,14.968976020812988
Correct 14.581462860107422,14.194321632385254,15.260395050048828,15.410043716430664
Wrong 15.104120254516602,15.216869354248047,15.05850601196289,15.733903884887695
Correct 14.952878952026367,14.766144752502441,15.293787956237793,15.069336891174316
Wrong 15.220107078552246,15.0663423538208,15.539016723632812,15.970487594604492
Wrong 14.546497344970703,15.155842781066895,15.311081886291504,14.999454498291016
Correct 14.981928825378418,14.534697532653809,15.84096908569336,15.562849044799805
Wrong 14.940620422363281,14.770001411437988,15.88598918914795,16.25271224975586
Wrong 14.788336753845215,14.842143058776855,15.164192199707031,14.713178634643555
Wrong 14.992568016052246,14.91519832611084,15.50273323059082,15.365459442138672
Wrong 14.713491439819336,14.780497550964355,15.915095329284668,15.706722259521484
Wrong 14.767264366149902,15.049814224243164,15.342437744140625,14.916460037231445
Wrong 15.689245223999023,15.682408332824707,15.9627046585083,15.715861320495605
Correct 14.652566909790039,14.28728199005127,15.093850135803223,15.216946601867676
Correct 15.393969535827637,16.057266235351562,15.297450065612793,15.223261833190918
Wrong 14.956997871398926,15.226295471191406,15.481385231018066,15.32230281829834
Wrong 14.478996276855469,14.211614608764648,14.99811840057373,14.718194961547852
Correct 15.168366432189941,15.027386665344238,16.374778747558594,16.01597785949707
Wrong 15.02409839630127,14.767770767211914,15.302718162536621,14.926392555236816
Wrong 15.26176643371582,14.99854850769043,15.154245376586914,15.831825256347656
Wrong 15.369946479797363,15.323945045471191,15.689577102661133,15.969700813293457
Wrong 15.488247871398926,15.45390796661377,15.95663833618164,15.547464370727539
Wrong 15.274174690246582,15.540605545043945,15.543754577636719,15.522016525268555
Correct 14.945564270019531,14.124089241027832,15.057719230651855,16.001949310302734
Wrong 15.459793090820312,15.342455863952637,16.29165267944336,15.852094650268555
Wrong 14.857706069946289,13.563931465148926,14.847369194030762,15.94862174987793
Correct 14.917412757873535,14.772225379943848,15.587616920471191,15.518595695495605
Correct 15.446189880371094,15.24807071685791,16.358442306518555,15.835517883300781
Wrong 14.244808197021484,14.761489868164062,14.73485279083252,14.960973739624023
Wrong 14.1995849609375,13.86225414276123,14.51641845703125,14.891745567321777
Wrong 15.737576484680176,15.480744361877441,16.40683937072754,16.1878662109375
Wrong 14.444107055664062,14.1433687210083,15.224766731262207,15.226387977600098
Wrong 14.972759246826172,14.9366455078125,15.971193313598633,15.460710525512695
Wrong 15.727619171142578,15.440174102783203,15.692533493041992,15.738039016723633
Wrong 14.620146751403809,14.728135108947754,15.189112663269043,15.301212310791016
Wrong 15.209858894348145,15.158345222473145,15.442107200622559,15.235377311706543
Correct 14.983065605163574,14.594552993774414,16.24701690673828,15.388941764831543
Wrong 15.331820487976074,15.345942497253418,15.938265800476074,16.30017852783203
Correct 15.26360034942627,15.114795684814453,15.512804985046387,15.269142150878906
Wrong 14.940752029418945,15.05988883972168,15.280904769897461,15.498313903808594
Correct 15.524715423583984,14.99392318725586,15.791742324829102,16.262535095214844
Wrong 15.403509140014648,15.262951850891113,15.964077949523926,15.564027786254883
Correct 15.29849624633789,15.2239408493042,16.209213256835938,16.01120376586914
Correct 15.715591430664062,15.439142227172852,15.825719833374023,16.569719314575195
Correct 14.65372371673584,14.130820274353027,14.533604621887207,15.705714225769043
Wrong 14.772340774536133,14.790156364440918,15.08520793914795,15.126928329467773
Wrong 14.97463321685791,15.419014930725098,15.525761604309082,14.971415519714355
Wrong 14.742968559265137,15.040406227111816,15.408187866210938,15.272820472717285
Correct 14.72264575958252,14.011934280395508,15.33382511138916,15.787578582763672
Correct 14.5482177734375,13.95805835723877,14.809907913208008,15.808741569519043
Correct 14.966553688049316,14.976143836975098,15.800713539123535,15.37615966796875
Wrong 14.884264945983887,14.711132049560547,15.355179786682129,15.394327163696289
Correct 15.087956428527832,15.033249855041504,15.484436988830566,15.063705444335938
Correct 15.311851501464844,15.18608570098877,15.373851776123047,15.01163387298584
Wrong 15.850905418395996,15.90678882598877,16.252199172973633,15.797503471374512
Wrong 15.0724458694458,15.24736213684082,15.593971252441406,15.562050819396973
Wrong 14.804737091064453,14.496720314025879,15.515663146972656,14.72368335723877
Correct 14.508807182312012,14.056707382202148,15.079300880432129,14.861614227294922
Wrong 14.040055274963379,14.305983543395996,14.371299743652344,14.271252632141113
Wrong 15.366288185119629,14.615070343017578,15.177995681762695,15.904006958007812
Correct 14.965615272521973,14.702991485595703,15.338830947875977,15.551681518554688
Wrong 14.815766334533691,15.012523651123047,15.643585205078125,15.244887351989746
Wrong 14.351324081420898,14.150517463684082,14.888797760009766,15.077993392944336
Correct 14.935378074645996,14.976301193237305,15.718026161193848,14.931497573852539
Correct 14.43775463104248,14.578142166137695,16.28636360168457,15.178521156311035
Correct 15.146093368530273,15.040060997009277,15.738542556762695,15.214804649353027
Wrong 14.554130554199219,14.69466495513916,15.002436637878418,15.189404487609863
Wrong 14.891560554504395,14.799931526184082,15.514050483703613,15.506353378295898
Wrong 14.96955394744873,14.342425346374512,15.358732223510742,15.497382164001465
Wrong 14.773567199707031,14.179939270019531,15.526278495788574,15.719645500183105
Correct 14.248392105102539,13.975916862487793,14.5764741897583,14.395055770874023
Wrong 15.106413841247559,15.146012306213379,15.436484336853027,15.449118614196777
Wrong 15.174397468566895,15.007481575012207,15.335803031921387,15.690129280090332
Correct 15.285418510437012,14.646467208862305,15.25864028930664,15.743233680725098
Wrong 14.76712703704834,14.22751522064209,14.727441787719727,15.752937316894531
Wrong 15.15329647064209,14.740516662597656,15.693127632141113,15.691612243652344
Correct 15.293485641479492,14.762408256530762,15.727312088012695,15.868672370910645
Correct 14.964156150817871,14.827834129333496,15.229780197143555,15.105635643005371
Wrong 14.493657112121582,15.234048843383789,15.358497619628906,15.174927711486816
Wrong 14.402033805847168,14.500360488891602,15.015869140625,14.510974884033203
Wrong 14.879953384399414,14.36836051940918,15.042216300964355,15.234536170959473
Wrong 14.814494132995605,15.084487915039062,15.625659942626953,15.239980697631836
Correct 14.650936126708984,14.509081840515137,14.823875427246094,15.446582794189453
Wrong 14.548580169677734,14.480955123901367,15.121820449829102,15.254209518432617
Wrong 14.792004585266113,14.733695030212402,14.87716293334961,15.215234756469727
Correct 14.91358470916748,14.750495910644531,14.697892189025879,14.888915061950684
Wrong 15.21346378326416,15.198751449584961,15.485143661499023,15.903887748718262
Wrong 15.379599571228027,14.818312644958496,15.170395851135254,15.246142387390137
Wrong 15.308587074279785,15.097489356994629,15.706193923950195,16.328134536743164
Wrong 15.282275199890137,14.453968048095703,15.216227531433105,15.659741401672363
Wrong 14.617362022399902,14.777073860168457,15.558603286743164,15.261889457702637
Correct 14.858969688415527,15.089655876159668,15.953043937683105,15.256365776062012
Wrong 15.623149871826172,14.841575622558594,14.918850898742676,15.546882629394531
Wrong 15.170506477355957,15.322328567504883,15.720004081726074,15.685288429260254
Wrong 14.413636207580566,14.610010147094727,14.773043632507324,14.629569053649902
Wrong 14.107020378112793,14.314947128295898,14.569416046142578,14.535564422607422
Correct 14.879640579223633,14.982429504394531,16.182334899902344,15.746132850646973
Correct 15.268160820007324,14.82261848449707,15.963356018066406,15.725191116333008
Wrong 15.483932495117188,15.175787925720215,15.715145111083984,16.084814071655273
Wrong 15.723079681396484,15.597161293029785,16.19181251525879,15.750064849853516
Wrong 15.033435821533203,14.866897583007812,15.617828369140625,15.54250717163086
Wrong 14.802389144897461,14.395333290100098,14.707982063293457,14.892205238342285
Correct 15.594712257385254,15.93435287475586,16.58810043334961,15.959578514099121
Correct 14.736661911010742,14.586640357971191,14.906211853027344,15.736793518066406
Wrong 15.12293529510498,14.822111129760742,15.355212211608887,15.262188911437988
Wrong 14.937726974487305,15.26142406463623,15.687980651855469,15.16661548614502
Wrong 14.883904457092285,14.766297340393066,15.313783645629883,15.62279987335205
Wrong 15.112228393554688,15.047700881958008,15.761336326599121,15.23740291595459
Correct 14.680612564086914,14.650703430175781,15.74559211730957,14.838521003723145
Correct 15.333544731140137,15.108528137207031,15.810019493103027,15.686336517333984
Wrong 14.081974029541016,14.415384292602539,14.741445541381836,14.58448600769043
Wrong 14.669443130493164,14.769107818603516,14.965676307678223,15.110164642333984
Wrong 14.90993595123291,15.720274925231934,15.080602645874023,15.332655906677246
Wrong 14.707432746887207,15.053424835205078,15.25955581665039,15.238571166992188
Wrong 15.383258819580078,15.318156242370605,15.732462882995605,15.56922721862793
Correct 15.234169960021973,15.198534965515137,15.767400741577148,16.29081916809082
Wrong 14.514053344726562,14.193429946899414,15.0488862991333,15.82900619506836
Correct 14.80431079864502,14.742470741271973,15.242449760437012,14.931873321533203
Wrong 15.3208589553833,15.32529354095459,16.029794692993164,15.819296836853027
Wrong 14.138527870178223,13.619980812072754,14.76032829284668,13.793455123901367
Correct 14.01620864868164,14.414127349853516,15.167216300964355,14.20796012878418
Correct 15.383003234863281,14.735817909240723,15.403403282165527,16.553579330444336
Wrong 14.565496444702148,14.207322120666504,14.925689697265625,14.418444633483887
Wrong 15.385693550109863,14.800690650939941,15.707260131835938,15.416232109069824
Correct 14.570013999938965,14.135645866394043,15.102534294128418,14.79377269744873
Wrong 14.535200119018555,14.180357933044434,14.805819511413574,15.232887268066406
Wrong 15.057973861694336,15.086276054382324,15.0486421585083,14.626617431640625
Correct 14.70814037322998,14.505609512329102,15.33858585357666,15.037010192871094
Wrong 15.107162475585938,15.01282787322998,15.738648414611816,15.597362518310547
Correct 15.094749450683594,14.763274192810059,15.258112907409668,16.126752853393555
Wrong 15.03689956665039,15.224529266357422,15.490198135375977,15.124462127685547
Wrong 14.673036575317383,14.167601585388184,15.747565269470215,15.277483940124512
Wrong 14.993339538574219,14.830268859863281,15.457842826843262,15.876935005187988
Correct 15.34467601776123,15.15256404876709,15.255620002746582,15.208538055419922
Wrong 14.590822219848633,14.16157341003418,14.798262596130371,15.078923225402832
Wrong 15.080937385559082,14.806862831115723,15.548900604248047,15.747063636779785
Correct 14.736251831054688,14.465448379516602,16.003419876098633,14.651721000671387
Wrong 14.894556999206543,14.8466796875,15.499151229858398,15.183717727661133
Wrong 14.949746131896973,14.244534492492676,15.394657135009766,15.62790584564209
Correct 15.0469331741333,14.978419303894043,15.932019233703613,15.483479499816895
Wrong 14.801180839538574,14.106303215026855,15.463441848754883,15.611454010009766
Wrong 15.193267822265625,14.78591537475586,15.986233711242676,16.182188034057617
Correct 14.919951438903809,14.463994979858398,15.490290641784668,15.726167678833008
Correct 15.315091133117676,15.118962287902832,15.692314147949219,16.101238250732422
Wrong 15.133977890014648,14.779400825500488,15.20019817352295,15.258381843566895
Wrong 14.615143775939941,14.24795150756836,14.95464038848877,15.683419227600098
Wrong 15.015462875366211,15.318889617919922,14.960103988647461,15.364904403686523
Wrong 15.080951690673828,15.034720420837402,15.610962867736816,14.730443954467773
Wrong 14.886616706848145,14.964094161987305,15.403841972351074,15.738604545593262
Wrong 14.710224151611328,14.88197135925293,15.471785545349121,15.528767585754395
Correct 14.485021591186523,14.413154602050781,15.101673126220703,14.744834899902344
Wrong 14.295111656188965,13.534643173217773,15.266393661499023,15.703222274780273
Correct 14.901274681091309,15.058805465698242,15.143669128417969,14.888993263244629
Wrong 14.7132568359375,14.529230117797852,15.330989837646484,15.207231521606445
Correct 15.641446113586426,15.435539245605469,15.716788291931152,16.016956329345703
Correct 14.490950584411621,14.327012062072754,15.240069389343262,15.027541160583496
Correct 15.337946891784668,15.938631057739258,15.856868743896484,15.807662010192871
Wrong 14.396659851074219,14.546797752380371,15.13127326965332,14.76496696472168
Correct 15.451956748962402,15.29262638092041,16.096805572509766,15.999918937683105
Wrong 14.919638633728027,14.762358665466309,15.230447769165039,15.785653114318848
Wrong 14.747359275817871,13.966117858886719,14.9548921585083,15.209100723266602
Wrong 14.706591606140137,15.026518821716309,15.439220428466797,15.021636009216309
Wrong 14.639371871948242,14.627622604370117,15.134346008300781,15.708990097045898
Wrong 15.656153678894043,15.668842315673828,16.383432388305664,16.324241638183594
Wrong 14.70102310180664,13.735222816467285,15.817615509033203,15.777584075927734
Wrong 15.141603469848633,14.373006820678711,14.726861953735352,15.58027458190918
Correct 14.914488792419434,14.960179328918457,15.246838569641113,15.66593074798584
Wrong 14.825528144836426,14.16972541809082,15.074809074401855,15.267641067504883
Wrong 15.752323150634766,15.142650604248047,16.181713104248047,16.01782989501953
Correct 14.40650463104248,14.597405433654785,14.965005874633789,15.02251148223877
Correct 14.936250686645508,15.022370338439941,15.997812271118164,15.816591262817383
Wrong 14.937700271606445,14.15103530883789,14.452373504638672,15.862963676452637
Wrong 15.14897346496582,14.717702865600586,14.915422439575195,15.103677749633789
Correct 14.822883605957031,14.770919799804688,14.935901641845703,14.80678653717041
Wrong 14.772459030151367,14.903765678405762,15.218917846679688,15.301202774047852
Wrong 15.199214935302734,14.842485427856445,15.88782024383545,14.98684310913086
Correct 14.356460571289062,14.308191299438477,14.672968864440918,15.75898265838623
Correct 15.350544929504395,15.77970027923584,15.858843803405762,16.13803482055664
Wrong 14.700014114379883,14.420454978942871,14.894948959350586,15.065892219543457
Wrong 15.244268417358398,15.418357849121094,15.177630424499512,15.34625244140625
Wrong 14.336520195007324,14.680496215820312,15.465128898620605,15.27673625946045
Wrong 15.059582710266113,14.94761848449707,15.016742706298828,15.383186340332031
Wrong 14.827836990356445,14.715518951416016,14.630934715270996,14.772571563720703
Wrong 14.942564010620117,13.93320369720459,14.981074333190918,16.2768497467041
Wrong 14.744256973266602,14.549710273742676,15.199020385742188,15.437445640563965
Wrong 14.502664566040039,14.38448715209961,14.775845527648926,14.733280181884766
Correct 15.066887855529785,14.921975135803223,15.021780967712402,14.83283805847168
Wrong 14.592251777648926,14.585110664367676,15.099381446838379,15.186894416809082
Wrong 14.740826606750488,14.940720558166504,15.486089706420898,15.211190223693848
Wrong 15.000707626342773,15.051968574523926,15.466788291931152,15.31395435333252
Wrong 14.582326889038086,14.457234382629395,14.998641967773438,14.617375373840332
Wrong 15.387748718261719,15.155994415283203,15.41034984588623,15.302867889404297
Correct 15.00228500366211,14.629264831542969,16.503070831298828,15.624944686889648
Wrong 14.353540420532227,14.42562484741211,14.675708770751953,14.318450927734375
Correct 14.672588348388672,14.565966606140137,15.186890602111816,16.656469345092773
Wrong 14.609528541564941,14.500346183776855,14.64309310913086,15.757722854614258
Wrong 14.649191856384277,14.50159740447998,14.808550834655762,15.014779090881348
Wrong 14.954666137695312,14.087359428405762,15.499897003173828,14.709259986877441
Wrong 15.129081726074219,14.303865432739258,15.079800605773926,15.102648735046387
Wrong 14.63585090637207,14.27293872833252,14.664977073669434,15.175285339355469
Correct 15.327381134033203,15.634683609008789,15.317680358886719,15.19897747039795
Correct 14.408731460571289,14.679255485534668,15.365638732910156,15.111539840698242
Wrong 14.533106803894043,14.518278121948242,14.448691368103027,14.567129135131836
Wrong 15.600590705871582,15.043920516967773,16.004667282104492,16.164396286010742
Wrong 14.670103073120117,15.266456604003906,15.545551300048828,14.79008960723877
Wrong 15.2714204788208,15.132498741149902,16.177663803100586,15.558978080749512
Correct 15.400824546813965,14.893778800964355,15.67541217803955,15.551837921142578
Correct 14.849306106567383,14.814720153808594,15.872652053833008,15.598043441772461
Correct 14.863917350769043,14.06032943725586,14.07136344909668,14.12406063079834
Wrong 14.903017044067383,15.350720405578613,15.845937728881836,15.316417694091797
Wrong 14.666232109069824,14.010224342346191,14.739019393920898,15.16504192352295
Wrong 15.716974258422852,15.846943855285645,16.06467628479004,15.926345825195312
Wrong 14.491517066955566,14.30898666381836,15.752083778381348,15.82599925994873
Wrong 15.672144889831543,15.606751441955566,16.26346778869629,16.229459762573242
Wrong 14.055728912353516,14.202214241027832,15.498833656311035,14.571002960205078
Wrong 15.232213020324707,15.24112319946289,15.453444480895996,16.372608184814453
Correct 15.482039451599121,15.132637023925781,16.11598777770996,16.058277130126953
Correct 14.254264831542969,13.855500221252441,15.96688461303711,15.98670768737793
Wrong 14.676779747009277,14.538346290588379,15.031791687011719,15.068084716796875
Correct 14.938652038574219,14.970705032348633,15.779295921325684,15.209295272827148
Correct 15.133882522583008,14.830341339111328,15.496003150939941,15.524893760681152
Wrong 14.742626190185547,14.526887893676758,15.097391128540039,15.192574501037598
Wrong 14.654305458068848,14.365476608276367,14.957036018371582,15.022228240966797
Wrong 14.613600730895996,14.846970558166504,15.385034561157227,15.325093269348145
Wrong 14.736058235168457,14.638097763061523,15.400177001953125,15.370420455932617
Correct 15.081220626831055,14.448293685913086,14.634345054626465,14.796429634094238
Wrong 15.340850830078125,15.328397750854492,15.473246574401855,15.453500747680664
Wrong 14.798303604125977,14.057669639587402,14.468667030334473,14.820422172546387
Wrong 14.840760231018066,13.792990684509277,15.375289916992188,14.583725929260254
Wrong 14.70621109008789,14.801456451416016,14.705793380737305,14.87744140625
Wrong 15.26731014251709,14.909592628479004,15.950221061706543,15.743368148803711
Wrong 14.4551420211792,13.728126525878906,15.497578620910645,15.24803638458252
Wrong 14.77880573272705,14.453736305236816,15.369624137878418,14.770949363708496
Wrong 14.713399887084961,14.491421699523926,15.129389762878418,15.424729347229004
Wrong 15.90245532989502,15.549248695373535,16.038127899169922,15.951386451721191
Wrong 15.155244827270508,15.092143058776855,15.313907623291016,16.127872467041016
Wrong 15.25228500366211,14.968104362487793,15.418527603149414,15.634243965148926
Wrong 14.55829906463623,14.349276542663574,15.141149520874023,15.46110725402832
Correct 14.642169952392578,14.640121459960938,14.95473575592041,15.879571914672852
Wrong 15.8036470413208,15.68587589263916,15.847355842590332,15.03288459777832
Correct 14.701584815979004,14.795855522155762,15.433887481689453,15.261473655700684
Correct 14.999897956848145,14.374032020568848,15.069055557250977,15.811104774475098
Wrong 14.031038284301758,13.889402389526367,14.503247261047363,14.168816566467285
Wrong 15.048959732055664,15.091242790222168,15.64741039276123,15.190267562866211
Wrong 14.749845504760742,14.977685928344727,15.935149192810059,15.16146183013916
Wrong 14.887999534606934,14.249449729919434,15.041202545166016,14.887280464172363
Wrong 13.822975158691406,13.747102737426758,14.684463500976562,14.386019706726074
Wrong 14.686017036437988,14.415762901306152,15.106217384338379,16.205591201782227
Correct 15.135220527648926,14.417413711547852,14.947991371154785,16.241127014160156
Wrong 15.136425018310547,14.188761711120605,15.645465850830078,15.878337860107422
Correct 14.23050308227539,14.439386367797852,14.982399940490723,14.550203323364258
Wrong 15.441703796386719,15.279129028320312,15.754720687866211,16.070886611938477
Wrong 14.833800315856934,14.753862380981445,14.995291709899902,15.566970825195312
Wrong 14.898581504821777,15.131941795349121,15.781569480895996,15.738550186157227
Correct 14.99816608428955,14.637125015258789,15.55626106262207,15.993035316467285
Wrong 14.950849533081055,14.594136238098145,15.589828491210938,15.967052459716797
Wrong 14.372966766357422,14.209310531616211,14.92447280883789,15.18807315826416
Wrong 14.606463432312012,14.325090408325195,15.024394035339355,15.112177848815918
Correct 15.162532806396484,14.736186981201172,15.317131042480469,15.63150405883789
Wrong 15.988207817077637,15.649164199829102,16.188478469848633,16.05100440979004
Correct 15.31389045715332,14.231510162353516,15.303467750549316,16.12600326538086
Wrong 15.043417930603027,14.687687873840332,15.313586235046387,15.469624519348145
Wrong 14.888294219970703,15.55813980102539,15.085685729980469,16.27824592590332
Wrong 15.069900512695312,14.575620651245117,15.223852157592773,15.975499153137207
Correct 14.800003051757812,14.44742488861084,15.198247909545898,15.566838264465332
Wrong 14.79515552520752,15.191080093383789,15.877386093139648,15.52113151550293
Correct 15.355717658996582,14.904825210571289,14.749549865722656,15.759821891784668
Correct 14.475478172302246,14.529544830322266,14.77546215057373,14.656174659729004
Wrong 15.61932373046875,15.379399299621582,15.231037139892578,15.226008415222168
Wrong 14.540904998779297,15.010934829711914,15.26585865020752,15.092639923095703
Wrong 13.8838529586792,13.683060646057129,14.508498191833496,14.489158630371094
Wrong 14.864256858825684,14.769786834716797,14.796233177185059,14.879281997680664
Correct 14.52565860748291,13.863945007324219,14.578605651855469,14.810575485229492
Correct 14.870838165283203,15.0300874710083,15.731751441955566,15.369332313537598
Correct 15.030267715454102,14.918452262878418,15.703668594360352,15.5165376663208
Correct 15.47496223449707,14.497509956359863,15.172344207763672,15.208532333374023
Correct 15.089213371276855,14.696470260620117,15.902129173278809,15.63282585144043
Wrong 15.378945350646973,15.39803409576416,15.692048072814941,15.317493438720703
Wrong 15.009591102600098,15.109672546386719,15.330790519714355,15.91807746887207
Correct 15.013223648071289,15.052234649658203,15.644845962524414,15.22689151763916
Correct 14.546699523925781,14.200753211975098,15.108009338378906,15.821809768676758
Wrong 14.141233444213867,14.129740715026855,14.852622985839844,15.059244155883789
Correct 14.899136543273926,15.07490348815918,15.654756546020508,15.670174598693848
Wrong 14.427830696105957,14.823097229003906,14.797226905822754,14.830255508422852
Wrong 15.038750648498535,14.554550170898438,14.8292818069458,15.301203727722168
Wrong 14.859190940856934,14.38713264465332,14.78469181060791,15.31893539428711
Wrong 14.207525253295898,14.300552368164062,14.714345932006836,14.688677787780762
Wrong 14.673134803771973,14.148377418518066,14.77170181274414,15.688314437866211
Correct 14.494401931762695,13.985733032226562,15.705815315246582,15.351460456848145
Correct 15.69860553741455,15.774755477905273,16.141149520874023,16.519376754760742
Wrong 14.573128700256348,14.405112266540527,14.824798583984375,15.821136474609375
Correct 15.549835205078125,15.743443489074707,15.624612808227539,15.31714916229248
Wrong 14.944662094116211,15.013908386230469,15.916983604431152,15.621724128723145
Wrong 15.055428504943848,15.134563446044922,15.326388359069824,15.29141616821289
Wrong 14.901544570922852,14.680071830749512,15.56372356414795,15.394015312194824
Wrong 14.847674369812012,14.55448055267334,14.784995079040527,14.97337818145752
Wrong 14.771443367004395,14.54749870300293,15.06932544708252,15.563240051269531
Wrong 14.830547332763672,15.026495933532715,14.892291069030762,14.65275764465332
Wrong 15.610540390014648,15.28377914428711,15.49478530883789,15.309362411499023
Wrong 14.686273574829102,14.78425407409668,14.849711418151855,14.81732177734375
Correct 15.18819808959961,15.423545837402344,16.061614990234375,15.566916465759277
Correct 15.513839721679688,14.475260734558105,14.705151557922363,16.01105308532715
Wrong 15.965607643127441,15.603736877441406,16.0677490234375,16.467670440673828
Wrong 14.466569900512695,14.30268669128418,15.069863319396973,14.700565338134766
Wrong 14.380192756652832,14.675350189208984,15.243858337402344,15.228890419006348
Wrong 14.018874168395996,14.085577011108398,15.239094734191895,14.64566421508789
Correct 15.5443115234375,14.875350952148438,15.571393013000488,15.719259262084961
Wrong 14.846464157104492,15.1107759475708,15.522294998168945,15.59306812286377
Wrong 14.677578926086426,14.429818153381348,14.82308292388916,15.327306747436523
Correct 14.717403411865234,14.389504432678223,15.614731788635254,15.291555404663086
Wrong 14.84635066986084,14.44536018371582,15.252293586730957,15.9041166305542
Correct 15.451177597045898,15.26028823852539,16.227638244628906,16.448894500732422
Wrong 14.620264053344727,14.517003059387207,15.305853843688965,15.303718566894531
Wrong 15.709444046020508,15.528116226196289,16.428546905517578,16.650859832763672
Correct 15.534650802612305,15.25304889678955,15.889239311218262,16.311031341552734
Correct 15.171378135681152,14.699950218200684,14.802961349487305,15.028942108154297
Wrong 14.57086181640625,14.397677421569824,15.103422164916992,14.966215133666992
Wrong 14.95321273803711,14.311446189880371,15.47739028930664,16.257720947265625
Wrong 15.414278984069824,14.885903358459473,15.35037899017334,15.143851280212402
Wrong 14.949235916137695,14.599701881408691,14.976412773132324,15.373985290527344
Correct 15.272969245910645,14.658221244812012,15.336115837097168,17.190595626831055
Correct 14.516670227050781,13.914753913879395,14.485711097717285,15.54565715789795
Wrong 14.821919441223145,14.776473999023438,15.171558380126953,15.353914260864258
Correct 14.59179973602295,14.387165069580078,16.562177658081055,15.450204849243164
Correct 14.863547325134277,14.725815773010254,15.4869966506958,16.257192611694336
Wrong 15.060310363769531,14.348075866699219,14.945208549499512,15.404891014099121
Wrong 15.28496265411377,15.236590385437012,15.589850425720215,15.789159774780273
Wrong 14.844491004943848,14.899600982666016,15.158669471740723,15.157855987548828
Wrong 14.950698852539062,14.797696113586426,15.444148063659668,15.564567565917969
Wrong 15.092730522155762,14.807093620300293,14.766905784606934,15.642983436584473
Wrong 15.347651481628418,15.654228210449219,15.914435386657715,15.876063346862793
Wrong 15.040295600891113,14.476659774780273,14.672985076904297,15.789470672607422
Wrong 14.645915985107422,15.079806327819824,15.539756774902344,15.219295501708984
Wrong 14.386484146118164,14.398994445800781,14.973304748535156,14.582128524780273
Wrong 14.809696197509766,15.129812240600586,15.449057579040527,15.072022438049316
Wrong 14.254264831542969,14.423456192016602,14.66936206817627,14.828904151916504
Wrong 15.606629371643066,15.51722526550293,15.896885871887207,16.209571838378906
Correct 14.82764720916748,14.481583595275879,15.31101131439209,15.74929428100586
Correct 14.812661170959473,14.306087493896484,15.626398086547852,15.463440895080566
Wrong 15.086362838745117,15.170949935913086,15.621926307678223,15.666340827941895
Wrong 14.599198341369629,14.559237480163574,14.893773078918457,14.721243858337402
Wrong 14.516359329223633,14.37878704071045,14.64449691772461,15.227119445800781
Correct 14.771400451660156,14.326824188232422,15.0132417678833,15.946167945861816
Wrong 15.182186126708984,15.014878273010254,15.674514770507812,15.609314918518066
Wrong 14.217938423156738,14.56011962890625,14.843952178955078,14.826586723327637
Wrong 14.91211986541748,15.381650924682617,15.624734878540039,15.627182006835938
Correct 14.483789443969727,14.541711807250977,15.044918060302734,15.203173637390137
Wrong 15.639162063598633,15.40211296081543,16.31162452697754,16.159067153930664
Wrong 14.459051132202148,14.496045112609863,15.046303749084473,15.18188762664795
Wrong 14.928997993469238,14.528180122375488,15.07603931427002,15.462708473205566
Correct 14.941265106201172,14.902791023254395,15.745261192321777,14.584837913513184
Wrong 14.59214973449707,14.22629165649414,14.83121395111084,15.261978149414062
Correct 13.926495552062988,14.188253402709961,14.737625122070312,14.311484336853027
Wrong 15.0581636428833,14.754977226257324,15.212257385253906,15.600593566894531
Correct 14.881455421447754,14.610433578491211,15.28671932220459,15.768068313598633
Wrong 14.862367630004883,14.476364135742188,14.813911437988281,14.826027870178223
Correct 15.734586715698242,14.827531814575195,14.344522476196289,14.616384506225586
Correct 14.570290565490723,14.500567436218262,15.835594177246094,15.282814025878906
Correct 14.672576904296875,14.26564884185791,14.767399787902832,15.737217903137207
Wrong 15.134033203125,14.673486709594727,15.523223876953125,15.674012184143066
Wrong 15.159982681274414,15.083513259887695,15.30627727508545,15.799142837524414
Wrong 14.797022819519043,14.6743745803833,15.664438247680664,15.647603988647461
Wrong 14.605766296386719,14.366849899291992,15.257755279541016,15.148699760437012
Correct 15.847434997558594,15.270450592041016,15.437646865844727,14.95976734161377
Correct 15.559989929199219,15.811559677124023,16.103052139282227,15.810685157775879
Wrong 14.634200096130371,14.30644416809082,14.961785316467285,14.501198768615723
Wrong 15.60387897491455,15.724397659301758,16.19481086730957,16.653701782226562
Wrong 14.433760643005371,13.879242897033691,14.781373023986816,16.280237197875977
Wrong 15.119998931884766,15.233312606811523,15.377219200134277,15.335817337036133
Correct 14.45401382446289,14.33746337890625,15.034392356872559,15.98033618927002
Wrong 14.557991981506348,14.52332878112793,14.972067832946777,15.224039077758789
Correct 14.970677375793457,14.577544212341309,15.172520637512207,15.6077299118042
Wrong 15.2413330078125,15.531892776489258,15.712133407592773,15.700311660766602
Wrong 14.634561538696289,14.309173583984375,14.860147476196289,15.243208885192871
Correct 15.233675956726074,14.944270133972168,15.942434310913086,15.61517333984375
Wrong 15.006380081176758,15.056385040283203,15.490310668945312,15.583582878112793
Wrong 14.824786186218262,15.27676773071289,15.866960525512695,15.332010269165039
Wrong 14.794124603271484,15.000679969787598,15.575575828552246,15.538536071777344
Correct 14.950136184692383,14.766450881958008,15.570765495300293,15.416887283325195
Wrong 14.44522476196289,14.150794982910156,14.76689624786377,15.210525512695312
Wrong 14.796708106994629,14.896296501159668,15.160785675048828,15.107589721679688
Wrong 15.312751770019531,15.42724323272705,15.890337944030762,16.007062911987305
Correct 14.986416816711426,15.289077758789062,15.909392356872559,15.752037048339844
Wrong 15.27573013305664,15.154428482055664,15.83143424987793,15.772720336914062
Wrong 14.374920845031738,15.015769958496094,15.0452880859375,15.02977180480957
Wrong 14.351366996765137,14.469550132751465,15.30502986907959,14.386011123657227
Wrong 14.808265686035156,14.940727233886719,15.045797348022461,14.824366569519043
Wrong 15.420191764831543,15.008736610412598,15.525744438171387,15.753800392150879
Wrong 14.86791706085205,15.085760116577148,15.452682495117188,15.57878303527832
Wrong 15.167267799377441,15.241748809814453,15.433680534362793,15.243016242980957
Correct 15.671867370605469,15.641295433044434,16.30461883544922,16.1557674407959
Correct 13.961002349853516,14.027149200439453,15.090110778808594,14.351322174072266
Wrong 15.477981567382812,14.799920082092285,15.18931770324707,15.844898223876953
Wrong 15.738245010375977,15.494437217712402,15.79758358001709,15.485846519470215
Correct 14.36110782623291,14.777325630187988,15.61268138885498,15.30094051361084
Correct 14.961133003234863,14.187007904052734,15.59221076965332,16.162961959838867
Wrong 14.945460319519043,14.122139930725098,15.288735389709473,16.36379051208496
Correct 15.5746431350708,15.716776847839355,15.973267555236816,15.861133575439453
Wrong 14.852814674377441,14.890417098999023,15.028890609741211,14.213330268859863
Wrong 14.574760437011719,14.444829940795898,14.968914031982422,15.104811668395996
Wrong 14.658431053161621,14.746553421020508,15.200654029846191,14.712479591369629
Wrong 15.060850143432617,14.887431144714355,15.274775505065918,15.577905654907227
Correct 14.47271728515625,14.239134788513184,15.268658638000488,15.161499977111816
Correct 14.82453727722168,14.936217308044434,14.746443748474121,16.05946922302246
Wrong 14.001266479492188,14.542806625366211,14.941065788269043,14.408909797668457
Correct 14.807705879211426,15.086824417114258,16.42136573791504,14.790072441101074
Wrong 14.019962310791016,13.979443550109863,14.624483108520508,15.04010009765625
Wrong 15.12369441986084,15.09549331665039,15.625433921813965,15.847865104675293
Wrong 14.444235801696777,14.444131851196289,14.844996452331543,14.950652122497559
Wrong 14.955368995666504,15.21038818359375,15.720115661621094,15.420896530151367
Wrong 14.66396713256836,14.63432502746582,14.784923553466797,14.714550971984863
Wrong 15.667189598083496,15.622549057006836,16.041269302368164,15.86230754852295
Wrong 15.018183708190918,14.823596954345703,15.1156644821167,15.077760696411133
Wrong 15.320127487182617,14.936285018920898,15.666804313659668,16.799283981323242
Wrong 15.113083839416504,14.941179275512695,15.255086898803711,15.424806594848633
Correct 14.998953819274902,14.52118968963623,15.10628890991211,15.081842422485352
Correct 15.432416915893555,15.084762573242188,15.744731903076172,16.434045791625977
