grade confidence_levels
Correct 0.0003311310429126024,8.028669253690168e-05,2.99846324196551e-05,7.51157640479505e-05
Correct 0.02012220025062561,0.011280728504061699,0.004819541238248348,0.31488507986068726
Wrong 0.09516112506389618,0.009349091909825802,0.010029437951743603,0.01746692880988121
Correct 0.0019129287684336305,0.00046931387623772025,0.0002767388359643519,0.007088798563927412
Wrong 0.0010893635917454958,0.0002007108269026503,0.0005842734244652092,0.000423085642978549
Correct 0.0018914354732260108,0.0001913449668791145,7.940494106151164e-05,0.00022853401605971158
Correct 0.005344516132026911,0.000817858031950891,0.00043814233504235744,0.001268667750991881
Correct 2.2987855118117295e-05,9.60454508458497e-06,3.993546670244541e-06,7.097103662090376e-06
Correct 0.0011388142593204975,0.0001710688229650259,5.816373595735058e-05,0.001284369151107967
Correct 0.13494418561458588,0.01672792062163353,0.007597364950925112,0.03955772891640663
Wrong 0.0017763650976121426,0.00015915393305476755,8.027386502362788e-05,0.0003549218236003071
Correct 0.0017999279079958797,0.0002950111811514944,0.00012560351751744747,0.0005087222089059651
Correct 0.0008768097613938153,0.00020794283773284405,6.164662772789598e-05,0.0019765114411711693
Wrong 0.0012050886871293187,0.00029887567507103086,8.726656233193353e-05,0.00038530502934008837
Correct 0.02012479491531849,0.012220235541462898,0.018652839586138725,0.4241736829280853
Wrong 0.0007313387468457222,0.00014063174603506923,0.00016769947251304984,0.0003037232090719044
Wrong 0.0013558745849877596,0.00025432539405301213,0.00033138913568109274,0.000623975764028728
Wrong 0.0028822498861700296,0.0012913173995912075,0.00016833741392474622,0.0007367482176050544
Wrong 1.8303373508388177e-05,9.525407222099602e-06,6.776309419365134e-06,7.303728580154711e-06
Wrong 0.0004697740951087326,9.055959526449442e-05,4.922199514112435e-05,0.00019894842989742756
Wrong 0.0004502107040025294,9.323407721240073e-05,7.147810538299382e-05,0.00022583449026569724
Correct 0.0212108064442873,0.011443059891462326,0.007874811999499798,0.10642650723457336
Correct 0.0028259670361876488,0.000753103697206825,0.00037573749432340264,0.002831249963492155
Wrong 0.04924270510673523,0.039064571261405945,0.008305140770971775,0.015922052785754204
Wrong 0.0008379969513043761,0.0002473014174029231,0.00022063155483920127,0.0004909172421321273
Correct 0.032089509069919586,0.017479198053479195,0.2757229208946228,0.09299013763666153
Correct 0.001906689372844994,0.00014676096907351166,3.628098784247413e-05,0.0002706123632378876
Wrong 0.03991727903485298,0.020238136872649193,0.010745491832494736,0.08077291399240494
Correct 0.0024482370354235172,0.0006120736943557858,0.00020448575378395617,0.003416691441088915
Wrong 0.0009729145094752312,0.0005143852322362363,0.00015655491733923554,0.00040758767863735557
Correct 0.0017710127867758274,0.00017237834981642663,0.00010783338075270876,0.000621106824837625
Correct 0.003002241952344775,0.0002862016553990543,0.0001215954398503527,0.0008549111080355942
Wrong 0.0019321873551234603,0.0004277942352928221,0.0002657098521012813,0.0012110945535823703
Wrong 1.8880671632359736e-05,6.875741746625863e-06,3.5868079066858627e-06,8.070562216744293e-06
Correct 0.05327629670500755,0.037228718400001526,0.0349731408059597,0.11288952082395554
Wrong 0.0007719224086031318,8.738752512726933e-05,6.273200415307656e-05,0.00041517880163155496
Wrong 1.1369467756594531e-05,3.429853677516803e-06,1.989111979128211e-06,3.3258429539273493e-06
Correct 0.001575759146362543,0.00020988084725104272,4.4790838728658855e-05,0.00029505605925805867
Correct 0.004204416647553444,0.0008932853816077113,0.00034933071583509445,0.0022393115796148777
Wrong 1.6457162928418256e-05,8.802205229585525e-06,4.703417289420031e-06,6.9149477894825395e-06
Correct 0.023745212703943253,0.19971317052841187,0.00534858601167798,0.042112577706575394
Wrong 0.0006991740083321929,0.00011355229071341455,0.0001124445116147399,0.0002491055056452751
Correct 0.017418429255485535,0.010985267348587513,0.015019026584923267,0.30647748708724976
Correct 0.012841055169701576,0.015246731229126453,0.008036196231842041,0.4781750738620758
Wrong 0.0013657412491738796,0.00024353383923880756,8.182784949894994e-05,0.0009506072965450585
Wrong 0.001111763995140791,0.0002452234330121428,0.00032912485767155886,0.0004789367667399347
Correct 0.0005542137660086155,0.00010530069994274527,6.616697646677494e-05,0.00017343382933177054
Wrong 0.0008668232476338744,0.0008228198857977986,0.00010526605183258653,0.0006972297560423613
Correct 0.001131738070398569,0.00013969995779916644,0.0004732118686661124,0.0008071362972259521
Correct 0.0511343888938427,0.005646107252687216,0.002929958049207926,0.00882277823984623
Wrong 0.001478209625929594,0.00033425516448915005,0.0013083360390737653,0.0004275923711247742
Wrong 0.0010262583382427692,0.000271168741164729,8.133461233228445e-05,0.00022935718880034983
Wrong 1.9830102246487513e-05,1.0138372090295888e-05,6.992873750277795e-06,6.861791462142719e-06
Wrong 0.0017357751494273543,0.0001616794033907354,5.1985069148940966e-05,0.000482708855997771
Wrong 0.000915837474167347,0.00015241000801324844,0.0001066835829988122,0.00016384205082431436
Wrong 0.0018905065953731537,0.00037153938319534063,0.0002647229703143239,0.0007096148328855634
Wrong 0.036613594740629196,0.004511868115514517,0.009257690981030464,0.005234017036855221
Correct 0.031135138124227524,0.013932771980762482,0.008318477310240269,0.19720429182052612
Correct 0.03178218752145767,0.03574023023247719,0.010896388441324234,0.013146884739398956
Correct 0.029680343344807625,0.01199676189571619,0.06438761204481125,0.036404117941856384
Wrong 0.0009342304547317326,0.000395190785638988,0.00012365254224278033,0.0004746144113596529
Wrong 0.003423969727009535,0.0007874619914218783,0.0002496263768989593,0.0009544545318931341
Wrong 0.0018811062909662724,0.00018795733922161162,0.00042237003799527884,0.00035165908047929406
Wrong 0.0013301586732268333,0.0006237686611711979,7.231121708173305e-05,0.0002976310206577182
Correct 0.00381292263045907,0.0004452250723261386,0.00014611330698244274,0.0005686648073606193
Wrong 0.0012193458387628198,0.0005216210847720504,0.00010694528464227915,0.00029882474336773157
Correct 0.0013211930636316538,0.0004813211562577635,0.00012314273044466972,0.001979646971449256
Correct 0.0013258249964565039,0.0001638549438212067,5.119871275383048e-05,0.00038692913949489594
Correct 0.0013765188632532954,6.961524195503443e-05,6.023102469043806e-05,0.00016602390678599477
Wrong 0.0009022708400152624,0.00018329497834201902,6.691036105621606e-05,0.0002819103829097003
Correct 0.0021031151991337538,0.00018633250147104263,7.150339661166072e-05,0.0003033506218343973
Wrong 1.4317745808511972e-05,6.553065759362653e-06,5.186334419704508e-06,5.745444468630012e-06
Wrong 2.0590328858816065e-05,8.541800525563303e-06,4.355222245067125e-06,6.6268371483602095e-06
Correct 0.028694987297058105,0.010810857638716698,0.1247512474656105,0.018542494624853134
Wrong 0.0010017590830102563,0.00013812378165312111,9.971318650059402e-05,0.00037250170134939253
Wrong 0.0014349516713991761,0.0005390483420342207,0.00010584478150121868,0.0005230236565694213
Wrong 0.0017234294209629297,0.0005050453473813832,0.00023465325648430735,0.00063362717628479
Correct 0.0033997269347310066,0.0006062571774236858,0.00017236286657862365,0.0006663028616458178
Wrong 0.0011725520016625524,0.0007226914749480784,0.00011316145537421107,0.00035682733869180083
Wrong 0.0015633904840797186,0.0002089484187308699,9.746948489919305e-05,0.0012785290600731969
Wrong 1.3665623555425555e-05,8.420844096690416e-06,4.079203336004866e-06,6.9527418418147136e-06
Correct 0.029519880190491676,0.015194779261946678,0.012418500147759914,0.34899410605430603
Wrong 1.6620622773189098e-05,7.685514901822899e-06,6.076689714973327e-06,7.5610737440001685e-06
Wrong 1.7882099200505763e-05,7.119694146240363e-06,6.489060979220085e-06,7.200679647212382e-06
Correct 0.0033495950046926737,0.0007874823058955371,0.0003914659027941525,0.006436404772102833
Correct 0.031815484166145325,0.02073107846081257,0.2999503016471863,0.09213294833898544
Correct 0.001240284531377256,0.00019079197954852134,7.474691665265709e-05,0.0002293066936545074
Wrong 4.212432395434007e-05,7.908505722298287e-06,5.241492544882931e-06,8.32961086416617e-06
Correct 0.0023143463768064976,0.00030874472577124834,0.0002632176037877798,0.0005313735455274582
Correct 0.018473928794264793,0.10559910535812378,0.005334381479769945,0.027535751461982727
Wrong 0.0005874222260899842,0.00014693307457491755,0.00044956518104299903,0.0003082718758378178
Wrong 0.0026248786598443985,0.00022760288265999407,0.00042988083441741765,0.0002754438610281795
Wrong 0.0007932770531624556,0.0001397886371705681,9.643376688472927e-05,0.0002845081908162683
Correct 0.0035716979764401913,0.0003778271784540266,0.0002744650118984282,0.000387323263566941
Wrong 0.03630242869257927,0.005524389911442995,0.0027776150964200497,0.0036515877582132816
Wrong 0.05896773934364319,0.009553229436278343,0.011168088763952255,0.017710015177726746
Correct 0.003825884312391281,0.0003174029989168048,9.304939885623753e-05,0.0003275002527516335
Correct 0.027569571509957314,0.15911227464675903,0.009095671586692333,0.0315437912940979
Wrong 0.0006754301721230149,0.00023038459767121822,5.775168756372295e-05,0.00014419089711736888
Wrong 1.3224209396867082e-05,6.7438968471833505e-06,4.0543213799537625e-06,6.461837074311916e-06
Wrong 0.0010066009126603603,0.00013592041796073318,0.0004990489105693996,0.00019570716540329158
Wrong 0.0005601727170869708,9.158362809102982e-05,9.168578981189057e-05,0.00013477411994244903
Correct 0.013261115178465843,0.012558373622596264,0.006420254707336426,0.4861640930175781
Wrong 0.0011655371636152267,0.0002953933144453913,6.186530663399026e-05,0.0002703700738493353
Correct 0.0011304245563223958,0.0002541844150982797,0.00014635600382462144,0.00030026660533621907
Wrong 0.0007072537555359304,0.0002063100109808147,7.691710925428197e-05,0.0003542072372511029
Correct 0.12744025886058807,0.01619620993733406,0.009445000439882278,0.0388687439262867
Wrong 0.0004968343419022858,0.00012339271779637784,7.433300925185904e-05,0.0002712864079512656
Wrong 1.7339505575364456e-05,9.74012800725177e-06,5.6716812650847714e-06,9.47320950217545e-06
Wrong 0.001000896212644875,0.0001259462587768212,5.7241304602939636e-05,0.0002455742214806378
Correct 0.0015124877681955695,9.980687173083425e-05,3.64841143891681e-05,0.00012688009883277118
Correct 0.0014137218240648508,9.709649020805955e-05,3.7350193451857194e-05,0.00018515094416216016
Wrong 0.037181753665208817,0.00451066205278039,0.0040430123917758465,0.004764225333929062
Correct 0.2882959246635437,0.013252013362944126,0.012351143173873425,0.06336495280265808
Wrong 0.0019113125745207071,0.0005153599195182323,0.00017894082702696323,0.000500315916724503
Wrong 0.0016344039468094707,0.0008510635234415531,8.063415589276701e-05,0.0004827881930395961
Wrong 0.0019596770871430635,0.0010992293246090412,6.479077273979783e-05,0.0002349453861825168
Wrong 0.00128214992582798,0.00021096208365634084,0.00047702252049930394,0.00032640108838677406
Wrong 0.0005004104459658265,0.0001225316955242306,9.566180233377963e-05,0.00020593905355781317
Wrong 0.0003137853345833719,0.00011678638838930055,3.111274418188259e-05,8.387918205698952e-05
Wrong 0.0004758178547490388,8.233396511059254e-05,8.670453098602593e-05,0.00014895091590005904
Wrong 0.00155918812379241,0.0003480045706965029,8.11343634268269e-05,0.0008247386431321502
Correct 0.00042020250111818314,7.434019062202424e-05,5.557790427701548e-05,0.00019239580433350056
Correct 0.0013829218223690987,0.00028784331516362727,0.0020481341052800417,0.00043893681140616536
Wrong 0.0007026635576039553,0.00010994680633302778,4.631025512935594e-05,0.00014217087300494313
Wrong 0.00026934914058074355,5.958117253612727e-05,8.891761535778642e-05,0.00012664699170272797
Correct 0.3057793080806732,0.015338520519435406,0.016840526834130287,0.09401915222406387
Wrong 0.07149546593427658,0.006755087990313768,0.0026660358998924494,0.0036441783886402845
Correct 0.013009952381253242,0.008798929862678051,0.008674628101289272,0.3716011643409729
Correct 0.0008378188358619809,9.411599603481591e-05,3.9989594370126724e-05,0.00010227640450466424
Correct 0.002455002162605524,0.0005182178574614227,0.00014985236339271069,0.0006233809981495142
Correct 0.0033457018435001373,0.0003584928344935179,0.00018216850003227592,0.0007188890012912452
Correct 0.0662999302148819,0.0024341295938938856,0.002251105383038521,0.003682834329083562
Wrong 0.0013055831659585238,0.000923657906241715,0.00018515170086175203,0.0007817971054464579
Correct 0.0019472488202154636,0.0001558114745421335,5.860218152520247e-05,0.0002851912868209183
Correct 0.0013344817562028766,0.0002727466926444322,0.00021696678595617414,0.0019443086348474026
Correct 0.0022978992201387882,0.00014109253243077546,4.688696571975015e-05,0.00020875986956525594
Correct 0.004925778601318598,0.00038298111758194864,0.00012769534077960998,0.0005219938466325402
Correct 0.003914346918463707,0.00044805946527048945,0.00011918285599676892,0.00041483796667307615
Correct 0.026743393391370773,0.012635120190680027,0.3112137019634247,0.03078739158809185
Wrong 1.0964601642626803e-05,6.218670932867099e-06,3.2582288440607954e-06,4.29171632276848e-06
Correct 0.010958741419017315,0.0010996345663443208,0.0003410856588743627,0.0012837942922487855
Wrong 0.0024491827934980392,0.0005423710099421442,0.00015789027384016663,0.0024479583371430635
Wrong 0.06115317344665527,0.02048729546368122,0.060238707810640335,0.06667587906122208
Correct 0.0037503200583159924,0.00039327930426225066,0.00016338312707375735,0.0007085946854203939
Wrong 0.0014894295018166304,0.0005273740971460938,0.0008080595871433616,0.00040014536352828145
Wrong 1.986342431337107e-05,7.146893494791584e-06,4.484715645958204e-06,7.128198376449291e-06
Wrong 0.002115972340106964,0.000458059657830745,0.00022373881074599922,0.001639938447624445
Wrong 0.0024757743813097477,0.0007027967949397862,0.0013736181426793337,0.0005390114965848625
Correct 0.01766297221183777,0.05979321524500847,0.0049058240838348866,0.03053785301744938
Correct 0.0010864504147320986,0.0004576171049848199,0.00010391273826826364,0.002292454009875655
Wrong 0.004374655894935131,0.0009621818317100406,0.00029391286079771817,0.004084198269993067
Wrong 0.001662745140492916,0.00025317686959169805,0.00012807149323634803,0.0009213328012265265
Correct 0.003963314462453127,0.0002946200838778168,0.0001411857083439827,0.0006196812028065324
Wrong 0.036688026040792465,0.008991547860205173,0.017880132421851158,0.021070994436740875
Correct 0.001957457046955824,0.000439423747593537,0.0001138890438596718,0.004533242434263229
Correct 0.0025681129191070795,0.00014066961011849344,7.751884550089017e-05,0.0002627530484460294
Wrong 0.001097540371119976,0.00020945604774169624,0.00021330265735741705,0.00024184395442716777
Wrong 0.0016115403268486261,0.00022249076573643833,0.0002242352202301845,0.0003914573753718287
Wrong 0.0005002551479265094,0.00011889994493685663,3.8446796679636464e-05,0.00011092434579040855
Correct 0.0037519431207329035,0.00032745051430538297,0.00017419792129658163,0.0006341759581118822
Wrong 0.0014979597181081772,0.000324772932799533,0.00017056571959983557,0.0011781409848481417
Correct 0.0011989162303507328,0.00035498873330652714,0.00013506413961295038,0.0014862812822684646
Correct 0.00169239507522434,0.0003176622267346829,0.00017979516997002065,0.002132904715836048
Correct 0.026102367788553238,0.009758146479725838,0.12121744453907013,0.034126728773117065
Wrong 0.0015029431087896228,0.0003389626508578658,0.00012010721547994763,0.0005820014630444348
Correct 0.002303454792127013,0.0004810997052118182,0.00014888617442920804,0.0009031947702169418
Wrong 0.0021936516277492046,0.0005279815522953868,0.002071709604933858,0.0006601563072763383
Wrong 0.0005413498729467392,0.000125625534565188,6.147862586658448e-05,0.00024151048273779452
Wrong 1.2510179658420384e-05,8.357632395927794e-06,5.085995780973462e-06,6.573226528416853e-06
Correct 0.005606779363006353,0.00044855737360194325,0.00013281049905344844,0.0005525239976122975
Correct 0.019673306494951248,0.012798707000911236,0.011393561959266663,0.5488243699073792
Wrong 9.74985960056074e-06,4.63372180092847e-06,3.081816430494655e-06,3.9980986912269145e-06
Correct 0.0013410686515271664,0.00032111199107021093,0.00010737059346865863,0.0005247306544333696
Wrong 0.001030235318467021,0.0008421062957495451,7.048847328405827e-05,0.0002272908459417522
Wrong 0.020048830658197403,0.014002310112118721,0.0027357833459973335,0.01217486709356308
Wrong 1.3960312571725808e-05,8.269762474810705e-06,4.710255780082662e-06,5.946707460680045e-06
Wrong 0.0022382184397429228,0.0008029388845898211,0.00010956533515127376,0.00043422222370281816
Correct 0.0014600659487769008,0.00023793740547262132,0.00014464309788309038,0.0002458769013173878
Wrong 0.002389640314504504,0.0015745885903015733,0.00021865715098101646,0.0004954621545039117
Correct 0.0027526323683559895,0.00020109744218643755,7.065364479785785e-05,0.000419885414885357
Correct 0.0007836135337129235,8.765695383772254e-05,3.445750189712271e-05,0.00012620686902664602
Wrong 0.0012317511718720198,0.00017556783859618008,0.0003176904865540564,0.00020730498363263905
Correct 1.722304295981303e-05,6.313952781056287e-06,5.858002168679377e-06,6.017124178470112e-06
Correct 0.018557151779532433,0.0550311878323555,0.005487049929797649,0.04056384414434433
Correct 0.10160896182060242,0.03170755133032799,0.013320776633918285,0.06070273742079735
Correct 2.1522602764889598e-05,8.872522812453099e-06,4.5231959120428655e-06,5.5471673476859e-06
Wrong 0.001031403662636876,0.00017831531295087188,7.181362889241427e-05,0.0008343412773683667
Correct 0.0018359246896579862,0.00011484074639156461,5.1895731303375214e-05,0.00015965229249559343
Correct 0.026917358860373497,0.09568559378385544,0.009089629165828228,0.056695956736803055
Wrong 2.1580472093774006e-05,9.395937013323419e-06,4.589444870362058e-06,5.4850133892614394e-06
Correct 0.0024276466574519873,0.0002359191421419382,8.337918552570045e-05,0.0002680591423995793
Wrong 0.0006989949615672231,0.00028140307404100895,3.649638529168442e-05,0.000163475691806525
Correct 0.0016828235238790512,0.0005686491494998336,0.0002458039962220937,0.003230166155844927
Correct 0.002774731023237109,0.0001436752500012517,7.366314821410924e-05,0.0002820141089614481
Wrong 0.0012347371084615588,0.0003870641812682152,5.280760888126679e-05,0.00022918215836398304
Correct 0.002109550405293703,0.0001455139135941863,0.00010137463686987758,0.00029745977371931076
Wrong 0.0017130612395703793,0.0003675800981000066,0.0004667022149078548,0.0002847969299182296
Correct 0.0013415184803307056,0.0003489925293251872,0.00011899661330971867,0.003929430618882179
Correct 0.09399355947971344,0.012821930460631847,0.0049025616608560085,0.026333967223763466
Correct 0.03202086314558983,0.012350153177976608,0.15061122179031372,0.0330829881131649
Correct 0.0015507690841332078,0.00016151487943716347,5.9703990700654685e-05,0.0004683636361733079
Wrong 1.5032563169370405e-05,7.198349067039089e-06,5.212565156398341e-06,6.028696589055471e-06
Correct 0.024838214740157127,0.029513364657759666,0.0045949537307024,0.02061580680310726
Correct 0.004197617992758751,0.0002574538521002978,0.00010120220395037904,0.00028846904751844704
Correct 0.0013753455132246017,0.00027026369934901595,0.0001445192756364122,0.00038691802183166146
Wrong 0.0009566259104758501,0.00014496027142740786,0.00014522898709401488,0.00020694316481240094
Wrong 2.1941756131127477e-05,7.956849003676325e-06,9.018980563268997e-06,6.540430149470922e-06
Wrong 0.0024491443764418364,0.0003829534398391843,0.0008220131858251989,0.000554200611077249
Correct 0.0024397075176239014,0.003096932079643011,0.00020873935136478394,0.0005806029657833278
Wrong 0.001066177268512547,0.00012552418047562242,0.0002243752242065966,0.0002949234039988369
Correct 0.019863266497850418,0.20411452651023865,0.011775543913245201,0.07329107820987701
Wrong 1.8468421330908313e-05,5.49437072550063e-06,4.445339527592296e-06,7.555152478744276e-06
Correct 0.001265825005248189,0.0013511462602764368,8.228987280745059e-05,0.0003452071687206626
Wrong 0.00039264053339138627,4.606234870152548e-05,4.5689372200286016e-05,0.0001939296635100618
Wrong 0.0014188388595357537,0.00043643591925501823,0.00017403520178049803,0.0011249069357290864
Wrong 0.00041042629163712263,9.241016232408583e-05,3.6919005651725456e-05,0.00019178210641257465
Correct 0.03096168115735054,0.16243523359298706,0.006193954963237047,0.024896319955587387
Correct 0.030316786840558052,0.009841586463153362,0.0034817184787243605,0.0905403420329094
Correct 0.0013322292361408472,0.0004090852162335068,0.00011617234849836677,0.0014550050254911184
Wrong 0.0009525629575364292,0.00018137111328542233,7.410797115880996e-05,0.0001868972321972251
Correct 0.04391993582248688,0.011927594430744648,0.06355515867471695,0.034860726445913315
Wrong 0.0008675986318849027,0.0007373936823569238,7.524408283643425e-05,0.00034295665682293475
Correct 0.028258921578526497,0.38494157791137695,0.017007553949952126,0.09341125190258026
Wrong 0.0020803078077733517,0.0006124009378254414,0.0017259708838537335,0.0005789740826003253
Correct 0.033284932374954224,0.024792393669486046,0.1093996912240982,0.08934309333562851
Wrong 0.0016874788561835885,0.00017556337115820497,8.721004269318655e-05,0.00026415151660330594
Wrong 0.0015247378032654524,0.0002894461213145405,0.0009766056900843978,0.0005970175261609256
Wrong 0.002066414337605238,0.0002951611240860075,8.129954221658409e-05,0.0012647858820855618
Correct 0.014718316495418549,0.002920096507295966,0.0013164846459403634,0.0033623867202550173
Wrong 0.0382845439016819,0.004363223910331726,0.006397962104529142,0.01080015953630209
Wrong 1.5876081306487322e-05,7.204877874755766e-06,6.796660727559356e-06,6.76013769407291e-06
Correct 0.0033299345523118973,0.00019506440730765462,8.156010881066322e-05,0.00026990711921826005
Wrong 0.0010931473225355148,0.00015080833691172302,0.0002119765558745712,0.0003494900884106755
Correct 2.4388436941080727e-05,1.0671568816178478e-05,4.676830940297805e-06,8.34944330563303e-06
Correct 0.0009199584601446986,0.000300049054203555,0.0009976167930290103,0.000335486518451944
Wrong 0.001526973326690495,0.00035142767592333257,0.000495597836561501,0.00031720424885861576
Wrong 0.00280552776530385,0.0006517154397442937,0.0003006535698659718,0.002379952697083354
Wrong 0.05747382715344429,0.016340941190719604,0.004982893820852041,0.012626622803509235
Correct 0.0032073031179606915,0.0003142024506814778,8.058876119321212e-05,0.0004611529875546694
Wrong 0.0007681522984057665,0.00012304645497351885,9.364356810692698e-05,0.00031252214103005826
Wrong 0.030206136405467987,0.027534104883670807,0.07717723399400711,0.12932544946670532
Wrong 1.0027194548456464e-05,3.9056399145920295e-06,2.424918648102903e-06,4.312371402193094e-06
Wrong 1.6934205632423982e-05,8.108479050861206e-06,5.227111159911146e-06,7.038887815724593e-06
Correct 0.0026523976121097803,0.0006953800329938531,0.0004026303067803383,0.001732623903080821
Wrong 0.0005355804460123181,0.00043997756438329816,4.808746962225996e-05,0.00024128990480676293
Wrong 0.0008864220581017435,0.0002653046976774931,0.0003372776263859123,0.00046566128730773926
Wrong 0.0026423463132232428,0.00037544863880611956,0.00013797989231534302,0.0014427690766751766
Wrong 0.0026804397348314524,0.0005221642786636949,0.00016850538668222725,0.001428988529369235
Wrong 0.0006480647716671228,0.00013127198326401412,0.00034362159203737974,0.000305178458802402
Correct 0.007260375190526247,0.0003908527141902596,0.0001922812662087381,0.0006981487385928631
Wrong 0.02805154211819172,0.004724760074168444,0.006982401944696903,0.005189334973692894
Wrong 0.001001301920041442,0.00028388993814587593,0.00014851815649308264,0.00037942419294267893
Correct 0.002786807483062148,0.00024353318440262228,6.121780461398885e-05,0.0003535993746481836
Correct 0.001598075032234192,0.00039476127130910754,0.00016478958423249424,0.0033126550260931253
Correct 0.005924620199948549,0.0012028825003653765,0.00038177112583070993,0.006360418628901243
Correct 0.0038326699286699295,0.00045880049583502114,0.00011748107499442995,0.000430780608439818
Correct 1.7410056898370385e-05,7.94436527939979e-06,4.7530493247904815e-06,5.334693923941813e-06
Correct 0.000631311908364296,9.83674472081475e-05,0.00011684131459333003,0.0003270069428253919
Correct 0.0009149258839897811,7.404747884720564e-05,6.356901576509699e-05,0.00010702456347644329
Correct 0.02873711660504341,0.016233505681157112,0.004140395205467939,0.3017171025276184
Wrong 1.0863666830118746e-05,5.990167210256914e-06,3.5956425108452095e-06,5.484431767399656e-06
Wrong 0.0010333466343581676,0.0001473918673582375,6.814163498347625e-05,0.00031414409750141203
Correct 0.003190640825778246,0.00042279803892597556,0.00013606280845124274,0.0003256010531913489
Wrong 0.03195376694202423,0.00860088411718607,0.003846145002171397,0.006594451609998941
Correct 0.003363475203514099,0.0004314581456128508,6.484079494839534e-05,0.00037261733086779714
Wrong 1.9255905499449e-05,8.153258931997698e-06,4.8925703595159575e-06,7.510656359954737e-06
Correct 0.001981255831196904,0.00019291335775051266,5.9204870922258124e-05,0.0003910990199074149
Wrong 1.9074472220381722e-05,7.680425369471777e-06,6.663487511104904e-06,8.270859325421043e-06
Wrong 1.7046273569576442e-05,8.805386642052326e-06,4.121320671401918e-06,7.696327884332277e-06
Correct 1.1888256267411634e-05,4.934018761559855e-06,2.8512831704574637e-06,4.5860792852181476e-06
Wrong 0.001161366468295455,0.001003975747153163,0.00013661487901117653,0.0004923808155581355
Correct 0.020937681198120117,0.1455821841955185,0.005295249167829752,0.04612646624445915
Correct 0.020763065665960312,0.010348412208259106,0.009883440099656582,0.3197178244590759
Wrong 0.0007928194245323539,0.0006209260900504887,8.179225551430136e-05,0.0004585382412187755
Wrong 0.00045204663183540106,0.00011762839858420193,6.511130050057545e-05,0.00011375344183761626
Correct 0.0011128787882626057,0.0016533881425857544,0.00029001187067478895,0.0002734093286562711
Wrong 2.048625538009219e-05,1.0640204891387839e-05,7.511439434892964e-06,9.166418749373406e-06
Wrong 0.07534767687320709,0.01472286507487297,0.004454644396901131,0.04715598747134209
Wrong 0.0017248765798285604,0.00020943334675393999,0.00011119775444967672,0.000734219909645617
Wrong 1.8941111193271354e-05,9.277748176828027e-06,5.358567705116002e-06,8.430841262452304e-06
Wrong 0.004672011360526085,0.00045734934974461794,0.00023034593323245645,0.0015316484495997429
Correct 0.03027738258242607,0.008213500492274761,0.0022812094539403915,0.03302715718746185
Correct 0.0018175020813941956,0.00014475904754363,6.411228969227523e-05,0.00024920361465774477
Correct 0.0009709389414638281,0.00021081209706608206,8.99706210475415e-05,0.0002865973219741136
Wrong 2.123359081451781e-05,1.1418743270041887e-05,6.989947905822191e-06,1.121384684665827e-05
Wrong 0.0011218581348657608,0.0009707071585580707,9.924505866365507e-05,0.00041864311788231134
Wrong 0.001155218342319131,0.00017930191825143993,6.714007759001106e-05,0.0004268363700248301
Wrong 0.0003436408587731421,0.00010800248855957761,5.012733890907839e-05,0.0002349713904550299
Wrong 0.00091960170539096,0.00013642277917824686,0.00034574311575852334,0.00041455618338659406
Correct 0.023493271321058273,0.014731704257428646,0.25720468163490295,0.10889069736003876
Correct 0.005130275152623653,0.0003759880200959742,0.0001023974473355338,0.00027497689006850123
Wrong 2.269630931550637e-05,1.1715754226315767e-05,4.7266903493436985e-06,6.336675141938031e-06
Wrong 0.0004105048137716949,6.213826418388635e-05,2.10313646675786e-05,7.735441613476723e-05
Correct 0.00235180975869298,0.0001693632802926004,6.598900654353201e-05,0.00016480994236189872
Wrong 0.021065760403871536,0.014262311160564423,0.002942508552223444,0.013945789076387882
Wrong 0.0007850357796996832,0.0001330692321062088,0.000173664084286429,0.00016533286543563008
Correct 0.0018407655879855156,0.0003270096785854548,8.746236562728882e-05,0.00039227731758728623
Wrong 0.0007745549664832652,0.00014796422328799963,6.67818749207072e-05,0.00021720437507610768
Correct 0.00134094781242311,0.00046250136801972985,8.834739128360525e-05,0.0017352767754346132
Wrong 0.0013736290857195854,0.0007285285973921418,0.00010846955410670489,0.0006212308071553707
Correct 2.0856545233982615e-05,8.685821740073152e-06,4.570080818666611e-06,6.054087407392217e-06
Wrong 1.4078255844651721e-05,5.701411282643676e-06,4.503628588281572e-06,5.013909685658291e-06
Wrong 0.0010914382291957736,0.0002256074658362195,5.948518082732335e-05,0.0009374430519528687
Correct 2.7696605684468523e-05,1.0021665730164386e-05,5.21902848049649e-06,7.628017556271516e-06
Wrong 0.0003068774822168052,0.00012300160597078502,0.00015479503781534731,0.00020985622541047633
Correct 0.022226041182875633,0.11299487203359604,0.004883418790996075,0.02330913580954075
Wrong 0.0009619633201509714,0.00030481861904263496,0.00010695778473746032,0.00036692191497422755
Wrong 2.5417677534278482e-05,1.082094240700826e-05,7.452435511368094e-06,6.8890976763213985e-06
Correct 0.008596863597631454,0.0006862437585368752,0.0003477516584098339,0.0007950146100483835
Correct 0.02802293747663498,0.015480062924325466,0.08777381479740143,0.04811008647084236
Correct 0.0030869818292558193,0.0005679399473592639,0.00011172579252161086,0.0007776183192618191
Wrong 2.3537548258900642e-05,1.3484605915436987e-05,7.070832907629665e-06,1.264858747163089e-05
Correct 0.047131624072790146,0.010931114666163921,0.0035486517008394003,0.02315087988972664
Correct 0.003674926236271858,0.00024395217769779265,9.572551061864942e-05,0.0002984649036079645
Correct 0.0023656743578612804,0.00044686629553325474,0.00015390774933621287,0.0008871083846315742
Correct 0.0016495580784976482,9.516294812783599e-05,6.069379378459416e-05,0.000364692386938259
Wrong 0.002075526397675276,0.0005372868617996573,0.001775512588210404,0.0005232315743342042
Wrong 0.001025626203045249,0.00017345178639516234,0.0002724957885220647,0.0006350406911224127
Wrong 1.2182868886156939e-05,7.319504675251665e-06,3.119587518085609e-06,6.096721790527226e-06
Correct 0.018806686624884605,0.048436082899570465,0.003880643518641591,0.024165885522961617
Correct 0.0381699874997139,0.026675593107938766,0.018764780834317207,0.09387701004743576
Correct 0.0009403565200045705,0.00021550359087996185,5.9816047723870724e-05,0.0002695193106774241
Correct 0.03206978365778923,0.004767261445522308,0.004995251074433327,0.012081018649041653
Wrong 0.0014994221273809671,0.0004255627281963825,4.111730959266424e-05,0.0004188274615444243
Correct 0.0030796132050454617,0.0002677725860849023,9.297864744439721e-05,0.00036396714858710766
Correct 0.0019871830008924007,0.0005854454357177019,0.00028088787803426385,0.0020770342089235783
Wrong 0.0012348225573077798,0.0009203274385072291,0.00012042732851114124,0.0004698342236224562
Correct 0.0006277635111473501,0.00011552625801414251,4.088612331543118e-05,0.00016976067854557186
Wrong 1.8539156371844e-05,7.124716375983553e-06,4.040878593514208e-06,8.191771485144272e-06
Wrong 0.0006659954087808728,0.0003772820346057415,8.520599658368155e-05,0.0003351511841174215
Wrong 0.0011048968881368637,0.0003184117958880961,0.0007226333254948258,0.0002542500733397901
Wrong 0.0008100612321868539,0.00011161965812789276,0.00013117759954184294,0.0003001326695084572
Wrong 0.049639176577329636,0.008361389860510826,0.0033258036710321903,0.007855195552110672
Correct 0.0018959229346364737,0.00038716784911230206,0.00011183253081981093,0.003121589310467243
Correct 0.006384219508618116,0.0005766403046436608,0.00024607943487353623,0.0006950132665224373
Wrong 0.0009525358909741044,0.00031760166166350245,0.00010435130388941616,0.00032439708593301475
Wrong 1.5489251381950453e-05,1.0799980373121798e-05,4.574222657538485e-06,6.73993645250448e-06
Wrong 1.4328752513392828e-05,7.21657079338911e-06,4.122310201637447e-06,6.385840606526472e-06
Wrong 0.0016858192393556237,0.0008481269469484687,9.424050222150981e-05,0.0003551207482814789
Correct 0.02273024432361126,0.01504009310156107,0.0997120663523674,0.05640305578708649
Wrong 0.0018252101726830006,0.0001450519630452618,0.00018369778990745544,0.00017769222904462367
Wrong 0.0006638646009378135,0.0001454289595130831,4.6731511247344315e-05,0.0005290111294016242
Wrong 0.003454343182966113,0.002496741944923997,0.00027992745162919164,0.000474888103781268
Wrong 1.6325891920132563e-05,6.167724677652586e-06,4.0265845200337935e-06,7.594442649860866e-06
Wrong 2.3782686184858903e-05,1.1186455594724976e-05,6.076041245250963e-06,8.946188245317899e-06
Correct 0.0011889843735843897,0.00029097794322296977,9.549417882226408e-05,0.0032224482856690884
Correct 0.0030474259983748198,0.0010285452008247375,0.007151991128921509,0.0018334470223635435
Correct 0.02304987795650959,0.013124603778123856,0.004945121705532074,0.21878032386302948
Wrong 1.7270558601012453e-05,8.365614121430553e-06,3.185621153534157e-06,7.316633855225518e-06
Wrong 0.0018509137444198132,0.000711135333403945,8.954369695857167e-05,0.0003498936421237886
Wrong 0.0013365877093747258,0.0006427544285543263,0.00010211682820226997,0.0006623929366469383
Correct 0.007034065667539835,0.0006109985988587141,0.000239208631683141,0.0007411738042719662
Correct 1.5427769540110603e-05,6.4351070250268094e-06,4.800835995411035e-06,5.87400882068323e-06
Wrong 0.0014943021815270185,0.0011738372268155217,0.00013228613534010947,0.0004012909485027194
Correct 0.04545760527253151,0.01489175669848919,0.01333836279809475,0.22240778803825378
Correct 0.000538265856448561,0.0001236358075402677,6.531694089062512e-05,0.00011543290747795254
Correct 0.04081733524799347,0.023088065907359123,0.007326897233724594,0.1350478231906891
Wrong 0.0013457429595291615,0.0007410653051920235,0.00012339011300355196,0.0004706988693214953
Wrong 0.0007386230863630772,8.956220699474216e-05,0.00011151565558975562,0.00018376941443420947
Wrong 0.0006653139134868979,0.00016285422316286713,0.0001275314571103081,0.0004992798203602433
Wrong 0.001224762643687427,0.00023708160733804107,0.0008657220751047134,0.0005675633437931538
Wrong 2.526938624214381e-05,8.672875082993414e-06,6.1971386458026245e-06,7.073936558299465e-06
Wrong 1.9586226699175313e-05,9.881983714876696e-06,8.173537935363129e-06,7.891816494520754e-06
Wrong 0.0010635689832270145,0.0003057182766497135,8.749002881813794e-05,0.0002658406738191843
Wrong 0.0005287319072522223,9.784538997337222e-05,7.928845298010856e-05,8.273390994872898e-05
Correct 0.0019844204653054476,0.0002933097421191633,0.00011982703290414065,0.0003575575537979603
Wrong 2.2531879949383438e-05,8.510965926689096e-06,5.171616066945717e-06,1.0031036254076753e-05
Correct 0.02805846370756626,0.012749542482197285,0.10516191273927689,0.038973912596702576
Wrong 0.0028630062006413937,0.00032011480652727187,7.942668162286282e-05,0.000561327557079494
Wrong 1.552628236822784e-05,8.584295756008942e-06,4.645997250918299e-06,5.747131581301801e-06
Correct 0.0007963618845678866,9.922892786562443e-05,9.435608080821112e-05,0.00022701005218550563
Correct 0.0024819772224873304,0.0006239184876903892,0.0005499139660969377,0.004499916918575764
Correct 0.02419218420982361,0.011167826130986214,0.15802597999572754,0.08070515096187592
Correct 0.030379317700862885,0.014686595648527145,0.006620124448090792,0.19505633413791656
Wrong 0.00040051780524663627,0.00017802728689275682,3.2977080991258845e-05,0.0001165537687484175
Correct 1.1818366147053894e-05,5.723793492506957e-06,2.963049610116286e-06,3.797093540924834e-06
Wrong 1.9769868231378496e-05,1.0043903785117436e-05,5.162226898391964e-06,9.438188499188982e-06
Wrong 1.347258330497425e-05,7.496777925553033e-06,2.8371614462230355e-06,4.13160705647897e-06
Correct 0.00041407044045627117,9.091448737308383e-05,5.011521716369316e-05,0.000535736617166549
Correct 0.0005348782287910581,8.115579839795828e-05,4.368686495581642e-05,0.00011805789836216718
Wrong 0.0014153431402519345,0.00021365976135712117,7.890562119428068e-05,0.0014043287374079227
Wrong 1.9071281712967902e-05,7.0506521296920255e-06,4.274260845704703e-06,7.320177246583626e-06
Wrong 0.001404482638463378,0.0003762784763239324,0.00014281130279414356,0.0010574597399681807
Wrong 0.000549620483070612,0.00015102452016435564,0.00022275772062130272,0.00014144726446829736
Correct 0.01613588072359562,0.006075998768210411,0.02225036732852459,0.016408633440732956
Correct 0.005863531026989222,0.000557436200324446,0.00013516929175239056,0.0005376608460210264
Wrong 0.001733789686113596,0.0008724172366783023,0.00013611072790808976,0.0003677739296108484
Wrong 0.0018199407495558262,0.000336009165039286,0.00016730887000449002,0.000562510802410543
Wrong 1.2258095011929981e-05,4.812108727492159e-06,2.8269114409340546e-06,3.876512892020401e-06
Wrong 0.0025322725996375084,0.000614029704593122,0.00019025857909582555,0.003350212238729
Wrong 0.001984206959605217,0.0006532631814479828,0.0006080781458877027,0.0010242038406431675
Correct 0.001964724389836192,0.00028063441277481616,0.00014476916112471372,0.0006894373800605536
Wrong 0.0024969594087451696,0.00042663596104830503,9.451036748941988e-05,0.001608778373338282
Wrong 1.5823961803107522e-05,7.561443453596439e-06,4.864074071520008e-06,7.801385436323471e-06
Wrong 0.0006269733421504498,0.0002328681293874979,2.9361484848777764e-05,0.000125640828628093
Correct 0.04603355750441551,0.006842515897005796,0.003662229748442769,0.011549452319741249
Correct 0.11897892504930496,0.014435460790991783,0.006557002197951078,0.004071973264217377
Correct 0.002364899031817913,0.0004051386786159128,0.00017448130529373884,0.0005423686234280467
Correct 0.003208717331290245,0.000933571660425514,0.00034586925175972283,0.0038626156747341156
Wrong 0.0016941844951361418,0.00018845999147742987,8.991335926111788e-05,0.0009765439899638295
Wrong 0.0012384634464979172,0.00021095701958984137,0.00030016512027941644,0.000389532302506268
Wrong 1.5355124560301192e-05,7.98805194790475e-06,3.528572960931342e-06,5.833910563524114e-06
Correct 0.0030934391543269157,0.0002640807942952961,0.00014240157906897366,0.0003877450944855809
Correct 2.1381514670792967e-05,7.353556611633394e-06,5.6459948609699495e-06,6.931868483661674e-06
Wrong 0.002030373550951481,0.0005861110403202474,0.00018964718037750572,0.00046249089064076543
Wrong 0.002303495304659009,0.0006272855680435896,0.0012760009849444032,0.0008996042306534946
Correct 0.0025911256670951843,0.00018523531616665423,6.497734284494072e-05,0.00016992344171740115
Wrong 0.000775387859903276,0.00017754692817106843,0.00010805211786646396,0.0003418967535253614
Wrong 0.000457157933851704,7.040867785690352e-05,0.0001260825083591044,0.00031867268262431026
Wrong 0.0017592335352674127,0.0004151852917857468,0.00015874738164711744,0.0013577289646491408
Wrong 1.1997324691037647e-05,5.9632602642523125e-06,3.195771114405943e-06,3.7516915654123295e-06
Wrong 1.2179167242720723e-05,7.750555596430786e-06,3.551763711584499e-06,4.2607935029082e-06
Wrong 0.001752160140313208,0.0003630297433119267,8.795604662736878e-05,0.0017059179954230785
Correct 0.013553163036704063,0.012140313163399696,0.004685600288212299,0.3523149788379669
Correct 0.07917741686105728,0.007718969602137804,0.011676866561174393,0.010885588824748993
Wrong 2.118605698342435e-05,7.674054359085858e-06,4.263383743818849e-06,5.3599710554408375e-06
Wrong 1.5927817003102973e-05,5.492501259141136e-06,4.0796953726385254e-06,5.966275693936041e-06
Correct 0.0017595929093658924,0.00045018555829301476,0.00233833328820765,0.00045402004616335034
Wrong 0.0009107228252105415,0.0004404264036566019,6.232643499970436e-05,0.00029736984288319945
Wrong 0.031241120770573616,0.005180214997380972,0.015465226955711842,0.007081138901412487
Wrong 0.0007624938734807074,0.0001565251441206783,0.0001632204803172499,0.0002018098020926118
Correct 0.001460739178583026,0.00012334933853708208,5.527220491785556e-05,0.00021400200785137713
Wrong 0.0016975592589005828,0.0006666575791314244,0.0001291524968110025,0.0003127285744994879
Correct 0.0017110464395955205,0.0004115284828003496,0.000186552555533126,0.003749582916498184
Wrong 0.0007843188941478729,0.00012010098726022989,6.1014834500383586e-05,0.00030071070068515837
Wrong 0.07732675969600677,0.0070256697945296764,0.004396284464746714,0.009985972195863724
Wrong 0.002195876557379961,0.0035902629606425762,0.0007332996465265751,0.0008384182583540678
Correct 0.0046113599091768265,0.00025723440921865404,0.00011607723718043417,0.00031871176906861365
Wrong 0.0011010203743353486,0.00029687336063943803,0.00010740723519120365,0.0002599510189611465
Wrong 0.00047393160639330745,0.00011055652430513874,3.417752304812893e-05,0.0001816807343857363
Wrong 1.7652839233051054e-05,8.478825293423142e-06,4.378305675345473e-06,6.127804681455018e-06
Wrong 0.003335791639983654,0.0006515610148198903,0.003291497705504298,0.001963631948456168
Wrong 1.778761543391738e-05,1.03433685580967e-05,4.0113845898304135e-06,5.68498217035085e-06
Correct 0.0014961839187890291,0.0003025191545020789,0.0001566117280162871,0.004368713591247797
Correct 0.0023301441688090563,0.00028895214200019836,0.00013209920143708587,0.00034770838101394475
Wrong 0.000528576725628227,0.00021945849584881216,3.850913344649598e-05,9.038303687702864e-05
Correct 0.002481535542756319,0.00055370555492118,0.00019123546371702105,0.0033005017321556807
Wrong 0.0030056550167500973,0.0007245033048093319,6.861752626718953e-05,0.00026691326638683677
Correct 2.7525366022018716e-05,1.132582201535115e-05,6.721814315824304e-06,1.050916216627229e-05
Wrong 0.036869168281555176,0.015498200431466103,0.030586950480937958,0.04280289262533188
Correct 0.021752577275037766,0.013092580251395702,0.00813954509794712,0.44412022829055786
Correct 0.004581738263368607,0.00038987529114820063,0.00015240616630762815,0.000662288861349225
Correct 0.04951253533363342,0.01838022470474243,0.2639830410480499,0.04658045247197151
Correct 1.5129204257391393e-05,7.635218025825452e-06,3.958773504564306e-06,5.612850145553239e-06
Correct 0.0007893223082646728,0.0002886699512600899,9.482404857408255e-05,0.001022207085043192
Correct 0.09319350868463516,0.013532544486224651,0.006442036479711533,0.008737052790820599
Wrong 0.002146161627024412,0.0010008568642660975,0.0002455117064528167,0.0006434296374209225
Correct 0.0020264307968318462,0.00023261053138412535,7.267711771419272e-05,0.00022106780670583248
Wrong 1.3436691006063484e-05,5.621711352432612e-06,3.1133754418988246e-06,3.7369886740634684e-06
Correct 1.3178350855014287e-05,6.293541900959099e-06,3.9301712604356e-06,4.655910743167624e-06
Correct 0.0038738755974918604,0.000783190771471709,0.00024435031809844077,0.000791859463788569
Wrong 2.510795820853673e-05,1.4650133380200714e-05,6.5689005168678705e-06,1.2074186088284478e-05
Correct 0.0207520741969347,0.007059862837195396,0.0031090478878468275,0.09828218817710876
Correct 0.0006047703209333122,7.999485387699679e-05,7.197735976660624e-05,0.000312653137370944
Correct 0.036322519183158875,0.008496034890413284,0.041482869535684586,0.008973495103418827
Correct 0.0007368110818788409,0.0003301017568446696,0.00012040603905916214,0.001084222225472331
Wrong 0.03677067160606384,0.026917383074760437,0.0031396520789712667,0.016086818650364876
Wrong 1.6953195881797e-05,8.682406587467995e-06,4.346727564552566e-06,7.657355126866605e-06
Correct 0.001945891766808927,0.00024177535669878125,0.00010356069833505899,0.00040108105167746544
Wrong 0.0011594477109611034,0.0003805128508247435,0.00021022016881033778,0.000385513820219785
Correct 0.0011720070615410805,0.0007647726451978087,0.0002636475837789476,0.004076092503964901
Wrong 0.0029107604641467333,0.00024069525534287095,0.00017950929759535939,0.00042649699025787413
Wrong 1.7016787751344964e-05,6.2998269640957005e-06,3.3778783290472347e-06,5.238904577709036e-06
Correct 1.56143942149356e-05,8.49295156513108e-06,4.763733159052208e-06,6.916241090948461e-06
Wrong 0.0006305124843493104,0.00013370555825531483,0.00021081045269966125,0.0006404430023394525
Wrong 0.06391305476427078,0.005762095097452402,0.006278701592236757,0.004666388500481844
Wrong 2.3187458282336593e-05,1.2396574675221927e-05,5.84425561100943e-06,8.69614177645417e-06
Wrong 0.0022019234020262957,0.0019233606290072203,0.00016751463408581913,0.000647837296128273
Wrong 0.0007441179477609694,0.00013261956337373704,6.58103235764429e-05,0.00025077059399336576
Wrong 0.0013855688739567995,0.00019894534489139915,0.0001662944705458358,0.00025680233375169337
Correct 0.0012041637673974037,0.0001466799440095201,4.8592050006845966e-05,0.00010938025661744177
Wrong 0.0009545489447191358,0.00035113500780425966,6.392411887645721e-05,0.00043734657811000943
Correct 0.031565360724925995,0.007494134828448296,0.002530182944610715,0.007675740867853165
Correct 0.0005316628376021981,0.00011148110206704587,6.378782563842833e-05,0.0005478094099089503
Wrong 0.032022878527641296,0.0156044727191329,0.046598125249147415,0.04733781889081001
Wrong 0.0010758739663287997,0.00010725525498855859,6.274883344303817e-05,0.0002907792222686112
Correct 0.022361591458320618,0.00790990237146616,0.026986077427864075,0.017289236187934875
Correct 0.025295814499258995,0.02115168794989586,0.19164399802684784,0.0631880909204483
Wrong 0.037096064537763596,0.016460957005620003,0.008610391989350319,0.17442813515663147
Wrong 1.863996294559911e-05,1.0382605978520587e-05,4.407980213727569e-06,6.119901172496611e-06
Correct 0.015785034745931625,0.009799872525036335,0.0036070803180336952,0.23759174346923828
Wrong 0.0017836521146818995,0.00033567097852937877,0.00014742114581167698,0.0006657232297584414
Correct 0.02582586742937565,0.013089854270219803,0.006480073556303978,0.07842781394720078
Wrong 2.175635745516047e-05,1.0821308023878373e-05,7.92539503891021e-06,7.547913355665514e-06
Wrong 0.002079127123579383,0.0003132362035103142,0.00040928187081590295,0.0003423680318519473
Wrong 0.0005781488143838942,0.00024545873748138547,5.494720971910283e-05,0.00012582411000039428
Correct 0.0012115549761801958,0.0013929324923083186,0.0006582518108189106,0.0009233765304088593
Wrong 1.4755278243683279e-05,7.38643211661838e-06,4.023749625048367e-06,8.989584785012994e-06
Wrong 0.03817959129810333,0.018196528777480125,0.05520528554916382,0.06822619587182999
Correct 0.0034337372053414583,0.00033319674548693,9.344467252958566e-05,0.00040152083965949714
Correct 0.0008205521153286099,0.00013172251055948436,4.950429138261825e-05,0.00026678654830902815
Correct 0.003569216700270772,0.00025484705111011863,6.876505358377472e-05,0.0002065511653199792
Wrong 0.0007989364676177502,0.00010992553143296391,0.00010679544357117265,0.000711485103238374
Wrong 1.6976708138827235e-05,7.805336281307973e-06,5.761201009590877e-06,5.147858246346004e-06
Wrong 0.06901806592941284,0.00863936822861433,0.0040807416662573814,0.004017852246761322
Correct 0.02415662817656994,0.22263690829277039,0.030284354463219643,0.05756305158138275
Correct 0.0015450725331902504,0.0001758835423970595,9.7538300906308e-05,0.0005571242654696107
Correct 0.001781926490366459,0.0001582766999490559,0.00011301630001980811,0.00023831077851355076
Wrong 0.0014546200400218368,0.00019080621132161468,9.012978262035176e-05,0.0006697898497804999
