grade confidence_levels
Wrong 0.03988490626215935,0.026362301781773567,0.03010641224682331,0.02272593230009079
Wrong 0.02220333181321621,0.018843786790966988,0.02220323495566845,0.021187203004956245
Wrong 0.059354882687330246,0.04308700188994408,0.04844388738274574,0.04920731484889984
Wrong 0.03553326055407524,0.025196850299835205,0.03015652671456337,0.027890583500266075
Wrong 0.0312411617487669,0.026307690888643265,0.02822396345436573,0.03485259413719177
Wrong 0.04691600054502487,0.03597176447510719,0.0433899462223053,0.03513877093791962
Correct 0.025942545384168625,0.018110893666744232,0.023806147277355194,0.022364266216754913
Wrong 0.04639430344104767,0.038462281227111816,0.038162652403116226,0.0347481332719326
Wrong 0.024548398330807686,0.018100954592227936,0.029380375519394875,0.0134515929967165
Wrong 0.03106372058391571,0.02220025099813938,0.033587776124477386,0.031064050272107124
Wrong 0.03907942771911621,0.040006063878536224,0.044979631900787354,0.03475838154554367
Wrong 0.03377387672662735,0.023762954398989677,0.030274614691734314,0.018078066408634186
Correct 0.036126088351011276,0.027269328013062477,0.032131046056747437,0.04093651473522186
Wrong 0.022421130910515785,0.02277419902384281,0.020898684859275818,0.029472284018993378
Wrong 0.038447506725788116,0.026014836505055428,0.026631666347384453,0.03366605192422867
Wrong 0.04937544837594032,0.027267709374427795,0.03756272420287132,0.045665062963962555
Correct 0.059107743203639984,0.03786579519510269,0.03529469296336174,0.08016306161880493
Wrong 0.025471694767475128,0.02430531196296215,0.023742033168673515,0.01892932318150997
Wrong 0.042263153940439224,0.03908702731132507,0.024459926411509514,0.024845391511917114
Wrong 0.03814614936709404,0.024822182953357697,0.03473229706287384,0.023318465799093246
Wrong 0.035749029368162155,0.026984725147485733,0.04212230071425438,0.029869720339775085
Correct 0.02680567465722561,0.022749751806259155,0.031584590673446655,0.021371707320213318
Wrong 0.03268633410334587,0.022997785359621048,0.022818656638264656,0.017359742894768715
Correct 0.027618562802672386,0.02574332244694233,0.023623287677764893,0.03331471607089043
Correct 0.019905325025320053,0.014115064404904842,0.014449689537286758,0.012168101966381073
Wrong 0.041502490639686584,0.03634065389633179,0.03662552684545517,0.0448756143450737
Wrong 0.03897974267601967,0.026169734075665474,0.03439924493432045,0.03107769787311554
Correct 0.03146257996559143,0.03621285781264305,0.0510682538151741,0.07201998680830002
Correct 0.03136800229549408,0.037250448018312454,0.03472108393907547,0.02041170746088028
Wrong 0.022445833310484886,0.01579264923930168,0.015306687913835049,0.015427137725055218
Wrong 0.05350777506828308,0.041025735437870026,0.030967719852924347,0.059692684561014175
Wrong 0.024481479078531265,0.028621748089790344,0.029995135962963104,0.02354380115866661
Correct 0.01653333008289337,0.010509226471185684,0.014252584427595139,0.022775894030928612
Correct 0.0564274862408638,0.03449323773384094,0.03908583149313927,0.07593228667974472
Wrong 0.04942639544606209,0.03450524061918259,0.02729567512869835,0.029514092952013016
Correct 0.03347817435860634,0.02627737820148468,0.035359784960746765,0.02507447823882103
Correct 0.03704145923256874,0.029531918466091156,0.03243432939052582,0.03646751865744591
Wrong 0.0346871018409729,0.027439817786216736,0.029438497498631477,0.037214308977127075
Correct 0.03862960636615753,0.023430146276950836,0.036006391048431396,0.03128392994403839
Correct 0.05242956057190895,0.04083215817809105,0.043127018958330154,0.03988693282008171
Wrong 0.0369366779923439,0.03497104346752167,0.03693646192550659,0.03524548187851906
Wrong 0.04605564847588539,0.036433011293411255,0.035588886588811874,0.03848119452595711
Wrong 0.024447478353977203,0.022259702906012535,0.030188439413905144,0.022086655721068382
Wrong 0.043539829552173615,0.03286558389663696,0.03724149614572525,0.026615435257554054
Wrong 0.024760406464338303,0.020688319578766823,0.033843256533145905,0.028058456256985664
Correct 0.02237182855606079,0.02400141954421997,0.0322972796857357,0.03575040400028229
Correct 0.04846051335334778,0.03253494203090668,0.01882963255047798,0.03356827422976494
Wrong 0.03341306746006012,0.03090200573205948,0.0235089473426342,0.02157321386039257
Wrong 0.03532121703028679,0.03370365500450134,0.04293929412961006,0.027081964537501335
Wrong 0.04008375480771065,0.035651225596666336,0.032208092510700226,0.027765348553657532
Wrong 0.02306508831679821,0.01700722612440586,0.01927153207361698,0.01714092306792736
Wrong 0.032030459493398666,0.020201457664370537,0.023070596158504486,0.018108636140823364
Wrong 0.02574162930250168,0.023621924221515656,0.036585789173841476,0.0223656315356493
Wrong 0.0429641455411911,0.023542508482933044,0.034793250262737274,0.026677336543798447
Wrong 0.03624420240521431,0.0211410541087389,0.01620936207473278,0.014417028054594994
Correct 0.023847367614507675,0.017176663503050804,0.027022510766983032,0.02137722261250019
Correct 0.04132023826241493,0.07366115599870682,0.07599876075983047,0.053892798721790314
Wrong 0.0497981533408165,0.03878307715058327,0.02927468530833721,0.025835203006863594
Correct 0.04731711000204086,0.03226741403341293,0.03031238541007042,0.02915129065513611
Wrong 0.045683592557907104,0.028365792706608772,0.03670768812298775,0.022615505382418633
Wrong 0.04379956051707268,0.03519398346543312,0.022370589897036552,0.04414394125342369
Correct 0.025224879384040833,0.02091219089925289,0.023147545754909515,0.024258799850940704
Wrong 0.036332160234451294,0.02220945991575718,0.026999695226550102,0.018702635541558266
Wrong 0.035641830414533615,0.022304100915789604,0.05185834690928459,0.03564208000898361
Wrong 0.027348974719643593,0.01595260761678219,0.027997460216283798,0.013645153492689133
Correct 0.03927869722247124,0.024772971868515015,0.042803242802619934,0.017983339726924896
Wrong 0.040760189294815063,0.035970766097307205,0.038893502205610275,0.02890365943312645
Correct 0.019304422661662102,0.015755804255604744,0.016255835071206093,0.011986465193331242
Wrong 0.04315014183521271,0.029196850955486298,0.02942563034594059,0.028298869729042053
Wrong 0.036983221769332886,0.024636154994368553,0.028135256841778755,0.03845713660120964
Wrong 0.03777259588241577,0.026576470583677292,0.02785167098045349,0.027852512896060944
Wrong 0.02545340172946453,0.01862211525440216,0.021433783695101738,0.0252555962651968
Wrong 0.05282318964600563,0.045182183384895325,0.0488533191382885,0.04311338812112808
Correct 0.028882604092359543,0.022493768483400345,0.029109012335538864,0.02180183120071888
Wrong 0.0305606871843338,0.026140013709664345,0.030086807906627655,0.03227913752198219
Correct 0.03929232805967331,0.026379738003015518,0.023279746994376183,0.01960401050746441
Correct 0.04652026295661926,0.03350728377699852,0.030747609212994576,0.0329880453646183
Wrong 0.06925594061613083,0.044715117663145065,0.05608499422669411,0.03707040846347809
Wrong 0.06460348516702652,0.04510054737329483,0.033515751361846924,0.052318025380373
Correct 0.028468884527683258,0.020345857366919518,0.03102348931133747,0.020991919562220573
Correct 0.022651895880699158,0.017641451209783554,0.030008604750037193,0.03793701156973839
Wrong 0.03443111106753349,0.023849742487072945,0.05416746437549591,0.024800000712275505
Wrong 0.020473510026931763,0.022310739383101463,0.028872007504105568,0.025084998458623886
Correct 0.039129722863435745,0.034802600741386414,0.03193650022149086,0.030237488448619843
Wrong 0.05765620991587639,0.03931816667318344,0.03664837405085564,0.03931859880685806
Wrong 0.06220214441418648,0.03802365064620972,0.05752750486135483,0.052790697664022446
Correct 0.0332552045583725,0.03351597115397453,0.04617002606391907,0.047636281698942184
Wrong 0.05456668883562088,0.047408152371644974,0.03133479878306389,0.0695202499628067
Correct 0.04327903687953949,0.030689554288983345,0.021257907152175903,0.02816292829811573
Wrong 0.01384112611413002,0.017496807500720024,0.021945739164948463,0.020456165075302124
Wrong 0.08269643783569336,0.06242256239056587,0.04461129382252693,0.1045389398932457
Correct 0.028664274141192436,0.02866424433887005,0.02413760870695114,0.019855305552482605
Correct 0.03557867556810379,0.01831447333097458,0.03264874964952469,0.02582787349820137
Wrong 0.026042712852358818,0.0176213551312685,0.02543928474187851,0.035044703632593155
Wrong 0.0379645898938179,0.0247041005641222,0.029108351096510887,0.029567360877990723
Correct 0.030739696696400642,0.023753901943564415,0.03246743604540825,0.021460460498929024
Wrong 0.02506329119205475,0.02884764038026333,0.046098195016384125,0.02752685360610485
Correct 0.03774743899703026,0.018396683037281036,0.02894178405404091,0.023074880242347717
Wrong 0.030357740819454193,0.022559957578778267,0.02119302935898304,0.03231584653258324
Correct 0.023582320660352707,0.032741110771894455,0.028004370629787445,0.018510403111577034
Wrong 0.02328338474035263,0.014232934452593327,0.04150694981217384,0.02292271889746189
Wrong 0.03923051431775093,0.021329272538423538,0.03176974877715111,0.03176994249224663
Wrong 0.061089567840099335,0.044001173228025436,0.044000979512929916,0.04469435289502144
Wrong 0.02831968106329441,0.02422316186130047,0.0418534129858017,0.021884024143218994
Wrong 0.016246307641267776,0.02069828286767006,0.027852488681674004,0.01715962216258049
Wrong 0.042399901896715164,0.03077908791601658,0.038605451583862305,0.029832249507308006
Wrong 0.019342854619026184,0.015787258744239807,0.0299586933106184,0.014600933529436588
Correct 0.04779175668954849,0.03134267032146454,0.036930494010448456,0.02680894359946251
Wrong 0.04145871475338936,0.0377485528588295,0.03834288567304611,0.061753079295158386
Correct 0.033891551196575165,0.03259302303195,0.04742226004600525,0.041202329099178314
Wrong 0.033372245728969574,0.04088841378688812,0.04633241891860962,0.0294510368257761
Wrong 0.058706965297460556,0.038201309740543365,0.0382012240588665,0.04162980988621712
Wrong 0.030062751844525337,0.023230740800499916,0.03800271078944206,0.022692760452628136
Wrong 0.043790608644485474,0.03033287823200226,0.037164293229579926,0.03254298120737076
Wrong 0.03894295170903206,0.03383428975939751,0.0699673593044281,0.062231674790382385
Wrong 0.03903378173708916,0.021895918995141983,0.032359957695007324,0.03112076409161091
Wrong 0.03683215007185936,0.03433123975992203,0.042063385248184204,0.04408278688788414
Correct 0.04616942256689072,0.03223136067390442,0.03595658764243126,0.05612790584564209
Wrong 0.05080981180071831,0.02986958622932434,0.03154847398400307,0.028501804918050766
Wrong 0.04281836748123169,0.03838208317756653,0.042154159396886826,0.037493426352739334
Wrong 0.03407919779419899,0.02305915392935276,0.031029408797621727,0.033031005412340164
Correct 0.027743680402636528,0.018626172095537186,0.040683113038539886,0.0307097677141428
Wrong 0.03274581953883171,0.04877466335892677,0.04877449572086334,0.04139513894915581
Correct 0.04712378606200218,0.03420814871788025,0.03188531473278999,0.0412633940577507
Wrong 0.04345610737800598,0.03179313987493515,0.0484786294400692,0.03437710925936699
Wrong 0.017068354412913322,0.011370017193257809,0.027488868683576584,0.009649636223912239
Wrong 0.045502670109272,0.03599558770656586,0.03054892271757126,0.03201543539762497
Wrong 0.04022834450006485,0.02658926136791706,0.03309056907892227,0.03495156019926071
Wrong 0.03501134365797043,0.013818226754665375,0.02278224192559719,0.025815989822149277
Wrong 0.08115419000387192,0.04845927655696869,0.057546477764844894,0.05039043352007866
Wrong 0.033549677580595016,0.03543541952967644,0.03151680529117584,0.02674822509288788
Wrong 0.048479221761226654,0.039567552506923676,0.04345623031258583,0.047356583178043365
Wrong 0.03911152854561806,0.029065217822790146,0.040352772921323776,0.028392307460308075
Correct 0.027532465755939484,0.030714605003595352,0.035629432648420334,0.03507763519883156
Correct 0.03459915146231651,0.02033986523747444,0.05485865846276283,0.04272514954209328
Wrong 0.04303504526615143,0.03099699877202511,0.030043140053749084,0.033779047429561615
Wrong 0.02538919635117054,0.0292227603495121,0.025991136208176613,0.029915975406765938
Wrong 0.023903073742985725,0.020767442882061005,0.03616386279463768,0.023168032988905907
Wrong 0.06763920933008194,0.06158612668514252,0.05520531162619591,0.05267772078514099
Correct 0.04352971166372299,0.03135334327816963,0.03470476344227791,0.02724062278866768
Wrong 0.05002235248684883,0.026775088161230087,0.036029599606990814,0.02656722068786621
Wrong 0.024050408974289894,0.02811778150498867,0.02423892542719841,0.021727925166487694
Wrong 0.027278780937194824,0.02426241897046566,0.03642171621322632,0.030195944011211395
Wrong 0.028615256771445274,0.02688145451247692,0.033454325050115585,0.02263667806982994
Correct 0.03137362003326416,0.02106323465704918,0.022421570494771004,0.032370079308748245
Correct 0.045262761414051056,0.04421422258019447,0.04706552252173424,0.02854708395898342
Wrong 0.02004021592438221,0.021001987159252167,0.026966871693730354,0.016229229047894478
Wrong 0.047677963972091675,0.045494548976421356,0.03713149577379227,0.03598944470286369
Wrong 0.032268352806568146,0.0267514418810606,0.030077235773205757,0.02397998981177807
Wrong 0.03966871276497841,0.02971062995493412,0.03366623818874359,0.01933322660624981
Correct 0.03846989572048187,0.02315155230462551,0.03264883533120155,0.0347549207508564
Wrong 0.0331631675362587,0.025427071377635002,0.026439836248755455,0.02426317147910595
Wrong 0.04458773508667946,0.025011548772454262,0.03287683054804802,0.028341976925730705
Wrong 0.026444049552083015,0.02043450064957142,0.022094696760177612,0.02297586016356945
Wrong 0.0378204770386219,0.03994651511311531,0.028105637058615685,0.030868634581565857
Correct 0.026679709553718567,0.02177533321082592,0.026265963912010193,0.02264302596449852
Wrong 0.011970113962888718,0.010563603602349758,0.01648947410285473,0.015490595251321793
Correct 0.03648446500301361,0.025075435638427734,0.035918641835451126,0.04265538230538368
Correct 0.028422588482499123,0.015574239194393158,0.026081837713718414,0.029325425624847412
Wrong 0.03802647069096565,0.03802639618515968,0.032021306455135345,0.05157182365655899
Wrong 0.022892344743013382,0.012841499410569668,0.021007006987929344,0.020046371966600418
Wrong 0.025108221918344498,0.02550359070301056,0.025107979774475098,0.027148958295583725
Wrong 0.028379719704389572,0.019053306430578232,0.02108997479081154,0.01920313388109207
Wrong 0.03394734486937523,0.025031130760908127,0.022791029885411263,0.031152119860053062
Correct 0.039765436202287674,0.02711774967610836,0.03145693242549896,0.0190800242125988
Correct 0.04642001539468765,0.03818410262465477,0.02927660010755062,0.026865893974900246
Wrong 0.045553307980298996,0.03255543112754822,0.022550439462065697,0.039888132363557816
Wrong 0.06403930485248566,0.03592265397310257,0.03648822382092476,0.035923026502132416
Correct 0.027074268087744713,0.015547450631856918,0.01980789750814438,0.016550302505493164
Correct 0.03268101066350937,0.023174287751317024,0.026465825736522675,0.035613950341939926
Wrong 0.03338489681482315,0.033384934067726135,0.03553777560591698,0.03016110137104988
Wrong 0.029590068385004997,0.03005603328347206,0.02148001454770565,0.03301047161221504
Wrong 0.025374827906489372,0.020230751484632492,0.026592528447508812,0.01445836666971445
Wrong 0.03228508681058884,0.019890300929546356,0.023620212450623512,0.026557328179478645
Wrong 0.03385084867477417,0.028728852048516273,0.023631589487195015,0.025156216695904732
Wrong 0.02847665175795555,0.024168016389012337,0.028699832037091255,0.02051156759262085
Wrong 0.04919730871915817,0.03742742910981178,0.03571330010890961,0.024165187031030655
Wrong 0.03518855199217796,0.027619868516921997,0.02101185917854309,0.026150258257985115
Wrong 0.031606581062078476,0.021722912788391113,0.026615357026457787,0.01932085119187832
Wrong 0.03710436075925827,0.021474331617355347,0.040433842688798904,0.029814543202519417
Wrong 0.019362829625606537,0.017221713438630104,0.026055356487631798,0.014962666667997837
Wrong 0.04244318976998329,0.037456102669239044,0.054073844105005264,0.03178885579109192
Correct 0.023076070472598076,0.018254704773426056,0.015371935442090034,0.018112804740667343
Wrong 0.03399576619267464,0.02668365091085434,0.030236301943659782,0.02246999926865101
Wrong 0.03600699082016945,0.03435802832245827,0.03657382354140282,0.04144419729709625
Wrong 0.03952501341700554,0.024350620806217194,0.030542384833097458,0.0303051695227623
Wrong 0.03525492548942566,0.025793012231588364,0.03637383505702019,0.02579314447939396
Wrong 0.03956364840269089,0.0377519354224205,0.041462190449237823,0.03518913313746452
Wrong 0.030709799379110336,0.01967344619333744,0.016959482803940773,0.020779510959982872
Wrong 0.05987708270549774,0.05002925172448158,0.03306719660758972,0.0528419129550457
Wrong 0.048066675662994385,0.035442184656858444,0.03031511977314949,0.03201975300908089
Wrong 0.027991140261292458,0.02588762156665325,0.02509102039039135,0.01821451634168625
Wrong 0.04628720134496689,0.039283476769924164,0.05044077709317207,0.03661651164293289
Wrong 0.04442901536822319,0.04206465929746628,0.03200094774365425,0.029137643054127693
Wrong 0.04784383624792099,0.035277802497148514,0.03137664124369621,0.04529809206724167
Wrong 0.03363935276865959,0.02599448151886463,0.027455544099211693,0.02330133505165577
Correct 0.026283331215381622,0.01938013546168804,0.02248125709593296,0.01878400146961212
Wrong 0.04430762678384781,0.048662424087524414,0.046433888375759125,0.04753545671701431
Wrong 0.058450423181056976,0.03253258019685745,0.04587816819548607,0.03833295777440071
Wrong 0.056057337671518326,0.03734228014945984,0.05064333975315094,0.033736132085323334
Wrong 0.021946335211396217,0.019216854125261307,0.0246747937053442,0.020456403493881226
Correct 0.05411645025014877,0.043483782559633255,0.03206281363964081,0.03807581588625908
Wrong 0.03740737587213516,0.03920258209109306,0.03889719396829605,0.03353239595890045
Wrong 0.036952365189790726,0.03160707280039787,0.036379218101501465,0.025003576651215553
Wrong 0.03692843019962311,0.03061460703611374,0.039617978036403656,0.027875183150172234
Wrong 0.059980347752571106,0.039030011743307114,0.031855177134275436,0.04819643124938011
Wrong 0.04020349308848381,0.0341200977563858,0.029643988236784935,0.0263662151992321
Correct 0.0554087832570076,0.03360705450177193,0.04149898141622543,0.037200212478637695
Correct 0.037711530923843384,0.03380437567830086,0.06217531859874725,0.03380480036139488
Wrong 0.03307076171040535,0.027631668373942375,0.04180509224534035,0.02457631565630436
Wrong 0.08586525917053223,0.07460132241249084,0.07008113712072372,0.05373385548591614
Correct 0.05026828870177269,0.0337485671043396,0.04007717967033386,0.03025224804878235
Wrong 0.05462835729122162,0.038435932248830795,0.052535414695739746,0.03365582600235939
Wrong 0.05181127414107323,0.06200976297259331,0.0847567617893219,0.05345643684267998
Wrong 0.026412513107061386,0.021389570087194443,0.03112139366567135,0.02746528945863247
Correct 0.025229746475815773,0.02174934186041355,0.013717127032577991,0.026440778747200966
Wrong 0.04584279656410217,0.038906168192625046,0.03514867648482323,0.03770957514643669
Wrong 0.0574374794960022,0.04438420757651329,0.0297981109470129,0.042352113872766495
Wrong 0.049640484154224396,0.028729742392897606,0.04212915897369385,0.03332749009132385
Correct 0.03694473206996918,0.024998042732477188,0.03160034492611885,0.02223379723727703
Correct 0.031496528536081314,0.018955081701278687,0.022685952484607697,0.011954794637858868
Correct 0.0446646511554718,0.025850027799606323,0.023536544293165207,0.02409495785832405
Wrong 0.02476278692483902,0.016367232427001,0.02168295532464981,0.023814521729946136
Wrong 0.04144113510847092,0.03031904250383377,0.03743887320160866,0.032274529337882996
Correct 0.033478450030088425,0.040382638573646545,0.036768704652786255,0.040068987756967545
Wrong 0.02576434798538685,0.016376927495002747,0.016765156760811806,0.014117954298853874
Correct 0.04248251020908356,0.024205932393670082,0.04739236459136009,0.023645469918847084
Wrong 0.031344521790742874,0.02104375511407852,0.037222422659397125,0.030143974348902702
Wrong 0.02893081307411194,0.0221820417791605,0.03714775666594505,0.03544706478714943
Wrong 0.038141194730997086,0.04935842379927635,0.07467644661664963,0.03814145550131798
Wrong 0.05767017975449562,0.0387180931866169,0.02681894041597843,0.0358092300593853
Wrong 0.02312828227877617,0.019324520602822304,0.016146089881658554,0.018440013751387596
Wrong 0.036103833466768265,0.033652424812316895,0.03418224677443504,0.03287314251065254
Wrong 0.035934220999479294,0.035101812332868576,0.042340610176324844,0.029558919370174408
Correct 0.03234585002064705,0.02258104830980301,0.03311275690793991,0.03781644254922867
Wrong 0.03972645103931427,0.04228843003511429,0.038503892719745636,0.02883860655128956
Correct 0.033936601132154465,0.038756780326366425,0.04976436495780945,0.03474177420139313
Wrong 0.014460691250860691,0.009861481375992298,0.01306415069848299,0.01347917877137661
Wrong 0.030416619032621384,0.02684260532259941,0.0355604849755764,0.024061692878603935
Wrong 0.04442382603883743,0.035975512117147446,0.03740844875574112,0.025912335142493248
Wrong 0.0362049825489521,0.02178885228931904,0.02230517752468586,0.0160664189606905
Wrong 0.04706194996833801,0.03470124676823616,0.032344937324523926,0.03363393619656563
Wrong 0.030498148873448372,0.023751966655254364,0.017650922760367393,0.019845835864543915
Wrong 0.04349429905414581,0.03749445825815201,0.038987889885902405,0.027006421238183975
Wrong 0.02276887185871601,0.016528543084859848,0.021222801879048347,0.02122369036078453
Wrong 0.02877671644091606,0.022411279380321503,0.02330397255718708,0.03135927394032478
Correct 0.03282434865832329,0.02086438052356243,0.02919442392885685,0.023642677813768387
Correct 0.061809953302145004,0.04281453788280487,0.03521813079714775,0.04248154163360596
Correct 0.026096023619174957,0.023210298269987106,0.03680110722780228,0.022147707641124725
Wrong 0.0164046473801136,0.012480050325393677,0.01705811731517315,0.014364602975547314
Correct 0.013704468496143818,0.011906780302524567,0.012094100937247276,0.009058337658643723
Correct 0.04500482603907585,0.028606796637177467,0.02772652916610241,0.01847001351416111
Wrong 0.01842309907078743,0.012368720024824142,0.01588165946304798,0.012761631049215794
Wrong 0.04127492383122444,0.03817303106188774,0.03586006909608841,0.03164683282375336
Wrong 0.04339955002069473,0.028462322428822517,0.04206414520740509,0.02378186583518982
Wrong 0.030337555333971977,0.024377046152949333,0.038650836795568466,0.020850900560617447
Wrong 0.026343204081058502,0.016614489257335663,0.03489863872528076,0.020357072353363037
Wrong 0.029525529593229294,0.02730662375688553,0.023356523364782333,0.04163787141442299
Wrong 0.02944197691977024,0.020877568051218987,0.026186034083366394,0.017581075429916382
Correct 0.04328855499625206,0.03045733831822872,0.03093680739402771,0.030457589775323868
Correct 0.05488550290465355,0.02960846573114395,0.04078725725412369,0.04078776761889458
Wrong 0.02278093434870243,0.023688478395342827,0.02501976490020752,0.015903959050774574
Correct 0.04884089529514313,0.037447549402713776,0.03955237194895744,0.04017576947808266
Correct 0.04694313183426857,0.027596445754170418,0.04015234112739563,0.03543519601225853
Correct 0.022574249655008316,0.02460002340376377,0.026186447590589523,0.02578100562095642
Wrong 0.04953969642519951,0.05746696516871452,0.0391889289021492,0.0427059605717659
Wrong 0.028259960934519768,0.02218150906264782,0.023983808234333992,0.02717747539281845
Wrong 0.032220277935266495,0.022493399679660797,0.03247285634279251,0.022493518888950348
Wrong 0.03477802872657776,0.031914159655570984,0.035050518810749054,0.034778665751218796
Correct 0.04462277889251709,0.04257951304316521,0.030909167602658272,0.034482188522815704
Wrong 0.015806933864951134,0.01777215674519539,0.022642238065600395,0.02585861086845398
Wrong 0.03244638442993164,0.02300792746245861,0.018200712278485298,0.03508342429995537
Wrong 0.031690068542957306,0.02953832782804966,0.027966244146227837,0.03218937665224075
Wrong 0.043620720505714417,0.02466088905930519,0.05099751055240631,0.03532546013593674
Correct 0.038584645837545395,0.02268276922404766,0.038584496825933456,0.02845076471567154
Wrong 0.03212064877152443,0.018882960081100464,0.04124359413981438,0.020258842036128044
Wrong 0.022905616089701653,0.018841633573174477,0.02037253975868225,0.01854976825416088
Wrong 0.03477383032441139,0.025441203266382217,0.02772405557334423,0.025640925392508507
Wrong 0.02984025701880455,0.016870222985744476,0.029607919976115227,0.025926213711500168
Correct 0.04710197076201439,0.03500319644808769,0.03668287396430969,0.030411571264266968
Wrong 0.028726764023303986,0.02438007853925228,0.04554746299982071,0.026568397879600525
Wrong 0.05700474977493286,0.05190352723002434,0.0423620380461216,0.034039538353681564
Correct 0.03868279606103897,0.022740429267287254,0.026174001395702362,0.03084082156419754
Wrong 0.06356024742126465,0.03510134294629097,0.03297457471489906,0.03678620979189873
Wrong 0.02319519966840744,0.021452005952596664,0.03374860808253288,0.02841944620013237
Wrong 0.04186833277344704,0.03312067687511444,0.04527026414871216,0.040580540895462036
Wrong 0.03853680565953255,0.02797476202249527,0.04435533285140991,0.0241160336881876
Wrong 0.048203449696302414,0.03695889934897423,0.029466036707162857,0.03526665270328522
Correct 0.033227406442165375,0.027332065626978874,0.02754625678062439,0.026285367086529732
Wrong 0.05061768740415573,0.0364585742354393,0.053882014006376266,0.027953919023275375
Correct 0.03428981825709343,0.023201709613204002,0.030497873201966286,0.023201918229460716
Wrong 0.03172740340232849,0.029343068599700928,0.027350617572665215,0.03539476543664932
Correct 0.039610251784324646,0.025977149605751038,0.0323287770152092,0.020873434841632843
Correct 0.040190618485212326,0.029634710401296616,0.02515053190290928,0.03659447655081749
Wrong 0.03264976292848587,0.027067624032497406,0.04127294197678566,0.03558007627725601
Wrong 0.03779400512576103,0.03720788285136223,0.03060624748468399,0.04384247213602066
Wrong 0.03843586891889572,0.029012897983193398,0.0272549856454134,0.02970116212964058
Wrong 0.025714540854096413,0.02305036224424839,0.026738790795207024,0.01596665382385254
Correct 0.027775606140494347,0.019850337877869606,0.028881872072815895,0.02249383181333542
Wrong 0.02032705955207348,0.020809084177017212,0.028001554310321808,0.02303369715809822
Correct 0.029581358656287193,0.029813358560204506,0.03052021749317646,0.031001130118966103
Wrong 0.04139726981520653,0.020018454641103745,0.028010772541165352,0.031248459592461586
Wrong 0.04745100811123848,0.03995776176452637,0.050117798149585724,0.02767852321267128
Wrong 0.027271365746855736,0.022084996104240417,0.030902327969670296,0.021073849871754646
Correct 0.06821133196353912,0.050690315663814545,0.06821101903915405,0.04041403532028198
Wrong 0.028868352994322777,0.027331948280334473,0.03455071523785591,0.027546554803848267
Wrong 0.03575477376580238,0.031308017671108246,0.04699854925274849,0.029642080888152122
Wrong 0.02852368913590908,0.025369510054588318,0.03182029724121094,0.03060188703238964
Wrong 0.07895567268133163,0.05137762054800987,0.04677950218319893,0.03671801835298538
Correct 0.029379315674304962,0.030549611896276474,0.03226668760180473,0.037430547177791595
Wrong 0.04498656094074249,0.04360247030854225,0.030678028240799904,0.02837301231920719
Wrong 0.04361831024289131,0.025047868490219116,0.031172486022114754,0.03216273710131645
Correct 0.028703894466161728,0.028039099648594856,0.02572992816567421,0.018678268417716026
Correct 0.040530722588300705,0.0352136604487896,0.029422035440802574,0.0488896518945694
Wrong 0.01992174983024597,0.011895827949047089,0.01613301783800125,0.0163874551653862
Correct 0.0206983033567667,0.01929287798702717,0.03180840611457825,0.01756657101213932
Correct 0.05833348259329796,0.045786380767822266,0.0498950332403183,0.04403259605169296
Wrong 0.014139779843389988,0.013283119536936283,0.021729478612542152,0.01705607771873474
Correct 0.027076993137598038,0.019502811133861542,0.03476736694574356,0.023342261090874672
Wrong 0.032977394759655,0.023752719163894653,0.02393888123333454,0.02568330056965351
Wrong 0.03757372871041298,0.027922460809350014,0.01949291303753853,0.040945865213871
Wrong 0.030464541167020798,0.020135914906859398,0.02428831346333027,0.024100245907902718
Wrong 0.02274634689092636,0.014686263166368008,0.021535728126764297,0.01625659316778183
Wrong 0.034016989171504974,0.018639778718352318,0.02266007661819458,0.023017223924398422
Wrong 0.056066758930683136,0.039448048919439316,0.049093469977378845,0.03169791027903557
Wrong 0.024622632190585136,0.025404194369912148,0.032365582883358,0.02725514955818653
Wrong 0.03583374246954918,0.032121192663908005,0.027048557996749878,0.026629570871591568
Wrong 0.02328966185450554,0.021878601983189583,0.033886004239320755,0.019157620146870613
Wrong 0.05356401577591896,0.03325875103473663,0.041715431958436966,0.030282650142908096
Correct 0.05306233465671539,0.039432696998119354,0.030471092090010643,0.030471261590719223
Wrong 0.03304777294397354,0.03356819227337837,0.03128885477781296,0.029164765030145645
Wrong 0.017711147665977478,0.016380051150918007,0.011615175753831863,0.025172818452119827
Wrong 0.022970303893089294,0.02011343650519848,0.02602853812277317,0.0415949672460556
Wrong 0.047931522130966187,0.029994796961545944,0.03851386159658432,0.03346192464232445
Correct 0.025202730670571327,0.019627908244729042,0.02725057676434517,0.04122913256287575
Wrong 0.037809956818819046,0.02558351866900921,0.0259863194078207,0.032089244574308395
Wrong 0.025476746261119843,0.023933202028274536,0.03245805203914642,0.03073129989206791
Wrong 0.03883172571659088,0.04331992566585541,0.04231620579957962,0.03194234520196915
Wrong 0.05802952125668526,0.03926466405391693,0.03130442276597023,0.043462615460157394
Wrong 0.04100313037633896,0.03851887211203575,0.040683891624212265,0.042304910719394684
Wrong 0.018331848084926605,0.016691308468580246,0.01735610142350197,0.015317149460315704
Wrong 0.03626037389039993,0.022514667361974716,0.026528529822826385,0.02115081064403057
Wrong 0.018521036952733994,0.01852104626595974,0.03150497376918793,0.016345109790563583
Wrong 0.028386617079377174,0.019662905484437943,0.027728945016860962,0.017625927925109863
Wrong 0.05964524298906326,0.043979622423648834,0.03646028786897659,0.039116449654102325
Correct 0.0302121564745903,0.025640778243541718,0.05733214318752289,0.037017133086919785
Wrong 0.03489786386489868,0.034897882491350174,0.04807358607649803,0.03032037802040577
Wrong 0.03585946559906006,0.03164590895175934,0.03938359022140503,0.022793879732489586
Correct 0.026296259835362434,0.02568708546459675,0.045081980526447296,0.028881048783659935
Wrong 0.026364758610725403,0.019288906827569008,0.018549833446741104,0.024194292724132538
Wrong 0.02827799879014492,0.021512677893042564,0.019895870238542557,0.01840091496706009
Correct 0.03907756507396698,0.03475618362426758,0.029497060924768448,0.040004704147577286
Wrong 0.026920946314930916,0.01620134525001049,0.027131902053952217,0.018648089841008186
Wrong 0.036758214235305786,0.018921565264463425,0.025862492620944977,0.023733386769890785
Correct 0.03775523975491524,0.035191699862480164,0.05623596906661987,0.04662172496318817
Wrong 0.046249549835920334,0.03687349706888199,0.0320359542965889,0.017282385379076004
Wrong 0.04221264272928238,0.029933126643300056,0.04027930647134781,0.047461386770009995
Wrong 0.029776636511087418,0.016966313123703003,0.02062559686601162,0.020950788632035255
Wrong 0.03456244245171547,0.03565946966409683,0.024508293718099594,0.03593948110938072
Wrong 0.015498504973948002,0.013784547336399555,0.018404679372906685,0.02005656436085701
Wrong 0.023755410686135292,0.02956414967775345,0.03566077724099159,0.02249141037464142
Correct 0.037127673625946045,0.04409027472138405,0.042400967329740524,0.03328131139278412
Wrong 0.08738923072814941,0.04292413964867592,0.05383872240781784,0.050974033772945404
Wrong 0.022298840805888176,0.01777823455631733,0.03426814824342728,0.02753608487546444
Wrong 0.03881588205695152,0.030705831944942474,0.026059653609991074,0.036464400589466095
Wrong 0.02177327126264572,0.016435308381915092,0.016054537147283554,0.013309870846569538
Wrong 0.039169199764728546,0.015580501407384872,0.02032066136598587,0.03196954354643822
Wrong 0.01903522200882435,0.012581500224769115,0.011819181963801384,0.03528604656457901
Wrong 0.04820192605257034,0.03338851034641266,0.035265177488327026,0.043547123670578
Wrong 0.02936813049018383,0.02591746114194393,0.02378298155963421,0.026532400399446487
Wrong 0.03381228446960449,0.02270057424902916,0.025722917169332504,0.015847641974687576
Wrong 0.024897392839193344,0.030031917616724968,0.030267352238297462,0.027131831273436546
Wrong 0.04326928034424782,0.039706092327833176,0.04001737758517265,0.039397455751895905
Wrong 0.033701661974191666,0.03423263505101204,0.0394008494913578,0.02485073171555996
Wrong 0.0217343270778656,0.01888340897858143,0.030411601066589355,0.012097323313355446
Wrong 0.026716427877545357,0.01879732683300972,0.04991253837943077,0.03738349303603172
Correct 0.058746807277202606,0.05064314976334572,0.03507912531495094,0.03705231845378876
Wrong 0.038817547261714935,0.028178537264466286,0.040049679577350616,0.02731170505285263
Correct 0.06796909123659134,0.03581720590591431,0.03724383935332298,0.034177280962467194
Wrong 0.032079409807920456,0.024983521550893784,0.025776471942663193,0.02966884896159172
Wrong 0.04296206682920456,0.043980922549963,0.05473469942808151,0.031678736209869385
Correct 0.038885269314050674,0.03540540486574173,0.0356830395758152,0.05613812059164047
Wrong 0.035493213683366776,0.03577165678143501,0.03181564807891846,0.029888805001974106
Wrong 0.03345629945397377,0.019822193309664726,0.017221763730049133,0.03022540546953678
Wrong 0.06320054084062576,0.04446706175804138,0.030323712155222893,0.047706879675388336
Wrong 0.044934675097465515,0.028562212362885475,0.05253366380929947,0.029933208599686623
Wrong 0.04379885271191597,0.025949981063604355,0.03519316762685776,0.030576931312680244
Wrong 0.023218438029289246,0.016987066715955734,0.011584058403968811,0.01292334496974945
Wrong 0.04831702634692192,0.04197869449853897,0.0376291424036026,0.0319363959133625
Wrong 0.04398062452673912,0.035895779728889465,0.026884615421295166,0.028843257576227188
Wrong 0.03550548106431961,0.03779533877968788,0.04968084394931793,0.026180168613791466
Wrong 0.028184138238430023,0.024296317249536514,0.018921850249171257,0.021441800519824028
Wrong 0.045795559883117676,0.03826368227601051,0.02548896335065365,0.033244531601667404
Wrong 0.03385348245501518,0.025956330820918083,0.031309228390455246,0.03130963444709778
Correct 0.026776188984513283,0.020853403955698013,0.037760376930236816,0.024958427995443344
Wrong 0.05131367966532707,0.0375419557094574,0.0493476539850235,0.032617345452308655
Wrong 0.03902656212449074,0.024806857109069824,0.03812241181731224,0.03902706876397133
Wrong 0.04941296949982643,0.038784805685281754,0.03140866011381149,0.026865722611546516
Wrong 0.027097351849079132,0.027739880606532097,0.03561856597661972,0.031433720141649246
Wrong 0.030676087364554405,0.016548512503504753,0.05598260834813118,0.04032330960035324
Correct 0.02613910660147667,0.0349002480506897,0.05239107832312584,0.03356437012553215
Wrong 0.03361160680651665,0.029431236907839775,0.027432795614004135,0.024978281930088997
Wrong 0.03381160646677017,0.016223043203353882,0.028030836954712868,0.02416445128619671
Wrong 0.03548714146018028,0.027422403916716576,0.025760799646377563,0.027209347113966942
Correct 0.050164900720119476,0.027274277061223984,0.029721686616539955,0.023511946201324463
Wrong 0.02353725954890251,0.021430911496281624,0.017220184206962585,0.02029058337211609
Wrong 0.03565777465701103,0.03429178521037102,0.04472468048334122,0.03885795176029205
Correct 0.02557058073580265,0.02204333245754242,0.021364815533161163,0.015269140712916851
Wrong 0.02811942622065544,0.013282747939229012,0.028119349852204323,0.01759715937077999
Wrong 0.040530022233724594,0.031564854085445404,0.03633066639304161,0.02851688489317894
Wrong 0.03781946375966072,0.018004868179559708,0.024802545085549355,0.023483000695705414
Wrong 0.03388805314898491,0.02275143936276436,0.021372847259044647,0.01976683922111988
Wrong 0.04926401749253273,0.042801279574632645,0.04347515478730202,0.036897264420986176
Wrong 0.030700622126460075,0.031428657472133636,0.04537217691540718,0.03242699056863785
Wrong 0.024489613249897957,0.017365824431180954,0.02668723836541176,0.023922720924019814
Correct 0.03710260987281799,0.023768819868564606,0.025104772299528122,0.03652772679924965
Wrong 0.05051514133810997,0.03499076887965202,0.04492867365479469,0.03499119356274605
Wrong 0.04479479789733887,0.025324787944555283,0.03354962542653084,0.02633385732769966
Wrong 0.03424606844782829,0.03345271572470665,0.04397264122962952,0.053457606583833694
Wrong 0.042396292090415955,0.03406640142202377,0.033538106828927994,0.02341357432305813
Wrong 0.03616328909993172,0.02604747749865055,0.03241639956831932,0.026874544098973274
Wrong 0.05686188116669655,0.03558328375220299,0.024076703935861588,0.03787851333618164
Correct 0.045491285622119904,0.03407132253050804,0.022696321830153465,0.043408628553152084
Correct 0.0394018217921257,0.03909502550959587,0.03423260524868965,0.040022604167461395
Wrong 0.03231067210435867,0.03156217560172081,0.02964979037642479,0.03205949440598488
Wrong 0.03578149154782295,0.030605357140302658,0.03414265438914299,0.027221444994211197
Wrong 0.030340874567627907,0.027625586837530136,0.03280609846115112,0.04278804361820221
Wrong 0.03239184990525246,0.027064556255936623,0.039998359978199005,0.022089766338467598
Wrong 0.044372789561748505,0.03122013807296753,0.018788497895002365,0.028205230832099915
Correct 0.06220826879143715,0.037437621504068375,0.028704341500997543,0.053627364337444305
Wrong 0.029756488278508186,0.026882726699113846,0.025852736085653305,0.020292412489652634
Wrong 0.041823610663414,0.024205684661865234,0.02536720223724842,0.02364514209330082
Correct 0.032881174236536026,0.027047479525208473,0.025808516889810562,0.014252985827624798
Correct 0.03721179813146591,0.04559282213449478,0.055426400154829025,0.04055161774158478
Wrong 0.03149266168475151,0.01752837374806404,0.031492527574300766,0.0201752670109272
Wrong 0.031771764159202576,0.041438158601522446,0.04275339096784592,0.04659074544906616
Correct 0.031208569183945656,0.02628045156598091,0.019682882353663445,0.016704928129911423
Correct 0.06337329000234604,0.035272590816020966,0.06094532832503319,0.06239187344908714
Wrong 0.03182987496256828,0.025576049461960793,0.028755636885762215,0.017171146348118782
Wrong 0.03837854042649269,0.019147902727127075,0.032066285610198975,0.02203952521085739
Correct 0.05142046883702278,0.039425697177648544,0.04364001378417015,0.03617951646447182
Wrong 0.02980750985443592,0.018799399957060814,0.03273686766624451,0.02630564197897911
Wrong 0.016284530982375145,0.01329103484749794,0.021573392674326897,0.021405799314379692
Wrong 0.04237024486064911,0.031733836978673935,0.028893912211060524,0.03768518194556236
Wrong 0.05537845939397812,0.039269231259822845,0.035754840821027756,0.04213027283549309
Wrong 0.0344076007604599,0.03157414123415947,0.02054564654827118,0.0298941470682621
Wrong 0.027297906577587128,0.019357163459062576,0.029286157339811325,0.017625033855438232
Wrong 0.017775164917111397,0.022121619433164597,0.0211082361638546,0.011934084817767143
Wrong 0.04424557089805603,0.04636891558766365,0.04974622651934624,0.048975955694913864
Correct 0.06668238341808319,0.046916861087083817,0.036254409700632095,0.04802994802594185
Wrong 0.025661678984761238,0.01998531073331833,0.013951940461993217,0.028628159314393997
Correct 0.033927518874406815,0.018302544951438904,0.03065083548426628,0.024437427520751953
Correct 0.042088087648153305,0.026133181527256966,0.03303512558341026,0.022006535902619362
Wrong 0.03589203581213951,0.023173563182353973,0.04067070409655571,0.046813156455755234
Wrong 0.02994382567703724,0.025018954649567604,0.02857247181236744,0.028129860758781433
Correct 0.029458075761795044,0.030631618574261665,0.02945788949728012,0.027673663571476936
Wrong 0.030304813757538795,0.0401473306119442,0.034880440682172775,0.03434023633599281
Correct 0.015179963782429695,0.02174423076212406,0.025821564719080925,0.01590864546597004
Wrong 0.044485993683338165,0.02185075730085373,0.032546453177928925,0.030814794823527336
Wrong 0.053182732313871384,0.0386064313352108,0.0427333228290081,0.04620622843503952
Correct 0.04668467864394188,0.029907334595918655,0.020236270502209663,0.03388969600200653
Wrong 0.05053190886974335,0.037259940057992935,0.04673421382904053,0.03814376890659332
Correct 0.05129675567150116,0.030392300337553024,0.03812031447887421,0.049719300121068954
Wrong 0.031534142792224884,0.026762794703245163,0.017011376097798347,0.020044567063450813
Wrong 0.0378851555287838,0.03369571268558502,0.030204521492123604,0.05960272252559662
Correct 0.04873979464173317,0.03483279421925545,0.05925220251083374,0.03376132994890213
Wrong 0.05343257263302803,0.030445080250501633,0.04327094554901123,0.02950870431959629
Wrong 0.03906409442424774,0.03815923258662224,0.03501656651496887,0.033675726503133774
Wrong 0.02804822102189064,0.022015336900949478,0.030091265216469765,0.01825152523815632
Wrong 0.045139018446207047,0.02571941912174225,0.029143813997507095,0.027809588238596916
Wrong 0.04553910344839096,0.026356015354394913,0.03775307163596153,0.01943383924663067
Wrong 0.029746603220701218,0.021425679326057434,0.03477723151445389,0.039408035576343536
Correct 0.04490428790450096,0.040252067148685455,0.02967984788119793,0.03209204599261284
Correct 0.05985705181956291,0.043792370706796646,0.03357666730880737,0.04050164297223091
Correct 0.035909947007894516,0.027318885549902916,0.018340904265642166,0.020621534436941147
Wrong 0.017698977142572403,0.020531121641397476,0.02085428684949875,0.026569684967398643
Wrong 0.022994767874479294,0.017630767077207565,0.01982264034450054,0.014963400550186634
Wrong 0.033943794667720795,0.02643546462059021,0.03641623258590698,0.029955539852380753
Correct 0.04263574257493019,0.02354571409523487,0.033204518258571625,0.033205244690179825
Wrong 0.06434152275323868,0.04634355008602142,0.0366605669260025,0.04491852596402168
Wrong 0.06061207130551338,0.0526607409119606,0.031445082277059555,0.03882991895079613
Correct 0.024613769724965096,0.01718325912952423,0.03842135891318321,0.01902044750750065
Wrong 0.025234078988432884,0.01642013154923916,0.01980634219944477,0.01904793083667755
Wrong 0.030645355582237244,0.02621249109506607,0.02747020311653614,0.018880385905504227
Correct 0.058981288224458694,0.043490082025527954,0.06278498470783234,0.03868117555975914
Wrong 0.041292402893304825,0.02262638881802559,0.030685774981975555,0.0246571134775877
Wrong 0.04626043885946274,0.030102334916591644,0.05041159316897392,0.029176510870456696
Wrong 0.03787780553102493,0.023703379556536674,0.02904180809855461,0.020274775102734566
Wrong 0.034180719405412674,0.03087979555130005,0.037539832293987274,0.023492712527513504
Wrong 0.06281916797161102,0.052487533539533615,0.04184651002287865,0.057197827845811844
Wrong 0.018813876435160637,0.016092371195554733,0.03150709345936775,0.026740120723843575
Wrong 0.034535571932792664,0.020946895703673363,0.02468140795826912,0.03563224896788597
Correct 0.057335615158081055,0.03616121783852577,0.030689358711242676,0.027726618573069572
Wrong 0.03851723670959473,0.02391587197780609,0.03507021814584732,0.031437188386917114
Correct 0.03953494131565094,0.028254326432943344,0.03054996393620968,0.02397933229804039
Wrong 0.04056643322110176,0.03693636506795883,0.031103329733014107,0.03722729906439781
Wrong 0.02714340016245842,0.030998777598142624,0.02778693474829197,0.03540189191699028
Correct 0.04815252497792244,0.03750123456120491,0.04118680581450462,0.03013332188129425
Wrong 0.04003039002418518,0.042280420660972595,0.04130084440112114,0.03910338506102562
Wrong 0.045719213783741,0.03267427906394005,0.036166783422231674,0.021765897050499916
