grade confidence_levels
Wrong 14.120515823364258,13.471813201904297,13.607141494750977,13.268467903137207
Correct 13.659135818481445,13.423162460327148,13.663594245910645,13.493370056152344
Wrong 13.27405071258545,12.72461986541748,12.987504005432129,12.859013557434082
Wrong 13.74862289428711,12.61488151550293,13.229446411132812,12.65478229522705
Wrong 13.962138175964355,13.957807540893555,13.457489013671875,13.49232006072998
Wrong 13.358280181884766,12.862043380737305,12.742775917053223,12.45970344543457
Correct 13.98186206817627,13.959991455078125,13.586186408996582,13.543845176696777
Wrong 13.833176612854004,12.834400177001953,13.07070255279541,13.254928588867188
Correct 13.787726402282715,13.813279151916504,13.430106163024902,13.209644317626953
Wrong 13.567463874816895,13.554459571838379,13.710702896118164,13.317872047424316
Correct 14.10391616821289,14.132352828979492,13.460267066955566,13.02810001373291
Wrong 13.407368659973145,13.069339752197266,13.332548141479492,12.789377212524414
Wrong 13.68778133392334,13.328697204589844,13.082759857177734,13.250187873840332
Wrong 13.80262279510498,13.710460662841797,13.624106407165527,13.192822456359863
Wrong 13.578404426574707,12.51729679107666,12.863993644714355,12.399918556213379
Wrong 13.609453201293945,13.192489624023438,13.298715591430664,12.898676872253418
Wrong 14.04245662689209,13.301836967468262,13.336125373840332,13.691239356994629
Wrong 13.342089653015137,12.442301750183105,12.767022132873535,12.312352180480957
Wrong 13.309884071350098,12.79121208190918,12.702670097351074,12.504481315612793
Wrong 13.402531623840332,13.03089714050293,12.998713493347168,12.497121810913086
Correct 13.672959327697754,12.664048194885254,12.956819534301758,12.220285415649414
Wrong 14.10939884185791,14.159912109375,13.978208541870117,13.741426467895508
Wrong 13.601557731628418,13.21463394165039,12.993550300598145,12.679519653320312
Wrong 13.648616790771484,13.364503860473633,13.284363746643066,13.359344482421875
Correct 13.532992362976074,13.073741912841797,13.065618515014648,12.51666259765625
Wrong 13.70362377166748,13.293242454528809,12.994449615478516,13.061960220336914
Wrong 13.452749252319336,12.98896598815918,13.253273963928223,12.843108177185059
Correct 13.666874885559082,13.702439308166504,13.646484375,14.0639066696167
Wrong 13.466386795043945,13.243040084838867,12.788410186767578,12.723343849182129
Correct 13.950684547424316,13.735330581665039,14.06886100769043,13.668431282043457
Wrong 13.383779525756836,12.86063003540039,13.167850494384766,12.540420532226562
Wrong 13.554281234741211,13.528230667114258,13.152572631835938,12.642645835876465
Wrong 14.22426700592041,13.851017951965332,14.099936485290527,13.497091293334961
Wrong 13.6339111328125,13.652873992919922,13.534939765930176,13.570635795593262
Wrong 13.916221618652344,14.406109809875488,13.676502227783203,13.36169147491455
Wrong 13.397541046142578,13.62680435180664,13.51609992980957,12.741406440734863
Correct 14.225762367248535,13.028481483459473,12.893523216247559,12.65567398071289
Correct 13.388694763183594,12.182866096496582,12.44834041595459,12.18638801574707
Wrong 13.633928298950195,13.614295959472656,14.003166198730469,12.968735694885254
Correct 13.749401092529297,13.053403854370117,13.391709327697754,12.898676872253418
Wrong 13.590188980102539,13.118196487426758,13.199020385742188,12.955521583557129
Wrong 13.453020095825195,13.381072044372559,13.276911735534668,12.609302520751953
Wrong 13.465450286865234,13.494396209716797,13.532083511352539,13.2777099609375
Wrong 13.546921730041504,12.723413467407227,13.283380508422852,13.100340843200684
Correct 13.650687217712402,13.048617362976074,13.36490249633789,12.846257209777832
Wrong 13.727452278137207,13.690805435180664,13.417545318603516,13.101158142089844
Wrong 13.868521690368652,14.050617218017578,13.674160957336426,13.408529281616211
Wrong 13.84104061126709,13.290189743041992,13.172419548034668,12.80180549621582
Wrong 13.92978572845459,13.93419075012207,13.876907348632812,13.67823314666748
Correct 13.533809661865234,13.521547317504883,13.543457984924316,13.266947746276855
Correct 13.141045570373535,13.214498519897461,12.692435264587402,12.376374244689941
Wrong 13.585668563842773,13.313926696777344,13.118691444396973,12.617204666137695
Correct 13.9310302734375,14.091328620910645,13.621007919311523,13.469470024108887
Wrong 13.56042766571045,12.589120864868164,12.736527442932129,12.709272384643555
Wrong 14.397442817687988,13.596589088439941,13.570541381835938,13.35711669921875
Correct 13.009567260742188,13.262258529663086,13.418224334716797,12.758638381958008
Correct 13.304569244384766,12.964591979980469,13.89206314086914,13.138967514038086
Wrong 14.339065551757812,14.319907188415527,14.044435501098633,13.572787284851074
Correct 13.833067893981934,12.854415893554688,12.720879554748535,12.459580421447754
Wrong 13.658966064453125,13.7858247756958,13.644253730773926,13.291070938110352
Wrong 13.476289749145508,12.395087242126465,12.610847473144531,12.553866386413574
Correct 13.875147819519043,13.049713134765625,13.056079864501953,12.890259742736816
Correct 13.388059616088867,13.406460762023926,13.000654220581055,12.709415435791016
Wrong 13.334369659423828,13.148362159729004,13.025620460510254,13.115331649780273
Correct 13.22764778137207,13.512248039245605,12.817790031433105,12.618266105651855
Wrong 13.154356956481934,13.133966445922852,13.03174877166748,12.248055458068848
Wrong 13.459404945373535,13.368313789367676,13.23446273803711,13.129964828491211
Correct 14.103011131286621,13.027295112609863,13.1475830078125,12.744914054870605
Wrong 13.118867874145508,12.857163429260254,12.599241256713867,12.742968559265137
Wrong 13.732837677001953,13.222240447998047,13.047859191894531,12.88156795501709
Wrong 13.436845779418945,13.268047332763672,13.019360542297363,12.618210792541504
Correct 13.97692584991455,14.005456924438477,13.87100601196289,13.233871459960938
Wrong 13.140165328979492,12.316496849060059,12.642595291137695,12.358224868774414
Wrong 13.616424560546875,13.190413475036621,13.352027893066406,13.061103820800781
Correct 13.626884460449219,13.661042213439941,13.41912841796875,13.189664840698242
Wrong 13.53762149810791,13.832074165344238,13.588265419006348,12.935959815979004
Correct 13.194247245788574,12.527495384216309,12.650834083557129,12.374101638793945
Wrong 13.907926559448242,13.52104377746582,13.378198623657227,13.165575981140137
Wrong 13.2972993850708,13.11695384979248,12.957322120666504,12.798014640808105
Correct 12.891804695129395,12.94813346862793,13.81579875946045,12.5161714553833
Wrong 13.253070831298828,13.398625373840332,13.064766883850098,13.323227882385254
Wrong 13.29694938659668,13.130160331726074,12.685027122497559,12.09504508972168
Wrong 13.123865127563477,13.674017906188965,12.838829040527344,12.515924453735352
Correct 13.149309158325195,12.747130393981934,12.534374237060547,12.274195671081543
Wrong 13.740643501281738,13.416341781616211,13.633401870727539,13.505804061889648
Wrong 12.992419242858887,12.472270011901855,12.371313095092773,12.398052215576172
Wrong 13.564422607421875,13.434422492980957,13.247909545898438,13.29711627960205
Wrong 13.560855865478516,13.151274681091309,13.21095085144043,12.873244285583496
Correct 13.994390487670898,13.586448669433594,13.885733604431152,13.53237533569336
Wrong 13.187161445617676,12.770098686218262,12.761683464050293,12.725358009338379
Correct 13.739067077636719,13.149239540100098,13.140448570251465,13.035562515258789
Correct 13.413326263427734,12.861475944519043,12.62662124633789,12.669865608215332
Wrong 13.537639617919922,13.616955757141113,13.141366004943848,12.927948951721191
Wrong 13.286888122558594,13.258899688720703,12.923843383789062,12.545642852783203
Wrong 13.803877830505371,13.497597694396973,13.213722229003906,12.905976295471191
Wrong 13.608360290527344,12.967918395996094,13.353436470031738,12.787009239196777
Wrong 13.195656776428223,13.057644844055176,12.798872947692871,12.702005386352539
Wrong 13.744561195373535,13.606026649475098,14.012276649475098,13.188794136047363
Correct 13.863015174865723,13.306406021118164,13.897806167602539,12.964764595031738
Correct 14.026772499084473,15.406679153442383,13.856371879577637,13.90096664428711
Correct 13.885589599609375,14.496960639953613,13.9484281539917,13.750897407531738
Wrong 13.84765911102295,12.531022071838379,12.655595779418945,12.668438911437988
Wrong 13.869795799255371,13.407550811767578,13.457082748413086,12.994681358337402
Wrong 14.53565502166748,14.54549503326416,14.622794151306152,14.229475021362305
Correct 13.215614318847656,13.396594047546387,12.89042854309082,12.676419258117676
Correct 13.673274993896484,14.237202644348145,13.737957954406738,13.39145278930664
Correct 13.296653747558594,14.00982666015625,12.962630271911621,12.952335357666016
Correct 13.634637832641602,13.203375816345215,13.364564895629883,13.087057113647461
Correct 13.679733276367188,13.16866397857666,13.229347229003906,13.108280181884766
Wrong 13.508626937866211,13.559270858764648,13.424386978149414,13.344348907470703
Correct 13.752842903137207,13.752992630004883,13.170827865600586,13.136168479919434
Wrong 13.507206916809082,12.989470481872559,12.987512588500977,12.539628982543945
Correct 13.297430992126465,13.853033065795898,13.353670120239258,13.070088386535645
Correct 13.795930862426758,12.998339653015137,13.852731704711914,12.888487815856934
Correct 14.014545440673828,13.986642837524414,13.62692642211914,13.577591896057129
Wrong 13.69279956817627,12.643674850463867,13.241812705993652,12.575898170471191
Wrong 14.037724494934082,13.932275772094727,13.742237091064453,13.419938087463379
Wrong 13.85895824432373,13.417006492614746,13.523959159851074,13.295713424682617
Wrong 13.75952434539795,13.10026741027832,12.909917831420898,12.75902271270752
Wrong 13.364603042602539,12.394916534423828,12.571012496948242,12.495166778564453
Wrong 13.846505165100098,13.285212516784668,13.194991111755371,13.237627029418945
Correct 13.413052558898926,13.408232688903809,13.924217224121094,13.023185729980469
Correct 14.031877517700195,13.164345741271973,13.52591609954834,13.03162670135498
Correct 13.591662406921387,12.837063789367676,12.98408031463623,12.848795890808105
Wrong 13.685569763183594,13.75779914855957,13.57901382446289,13.35743522644043
Wrong 13.383743286132812,13.503849029541016,13.207123756408691,12.87704086303711
Correct 13.69638442993164,13.763808250427246,13.22950553894043,13.125638961791992
Wrong 13.69080638885498,13.282655715942383,13.457161903381348,12.74545955657959
Wrong 13.789050102233887,13.590455055236816,13.658365249633789,13.218807220458984
Wrong 14.13925552368164,13.614012718200684,14.015527725219727,13.356528282165527
Correct 14.0999755859375,13.55655288696289,14.116345405578613,13.490089416503906
Correct 13.288564682006836,13.769867897033691,13.44662094116211,12.90510368347168
Wrong 13.586912155151367,12.531289100646973,13.028266906738281,12.727506637573242
Wrong 13.7555513381958,13.160634994506836,13.118823051452637,12.670580863952637
Wrong 13.747745513916016,14.053258895874023,13.87380313873291,13.37063217163086
Correct 13.9791898727417,13.835770606994629,14.537206649780273,13.9942045211792
Wrong 13.602270126342773,13.374622344970703,13.089427947998047,12.556292533874512
Wrong 14.064166069030762,14.115276336669922,13.732505798339844,13.437897682189941
Correct 13.539904594421387,13.636606216430664,13.486488342285156,13.250129699707031
Correct 14.197042465209961,13.551695823669434,13.426033973693848,13.095134735107422
Wrong 13.623157501220703,13.128056526184082,13.501897811889648,12.601480484008789
Wrong 14.03680419921875,13.408329010009766,13.616780281066895,13.09959888458252
Wrong 13.13852596282959,12.852181434631348,13.108833312988281,12.662165641784668
Correct 13.753456115722656,13.440380096435547,13.061482429504395,12.886319160461426
Wrong 13.953453063964844,13.631913185119629,13.557613372802734,13.625171661376953
Wrong 13.14340877532959,12.921348571777344,12.925288200378418,12.657076835632324
Wrong 13.538270950317383,13.419577598571777,13.057427406311035,12.618552207946777
Wrong 13.920473098754883,13.416049003601074,13.648371696472168,13.310508728027344
Wrong 13.602784156799316,13.469427108764648,13.147119522094727,12.869128227233887
Wrong 12.990614891052246,12.44803524017334,12.142940521240234,12.271753311157227
Wrong 13.98883056640625,13.829453468322754,14.200079917907715,13.932928085327148
Correct 14.025044441223145,14.108241081237793,13.92454719543457,13.695634841918945
Wrong 13.444967269897461,13.345276832580566,13.282541275024414,12.959766387939453
Wrong 13.399555206298828,13.302360534667969,13.340407371520996,12.978010177612305
Wrong 13.072685241699219,13.411669731140137,13.01291561126709,12.930268287658691
Correct 13.796634674072266,13.041718482971191,13.07127571105957,12.741321563720703
Wrong 13.849489212036133,13.897653579711914,13.827613830566406,13.301727294921875
Wrong 13.548091888427734,13.090520858764648,13.2362699508667,12.796977043151855
Wrong 13.531465530395508,13.292367935180664,13.346341133117676,12.898017883300781
Wrong 14.00174617767334,13.845032691955566,13.676366806030273,13.454731941223145
Wrong 13.335660934448242,12.530470848083496,13.104811668395996,12.344023704528809
Wrong 13.750086784362793,13.58446979522705,13.168928146362305,13.194994926452637
Correct 13.610353469848633,13.721861839294434,13.594924926757812,13.343424797058105
Wrong 13.3743257522583,13.152023315429688,13.274556159973145,13.10033893585205
Correct 13.63931655883789,13.571487426757812,13.289945602416992,12.640008926391602
Correct 13.8739652633667,12.62241268157959,12.813755989074707,12.570108413696289
Correct 13.608865737915039,12.912219047546387,13.680901527404785,13.006462097167969
Wrong 13.522358894348145,12.677793502807617,13.01215648651123,12.453075408935547
Correct 13.9763765335083,13.646292686462402,13.706939697265625,13.343890190124512
Wrong 13.944486618041992,13.750960350036621,13.688018798828125,13.225095748901367
Wrong 13.541582107543945,13.40029239654541,13.467042922973633,13.205251693725586
Correct 14.125936508178711,13.118078231811523,13.341007232666016,12.908397674560547
Correct 14.647444725036621,14.041616439819336,13.822365760803223,13.561200141906738
Wrong 13.266613006591797,12.692091941833496,12.940428733825684,12.577104568481445
Wrong 13.771203994750977,13.47885799407959,13.19413948059082,13.17563247680664
Wrong 13.718598365783691,13.761773109436035,13.463747024536133,13.405667304992676
Wrong 13.516465187072754,13.284563064575195,13.314988136291504,12.874740600585938
Wrong 13.721474647521973,13.069390296936035,12.995482444763184,12.81385326385498
Wrong 13.718366622924805,13.06738567352295,13.284367561340332,12.921182632446289
Correct 13.96897029876709,13.253880500793457,13.45423412322998,13.186443328857422
Correct 13.420092582702637,13.359551429748535,13.103294372558594,12.467961311340332
Wrong 13.52475357055664,13.878084182739258,13.496447563171387,13.57885456085205
Correct 13.817797660827637,13.095630645751953,13.21967601776123,12.740012168884277
Wrong 13.661972999572754,12.90152359008789,12.797863006591797,12.599772453308105
Wrong 13.658045768737793,13.319931983947754,13.19259262084961,12.962607383728027
Correct 13.634444236755371,12.937005043029785,13.775572776794434,13.03003215789795
Correct 13.804601669311523,13.03653621673584,13.09607219696045,12.765342712402344
Correct 13.780580520629883,12.9578275680542,13.174592018127441,12.725749969482422
Wrong 13.469165802001953,13.167381286621094,13.274088859558105,13.12366008758545
Wrong 13.304302215576172,12.683867454528809,12.985804557800293,12.585172653198242
Wrong 13.506488800048828,13.197117805480957,13.257521629333496,13.162235260009766
Wrong 13.817407608032227,13.079280853271484,12.969869613647461,12.513594627380371
Wrong 13.350083351135254,12.47865104675293,12.328309059143066,12.31979751586914
Wrong 13.437928199768066,13.082175254821777,13.251194953918457,12.905937194824219
Wrong 13.377195358276367,13.499606132507324,13.394566535949707,13.337858200073242
Wrong 13.882863998413086,13.449295997619629,13.495430946350098,13.374919891357422
Wrong 13.485300064086914,13.576289176940918,13.153762817382812,12.76846981048584
Correct 13.543338775634766,12.64083194732666,12.867560386657715,12.254314422607422
Wrong 13.844225883483887,13.012962341308594,13.119997024536133,12.984926223754883
Wrong 13.732120513916016,15.167389869689941,13.571027755737305,13.590373039245605
Wrong 13.171231269836426,12.87918758392334,12.629178047180176,12.843338012695312
Correct 13.954232215881348,13.670639991760254,13.57300853729248,13.344425201416016
Correct 13.378734588623047,13.078694343566895,12.850329399108887,13.550544738769531
Correct 13.752288818359375,13.258979797363281,13.817152976989746,13.151032447814941
Correct 13.618420600891113,12.671792030334473,12.902244567871094,12.525191307067871
Wrong 13.702437400817871,13.497053146362305,13.34581184387207,13.092203140258789
Wrong 13.609539031982422,13.07105827331543,13.362067222595215,13.05544662475586
Correct 13.402666091918945,13.109064102172852,13.124093055725098,12.80128002166748
Wrong 13.423041343688965,13.463903427124023,13.409762382507324,12.945357322692871
Correct 13.85308837890625,12.469405174255371,12.600960731506348,12.493109703063965
Wrong 13.583505630493164,11.999519348144531,12.34871768951416,12.117291450500488
Wrong 14.018534660339355,14.2669095993042,13.95780086517334,13.549384117126465
Wrong 13.621685028076172,12.97321891784668,13.11920166015625,13.174079895019531
Wrong 13.563850402832031,13.677578926086426,13.463618278503418,13.094867706298828
Wrong 13.405969619750977,12.632486343383789,12.901599884033203,12.750117301940918
Wrong 13.758146286010742,13.191391944885254,13.524636268615723,13.592037200927734
Wrong 14.141164779663086,13.52099609375,13.588033676147461,13.163670539855957
Wrong 13.734347343444824,13.278724670410156,13.361885070800781,12.594500541687012
Wrong 13.25193977355957,12.922104835510254,12.959132194519043,12.603642463684082
Correct 14.352605819702148,13.7484712600708,13.845260620117188,13.686281204223633
Wrong 13.457710266113281,13.487218856811523,13.324126243591309,12.910378456115723
Correct 14.006242752075195,12.591103553771973,12.854284286499023,12.95960521697998
Wrong 13.682259559631348,12.824701309204102,13.105520248413086,12.305642127990723
Correct 13.188597679138184,12.795775413513184,13.205869674682617,12.64896011352539
Wrong 13.834966659545898,13.541925430297852,13.43856143951416,13.18586254119873
Correct 13.711688041687012,13.797348976135254,13.386627197265625,13.220691680908203
Wrong 13.446526527404785,13.164108276367188,13.185042381286621,12.432008743286133
Correct 13.49155044555664,13.905768394470215,13.485815048217773,13.279433250427246
Correct 13.515217781066895,13.33775806427002,13.166481018066406,12.569620132446289
Correct 14.274234771728516,14.588574409484863,14.198249816894531,13.891319274902344
Correct 13.730524063110352,13.50328540802002,13.78704833984375,13.246115684509277
Wrong 13.464424133300781,12.6736421585083,12.826382637023926,12.558385848999023
Wrong 13.638556480407715,12.624139785766602,12.979043960571289,12.6090669631958
Correct 13.162302017211914,13.189140319824219,12.749672889709473,12.716113090515137
Wrong 13.370986938476562,13.057538986206055,12.998077392578125,13.182096481323242
Correct 14.244504928588867,13.349930763244629,13.589678764343262,13.251348495483398
Wrong 13.888431549072266,13.90510082244873,13.781010627746582,13.395644187927246
Wrong 13.27304458618164,13.806227684020996,13.165628433227539,13.007423400878906
Wrong 13.91323471069336,14.523940086364746,14.242087364196777,13.763496398925781
Wrong 13.648711204528809,13.350797653198242,13.276432991027832,12.67348575592041
Wrong 14.202125549316406,14.188017845153809,13.960249900817871,13.849420547485352
Correct 13.870992660522461,13.753064155578613,14.122607231140137,13.612113952636719
Wrong 14.067198753356934,13.539748191833496,13.646601676940918,13.324845314025879
Wrong 13.694836616516113,13.191121101379395,13.235886573791504,12.795495986938477
Wrong 13.499776840209961,13.252851486206055,13.383122444152832,13.379297256469727
Correct 13.691789627075195,13.445666313171387,13.457184791564941,13.127033233642578
Correct 13.982305526733398,13.284584999084473,13.453372955322266,13.185385704040527
Correct 13.804946899414062,13.310310363769531,13.572870254516602,13.288573265075684
Wrong 13.5873441696167,13.818084716796875,13.419384002685547,12.978927612304688
Wrong 13.622917175292969,13.664243698120117,13.671646118164062,13.123435020446777
Correct 14.054457664489746,13.977088928222656,13.632555961608887,13.341817855834961
Correct 14.099980354309082,13.385875701904297,13.50855827331543,12.967154502868652
Wrong 13.440250396728516,13.25002384185791,13.489140510559082,13.21237850189209
Wrong 13.403632164001465,12.869658470153809,12.548380851745605,12.46694564819336
Correct 14.738523483276367,14.8424654006958,14.74655818939209,14.313729286193848
Wrong 13.804078102111816,13.829230308532715,13.321301460266113,13.038549423217773
Wrong 13.037638664245605,12.776710510253906,12.621637344360352,12.320474624633789
Correct 13.90725040435791,13.942930221557617,13.315644264221191,13.31964111328125
Wrong 13.056164741516113,13.605632781982422,13.332005500793457,12.908186912536621
Correct 14.030688285827637,13.403142929077148,13.611045837402344,13.187525749206543
Wrong 13.797436714172363,14.041732788085938,13.783011436462402,13.32042407989502
Correct 13.305329322814941,13.847487449645996,12.79545783996582,12.703897476196289
Correct 13.552590370178223,12.956095695495605,12.814919471740723,12.693707466125488
Correct 13.605106353759766,13.249067306518555,13.371726989746094,13.2990140914917
Wrong 13.38410758972168,12.670597076416016,13.346283912658691,12.54655647277832
Correct 13.641634941101074,13.208111763000488,13.338138580322266,13.225651741027832
Wrong 13.531229972839355,12.574814796447754,12.735712051391602,12.53051471710205
Correct 14.07140827178955,13.879196166992188,13.542473793029785,13.343756675720215
Correct 13.434741973876953,13.991888999938965,13.429304122924805,12.710018157958984
Correct 13.436948776245117,12.79966926574707,12.697257041931152,12.702189445495605
Correct 13.827230453491211,13.656929016113281,13.797195434570312,13.3971586227417
Correct 13.688446044921875,13.263392448425293,13.907487869262695,13.187593460083008
Correct 13.504429817199707,13.514641761779785,13.140592575073242,12.848150253295898
Wrong 13.742721557617188,13.545564651489258,13.510395050048828,13.335628509521484
Correct 13.351181983947754,12.768502235412598,12.798603057861328,12.577921867370605
Correct 13.575276374816895,14.1635103225708,13.42231559753418,13.129384994506836
Wrong 13.874455451965332,13.870386123657227,13.690190315246582,13.12536907196045
Wrong 13.633382797241211,13.697325706481934,13.525575637817383,13.304533004760742
Wrong 14.157210350036621,14.239156723022461,14.2605562210083,13.835067749023438
Correct 14.055570602416992,13.37380313873291,13.417407989501953,13.367866516113281
Wrong 13.4837007522583,13.46567440032959,13.028377532958984,12.805567741394043
Wrong 13.366629600524902,12.661370277404785,12.512516021728516,12.375003814697266
Correct 14.173528671264648,13.236737251281738,13.449932098388672,13.111279487609863
Wrong 13.81859016418457,13.204790115356445,13.234464645385742,13.09115219116211
Correct 13.453981399536133,13.301667213439941,13.020710945129395,12.650007247924805
Correct 13.846755981445312,14.851165771484375,14.006621360778809,13.73737907409668
Wrong 13.742020606994629,13.644521713256836,13.838484764099121,13.243088722229004
Correct 14.312705993652344,14.356498718261719,14.032267570495605,13.671630859375
Correct 13.792781829833984,12.923232078552246,12.905394554138184,12.775521278381348
Wrong 13.287436485290527,12.860979080200195,12.673355102539062,12.396646499633789
Wrong 13.711822509765625,13.683751106262207,13.962623596191406,13.437250137329102
Wrong 13.133997917175293,12.997714042663574,12.668219566345215,12.609626770019531
Correct 13.882675170898438,13.636823654174805,13.611824035644531,13.032855033874512
Correct 13.939546585083008,13.15959644317627,13.30139446258545,12.939875602722168
Correct 13.56938648223877,13.867022514343262,13.80460262298584,13.303604125976562
Correct 14.135628700256348,13.525961875915527,13.856411933898926,13.54127025604248
Correct 14.236175537109375,14.471342086791992,14.151063919067383,13.766735076904297
Correct 13.611111640930176,13.333681106567383,13.352953910827637,13.117670059204102
Wrong 13.49977970123291,12.762208938598633,13.097500801086426,12.281780242919922
Wrong 13.935517311096191,13.898823738098145,13.609421730041504,13.287005424499512
Wrong 13.680877685546875,13.569674491882324,13.463266372680664,13.470380783081055
Wrong 14.047982215881348,13.630697250366211,13.5506010055542,13.37533187866211
Correct 13.652141571044922,13.76963996887207,13.170385360717773,12.864874839782715
Correct 14.536983489990234,13.68835735321045,13.601523399353027,12.959701538085938
Correct 14.380501747131348,13.556304931640625,13.881793975830078,13.372414588928223
Wrong 13.82017707824707,13.562054634094238,13.394613265991211,13.086482048034668
Wrong 13.703200340270996,13.369420051574707,13.38452434539795,13.124232292175293
Correct 13.724522590637207,12.729276657104492,13.124896049499512,12.684866905212402
Wrong 13.492461204528809,13.198046684265137,13.173218727111816,13.288371086120605
Wrong 13.521913528442383,13.414837837219238,13.538976669311523,13.37282657623291
Wrong 14.154894828796387,13.607044219970703,13.53311538696289,13.397075653076172
Wrong 14.054657936096191,13.40289306640625,13.92996597290039,13.248722076416016
Correct 13.257083892822266,12.459010124206543,12.465269088745117,12.555187225341797
Wrong 13.823500633239746,13.440126419067383,13.621668815612793,13.259912490844727
Wrong 13.856647491455078,13.418285369873047,13.616076469421387,13.56557846069336
Correct 13.70954704284668,13.5240478515625,13.828041076660156,12.795697212219238
Correct 13.218767166137695,12.69202995300293,12.813465118408203,12.562044143676758
Correct 13.724263191223145,12.719441413879395,12.425716400146484,12.530204772949219
Wrong 13.636321067810059,13.217827796936035,13.527140617370605,13.15778923034668
Wrong 13.52319622039795,13.496892929077148,13.456316947937012,13.296721458435059
Correct 13.749505043029785,13.69136905670166,13.572620391845703,13.522974014282227
Wrong 13.393179893493652,13.35206413269043,13.029906272888184,12.893258094787598
Wrong 13.459866523742676,12.634220123291016,12.814676284790039,12.561673164367676
Wrong 13.576910972595215,12.623518943786621,12.854416847229004,12.382789611816406
Correct 13.522156715393066,13.760636329650879,13.116166114807129,13.123031616210938
Wrong 13.685689926147461,13.236598014831543,13.282285690307617,12.827751159667969
Wrong 13.7567138671875,13.386312484741211,13.314557075500488,13.092516899108887
Correct 13.562767028808594,13.606026649475098,13.243470191955566,13.147857666015625
Correct 13.358689308166504,13.401654243469238,12.924173355102539,12.561391830444336
Correct 13.898913383483887,12.747980117797852,12.682333946228027,12.422143936157227
Correct 13.475165367126465,12.683043479919434,12.57365608215332,12.272363662719727
Correct 13.944025039672852,13.820674896240234,13.352795600891113,13.255977630615234
Correct 13.34313678741455,12.722724914550781,12.800153732299805,12.280557632446289
Correct 13.98885440826416,14.45311164855957,13.796895980834961,13.660078048706055
Wrong 14.281333923339844,14.220449447631836,14.07105827331543,13.780450820922852
Wrong 13.25683879852295,13.216378211975098,12.840296745300293,12.2042818069458
Wrong 13.736124038696289,14.013075828552246,14.002469062805176,13.688183784484863
Wrong 13.163853645324707,12.754148483276367,12.830979347229004,12.928589820861816
Wrong 14.008346557617188,13.016544342041016,13.121217727661133,13.078970909118652
Correct 13.929143905639648,12.769527435302734,12.892516136169434,12.788773536682129
Correct 13.365181922912598,13.548111915588379,13.124509811401367,12.972450256347656
Wrong 13.867447853088379,13.964447021484375,13.978825569152832,13.592927932739258
Wrong 13.441564559936523,13.414727210998535,13.585504531860352,13.074716567993164
Correct 13.404858589172363,13.52696704864502,14.188765525817871,12.984461784362793
Wrong 13.585308074951172,13.323698043823242,13.080336570739746,12.740586280822754
Wrong 13.978221893310547,13.794967651367188,13.426982879638672,13.236669540405273
Correct 13.537602424621582,12.683344841003418,13.03231143951416,12.553766250610352
Wrong 13.616867065429688,13.613104820251465,13.549192428588867,13.240972518920898
Correct 14.017255783081055,13.932316780090332,14.040167808532715,13.507537841796875
Wrong 14.033530235290527,13.290487289428711,13.6130952835083,13.173151016235352
Wrong 13.802461624145508,13.37717342376709,13.329458236694336,13.029054641723633
Wrong 13.654537200927734,12.870555877685547,13.049296379089355,12.81128978729248
Wrong 14.179203987121582,14.228211402893066,14.197072982788086,13.944077491760254
Wrong 13.297823905944824,13.02099609375,12.960148811340332,12.580259323120117
Correct 13.431707382202148,13.73935317993164,14.011051177978516,13.259503364562988
Wrong 13.554032325744629,12.902315139770508,13.182535171508789,12.906147003173828
Correct 14.132365226745605,13.651982307434082,13.718830108642578,13.45199203491211
Wrong 13.359960556030273,13.667754173278809,13.557923316955566,13.056087493896484
Correct 13.350905418395996,12.739355087280273,12.924269676208496,12.624409675598145
Wrong 14.04004955291748,13.787688255310059,13.1885404586792,12.667008399963379
Wrong 13.428801536560059,13.29194450378418,13.195993423461914,12.967766761779785
Wrong 12.78677749633789,12.392000198364258,12.156999588012695,12.005973815917969
Correct 14.391267776489258,13.709914207458496,14.392926216125488,13.54647159576416
Correct 13.314294815063477,13.4127779006958,13.192269325256348,13.049027442932129
Wrong 14.12317180633545,13.470163345336914,13.7723388671875,13.794447898864746
Wrong 13.727110862731934,13.599427223205566,13.185944557189941,13.21308422088623
Wrong 13.256993293762207,12.956090927124023,12.845325469970703,12.5065336227417
Wrong 13.340042114257812,13.280006408691406,13.223843574523926,13.149075508117676
Correct 14.371053695678711,15.17050838470459,14.479676246643066,14.282337188720703
Wrong 13.28830623626709,12.63068675994873,13.236337661743164,12.897064208984375
Correct 13.672808647155762,13.951571464538574,13.00008487701416,12.393511772155762
Wrong 13.969046592712402,13.246243476867676,13.143475532531738,12.999675750732422
Wrong 13.562788963317871,12.660421371459961,12.90709114074707,12.686941146850586
Wrong 13.837308883666992,14.456851959228516,13.784313201904297,13.960648536682129
Wrong 14.024632453918457,14.159700393676758,14.10332202911377,13.554943084716797
Correct 13.537508964538574,13.682718276977539,13.586991310119629,13.00500774383545
Correct 13.478009223937988,13.18837833404541,13.050801277160645,12.752887725830078
Correct 13.311437606811523,12.486985206604004,12.672959327697754,12.397120475769043
Correct 13.719537734985352,13.302870750427246,13.37703800201416,13.09343147277832
Wrong 13.365851402282715,13.712512016296387,13.049551010131836,12.803220748901367
Correct 13.603507041931152,13.426000595092773,13.122313499450684,12.798203468322754
Wrong 13.577408790588379,12.926114082336426,12.979606628417969,12.967161178588867
Wrong 13.91370677947998,12.475564002990723,12.552867889404297,12.056999206542969
Wrong 13.730026245117188,12.996331214904785,13.005955696105957,12.768999099731445
Wrong 13.438558578491211,13.185159683227539,13.361936569213867,12.969585418701172
Correct 13.803587913513184,13.224875450134277,12.919758796691895,12.672791481018066
Wrong 13.547744750976562,13.215381622314453,13.30730152130127,13.077486038208008
Wrong 13.895208358764648,13.379704475402832,13.632047653198242,13.276810646057129
Wrong 13.485239028930664,12.836568832397461,13.215928077697754,12.681825637817383
Wrong 13.886408805847168,13.800378799438477,13.468100547790527,13.042474746704102
Wrong 13.466310501098633,13.584761619567871,13.561978340148926,12.964597702026367
Wrong 13.829019546508789,12.974111557006836,13.047489166259766,12.860920906066895
Wrong 13.38442611694336,13.240275382995605,13.292641639709473,13.117650985717773
Correct 13.804232597351074,13.531444549560547,13.945164680480957,13.357993125915527
Correct 13.513044357299805,13.670838356018066,13.795018196105957,13.262903213500977
Wrong 13.553022384643555,12.901390075683594,12.98483943939209,12.724665641784668
Correct 13.910017967224121,14.2572603225708,14.292966842651367,13.799129486083984
Wrong 14.006625175476074,13.776544570922852,13.603090286254883,13.272076606750488
Correct 13.62385368347168,13.90406322479248,13.291868209838867,12.982300758361816
Correct 13.907242774963379,14.152668952941895,14.088850975036621,13.391100883483887
Wrong 13.482268333435059,12.823517799377441,13.188180923461914,12.747868537902832
Wrong 13.685269355773926,13.129568099975586,13.567970275878906,12.925858497619629
Wrong 13.067228317260742,12.812674522399902,12.368657112121582,12.247166633605957
Wrong 13.397439002990723,12.893077850341797,12.72739315032959,12.600231170654297
Correct 13.524064064025879,12.740909576416016,12.965235710144043,12.571163177490234
Wrong 13.928377151489258,13.158730506896973,13.62431526184082,13.169675827026367
Wrong 13.553932189941406,13.392008781433105,13.290037155151367,13.099706649780273
Correct 13.660782814025879,13.201726913452148,13.043859481811523,12.831206321716309
Correct 13.503512382507324,13.41462516784668,13.585478782653809,13.229472160339355
Correct 13.381379127502441,13.486807823181152,13.048738479614258,12.500264167785645
Wrong 13.750146865844727,13.635575294494629,13.143808364868164,12.813515663146973
Wrong 13.461897850036621,12.95549201965332,13.34776782989502,12.829230308532715
Correct 13.86966609954834,13.958022117614746,14.066607475280762,13.50986385345459
Wrong 13.555627822875977,13.425067901611328,13.323759078979492,13.19533920288086
Wrong 13.03780746459961,13.227438926696777,13.174463272094727,12.740447044372559
Correct 14.275211334228516,12.932751655578613,13.333115577697754,13.103433609008789
Wrong 13.892848014831543,13.92847728729248,13.900634765625,13.588078498840332
Wrong 13.822293281555176,13.265824317932129,13.169596672058105,12.658764839172363
Correct 13.591567993164062,12.511824607849121,12.6603422164917,12.514263153076172
Wrong 13.539051055908203,13.13018798828125,13.04962158203125,12.734686851501465
Correct 13.188106536865234,13.669331550598145,13.293065071105957,12.77462387084961
Wrong 13.751821517944336,13.405527114868164,13.666698455810547,13.13325309753418
Correct 14.034683227539062,13.405655860900879,13.638995170593262,13.370543479919434
Wrong 13.686419486999512,12.823580741882324,12.921832084655762,12.608057022094727
Correct 13.352566719055176,13.887395858764648,13.150894165039062,13.476476669311523
Wrong 13.898710250854492,12.795671463012695,13.377381324768066,12.999955177307129
Correct 13.938562393188477,14.094449043273926,13.509964942932129,13.608514785766602
Wrong 13.625869750976562,13.731841087341309,13.378376960754395,13.241998672485352
Wrong 13.760246276855469,13.31872272491455,13.417190551757812,13.266599655151367
Correct 14.140819549560547,13.263065338134766,13.361475944519043,13.046162605285645
Wrong 13.341861724853516,13.080738067626953,12.798386573791504,12.491047859191895
Wrong 13.605674743652344,12.548531532287598,12.726749420166016,12.239707946777344
Correct 13.62806224822998,13.45313835144043,13.312919616699219,12.88004207611084
Wrong 13.00887393951416,12.842145919799805,12.698786735534668,12.562348365783691
Correct 13.961816787719727,14.049266815185547,13.86087703704834,13.608675003051758
Correct 13.390625,13.0364990234375,13.416123390197754,12.999712944030762
Wrong 13.58829402923584,13.6001615524292,13.280662536621094,12.56592082977295
Correct 14.162220001220703,14.1450834274292,13.708717346191406,13.6143217086792
Wrong 13.951122283935547,14.061306953430176,13.858345031738281,13.357110023498535
Wrong 13.617182731628418,13.598381042480469,14.01761245727539,13.570500373840332
Correct 13.458203315734863,12.532322883605957,12.741902351379395,12.582962989807129
Correct 13.117508888244629,13.207707405090332,12.958917617797852,12.384446144104004
Correct 13.817456245422363,13.959793090820312,13.771337509155273,13.246929168701172
Wrong 13.409765243530273,12.960269927978516,13.338811874389648,12.683582305908203
Wrong 13.95662784576416,14.140679359436035,13.49942398071289,13.698406219482422
Wrong 13.866991996765137,13.5364408493042,13.548409461975098,13.132107734680176
Correct 13.392016410827637,13.739298820495605,13.107017517089844,13.002224922180176
Wrong 14.0902099609375,14.5724515914917,14.06985855102539,13.950252532958984
Wrong 13.523056030273438,12.685263633728027,13.127144813537598,12.718384742736816
Correct 14.487486839294434,13.410442352294922,13.528950691223145,13.41634464263916
Correct 13.995964050292969,14.369436264038086,13.964210510253906,13.72073745727539
Correct 13.758990287780762,13.59061336517334,12.943285942077637,12.797224998474121
Correct 14.048003196716309,12.927285194396973,13.208114624023438,12.7442045211792
Correct 13.328829765319824,13.481995582580566,13.408486366271973,13.093352317810059
Wrong 13.717793464660645,13.121097564697266,13.416053771972656,12.70201301574707
Correct 13.617121696472168,14.393092155456543,13.564038276672363,13.037904739379883
Wrong 14.076271057128906,13.322016716003418,13.561945915222168,12.927908897399902
Wrong 13.696348190307617,13.249868392944336,13.346440315246582,13.023750305175781
Wrong 13.686874389648438,13.10494613647461,13.328508377075195,13.162803649902344
Correct 13.924454689025879,14.056939125061035,13.714570045471191,13.2989501953125
Correct 13.95102310180664,13.06419849395752,13.233880043029785,12.927416801452637
Wrong 13.702878952026367,13.205703735351562,13.336563110351562,13.115621566772461
Correct 13.5885009765625,13.0241117477417,13.106539726257324,12.776139259338379
Wrong 13.88676929473877,13.88496208190918,13.715374946594238,13.447628021240234
Wrong 13.632564544677734,13.403951644897461,13.471429824829102,13.124502182006836
Correct 13.351749420166016,13.3784761428833,13.822430610656738,13.313023567199707
Wrong 13.842574119567871,13.08130931854248,13.430727005004883,12.976038932800293
Wrong 13.686004638671875,13.93216609954834,13.493614196777344,13.209932327270508
Correct 12.962108612060547,12.996589660644531,12.667922019958496,12.515567779541016
Correct 13.307448387145996,13.812051773071289,12.873600959777832,12.993634223937988
Wrong 13.600607872009277,13.113578796386719,13.220220565795898,12.905228614807129
Wrong 13.530462265014648,13.586115837097168,13.446367263793945,13.068619728088379
Wrong 13.480376243591309,13.644804000854492,13.248495101928711,12.99667739868164
Correct 13.991620063781738,13.247076034545898,13.345308303833008,12.983711242675781
Correct 13.942359924316406,12.924779891967773,12.906234741210938,12.81051254272461
Wrong 14.010355949401855,13.311843872070312,13.676922798156738,13.095907211303711
Correct 13.519152641296387,15.381272315979004,13.49117660522461,13.200286865234375
Correct 13.361349105834961,14.207528114318848,12.981717109680176,13.329888343811035
Wrong 13.567710876464844,13.627957344055176,13.967995643615723,13.403961181640625
Wrong 13.62571907043457,13.950896263122559,13.809146881103516,13.3526611328125
Correct 13.500761985778809,13.818867683410645,13.199166297912598,13.483430862426758
Wrong 13.654784202575684,13.39324951171875,13.142940521240234,12.7023344039917
Wrong 13.721226692199707,13.414506912231445,13.535902976989746,13.001847267150879
Correct 13.452893257141113,13.75407600402832,13.347465515136719,13.031357765197754
Correct 13.66734504699707,13.654030799865723,13.979353904724121,13.470065116882324
Wrong 13.149490356445312,12.507874488830566,12.86351490020752,12.306320190429688
Wrong 13.489425659179688,13.189156532287598,13.047454833984375,12.51441764831543
Wrong 13.762016296386719,13.718460083007812,13.944329261779785,13.089863777160645
Correct 13.635042190551758,13.155839920043945,13.379150390625,13.01671028137207
Wrong 13.314603805541992,12.694931030273438,12.825233459472656,12.923373222351074
Wrong 13.6328763961792,13.712861061096191,13.557040214538574,13.272947311401367
Wrong 13.797606468200684,13.807909965515137,13.432451248168945,13.233807563781738
Wrong 13.641690254211426,13.528423309326172,13.877528190612793,13.211857795715332
Wrong 13.715121269226074,13.679762840270996,13.340914726257324,13.102866172790527
Wrong 13.635357856750488,13.672581672668457,13.872958183288574,13.277626037597656
Correct 13.525076866149902,13.61804485321045,13.31078815460205,14.437908172607422
Wrong 13.41495132446289,12.998608589172363,12.762579917907715,12.516716003417969
Correct 13.75905704498291,13.500996589660645,13.53676700592041,13.586688041687012
Wrong 13.813815116882324,13.428099632263184,13.611374855041504,13.421381950378418
Wrong 13.491955757141113,13.175905227661133,13.282600402832031,12.921428680419922
