grade confidence_levels
Wrong 0.01680368185043335,0.00512868445366621,0.006812136620283127,0.005295947194099426
Wrong 0.00979636237025261,0.004003061912953854,0.006777699571102858,0.005248627625405788
Wrong 0.005921232979744673,0.0023324512876570225,0.0037996931932866573,0.0025473244022578
Wrong 0.010949238203465939,0.0016563695389777422,0.0031286163721233606,0.001568611478433013
Wrong 0.0073489113710820675,0.0037513633724302053,0.0025002940092235804,0.0032365499064326286
Wrong 0.014777416363358498,0.004942920990288258,0.005007821600884199,0.003175528021529317
Correct 0.007378686219453812,0.00658549927175045,0.00512587558478117,0.004203220829367638
Wrong 0.010783293284475803,0.002146567450836301,0.0034145712852478027,0.0029077206272631884
Wrong 0.006915857084095478,0.002996246563270688,0.0022961099166423082,0.0018369528697803617
Wrong 0.0026585059240460396,0.002195798559114337,0.0027546866331249475,0.0019321157597005367
Wrong 0.015492015518248081,0.010224501602351665,0.005680966190993786,0.004018280655145645
Wrong 0.00813163723796606,0.002589310985058546,0.003605977864935994,0.002317305887117982
Wrong 0.012071734294295311,0.007045149803161621,0.006794298533350229,0.00562112033367157
Wrong 0.004617234226316214,0.0036060307174921036,0.0035201325081288815,0.0026094825007021427
Wrong 0.007597556337714195,0.0028422484174370766,0.0036316257901489735,0.002548642223700881
Wrong 0.008459961973130703,0.0025041443295776844,0.003375607542693615,0.0022103998344391584
Wrong 0.014565215446054935,0.0033908996265381575,0.004789016675204039,0.00386825785972178
Wrong 0.008682486601173878,0.0011652373941615224,0.002370845526456833,0.001188986119814217
Wrong 0.00851123034954071,0.002373369177803397,0.0029812653083354235,0.0018161219777539372
Wrong 0.008287752978503704,0.002375904703512788,0.0027512472588568926,0.0016607065917924047
Correct 0.010112847201526165,0.0018744783010333776,0.002980313263833523,0.0012388541363179684
Wrong 0.01935591921210289,0.015153746120631695,0.012621456757187843,0.008934836834669113
Wrong 0.01268785446882248,0.006724407896399498,0.005779890809208155,0.0039030585903674364
Wrong 0.007664270233362913,0.0025026975199580193,0.0022164422553032637,0.0019280033884570003
Correct 0.011259759776294231,0.004827653523534536,0.0037242164835333824,0.0013877257006242871
Wrong 0.004572269972413778,0.0020257134456187487,0.001986696617677808,0.0017774426378309727
Wrong 0.006113673094660044,0.001972372177988291,0.0031904508359730244,0.0018085537012666464
Wrong 0.010743280872702599,0.008953948505222797,0.007520589977502823,0.008370187133550644
Wrong 0.008554977364838123,0.0020632140804082155,0.0019487310200929642,0.0017943907296285033
Wrong 0.008030020631849766,0.004778248257935047,0.007046666461974382,0.004683947190642357
Wrong 0.008044512942433357,0.0030776604544371367,0.005085778888314962,0.0028464735951274633
Wrong 0.011241168715059757,0.0044053648598492146,0.0036689636763185263,0.0023819601628929377
Wrong 0.004409646149724722,0.003015505149960518,0.003578063566237688,0.002033306285738945
Wrong 0.007879244163632393,0.0037805058527737856,0.004079355392605066,0.0039686537347733974
Wrong 0.013500926084816456,0.01575337164103985,0.006710411049425602,0.005249162670224905
Wrong 0.005552357994019985,0.005078369285911322,0.0042652226984500885,0.0024079917930066586
Correct 0.012175758369266987,0.0023129566106945276,0.002182480413466692,0.0014147997135296464
Correct 0.006435627117753029,0.00106465769931674,0.0013861353509128094,0.0009233574382960796
Correct 0.0054026092402637005,0.003541583428159356,0.004567040130496025,0.0020227208733558655
Correct 0.007466380018740892,0.0024664413649588823,0.004338766448199749,0.001878265175037086
Correct 0.006426958367228508,0.004729388747364283,0.0065851942636072636,0.003952479921281338
Wrong 0.005276894196867943,0.003955233842134476,0.004291460383683443,0.0017704368801787496
Wrong 0.010768542066216469,0.008571897633373737,0.009541431441903114,0.005723690148442984
Wrong 0.008869508281350136,0.002057981677353382,0.003948144149035215,0.002582262037321925
Correct 0.0044961669482290745,0.0017204610630869865,0.0023240037262439728,0.0013204255374148488
Wrong 0.006844527553766966,0.0033779386430978775,0.002631781855598092,0.002205037046223879
Correct 0.010981238447129726,0.0070195272564888,0.005761459935456514,0.004142912104725838
Wrong 0.010274532251060009,0.002962417434900999,0.0031228121370077133,0.002089357003569603
Wrong 0.008057608269155025,0.004277943167835474,0.00429633678868413,0.003497104160487652
Wrong 0.00832355860620737,0.004062667489051819,0.0048804013058543205,0.0032407045364379883
Wrong 0.007834458723664284,0.004089174792170525,0.0024042478762567043,0.0016197675140574574
Wrong 0.005999367218464613,0.0022709155455231667,0.002510529477149248,0.0013091695727780461
Wrong 0.012934309430420399,0.008747135289013386,0.005502899643033743,0.004237711895257235
Wrong 0.012777971103787422,0.0020783410873264074,0.002683926373720169,0.0022964042145758867
Wrong 0.02538466826081276,0.009239431470632553,0.009578404016792774,0.007275788113474846
Correct 0.007395246997475624,0.008032701909542084,0.009016658179461956,0.00496301194652915
Correct 0.0031298999674618244,0.002001083455979824,0.0036395613569766283,0.0016492115100845695
Wrong 0.014695486985147,0.01063256710767746,0.008203945122659206,0.005327318795025349
Correct 0.009005128405988216,0.003549684537574649,0.0031255828216671944,0.002583085559308529
Wrong 0.004496758803725243,0.0028509965632110834,0.0023575657978653908,0.0017210178775712848
Wrong 0.007694633211940527,0.0009476462146267295,0.001440571155399084,0.0011812204029411077
Correct 0.013269553892314434,0.002864650683477521,0.003905057441443205,0.002918339567258954
Wrong 0.005820827092975378,0.0027433200739324093,0.0024759804364293814,0.0017778505571186543
Wrong 0.007020605728030205,0.0029361937195062637,0.0032487523276358843,0.003215565113350749
Wrong 0.005750900134444237,0.0035672085359692574,0.0020137818064540625,0.0017149527557194233
Wrong 0.004304570145905018,0.002570189069956541,0.0020957167726010084,0.0009553458075970411
Wrong 0.006355127785354853,0.0043145036324858665,0.004108203109353781,0.0034011623356491327
Correct 0.019295398145914078,0.006534025073051453,0.008464948274195194,0.0057123154401779175
Wrong 0.009305084124207497,0.0036250834818929434,0.0031218656804412603,0.0037063229829072952
Wrong 0.0065360162407159805,0.003363516181707382,0.0026923706755042076,0.0023145570885390043
Wrong 0.009620674885809422,0.0061042169108986855,0.004903837572783232,0.003307647304609418
Wrong 0.010430166497826576,0.005719275679439306,0.0054385061375796795,0.0028779134154319763
Wrong 0.010156387463212013,0.0029521260876208544,0.0033404971472918987,0.0028663051780313253
Wrong 0.00854451023042202,0.0032684074249118567,0.004307640250772238,0.0029782368801534176
Wrong 0.009166521020233631,0.007346744183450937,0.005496270023286343,0.003919404465705156
Correct 0.006739716045558453,0.006675442680716515,0.004404446575790644,0.0029242895543575287
Correct 0.0068766335025429726,0.0016982784727588296,0.0024605966173112392,0.0014212931273505092
Wrong 0.01061173900961876,0.0037599224597215652,0.003984942100942135,0.0025055164005607367
Wrong 0.008240655064582825,0.0025205316487699747,0.0031891758553683758,0.0021209719125181437
Correct 0.0054505690932273865,0.0048682535998523235,0.009384458884596825,0.003153793513774872
Wrong 0.005930197890847921,0.0026945893187075853,0.0022705630399286747,0.001975043909624219
Wrong 0.004450143314898014,0.0034899497404694557,0.002397696254774928,0.0017187646590173244
Wrong 0.006490572355687618,0.006681662518531084,0.004014934878796339,0.0024112965911626816
Correct 0.006489358376711607,0.001775527955032885,0.0022531452123075724,0.0012904343893751502
Wrong 0.005417036823928356,0.002308495109900832,0.0031204645056277514,0.0022775509860366583
Wrong 0.008462484925985336,0.002913023578003049,0.003273275215178728,0.002878972329199314
Wrong 0.009246738627552986,0.006583095528185368,0.005715579260140657,0.006350971758365631
Wrong 0.019218651577830315,0.0037042738404124975,0.004841663874685764,0.0025484857615083456
Correct 0.00936379749327898,0.003197095822542906,0.004513394087553024,0.003473222255706787
Wrong 0.009958969429135323,0.0024876720272004604,0.0033576013520359993,0.002209371654316783
Correct 0.00936584360897541,0.0022776781115680933,0.002715141512453556,0.0017899265512824059
Correct 0.008018439635634422,0.002401963109150529,0.0025112126022577286,0.002158810617402196
Correct 0.005990245379507542,0.0034018917940557003,0.0028374921530485153,0.0022224849089980125
Wrong 0.008769459091126919,0.00625232420861721,0.005263457540422678,0.003959005232900381
Wrong 0.006471716333180666,0.0022446003276854753,0.002019992796704173,0.0013822608161717653
Wrong 0.008381512947380543,0.002149264793843031,0.003497323952615261,0.0017889878945425153
Wrong 0.006802183575928211,0.002986910752952099,0.0025921945925801992,0.0020288878586143255
Correct 0.011857296340167522,0.004696003161370754,0.0070412540808320045,0.00331928045488894
Wrong 0.009764734655618668,0.003879647934809327,0.006281722337007523,0.00221720221452415
Correct 0.006430634763091803,0.01733611710369587,0.004300099331885576,0.004779408685863018
Correct 0.015389851294457912,0.01764882355928421,0.011110895313322544,0.009124839678406715
Wrong 0.010029383935034275,0.001454827724955976,0.0020778444595634937,0.0015643808292225003
Wrong 0.011407445184886456,0.006855889689177275,0.006271463353186846,0.004468774423003197
Correct 0.010540646500885487,0.00663259532302618,0.009251846000552177,0.0057826414704322815
Wrong 0.005978347733616829,0.005806184373795986,0.0038386851083487272,0.0028471776749938726
Wrong 0.010125013999640942,0.008300879038870335,0.005193809978663921,0.0033947706688195467
Wrong 0.006303858477622271,0.0039072055369615555,0.00234698923304677,0.0016335762338712811
Correct 0.010040955618023872,0.004120253026485443,0.005433081649243832,0.0033937080297619104
Correct 0.004854895174503326,0.001815780415199697,0.0023051074240356684,0.0018156085861846805
Wrong 0.010762408375740051,0.007978590205311775,0.007246531546115875,0.005900453310459852
Wrong 0.012138512916862965,0.005961399059742689,0.004026356618851423,0.003946999087929726
Wrong 0.010388534516096115,0.0022598241921514273,0.002750198822468519,0.0015863131266087294
Correct 0.00815830659121275,0.008186068385839462,0.004856525920331478,0.004071281291544437
Wrong 0.00718766450881958,0.0014822827652096748,0.004254080355167389,0.0014409287832677364
Correct 0.010701206512749195,0.005800915881991386,0.004109700210392475,0.003790183924138546
Wrong 0.009438537061214447,0.0013502123765647411,0.002551417797803879,0.001300223171710968
Wrong 0.016558082774281502,0.007217539008706808,0.007252229377627373,0.00489598885178566
Wrong 0.00880370568484068,0.002997281728312373,0.004475858528167009,0.0029310774989426136
Wrong 0.015069372020661831,0.0030110208317637444,0.0036755953915417194,0.002026566071435809
Wrong 0.007303884252905846,0.001727568218484521,0.0022786662448197603,0.0016819898737594485
Wrong 0.0094990199431777,0.0027799292001873255,0.0026395900640636683,0.0019817594438791275
Wrong 0.007526500150561333,0.004115966148674488,0.006985819432884455,0.003068432444706559
Correct 0.012601143680512905,0.00396773824468255,0.0049505517818033695,0.0033960863947868347
Correct 0.0067329262383282185,0.002068012021481991,0.0027295302134007215,0.002170154359191656
Wrong 0.0077692316845059395,0.0062624369747936726,0.00451571075245738,0.0035593814682215452
Correct 0.00542439753189683,0.003335419576615095,0.002383318031206727,0.001969347009435296
Wrong 0.006409935653209686,0.003563989419490099,0.002992331748828292,0.0022005450446158648
Wrong 0.008112979121506214,0.0032338688615709543,0.003478930564597249,0.0021357741206884384
Wrong 0.009939084760844707,0.005440977867692709,0.0060468269512057304,0.004279679153114557
Wrong 0.01729446090757847,0.008893880061805248,0.012204485014081001,0.006720618344843388
Wrong 0.008189378306269646,0.0030043229926377535,0.005090729799121618,0.002366343280300498
Wrong 0.005339846480637789,0.005175963509827852,0.004546180833131075,0.0021098721772432327
Wrong 0.01118091493844986,0.0021120549645274878,0.004020135384052992,0.001932097366079688
Wrong 0.009315304458141327,0.003099841298535466,0.0035236692056059837,0.002359268255531788
Wrong 0.007592798676341772,0.006562052760273218,0.005388505756855011,0.0039985328912734985
Wrong 0.007592908106744289,0.004492792300879955,0.007560852915048599,0.004196080379188061
Wrong 0.011115978471934795,0.005134883802384138,0.004990668967366219,0.003192431526258588
Correct 0.011161012575030327,0.007839237339794636,0.005634746514260769,0.004239017143845558
Wrong 0.012250452302396297,0.008801432326436043,0.007343288045376539,0.005235977936536074
Correct 0.009642536751925945,0.003544013248756528,0.003172024618834257,0.002258644439280033
Wrong 0.0083876121789217,0.0027266512624919415,0.0042412737384438515,0.0017484865384176373
Wrong 0.009915027767419815,0.002772905630990863,0.00371666275896132,0.0024325561244040728
Wrong 0.008029081858694553,0.0028173476457595825,0.003814192721620202,0.002196958288550377
Correct 0.014959841035306454,0.005598152056336403,0.004271999932825565,0.0033712335862219334
Wrong 0.007036625873297453,0.00230839429423213,0.002159224124625325,0.0017017765203490853
Wrong 0.006570827681571245,0.002700067823752761,0.003760033054277301,0.001915085013024509
Wrong 0.01026034727692604,0.004588088486343622,0.004262322094291449,0.0027446968015283346
Wrong 0.011098472401499748,0.0033864486031234264,0.00506241200491786,0.0028782414738088846
Wrong 0.007069803774356842,0.0033951462246477604,0.002576524391770363,0.0018190490081906319
Wrong 0.009924374520778656,0.0017424238612875342,0.0017812520964071155,0.0013564100954681635
Correct 0.01125418208539486,0.006598052103072405,0.00831589661538601,0.006417295429855585
Wrong 0.009118775837123394,0.007083979435265064,0.006788560654968023,0.005747813265770674
Wrong 0.007635785266757011,0.0037156667094677687,0.004269598051905632,0.003695376217365265
Wrong 0.006192916538566351,0.0027284049428999424,0.003035878762602806,0.0019361728336662054
Wrong 0.004828734323382378,0.002948103239759803,0.0034901851322501898,0.0025240080431103706
Correct 0.01430698111653328,0.003520568599924445,0.003711619647219777,0.0022828858345746994
Wrong 0.006748824845999479,0.004804892931133509,0.004014110192656517,0.002333173993974924
Wrong 0.009248759597539902,0.0032646446488797665,0.004054513294249773,0.0022863687481731176
Wrong 0.010349179618060589,0.0030121426098048687,0.0044415900483727455,0.002241936745122075
Wrong 0.017622463405132294,0.01052358653396368,0.0088890315964818,0.0077650295570492744
Wrong 0.007419571280479431,0.0036375944036990404,0.005887045990675688,0.003194111632183194
Wrong 0.010392009280622005,0.002523608272895217,0.0019272121135145426,0.0015627311076968908
Wrong 0.006152729038149118,0.003058405825868249,0.0024920906871557236,0.0021766331046819687
Wrong 0.007804387714713812,0.0035393766593188047,0.004188111983239651,0.00346448109485209
Correct 0.008479923941195011,0.0029704852495342493,0.00224136165343225,0.0010815529385581613
Correct 0.010186787694692612,0.002031933516263962,0.0032191267237067223,0.002105842111632228
Wrong 0.007292749360203743,0.0026629429776221514,0.005181256216019392,0.0026024351827800274
Wrong 0.013389837928116322,0.006319724023342133,0.009237699210643768,0.005767424590885639
Correct 0.013779819943010807,0.005180506967008114,0.006577589549124241,0.004481848329305649
Wrong 0.005389100406318903,0.00401696702465415,0.004172009881585836,0.0025050246622413397
Wrong 0.009633427485823631,0.004078795667737722,0.004566564224660397,0.003256273688748479
Correct 0.011348061263561249,0.0036660004407167435,0.004791445564478636,0.0028325722087174654
Correct 0.01533707045018673,0.0057724942453205585,0.004772511310875416,0.003882735501974821
Wrong 0.004730977583676577,0.0020308424718677998,0.0029702591709792614,0.0016741686267778277
Wrong 0.014299352653324604,0.010289554484188557,0.005402876529842615,0.007244719658046961
Wrong 0.005477299913764,0.005595322698354721,0.0038103305269032717,0.002800220623612404
Wrong 0.005039134528487921,0.0021130284294486046,0.0027074357494711876,0.0017426825361326337
Wrong 0.011139247566461563,0.0024495467077940702,0.002898378763347864,0.0022846274077892303
Wrong 0.007296494673937559,0.0035768381785601377,0.00465633487328887,0.0034203396644443274
Correct 0.009992615319788456,0.003444746835157275,0.004406515974551439,0.0029314090497791767
Wrong 0.009739091619849205,0.010233977809548378,0.006513606756925583,0.004058765713125467
Wrong 0.009616512805223465,0.010850785300135612,0.0074524348601698875,0.00720746535807848
Correct 0.010435350239276886,0.0039895158261060715,0.004544490948319435,0.0022775225806981325
Wrong 0.0133541040122509,0.0034526358358561993,0.003995698411017656,0.0026137095410376787
Wrong 0.009856815449893475,0.003413243219256401,0.0039061284624040127,0.0031546223908662796
Wrong 0.010266019962728024,0.004500017501413822,0.009997013956308365,0.005540777929127216
Correct 0.01280190795660019,0.004643616732209921,0.0057029626332223415,0.0035599202383309603
Correct 0.010247997008264065,0.0027581513859331608,0.003849210450425744,0.0027414823416620493
Wrong 0.007180504966527224,0.0025705918669700623,0.003558969823643565,0.002501675859093666
Wrong 0.0050848256796598434,0.0011551514035090804,0.0020011712331324816,0.0012006560573354363
Wrong 0.006176473572850227,0.0034087994135916233,0.0027981004677712917,0.002763093449175358
Wrong 0.012699084356427193,0.003520872676745057,0.0034342992585152388,0.00212579476647079
Wrong 0.009209666401147842,0.003532800357788801,0.003499043872579932,0.003466167254373431
Wrong 0.009008043445646763,0.0035250908695161343,0.004140453413128853,0.002429428743198514
Wrong 0.013278874568641186,0.009236683137714863,0.009501668624579906,0.007865370251238346
Wrong 0.010521691292524338,0.002808827208355069,0.0036529856733977795,0.002817143453285098
Correct 0.01139833778142929,0.007244368549436331,0.0045633623376488686,0.0034594282042235136
Correct 0.009544107131659985,0.002268332289531827,0.0028610730078071356,0.0015238970518112183
Wrong 0.011541292071342468,0.0033802383113652468,0.0040628365240991116,0.0031836177222430706
Wrong 0.009910990484058857,0.010958615690469742,0.004186595790088177,0.003348618047311902
Wrong 0.00533961271867156,0.0020354478619992733,0.001823610975407064,0.0017238600412383676
Correct 0.010795995593070984,0.0045846011489629745,0.005085716489702463,0.0035127645824104548
Wrong 0.00847784522920847,0.00144664675462991,0.0020609484054148197,0.001647129887714982
Wrong 0.011468625627458096,0.0030062482692301273,0.005116714164614677,0.0023353418800979853
Correct 0.0091315358877182,0.0035778877791017294,0.004434496629983187,0.0027902135625481606
Wrong 0.007938304916024208,0.005163921974599361,0.004679188597947359,0.0035785732325166464
Wrong 0.010407060384750366,0.003218170255422592,0.003748585470020771,0.002960622077807784
Correct 0.007618813309818506,0.0030723956879228354,0.0038440104108303785,0.0024756130296736956
Wrong 0.007362766657024622,0.004350282717496157,0.0044144392013549805,0.0026884551625698805
Correct 0.014978567138314247,0.001967600779607892,0.0023094492498785257,0.0016454699216410518
Wrong 0.01283686887472868,0.0012621234636753798,0.0021697934716939926,0.0013166361022740602
Correct 0.008873537182807922,0.007279386278241873,0.005190386902540922,0.004033305682241917
Wrong 0.009272520430386066,0.002041757572442293,0.0025117110926657915,0.0020379640627652407
Wrong 0.011053570546209812,0.007839757017791271,0.007803292479366064,0.005608454812318087
Wrong 0.010030713863670826,0.0018480120925232768,0.002846090355888009,0.0017879450460895896
Wrong 0.009420253336429596,0.002432703971862793,0.003668256103992462,0.002896429505199194
Wrong 0.011214669793844223,0.0030687153339385986,0.004143199417740107,0.002587107243016362
Wrong 0.004469702951610088,0.0020997445099055767,0.0023327849339693785,0.0011678464943543077
Wrong 0.010739431716501713,0.004171737469732761,0.0048228721134364605,0.004019305109977722
Correct 0.027187231928110123,0.007203592918813229,0.00843907706439495,0.007552083116024733
Correct 0.004991665482521057,0.0030176842119544744,0.002424912992864847,0.00154697906691581
Correct 0.01241239532828331,0.001865993021056056,0.0032313456758856773,0.0023906035348773003
Wrong 0.00672107981517911,0.0016301667783409357,0.0023869196884334087,0.001282955170609057
Wrong 0.005863349884748459,0.0028831388335675,0.005230090580880642,0.0025646849535405636
Wrong 0.011598166078329086,0.004133221693336964,0.005006594117730856,0.0031731403432786465
Wrong 0.007858040742576122,0.0032013487070798874,0.0022229247260838747,0.0016693423967808485
Wrong 0.0077539472840726376,0.0027034038212150335,0.002850176068022847,0.0014599404530599713
Correct 0.006440808065235615,0.01251424290239811,0.007296525873243809,0.005716721992939711
Correct 0.012172473594546318,0.003227125620469451,0.003916038665920496,0.001716520986519754
Correct 0.016041917726397514,0.016887158155441284,0.010152889415621758,0.007643093820661306
Wrong 0.005912601016461849,0.0031460628379136324,0.005036384332925081,0.0023902764078229666
Wrong 0.006501376163214445,0.0015295579796656966,0.002091777278110385,0.0014542152639478445
Wrong 0.00955210905522108,0.001752491807565093,0.002805594354867935,0.0018727980786934495
Wrong 0.0061567737720906734,0.0032911705784499645,0.002696084789931774,0.0023933418560773134
Wrong 0.003964646719396114,0.0020242196042090654,0.0019094700692221522,0.0016664201393723488
Correct 0.010801898315548897,0.002032221294939518,0.0030392087064683437,0.0018085410119965672
Wrong 0.005335059482604265,0.004134264774620533,0.0033221174962818623,0.0022248406894505024
Wrong 0.003270052606239915,0.0037218874786049128,0.0018394998041912913,0.001793333562090993
Wrong 0.014983689412474632,0.017442308366298676,0.013667888939380646,0.008749492466449738
Wrong 0.0073797376826405525,0.0019050384871661663,0.002162723569199443,0.0012370288604870439
Wrong 0.009249795228242874,0.008129426278173923,0.006068217568099499,0.005347640253603458
Correct 0.008953236043453217,0.007352501153945923,0.009116064757108688,0.006803557742387056
Wrong 0.018834901973605156,0.004903527442365885,0.006519505754113197,0.004406906198710203
Wrong 0.009692862629890442,0.00223176390863955,0.002539030509069562,0.0012834194349125028
Wrong 0.006564432755112648,0.0019359838915988803,0.0023082084953784943,0.002513477113097906
Correct 0.008628745563328266,0.0019286448368802667,0.002730604261159897,0.0013474480947479606
Correct 0.010808267630636692,0.0025879309978336096,0.0041783712804317474,0.002531031845137477
Correct 0.010807691141963005,0.0026908291038125753,0.004553945269435644,0.0023586899042129517
Wrong 0.007887613959610462,0.003115283325314522,0.0028989759739488363,0.0015215532621368766
Correct 0.0049497587606310844,0.003128760727122426,0.004013346042484045,0.0023555594962090254
Correct 0.009515177458524704,0.008099919185042381,0.005915340036153793,0.00485949544236064
Correct 0.014050453901290894,0.003928039222955704,0.004795506596565247,0.0028812768869102
Wrong 0.009132144972682,0.004578290041536093,0.006636384874582291,0.004772239830344915
Wrong 0.00987511221319437,0.0025255947839468718,0.002597604412585497,0.0018888502381742
Wrong 0.016498731449246407,0.01569185219705105,0.014135085977613926,0.008973111398518085
Wrong 0.008269915357232094,0.00553275877609849,0.00345838675275445,0.002544410526752472
Wrong 0.005312190391123295,0.0018691786099225283,0.0016099087661132216,0.0009713157778605819
Wrong 0.013006717897951603,0.006533329375088215,0.005649687256664038,0.005094341468065977
Wrong 0.0045219301246106625,0.005700763314962387,0.0031471673864871264,0.0025025601498782635
Correct 0.014938597567379475,0.004555612802505493,0.0064431894570589066,0.0036392107140272856
Wrong 0.012089377269148827,0.013415484689176083,0.011021018959581852,0.006943108979612589
Wrong 0.00446001160889864,0.0037182634696364403,0.0018998500891029835,0.0015319344820454717
Correct 0.008057406172156334,0.0032742221374064684,0.0033949611242860556,0.002347947098314762
Correct 0.009280773811042309,0.003407800104469061,0.004097829572856426,0.003389133606106043
Wrong 0.00783742219209671,0.0020425182301551104,0.004961484111845493,0.0017090544570237398
Correct 0.006552502047270536,0.002899142447859049,0.003380435984581709,0.0026061488315463066
Wrong 0.005504980683326721,0.0019451489206403494,0.003215271281078458,0.0020415973849594593
Correct 0.008950105868279934,0.007385621313005686,0.0056490106508135796,0.00418809475377202
Wrong 0.009910046122968197,0.004789616912603378,0.00418532220646739,0.0020997643005102873
Correct 0.010667718946933746,0.0038573548663407564,0.004826709162443876,0.003631852800026536
Correct 0.005663191433995962,0.0047509619034826756,0.0051306504756212234,0.003490607952699065
Wrong 0.011995337903499603,0.004313497804105282,0.007888821884989738,0.003664028597995639
Wrong 0.004620565567165613,0.002358958823606372,0.0017531077610328794,0.0010828848462551832
Wrong 0.008291421458125114,0.0053063672967255116,0.005538796540349722,0.003125075250864029
Correct 0.008619934320449829,0.0029514164198189974,0.003776215948164463,0.002802917966619134
Wrong 0.00900461245328188,0.007810896262526512,0.004245510790497065,0.0033464240841567516
Wrong 0.0048955813981592655,0.003011261112987995,0.0027790956664830446,0.0018473712261766195
Wrong 0.008638945408165455,0.006436537019908428,0.005329699721187353,0.004515748471021652
Wrong 0.00857183150947094,0.007315941154956818,0.007520610000938177,0.005276093725115061
Correct 0.008763167075812817,0.002236617263406515,0.0029720033053308725,0.002102799480780959
Wrong 0.008429565466940403,0.005354223772883415,0.0031419629231095314,0.002274205442517996
Wrong 0.011072936467826366,0.0029885389376431704,0.003821462858468294,0.0025746843311935663
Correct 0.014906465075910091,0.007918176241219044,0.009800807572901249,0.007048811763525009
Wrong 0.007693370804190636,0.0015429776394739747,0.002065407345071435,0.0016265509184449911
Correct 0.0057488009333610535,0.00300665944814682,0.002710507018491626,0.0020683323964476585
Correct 0.006231512408703566,0.009942353703081608,0.004468987230211496,0.0030171708203852177
Wrong 0.011911200359463692,0.003863401710987091,0.005027586594223976,0.00233239377848804
Wrong 0.01340565551072359,0.01027903612703085,0.00952693447470665,0.006005632225424051
Correct 0.011630518361926079,0.0025957757607102394,0.0030026377644389868,0.002361535793170333
Wrong 0.009410412050783634,0.0029638423584401608,0.0032712630927562714,0.0021702793892472982
Correct 0.009844650514423847,0.0050648050382733345,0.005810213275253773,0.0036270837299525738
Wrong 0.008710076101124287,0.0033871761988848448,0.0025699941907078028,0.0018284681718796492
Correct 0.005993951112031937,0.002828163793310523,0.0025706151500344276,0.0016065913951024413
Correct 0.014831941574811935,0.003473944729194045,0.00530054047703743,0.0034739964175969362
Wrong 0.0077395313419401646,0.0035601549316197634,0.00478122616186738,0.0022385152988135815
Correct 0.011831794865429401,0.0030255450401455164,0.004805004224181175,0.0025448098313063383
Wrong 0.015953298658132553,0.013267647475004196,0.010998494923114777,0.00847121886909008
Correct 0.005734894424676895,0.0024060136638581753,0.0030751272570341825,0.0023177489638328552
Wrong 0.006791718304157257,0.0022402198519557714,0.0033801079262048006,0.0014040208188816905
Wrong 0.004410199820995331,0.002526594791561365,0.0020125489681959152,0.0015134252607822418
Wrong 0.007729672361165285,0.006111297756433487,0.004629806149750948,0.004957614000886679
Wrong 0.013763598166406155,0.010847273282706738,0.010922093875706196,0.008340108208358288
Wrong 0.007500958163291216,0.0037853659596294165,0.0027748243883252144,0.0018438502447679639
Correct 0.017873672768473625,0.007548976223915815,0.005650525912642479,0.0033880744595080614
Correct 0.015158962458372116,0.003681262955069542,0.005213908385485411,0.0031571832951158285
Wrong 0.010025323368608952,0.005122582893818617,0.005099187139421701,0.003811042057350278
Wrong 0.01090499758720398,0.008725063875317574,0.008841442875564098,0.0071483878418803215
Correct 0.010005009360611439,0.002049202797934413,0.003780835773795843,0.001741191721521318
Wrong 0.006802600342780352,0.0034124115481972694,0.003377201035618782,0.003786189015954733
Wrong 0.007309270091354847,0.0034196136984974146,0.003988942597061396,0.0034280004911124706
Wrong 0.01473467331379652,0.005958028137683868,0.005116338841617107,0.004867866635322571
Wrong 0.00946667417883873,0.002772495150566101,0.00427514873445034,0.002757444279268384
Correct 0.00917052011936903,0.0017778245965018868,0.002238358138129115,0.0018986344803124666
Wrong 0.010844721458852291,0.00626846868544817,0.008008561097085476,0.004557163454592228
Wrong 0.006402961444109678,0.004436648916453123,0.005082516465336084,0.005060825031250715
Correct 0.006707249209284782,0.005238137673586607,0.006991717033088207,0.0026242334861308336
Correct 0.00822999607771635,0.0021474265959113836,0.0032847323454916477,0.0019573592580854893
Correct 0.009523662738502026,0.002130292821675539,0.0019122959347441792,0.0016688639298081398
Wrong 0.006405648309737444,0.00306520564481616,0.003628284204751253,0.0024693873710930347
Wrong 0.00582096166908741,0.003300361568108201,0.0032916252966970205,0.0023762681521475315
Correct 0.006086982786655426,0.003057439811527729,0.0036779732909053564,0.0023506050929427147
Wrong 0.006120293866842985,0.002200556918978691,0.0015936364652588964,0.0012689653085544705
Wrong 0.009600150398910046,0.0033337033819407225,0.004520088899880648,0.0028408777434378862
Wrong 0.008924023248255253,0.002383454702794552,0.0032710961531847715,0.0016927914693951607
Wrong 0.009138298220932484,0.006328764837235212,0.003714559832587838,0.0033693211153149605
Wrong 0.00814498495310545,0.003293717512860894,0.004114232491701841,0.0023045046254992485
Wrong 0.008184634149074554,0.0030834567733108997,0.0037365537136793137,0.0023679262958467007
Wrong 0.007478570099920034,0.00316254748031497,0.002983309794217348,0.0019237891538068652
Wrong 0.006880618166178465,0.0027785836718976498,0.002426988910883665,0.001635854598134756
Correct 0.011046726256608963,0.001757249003276229,0.002173525281250477,0.0013129683211445808
Correct 0.009206789545714855,0.002459475304931402,0.00215059332549572,0.0014244465855881572
Correct 0.007663155440241098,0.00500514917075634,0.0031820335425436497,0.0024702546652406454
Correct 0.004788834135979414,0.0013235951773822308,0.001605870435014367,0.0009019916760735214
Correct 0.006780799012631178,0.012407390400767326,0.007108415476977825,0.006823337636888027
Wrong 0.007566227577626705,0.006347790826112032,0.006043773144483566,0.004414014518260956
Wrong 0.0066061969846487045,0.003919878974556923,0.0028580871876329184,0.0014434662880375981
Wrong 0.0092877596616745,0.0067849489860236645,0.0067603313364088535,0.004671994596719742
Wrong 0.007492685224860907,0.0034602396190166473,0.0035595556255429983,0.003433316946029663
Wrong 0.007920575328171253,0.0025144123937934637,0.0032888809219002724,0.0024780440144240856
Correct 0.011625323444604874,0.0017728762468323112,0.002954821102321148,0.0019467002712190151
Wrong 0.006172575987875462,0.00210953620262444,0.0015074691036716104,0.0011016115313395858
Wrong 0.010061071254312992,0.00899959821254015,0.008109488524496555,0.005221004597842693
Correct 0.008637718856334686,0.0055206529796123505,0.005383933428674936,0.004052514210343361
Correct 0.007282180245965719,0.005329561419785023,0.008160721510648727,0.0027049200143665075
Wrong 0.013314167968928814,0.0044963122345507145,0.004697046242654324,0.0032652358058840036
Wrong 0.00882627535611391,0.0047170380130410194,0.004018360283225775,0.0031259593088179827
Correct 0.00866786204278469,0.0016324549214914441,0.0031529671978205442,0.0016201719408854842
Wrong 0.007970190607011318,0.003945337142795324,0.004670699592679739,0.0029595333617180586
Wrong 0.006654764525592327,0.003571839537471533,0.0055640763603150845,0.0028838180005550385
Wrong 0.00687955180183053,0.001755364122800529,0.0028132887091487646,0.0016472034621983767
Wrong 0.012028695084154606,0.006078601349145174,0.006556116510182619,0.004425829742103815
Wrong 0.006233497057110071,0.002018190687522292,0.002729993313550949,0.0017875501653179526
Correct 0.00988002773374319,0.006558514665812254,0.006147835403680801,0.005328221246600151
Wrong 0.005995030980557203,0.004175246227532625,0.0038276452105492353,0.002970397239550948
Correct 0.004351599607616663,0.002915608696639538,0.004644033499062061,0.0025389818474650383
Wrong 0.010792510583996773,0.0028173227328807116,0.003961359150707722,0.0026077136863023043
Correct 0.00750315934419632,0.0025307314936071634,0.002746408572420478,0.0022037739399820566
Wrong 0.005344419274479151,0.0026107621379196644,0.0028153604362159967,0.0011808288982138038
Correct 0.010716824792325497,0.002439840929582715,0.00415803911164403,0.002434598747640848
Wrong 0.009367403574287891,0.005935854744166136,0.0030385947320610285,0.0020943128038197756
Wrong 0.004493306390941143,0.0025940772611647844,0.002527195028960705,0.0020108316093683243
Wrong 0.009261363185942173,0.0029075585771352053,0.002603219822049141,0.0023436390329152346
Wrong 0.012413477525115013,0.0034276959486305714,0.0064096711575984955,0.0031679715029895306
Wrong 0.004686766769737005,0.0017973851645365357,0.0014986156020313501,0.0012166189262643456
Wrong 0.007507864851504564,0.002716525923460722,0.004423574544489384,0.003082739422097802
Wrong 0.00460188090801239,0.0027214603032916784,0.002116513904184103,0.0024656776804476976
Wrong 0.008539332076907158,0.0033670570701360703,0.0032298562582582235,0.001878146780654788
Wrong 0.008067186921834946,0.00617206608876586,0.007186536677181721,0.005897865630686283
Correct 0.013748561963438988,0.028146417811512947,0.014219747856259346,0.011581823229789734
Wrong 0.008726381696760654,0.0024233285803347826,0.00457399059087038,0.0033653397113084793
Wrong 0.005461835768073797,0.0054308040998876095,0.0016384870978072286,0.0009761888650245965
Wrong 0.01428672019392252,0.005166061222553253,0.00587883498519659,0.004788413643836975
Wrong 0.008962917141616344,0.003094731131568551,0.003494591685011983,0.003124788636341691
Wrong 0.0054722935892641544,0.0076895346865057945,0.0037479752209037542,0.0038205909077078104
Wrong 0.008248814381659031,0.009309284389019012,0.008590043522417545,0.005200051702558994
Wrong 0.007916562259197235,0.004291243385523558,0.004595119971781969,0.0022009119857102633
Correct 0.00915340892970562,0.00515300827100873,0.005038426723331213,0.0035113950725644827
Correct 0.008043545298278332,0.0020155166275799274,0.0028128342237323523,0.0016622802941128612
Correct 0.006390344817191362,0.0020818787161260843,0.002595919882878661,0.0016061676433309913
Wrong 0.005613855551928282,0.0036855917423963547,0.0026717553846538067,0.0014337364118546247
Correct 0.00533330300822854,0.0029153835494071245,0.002513723913580179,0.00194727280177176
Wrong 0.011560921557247639,0.004849341697990894,0.005144729278981686,0.004123291000723839
Wrong 0.016610076650977135,0.0023777324240654707,0.003504578024148941,0.0014117329847067595
Wrong 0.012436799705028534,0.0035788363311439753,0.003816415788605809,0.0028259942773729563
Wrong 0.009264282882213593,0.0043732537887990475,0.005457364022731781,0.004180877469480038
Correct 0.008321770466864109,0.002952462062239647,0.0022591997403651476,0.0016323219751939178
Wrong 0.006215553730726242,0.002302422421053052,0.0025427090004086494,0.0021495686378329992
Wrong 0.010455898940563202,0.0038882438093423843,0.005239957012236118,0.0038813624996691942
Wrong 0.011499075219035149,0.003378663444891572,0.005723487585783005,0.0034324408043175936
Wrong 0.010952619835734367,0.005869068671017885,0.004551708232611418,0.003643506206572056
Wrong 0.009044284000992775,0.006355876103043556,0.00740162655711174,0.004481568466871977
Wrong 0.004929723683744669,0.0012767626903951168,0.0013099482748657465,0.0009293562034144998
Wrong 0.010283919982612133,0.007863572798669338,0.006717730313539505,0.0064372895285487175
Wrong 0.0050247060135006905,0.0026612761430442333,0.0034925544168800116,0.0020462896209210157
Correct 0.008830131031572819,0.00745882885530591,0.009193132631480694,0.005357831250876188
Wrong 0.006898382678627968,0.0020208682399243116,0.0024479066487401724,0.0017874337499961257
Wrong 0.006199230905622244,0.0055373674258589745,0.005434536375105381,0.0037024475168436766
Wrong 0.010328377597033978,0.0031139529310166836,0.0032978132367134094,0.0023466022685170174
Correct 0.012068524956703186,0.013908547349274158,0.005959689617156982,0.005280734971165657
Wrong 0.011443745344877243,0.006410463713109493,0.005920378025621176,0.0032078390941023827
Wrong 0.011776486411690712,0.003863201942294836,0.005856004077941179,0.0038014946039766073
Wrong 0.012171612121164799,0.0034851012751460075,0.005850301124155521,0.0030536805279552937
Wrong 0.010440820828080177,0.002155218506231904,0.002538071945309639,0.00138351961504668
Wrong 0.008609077893197536,0.0028307458851486444,0.0029377643950283527,0.001849031075835228
Correct 0.006595694925636053,0.0031241122633218765,0.0041452618315815926,0.0030714762397110462
Wrong 0.010733581148087978,0.004604483488947153,0.006776012945920229,0.004653974901884794
Wrong 0.012041443027555943,0.006955576594918966,0.006675541400909424,0.005687412805855274
Correct 0.011529088951647282,0.0037088573444634676,0.004424602258950472,0.003130190307274461
Wrong 0.006953755859285593,0.0031433517578989267,0.0037810250651091337,0.0019071785500273108
Wrong 0.006080872379243374,0.003040593583136797,0.002677029697224498,0.0012491870438680053
Wrong 0.006309893913567066,0.0033421257976442575,0.0022794068790972233,0.001674602273851633
Wrong 0.010045500472187996,0.0037080086767673492,0.005925548262894154,0.002774087944999337
Wrong 0.008763624355196953,0.007529679220169783,0.008719610050320625,0.005114447325468063
Wrong 0.011526905931532383,0.012399022467434406,0.01199518796056509,0.009927245788276196
Correct 0.004577919375151396,0.00328964926302433,0.003215044504031539,0.002015097299590707
Correct 0.01748763397336006,0.003787631168961525,0.005566123407334089,0.0037572227884083986
Wrong 0.008971980772912502,0.004719517659395933,0.004812764003872871,0.003601901000365615
Wrong 0.012792645022273064,0.003786252811551094,0.0040527996607124805,0.002411165274679661
Correct 0.0052057127468287945,0.0012976472498849034,0.0013052482390776277,0.0010043265065178275
Wrong 0.012063704431056976,0.004754490684717894,0.005363429430872202,0.0035416875034570694
Wrong 0.00763640645891428,0.006625151261687279,0.006202004849910736,0.003418648848310113
Wrong 0.008455095812678337,0.004392451606690884,0.005349443294107914,0.002857488114386797
Correct 0.00893991719931364,0.0036825728602707386,0.004761754535138607,0.0033205358777195215
Wrong 0.013498233631253242,0.003866523504257202,0.0050548650324344635,0.0036924208980053663
Wrong 0.006611701101064682,0.004575036000460386,0.0033900009002536535,0.003379638772457838
Wrong 0.011617201380431652,0.0015871323412284255,0.002708205720409751,0.0013582743704319
Correct 0.005764204077422619,0.00609977450221777,0.003673491533845663,0.0037188930436968803
Wrong 0.013803791254758835,0.005543624982237816,0.004234975203871727,0.0034141906071454287
Wrong 0.008662521839141846,0.003234695643186569,0.004365932196378708,0.0031893050763756037
Correct 0.011589483357965946,0.0028416207060217857,0.0038944168481975794,0.0030037574470043182
Wrong 0.009878714568912983,0.0038636832032352686,0.0035918268840759993,0.002331704832613468
Wrong 0.012935726903378963,0.004681351128965616,0.007164218463003635,0.004045372363179922
Correct 0.004905136302113533,0.0018112279940396547,0.0019121444784104824,0.0009493015822954476
Wrong 0.006829922553151846,0.002701215213164687,0.002605387009680271,0.0020211213268339634
Wrong 0.010476453229784966,0.009954488836228848,0.007855229079723358,0.006156398914754391
Wrong 0.006716630887240171,0.0031992641743272543,0.0041565983556210995,0.002825672272592783
Correct 0.006338363513350487,0.0034922834020107985,0.002535015344619751,0.0018037204863503575
Wrong 0.012126153334975243,0.01326744258403778,0.00823199562728405,0.0067983828485012054
Wrong 0.009829506278038025,0.010496440343558788,0.007212192285805941,0.005736969411373138
Wrong 0.0055258311331272125,0.0025363173335790634,0.004361138213425875,0.002419000957161188
Correct 0.006914033088833094,0.0011840775841847062,0.0021710407454520464,0.00143924611620605
Wrong 0.00484321778640151,0.0022328041959553957,0.0017547132447361946,0.0010423441417515278
Wrong 0.005568820051848888,0.005009516607969999,0.004018121398985386,0.0028225944843143225
Wrong 0.009342814795672894,0.002435426227748394,0.004844607785344124,0.00202720845118165
Wrong 0.010176482610404491,0.004453679546713829,0.0032002388034015894,0.0030383735429495573
Wrong 0.011672324500977993,0.0028406160417944193,0.004015589132905006,0.0024703387171030045
Wrong 0.004684173036366701,0.002812834456562996,0.0017869602888822556,0.0019709113985300064
Wrong 0.005232745781540871,0.006072911899536848,0.0034271483309566975,0.0032068616710603237
Wrong 0.004683997482061386,0.0015848131151869893,0.002382854465395212,0.0010550570441409945
Correct 0.020582307130098343,0.0047208331525325775,0.006554681807756424,0.0043557556346058846
Wrong 0.013878557831048965,0.008286423981189728,0.007325843442231417,0.0050323037430644035
Correct 0.010224261321127415,0.0033689006231725216,0.0020578487310558558,0.001821718062274158
Correct 0.0094358054921031,0.002536892658099532,0.00362004479393363,0.0022595999762415886
Wrong 0.008834450505673885,0.005256959702819586,0.003806849243119359,0.0032001242507249117
Wrong 0.009108513593673706,0.003586526494473219,0.004152100998908281,0.002511814469471574
Correct 0.009068175218999386,0.010159838944673538,0.005824795458465815,0.003605996025726199
Wrong 0.014120351523160934,0.004427282139658928,0.005044515710324049,0.0031776237301528454
Wrong 0.009325962513685226,0.0028266694862395525,0.003185402136296034,0.0024168584495782852
Wrong 0.00802779383957386,0.0032132314518094063,0.0038917611818760633,0.0032940462697297335
Wrong 0.008412440307438374,0.004228111356496811,0.0045842318795621395,0.0025287598837167025
Correct 0.0077851517125964165,0.00177730992436409,0.0024957223795354366,0.0016340439906343818
Wrong 0.0056455847807228565,0.001816237228922546,0.002614884404465556,0.0017489910824224353
Correct 0.007144734263420105,0.003219462465494871,0.0043461620807647705,0.0031007544603198767
Correct 0.015786146745085716,0.020212428644299507,0.01372789591550827,0.01091176550835371
Wrong 0.006232799496501684,0.0018464074237272143,0.0024935456458479166,0.00154255295637995
Wrong 0.007801911793649197,0.0038887630216777325,0.006902809254825115,0.003257355885580182
Wrong 0.008871668018400669,0.0023852887097746134,0.0037083036731928587,0.002505798125639558
Wrong 0.008443238213658333,0.0039007512386888266,0.003916870802640915,0.0018917849520221353
Wrong 0.006717677228152752,0.0033222308848053217,0.0034753072541207075,0.002182970754802227
Wrong 0.007549367379397154,0.0055096023716032505,0.0034145619720220566,0.0027355423662811518
Wrong 0.01277850940823555,0.0033617934677749872,0.00450610788539052,0.0033900963608175516
Wrong 0.0034456008579581976,0.0032207851763814688,0.002776688663288951,0.0015903525054454803
Wrong 0.008546935394406319,0.00855113472789526,0.005411737598478794,0.004238494671881199
Correct 0.010566840879619122,0.0019468325190246105,0.0028807376511394978,0.0018125218339264393
Correct 0.01051249634474516,0.001996499253436923,0.002712737303227186,0.0020106506999582052
Wrong 0.007172848097980022,0.0028319628909230232,0.004511582665145397,0.0026452820748090744
Correct 0.00387976854108274,0.014597547240555286,0.0034120948985219,0.002097767312079668
Correct 0.008991540409624577,0.014672042801976204,0.005028955172747374,0.006285521667450666
Correct 0.007138000801205635,0.003480594838038087,0.005282770376652479,0.002735626418143511
Wrong 0.0057165552861988544,0.00474443007260561,0.0033813754562288523,0.0016833709087222815
Wrong 0.01010354794561863,0.005794520955532789,0.004100022371858358,0.004627192858606577
Wrong 0.013296956196427345,0.009571481496095657,0.0072058429941535,0.005009842570871115
Wrong 0.014872623607516289,0.00736600486561656,0.009057057090103626,0.00527472048997879
Correct 0.007374443579465151,0.008800685405731201,0.0058545274659991264,0.004045877140015364
Wrong 0.00732777314260602,0.004366867244243622,0.006040786858648062,0.003658275119960308
Wrong 0.005896403454244137,0.0016404937487095594,0.003050871193408966,0.001469102338887751
Wrong 0.006307106930762529,0.0021653196308761835,0.0023900673259049654,0.0011171516962349415
Wrong 0.008982961997389793,0.008327147923409939,0.01258779875934124,0.005322150886058807
Correct 0.010527134872972965,0.0031945661175996065,0.004622046835720539,0.0026466622948646545
Wrong 0.009192217141389847,0.003991555888205767,0.004685778636485338,0.004054121673107147
Wrong 0.004351846873760223,0.003627980127930641,0.003226124681532383,0.0021888031624257565
Correct 0.006373255047947168,0.003913077525794506,0.0031155201140791178,0.002381088910624385
Correct 0.009331720881164074,0.004237686283886433,0.006281174253672361,0.002827818738296628
Wrong 0.015586724504828453,0.00806599110364914,0.007153501734137535,0.004679947160184383
Correct 0.005380659364163876,0.0025683597195893526,0.0029886586125940084,0.0017526072915643454
Wrong 0.004992193076759577,0.0018937387503683567,0.0018991789547726512,0.003460842417553067
Wrong 0.009339765645563602,0.0033982116729021072,0.00281042349524796,0.0019776634871959686
Correct 0.0081897908821702,0.003167655086144805,0.0034344769082963467,0.002769254148006439
Wrong 0.010344557464122772,0.004135935101658106,0.005049202125519514,0.0040840995498001575
Wrong 0.006842596922069788,0.002367711393162608,0.002930993912741542,0.001846366561949253
