grade confidence_levels
Wrong 15.388261795043945,14.813401222229004,15.001267433166504,15.079075813293457
Wrong 15.7635498046875,15.279775619506836,15.97473430633545,16.1243896484375
Wrong 15.992048263549805,16.026254653930664,16.5312557220459,16.38507080078125
Wrong 15.791584014892578,15.048440933227539,15.677841186523438,16.531570434570312
Wrong 15.686668395996094,15.106523513793945,15.339194297790527,15.442622184753418
Wrong 16.386003494262695,15.992437362670898,15.52258014678955,16.683002471923828
Wrong 15.643189430236816,15.702157020568848,15.85054874420166,16.206985473632812
Correct 14.826424598693848,14.638933181762695,14.697113990783691,15.03866958618164
Wrong 15.564263343811035,15.053013801574707,15.561954498291016,15.15194034576416
Correct 16.41681480407715,15.842880249023438,16.790409088134766,16.04008674621582
Wrong 15.886486053466797,15.266735076904297,15.471266746520996,15.648344039916992
Wrong 15.66995906829834,14.864714622497559,14.823443412780762,15.832647323608398
Wrong 14.380023956298828,13.818744659423828,15.395191192626953,14.428070068359375
Wrong 14.864967346191406,14.551712989807129,15.08224868774414,15.142227172851562
Correct 16.04245948791504,15.782242774963379,16.163410186767578,17.06749153137207
Wrong 15.67041301727295,15.294232368469238,15.66839599609375,15.748610496520996
Wrong 15.53195571899414,15.118083953857422,15.370990753173828,15.441678047180176
Wrong 16.044443130493164,15.621476173400879,15.659547805786133,15.361078262329102
Wrong 16.239843368530273,15.294292449951172,15.140972137451172,15.065062522888184
Correct 16.07695770263672,15.583130836486816,15.924647331237793,16.626220703125
Correct 15.46256160736084,15.437348365783691,15.526419639587402,16.627687454223633
Correct 15.16907787322998,15.037421226501465,14.453063011169434,14.926898002624512
Correct 15.749286651611328,15.525450706481934,15.379756927490234,15.23869800567627
Wrong 15.570911407470703,15.027478218078613,15.152506828308105,15.281378746032715
Wrong 14.784188270568848,14.23440170288086,15.078742980957031,14.941612243652344
Wrong 16.25444221496582,15.466078758239746,15.754323959350586,15.118919372558594
Correct 16.091461181640625,15.245786666870117,16.307756423950195,16.108606338500977
Wrong 15.40202522277832,14.587347984313965,14.836482048034668,16.768802642822266
Wrong 15.412527084350586,15.429925918579102,16.447063446044922,15.313143730163574
Correct 15.472954750061035,15.18446159362793,15.479013442993164,16.234413146972656
Correct 15.724101066589355,15.390478134155273,16.65233612060547,16.7198543548584
Wrong 15.20248031616211,15.06967544555664,15.544779777526855,15.125883102416992
Wrong 15.291929244995117,15.139245986938477,15.460783004760742,15.519089698791504
Correct 15.594908714294434,14.736597061157227,15.685571670532227,15.508152961730957
Wrong 16.809284210205078,15.67328929901123,16.243894577026367,15.54808521270752
Correct 16.482696533203125,15.559788703918457,15.78295612335205,16.26355743408203
Wrong 16.324424743652344,15.916590690612793,16.948328018188477,16.704078674316406
Correct 15.697936058044434,15.633438110351562,16.197349548339844,16.199142456054688
Wrong 16.681838989257812,15.86426067352295,16.507102966308594,16.43999481201172
Wrong 15.156891822814941,15.262001991271973,16.075157165527344,15.744441986083984
Wrong 14.95639705657959,14.70047664642334,14.820279121398926,15.293841361999512
Wrong 15.579999923706055,15.882783889770508,15.94570255279541,15.764782905578613
Wrong 15.19931697845459,15.531241416931152,15.621000289916992,15.648253440856934
Wrong 15.526402473449707,15.117910385131836,15.437725067138672,15.90619945526123
Correct 16.783964157104492,15.884604454040527,16.357582092285156,16.151323318481445
Wrong 15.390907287597656,15.111274719238281,15.426319122314453,15.774816513061523
Wrong 15.824710845947266,15.672065734863281,15.197733879089355,15.095904350280762
Correct 15.753089904785156,15.921932220458984,15.562577247619629,16.288965225219727
Correct 15.40708065032959,15.499502182006836,15.660161018371582,16.23374366760254
Correct 15.115077018737793,14.882087707519531,15.39700698852539,14.823127746582031
Correct 15.606938362121582,15.236759185791016,16.009288787841797,16.307607650756836
Correct 16.24808120727539,15.528883934020996,16.088972091674805,15.853203773498535
Wrong 16.1733341217041,15.588836669921875,16.608707427978516,15.961272239685059
Correct 15.356951713562012,15.028036117553711,15.636317253112793,15.540245056152344
Correct 16.230621337890625,15.549044609069824,15.915522575378418,16.25929069519043
Correct 15.970726013183594,15.771624565124512,16.678783416748047,16.50033950805664
Wrong 16.297597885131836,15.48429012298584,15.894853591918945,15.88086223602295
Correct 15.637819290161133,15.683562278747559,16.570337295532227,15.399432182312012
Correct 15.512364387512207,15.267718315124512,15.417160034179688,15.20018482208252
Correct 15.589314460754395,14.493621826171875,15.080023765563965,14.549368858337402
Wrong 15.561633110046387,15.620823860168457,15.888371467590332,15.711797714233398
Correct 15.309718132019043,15.141429901123047,15.094496726989746,15.11451530456543
Correct 15.551140785217285,14.745803833007812,15.132376670837402,15.757928848266602
Wrong 15.947198867797852,15.514175415039062,16.209964752197266,15.620678901672363
Wrong 15.775671005249023,15.50694751739502,16.054994583129883,15.813103675842285
Wrong 16.387306213378906,15.494243621826172,16.495132446289062,15.617013931274414
Wrong 15.818451881408691,15.318422317504883,15.77655029296875,15.369370460510254
Wrong 15.939759254455566,15.298437118530273,15.229326248168945,15.279407501220703
Correct 15.614140510559082,14.90427017211914,15.979284286499023,15.562244415283203
Wrong 16.63665199279785,16.1108455657959,16.22612762451172,16.572431564331055
Correct 15.948652267456055,15.37544059753418,16.25913429260254,15.58712387084961
Wrong 14.868888854980469,14.64438533782959,15.053418159484863,14.871017456054688
Correct 16.77096176147461,15.818997383117676,14.904882431030273,15.18754768371582
Correct 15.253639221191406,14.49628734588623,15.37338924407959,15.464762687683105
Correct 15.781837463378906,15.964982032775879,16.725120544433594,16.37594223022461
Wrong 16.20060920715332,15.909411430358887,16.431602478027344,16.66952133178711
Wrong 16.314579010009766,15.747496604919434,16.04616928100586,15.430389404296875
Correct 16.192039489746094,15.428096771240234,15.34412670135498,15.004453659057617
Correct 16.141998291015625,15.71468448638916,16.152400970458984,17.385108947753906
Correct 14.538994789123535,14.066503524780273,15.287278175354004,14.65676212310791
Correct 15.920310974121094,15.434125900268555,15.300446510314941,15.671123504638672
Wrong 15.556419372558594,15.4359130859375,15.76159954071045,15.757672309875488
Correct 14.785983085632324,14.731781005859375,14.702047348022461,15.580696105957031
Wrong 15.477542877197266,15.083822250366211,15.633767127990723,15.627116203308105
Wrong 16.20177459716797,15.208385467529297,16.057092666625977,16.482646942138672
Wrong 15.279887199401855,15.053826332092285,15.058823585510254,15.47339916229248
Correct 15.850120544433594,15.534960746765137,16.495107650756836,16.388629913330078
Correct 16.682729721069336,16.18587875366211,16.506982803344727,16.48697280883789
Correct 16.12251853942871,15.668574333190918,15.971762657165527,15.845778465270996
Correct 15.374298095703125,15.775073051452637,16.259756088256836,16.599498748779297
Wrong 15.723233222961426,16.491655349731445,15.814757347106934,16.57563591003418
Correct 16.232105255126953,15.797307968139648,15.786020278930664,15.533370971679688
Wrong 15.174592018127441,14.44016170501709,15.012873649597168,14.926501274108887
Correct 15.737645149230957,15.526308059692383,16.38551902770996,16.653013229370117
Wrong 15.824315071105957,15.466398239135742,16.361827850341797,15.556337356567383
Correct 15.962139129638672,15.1334867477417,15.059677124023438,15.425649642944336
Wrong 14.802653312683105,15.38073444366455,15.925738334655762,14.827078819274902
Correct 15.981467247009277,15.598819732666016,15.847161293029785,15.3035888671875
Correct 15.45931625366211,15.451156616210938,16.54530143737793,15.986748695373535
Correct 15.565642356872559,15.199766159057617,15.84321117401123,15.36080265045166
Correct 15.247406005859375,15.282841682434082,15.298879623413086,15.001907348632812
Correct 15.882149696350098,15.534912109375,16.529422760009766,16.51184844970703
Wrong 14.87675952911377,14.000967025756836,14.115883827209473,15.27667236328125
Wrong 16.152507781982422,16.437034606933594,16.507349014282227,17.022174835205078
Correct 14.920821189880371,14.557551383972168,14.996081352233887,15.224287986755371
Wrong 15.715604782104492,15.529848098754883,16.13074493408203,15.991435050964355
Correct 16.140949249267578,15.569663047790527,15.981860160827637,15.667878150939941
Correct 15.617559432983398,15.098784446716309,15.533524513244629,16.306116104125977
Wrong 15.154305458068848,14.648689270019531,14.941658020019531,15.413495063781738
Wrong 15.937522888183594,15.601299285888672,16.123796463012695,15.809093475341797
Wrong 15.872145652770996,15.513189315795898,16.328954696655273,16.2661075592041
Wrong 16.151729583740234,16.009687423706055,16.790590286254883,16.149017333984375
Correct 14.979911804199219,14.93188190460205,15.874885559082031,14.706496238708496
Correct 15.837004661560059,15.508455276489258,15.867644309997559,15.516005516052246
Wrong 16.01133918762207,15.502764701843262,15.951403617858887,16.37990379333496
Correct 15.737561225891113,15.349510192871094,16.455392837524414,15.706189155578613
Wrong 15.933886528015137,15.527462005615234,15.93940544128418,16.157014846801758
Wrong 15.551278114318848,15.903457641601562,15.780362129211426,15.530996322631836
Correct 15.425771713256836,14.962553024291992,15.50411605834961,16.425886154174805
Wrong 15.413936614990234,15.201569557189941,15.80933952331543,15.23886489868164
Wrong 15.67935848236084,15.082674026489258,15.236695289611816,16.107406616210938
Correct 15.806419372558594,15.623705863952637,16.524354934692383,15.789941787719727
Wrong 15.840282440185547,16.048133850097656,15.564314842224121,16.08661651611328
Correct 15.370010375976562,14.73697280883789,15.213227272033691,14.892439842224121
Wrong 15.72298812866211,15.706801414489746,15.354775428771973,15.598471641540527
Wrong 15.542278289794922,15.078250885009766,15.783500671386719,15.366486549377441
Wrong 15.737961769104004,15.1061372756958,15.808916091918945,15.761950492858887
Wrong 15.5553617477417,14.990306854248047,15.52071762084961,15.389174461364746
Wrong 15.267314910888672,15.530255317687988,16.04669952392578,15.619406700134277
Correct 15.44461441040039,15.020997047424316,15.122374534606934,15.093344688415527
Wrong 15.26504898071289,15.037562370300293,15.325006484985352,15.213998794555664
Wrong 16.040584564208984,16.262672424316406,16.224485397338867,16.611669540405273
Correct 15.080301284790039,15.01553726196289,15.759902954101562,15.419656753540039
Wrong 16.399839401245117,16.13942527770996,16.757455825805664,16.409467697143555
Correct 15.201652526855469,14.713290214538574,15.103904724121094,15.897920608520508
Correct 15.24270248413086,14.410872459411621,14.96667766571045,14.7330961227417
Wrong 14.957305908203125,14.606012344360352,15.141776084899902,15.1485013961792
Wrong 15.967727661132812,14.989678382873535,15.488470077514648,15.03658676147461
Wrong 15.726490020751953,15.395390510559082,15.674962043762207,15.42137622833252
Wrong 16.154787063598633,15.764701843261719,15.995743751525879,15.752967834472656
Wrong 15.598563194274902,15.446686744689941,15.133451461791992,15.20296859741211
Wrong 16.360107421875,15.819089889526367,15.910136222839355,15.996565818786621
Correct 15.189265251159668,14.620502471923828,15.452557563781738,15.245227813720703
Correct 15.444135665893555,15.472466468811035,16.526994705200195,15.13238525390625
Wrong 15.200221061706543,14.675935745239258,15.337132453918457,15.994369506835938
Wrong 15.530455589294434,15.724141120910645,15.660520553588867,15.70640754699707
Wrong 15.733869552612305,15.687759399414062,15.653022766113281,15.221096992492676
Wrong 15.781939506530762,15.467700958251953,15.262240409851074,15.667680740356445
Correct 15.906545639038086,15.269058227539062,15.52977180480957,16.455196380615234
Correct 15.33655834197998,15.663711547851562,15.340926170349121,15.688217163085938
Wrong 15.589502334594727,15.674269676208496,16.410057067871094,15.817863464355469
Wrong 15.890053749084473,14.937231063842773,15.84826946258545,16.38054847717285
Wrong 16.344011306762695,15.745152473449707,16.354656219482422,16.575916290283203
Wrong 15.787484169006348,15.612496376037598,15.189854621887207,14.67475414276123
Wrong 15.805008888244629,15.878207206726074,16.50582504272461,16.04897117614746
Wrong 15.669483184814453,15.252527236938477,15.493825912475586,15.235467910766602
Correct 15.181784629821777,14.421590805053711,14.968207359313965,14.679931640625
Correct 15.019287109375,14.961071968078613,16.15342903137207,15.832533836364746
Wrong 15.82485294342041,14.848136901855469,15.213525772094727,15.541495323181152
Wrong 15.362303733825684,15.193072319030762,15.203256607055664,15.415302276611328
Wrong 15.087727546691895,14.533700942993164,15.769753456115723,15.240246772766113
Wrong 14.881881713867188,14.546531677246094,15.023077964782715,14.524674415588379
Wrong 15.360724449157715,15.200531959533691,15.74053955078125,15.348453521728516
Correct 15.390192031860352,14.885547637939453,15.506526947021484,15.12883186340332
Wrong 15.453469276428223,15.210906028747559,15.832143783569336,15.1108980178833
Wrong 15.741355895996094,15.494585990905762,16.05876922607422,16.147706985473633
Correct 15.334466934204102,15.034026145935059,15.150430679321289,15.906698226928711
Wrong 14.806851387023926,14.537007331848145,14.743517875671387,14.554390907287598
Correct 15.435761451721191,14.888484954833984,15.909296035766602,16.5607852935791
Wrong 15.630720138549805,15.606167793273926,15.9802885055542,15.902661323547363
Correct 15.840219497680664,16.198347091674805,15.477300643920898,15.997804641723633
Wrong 16.254150390625,15.904284477233887,16.29761505126953,16.316984176635742
Wrong 15.28747844696045,15.407967567443848,15.485908508300781,16.083648681640625
Wrong 15.494705200195312,14.927932739257812,15.805792808532715,14.940396308898926
Wrong 15.922579765319824,15.573176383972168,15.811952590942383,15.80207633972168
Correct 16.120323181152344,15.625629425048828,16.13309669494629,15.683829307556152
Wrong 15.1187744140625,14.514805793762207,15.061382293701172,15.731280326843262
Wrong 15.308445930480957,14.654948234558105,14.772502899169922,14.504603385925293
Wrong 15.6199951171875,15.25732135772705,15.085502624511719,14.742666244506836
Correct 14.675389289855957,14.324400901794434,14.626582145690918,15.928067207336426
Wrong 15.915611267089844,15.55366039276123,16.241504669189453,15.889487266540527
Wrong 16.187334060668945,15.49974250793457,15.808466911315918,15.828359603881836
Correct 15.591568946838379,14.944507598876953,15.065200805664062,15.1378812789917
Wrong 15.619309425354004,15.143752098083496,15.8260498046875,15.966914176940918
Wrong 16.330860137939453,15.206570625305176,15.871728897094727,15.607513427734375
Correct 15.765593528747559,15.29112720489502,15.952058792114258,15.233477592468262
Correct 14.936911582946777,14.67197322845459,16.01508903503418,14.918025016784668
Wrong 14.918790817260742,14.750283241271973,14.965853691101074,14.472153663635254
Wrong 15.089694023132324,14.809346199035645,15.197599411010742,14.554119110107422
Wrong 16.253854751586914,15.877534866333008,15.873093605041504,16.313447952270508
Correct 16.403614044189453,15.8199462890625,16.418527603149414,16.586408615112305
Wrong 15.78650188446045,15.295660972595215,15.294360160827637,14.713396072387695
Wrong 15.861164093017578,15.870070457458496,16.216041564941406,16.678695678710938
Correct 15.42845344543457,15.116375923156738,15.223365783691406,14.653956413269043
Correct 15.424242973327637,15.116144180297852,15.476922988891602,15.667586326599121
Wrong 15.488372802734375,15.325454711914062,15.792882919311523,15.895710945129395
Wrong 15.52345085144043,15.164257049560547,15.652003288269043,15.29738712310791
Correct 16.312620162963867,15.624032020568848,15.402579307556152,15.257698059082031
Correct 15.819705963134766,15.123727798461914,16.225296020507812,16.598464965820312
Wrong 15.838384628295898,14.92386245727539,15.647870063781738,15.596437454223633
Wrong 15.538549423217773,15.335970878601074,16.138254165649414,15.407428741455078
Correct 15.596734046936035,15.419373512268066,16.158761978149414,15.4728422164917
Wrong 15.301003456115723,15.167337417602539,15.253216743469238,14.720534324645996
Wrong 15.658905982971191,15.17640209197998,15.748326301574707,15.41683578491211
Wrong 15.48505973815918,15.006064414978027,15.80044937133789,15.513211250305176
Wrong 15.949972152709961,15.626646995544434,16.275083541870117,16.10053253173828
Wrong 15.159167289733887,14.575339317321777,14.870742797851562,15.248610496520996
Correct 16.116443634033203,14.944742202758789,16.289031982421875,15.925551414489746
Wrong 15.573863983154297,15.361014366149902,16.5101261138916,16.683496475219727
Correct 16.00603485107422,16.02065658569336,15.984391212463379,15.584742546081543
Wrong 15.782857894897461,15.330602645874023,15.45141315460205,15.244264602661133
Correct 16.374834060668945,15.741257667541504,16.479629516601562,16.21754264831543
Correct 15.171029090881348,14.687904357910156,15.366268157958984,14.84233570098877
Wrong 16.05912971496582,15.900108337402344,16.446510314941406,16.930160522460938
Wrong 15.253660202026367,14.662632942199707,15.117207527160645,15.340432167053223
Wrong 15.717720985412598,15.059867858886719,16.10208511352539,15.840420722961426
Correct 15.905701637268066,15.512340545654297,15.410172462463379,15.530288696289062
Correct 16.028675079345703,15.527753829956055,15.776679039001465,16.020641326904297
Wrong 16.671571731567383,15.67886734008789,16.48135757446289,16.03266716003418
Wrong 15.033355712890625,14.765481948852539,15.134599685668945,15.014739990234375
Wrong 15.371496200561523,14.694713592529297,15.257359504699707,15.821066856384277
Wrong 15.979330062866211,15.187108039855957,15.28129768371582,15.803849220275879
Correct 15.44090747833252,15.122751235961914,16.242021560668945,15.211736679077148
Wrong 15.45868968963623,15.146720886230469,16.326141357421875,16.115877151489258
Wrong 16.10956382751465,15.874826431274414,17.376413345336914,16.84035873413086
Wrong 15.586852073669434,15.717418670654297,15.468865394592285,15.583024978637695
Wrong 16.928455352783203,16.249345779418945,16.077564239501953,16.579235076904297
Wrong 15.523001670837402,15.141427993774414,15.8630952835083,16.21063232421875
Correct 15.414336204528809,15.170124053955078,16.07211685180664,15.831002235412598
Wrong 15.429118156433105,15.605751037597656,15.537373542785645,15.128179550170898
Wrong 15.898499488830566,15.23449993133545,15.671448707580566,15.464823722839355
Correct 15.591727256774902,15.242172241210938,15.056299209594727,15.409658432006836
Correct 16.499868392944336,16.113895416259766,16.369712829589844,16.25126075744629
Wrong 14.733010292053223,14.146156311035156,14.783188819885254,15.123114585876465
Wrong 15.536711692810059,15.36314582824707,15.877945899963379,15.58529281616211
Correct 15.801603317260742,15.581512451171875,15.691133499145508,15.56949234008789
Correct 15.877530097961426,15.152459144592285,16.077472686767578,15.466721534729004
Wrong 15.033539772033691,14.875045776367188,15.023680686950684,15.318632125854492
Correct 16.57068634033203,15.399199485778809,15.462151527404785,16.326763153076172
Correct 16.003036499023438,15.344277381896973,15.378691673278809,17.18020248413086
Wrong 16.105920791625977,15.524718284606934,15.992790222167969,15.242474555969238
Correct 15.821507453918457,15.54715347290039,16.074947357177734,16.12539291381836
Wrong 16.04790687561035,15.681082725524902,16.263334274291992,15.71743106842041
Wrong 15.151110649108887,14.328933715820312,16.123823165893555,16.481678009033203
Wrong 16.4657039642334,15.816986083984375,16.181602478027344,15.528892517089844
Wrong 15.54874324798584,14.972850799560547,15.541560173034668,15.350916862487793
Wrong 15.646702766418457,15.153167724609375,15.626258850097656,16.461063385009766
Correct 15.780338287353516,15.348974227905273,15.268586158752441,15.257204055786133
Correct 15.330693244934082,15.037357330322266,15.115561485290527,15.83865737915039
Wrong 16.559598922729492,15.907647132873535,16.35334587097168,16.40143394470215
Wrong 15.621434211730957,15.135542869567871,15.054259300231934,15.767430305480957
Correct 13.75129508972168,13.273101806640625,13.555339813232422,15.05426025390625
Wrong 15.815621376037598,15.778843879699707,16.46811294555664,16.200927734375
Correct 16.343080520629883,15.809751510620117,15.759603500366211,15.454878807067871
Correct 14.786526679992676,14.430368423461914,14.514423370361328,14.533411026000977
Wrong 16.046987533569336,15.247939109802246,15.34068775177002,15.283143997192383
Wrong 15.83026123046875,15.309730529785156,15.600542068481445,15.22772216796875
Wrong 15.179205894470215,14.898266792297363,16.26350975036621,16.127296447753906
Wrong 15.115137100219727,15.018515586853027,15.37279987335205,15.608953475952148
Wrong 15.513331413269043,14.993240356445312,14.861677169799805,15.255738258361816
Wrong 16.109210968017578,15.132926940917969,15.261523246765137,16.220434188842773
Wrong 15.961222648620605,15.640664100646973,15.888998031616211,16.178434371948242
Wrong 15.808337211608887,15.718245506286621,15.883552551269531,15.804750442504883
Wrong 16.228403091430664,15.819985389709473,15.882467269897461,15.949529647827148
Wrong 15.609946250915527,15.206271171569824,15.78812313079834,15.033308982849121
Wrong 16.436086654663086,16.538780212402344,16.276182174682617,16.520381927490234
Wrong 15.73033618927002,15.408041954040527,15.801623344421387,15.636617660522461
Correct 15.414388656616211,15.077207565307617,15.325104713439941,14.867619514465332
Wrong 15.942899703979492,15.299284934997559,15.55798625946045,15.39493465423584
Wrong 15.583426475524902,15.466144561767578,15.793291091918945,15.618024826049805
Wrong 15.749344825744629,15.961825370788574,16.261837005615234,15.852678298950195
Correct 15.44912052154541,15.232085227966309,15.155815124511719,15.146116256713867
Correct 15.177821159362793,14.805338859558105,14.91796875,15.09738826751709
Wrong 15.71170425415039,15.2460355758667,15.51455307006836,15.620654106140137
Wrong 15.332347869873047,14.943724632263184,15.338356971740723,15.298604011535645
Correct 15.524131774902344,15.54324722290039,16.25165367126465,15.672545433044434
Wrong 14.889211654663086,14.619815826416016,14.88837718963623,14.675192832946777
Wrong 15.867676734924316,15.343987464904785,15.581476211547852,16.103361129760742
Wrong 15.748357772827148,15.439719200134277,15.489119529724121,15.794855117797852
Wrong 15.841540336608887,15.120671272277832,15.683249473571777,16.15506362915039
Correct 15.801688194274902,15.034452438354492,15.212798118591309,15.88964557647705
Wrong 15.878597259521484,15.281389236450195,15.375873565673828,15.795074462890625
Wrong 15.406494140625,14.949771881103516,15.349153518676758,15.385008811950684
Correct 15.63907241821289,14.919268608093262,15.245607376098633,15.478412628173828
Correct 15.991866111755371,15.545660018920898,16.105039596557617,15.812763214111328
Correct 14.92193603515625,15.697603225708008,15.014291763305664,14.919465065002441
Correct 15.646878242492676,15.088773727416992,15.751991271972656,15.8438720703125
Correct 15.37216854095459,15.109783172607422,15.557217597961426,14.363813400268555
Wrong 16.46620750427246,15.72156047821045,15.768575668334961,15.69137191772461
Wrong 15.959261894226074,15.163067817687988,15.760797500610352,16.002830505371094
Wrong 15.949651718139648,15.848858833312988,16.062519073486328,15.93871021270752
Correct 15.68814754486084,15.204146385192871,15.4970703125,14.92849349975586
Wrong 15.699881553649902,15.50019359588623,16.050504684448242,15.499527931213379
Wrong 15.631880760192871,15.13967514038086,15.833041191101074,15.945667266845703
Wrong 15.862706184387207,15.599493026733398,16.211454391479492,15.55953598022461
Correct 16.275917053222656,15.521909713745117,15.857893943786621,16.379175186157227
Wrong 15.933967590332031,15.722016334533691,15.321647644042969,16.105379104614258
Correct 15.857327461242676,15.305512428283691,16.683717727661133,16.634862899780273
Correct 15.440086364746094,15.536370277404785,15.750138282775879,16.363595962524414
Wrong 15.779439926147461,15.169819831848145,15.566241264343262,15.331239700317383
Wrong 15.513474464416504,15.436328887939453,15.542394638061523,15.606807708740234
Wrong 15.386385917663574,14.75804328918457,14.907763481140137,15.120076179504395
Wrong 15.61631965637207,15.13523006439209,15.610370635986328,15.07374382019043
Correct 16.581275939941406,15.743853569030762,16.06380271911621,15.842755317687988
Correct 15.660640716552734,15.227757453918457,15.916019439697266,15.492490768432617
Correct 15.31617259979248,14.91380500793457,15.140697479248047,15.053434371948242
Wrong 15.995540618896484,15.573022842407227,16.275991439819336,15.6062593460083
Correct 15.725203514099121,15.437777519226074,16.450098037719727,16.140626907348633
Wrong 15.986950874328613,15.01447868347168,16.250699996948242,16.515871047973633
Correct 16.23522186279297,15.754746437072754,15.778385162353516,16.081411361694336
Correct 15.827147483825684,15.310266494750977,15.559087753295898,16.1932373046875
Correct 15.456855773925781,14.365579605102539,15.48898696899414,15.096771240234375
Correct 15.834885597229004,15.476218223571777,16.232227325439453,14.882430076599121
Wrong 15.98828125,15.571371078491211,16.42616081237793,15.709832191467285
Wrong 16.421951293945312,15.608214378356934,15.924860000610352,15.736688613891602
Correct 15.929551124572754,15.465081214904785,15.34111499786377,15.704826354980469
Correct 15.702465057373047,15.30577564239502,15.956701278686523,15.726603507995605
Wrong 15.878254890441895,15.314664840698242,16.18798065185547,16.17523193359375
Wrong 16.631444931030273,16.287342071533203,16.64276695251465,16.881765365600586
Correct 15.083643913269043,14.745390892028809,14.59978199005127,15.875328063964844
Wrong 15.199028968811035,14.645479202270508,15.048094749450684,16.162446975708008
Wrong 16.215822219848633,16.03575325012207,15.931514739990234,15.492552757263184
Correct 16.088239669799805,15.921887397766113,15.672091484069824,16.75956916809082
Wrong 15.747725486755371,14.982555389404297,15.248137474060059,15.966558456420898
Correct 15.271089553833008,15.080607414245605,16.512840270996094,15.183086395263672
Wrong 15.657118797302246,15.442116737365723,15.600770950317383,15.380062103271484
Wrong 15.837109565734863,15.167268753051758,15.676486015319824,15.235880851745605
Wrong 15.438141822814941,15.203157424926758,15.86378288269043,15.302265167236328
Wrong 15.707432746887207,14.909408569335938,15.798985481262207,15.299287796020508
Wrong 15.099535942077637,14.86390495300293,15.083978652954102,14.699790000915527
Wrong 16.69864273071289,16.218090057373047,16.46232795715332,16.149005889892578
Wrong 15.516658782958984,14.960953712463379,16.20654296875,15.386198043823242
Wrong 15.461957931518555,15.239026069641113,16.405141830444336,16.524747848510742
Wrong 15.696868896484375,15.099949836730957,15.328125953674316,15.913623809814453
Correct 16.026683807373047,15.893113136291504,16.791439056396484,15.7930326461792
Wrong 16.50930404663086,16.12210464477539,16.35367774963379,15.887287139892578
Correct 15.133923530578613,16.234085083007812,15.726875305175781,15.738166809082031
Wrong 15.186236381530762,14.668148040771484,14.517585754394531,14.823777198791504
Correct 15.872530937194824,15.52344036102295,16.43117332458496,16.306156158447266
Wrong 15.27055835723877,15.619997024536133,15.517602920532227,15.795625686645508
Wrong 15.715677261352539,15.710150718688965,15.686326026916504,15.706881523132324
Wrong 15.966619491577148,15.787568092346191,15.698476791381836,15.294986724853516
Wrong 16.183578491210938,15.492288589477539,15.36760425567627,15.286941528320312
Wrong 15.574060440063477,15.344173431396484,15.625194549560547,14.984350204467773
Wrong 16.02902603149414,15.47154426574707,15.884101867675781,15.899568557739258
Correct 15.710305213928223,15.329995155334473,15.963345527648926,15.900601387023926
Wrong 14.771449089050293,14.900275230407715,15.21709156036377,14.583325386047363
Correct 16.792633056640625,15.960963249206543,16.023353576660156,15.853272438049316
Correct 15.453156471252441,15.683096885681152,15.714241981506348,16.349605560302734
Correct 16.328123092651367,15.560006141662598,15.24800968170166,15.163907051086426
Correct 15.664230346679688,15.298897743225098,15.524738311767578,15.113247871398926
Correct 15.194036483764648,15.058609008789062,15.011387825012207,15.880688667297363
Wrong 16.50261116027832,16.341787338256836,16.733516693115234,16.731775283813477
Wrong 15.15447998046875,14.999970436096191,15.599261283874512,15.602617263793945
Correct 16.873878479003906,15.893845558166504,16.714754104614258,15.675296783447266
Wrong 15.827723503112793,15.22961711883545,15.841693878173828,15.318416595458984
Wrong 16.214052200317383,15.431736946105957,16.867380142211914,16.11296272277832
Correct 16.202905654907227,15.85008716583252,16.004613876342773,15.829883575439453
Correct 15.090710639953613,14.387063026428223,15.102118492126465,16.388437271118164
Wrong 15.53897762298584,14.952820777893066,15.377904891967773,15.39733600616455
Wrong 15.232324600219727,15.351785659790039,15.7473783493042,15.729700088500977
Wrong 15.173310279846191,14.671911239624023,14.639683723449707,14.741284370422363
Correct 16.20547866821289,15.724664688110352,16.14094352722168,16.295764923095703
Correct 14.83069133758545,14.288098335266113,15.256757736206055,15.18962287902832
Wrong 15.570211410522461,15.330785751342773,15.631468772888184,15.379121780395508
Correct 15.393482208251953,15.090219497680664,15.578369140625,15.106303215026855
Wrong 15.282238960266113,14.75034236907959,15.265424728393555,15.052756309509277
Correct 15.995702743530273,15.051108360290527,15.06907844543457,15.716780662536621
Wrong 15.577619552612305,14.878097534179688,15.223749160766602,15.197131156921387
Correct 15.761816024780273,15.088297843933105,16.040803909301758,15.494546890258789
Wrong 15.744505882263184,15.086600303649902,15.511930465698242,14.805694580078125
Wrong 17.268619537353516,16.133127212524414,15.964375495910645,16.43317222595215
Wrong 16.122737884521484,15.960121154785156,16.042631149291992,15.620266914367676
Wrong 15.913307189941406,15.13587474822998,15.677522659301758,15.364900588989258
Wrong 15.584493637084961,15.105204582214355,15.252982139587402,15.215391159057617
Wrong 14.41141414642334,13.865228652954102,14.832183837890625,14.691774368286133
Wrong 15.137478828430176,14.637022018432617,15.115289688110352,15.117243766784668
Wrong 15.366640090942383,14.930397987365723,15.676015853881836,15.124760627746582
Correct 15.09866714477539,15.912023544311523,15.141494750976562,15.644330024719238
Wrong 15.773929595947266,15.137252807617188,15.776566505432129,16.09384536743164
Correct 15.038885116577148,14.411409378051758,14.240795135498047,14.080157279968262
Correct 15.675668716430664,14.736154556274414,15.282094955444336,16.006237030029297
Wrong 15.48554515838623,15.390934944152832,15.52977180480957,15.653793334960938
Wrong 15.223097801208496,15.09554672241211,15.47050952911377,15.38903522491455
Correct 16.116350173950195,15.379318237304688,15.340375900268555,15.588366508483887
Correct 15.741318702697754,16.004444122314453,16.573959350585938,16.342077255249023
Correct 16.107519149780273,15.237911224365234,15.636235237121582,15.332563400268555
Correct 15.486051559448242,15.543169975280762,15.498831748962402,14.953608512878418
Correct 14.820637702941895,14.350930213928223,14.536227226257324,13.970353126525879
Wrong 15.720459938049316,14.788447380065918,14.731071472167969,14.654033660888672
Wrong 15.347920417785645,15.471144676208496,16.291452407836914,15.633257865905762
Wrong 15.180538177490234,15.1831636428833,14.999581336975098,15.25412654876709
Correct 15.558145523071289,14.962509155273438,15.704690933227539,15.651305198669434
Wrong 15.87869930267334,15.51754379272461,16.119592666625977,15.626087188720703
Wrong 14.82055950164795,15.862252235412598,15.065832138061523,15.851405143737793
Correct 15.554718017578125,15.14621639251709,15.506584167480469,16.878690719604492
Wrong 15.776019096374512,15.407546043395996,16.000877380371094,16.202220916748047
Wrong 15.774520874023438,15.46888542175293,15.293243408203125,16.074310302734375
Wrong 15.596687316894531,15.502373695373535,15.898276329040527,15.674915313720703
Correct 16.076662063598633,15.497504234313965,16.729597091674805,16.167369842529297
Wrong 16.369569778442383,15.75107192993164,15.899307250976562,15.953731536865234
Wrong 16.032012939453125,15.350410461425781,15.53524398803711,15.986249923706055
Correct 16.011817932128906,15.051067352294922,15.21927261352539,15.483911514282227
Wrong 15.428869247436523,15.010953903198242,15.721077919006348,15.33349895477295
Wrong 15.200031280517578,14.941180229187012,14.766776084899902,15.181302070617676
Correct 15.60000228881836,15.37301254272461,15.488771438598633,15.999406814575195
Correct 15.760696411132812,15.679472923278809,17.13494300842285,15.707849502563477
Wrong 15.220550537109375,15.28255844116211,15.72666072845459,15.43517017364502
Correct 16.38530731201172,15.595658302307129,17.025476455688477,15.572535514831543
Wrong 15.306921005249023,15.051329612731934,15.475508689880371,16.16791534423828
Wrong 15.127273559570312,14.617973327636719,14.889304161071777,14.934301376342773
Wrong 15.780980110168457,15.132984161376953,15.495912551879883,15.343235969543457
Wrong 15.505794525146484,14.51280689239502,14.502876281738281,14.709914207458496
Wrong 15.38676929473877,15.258294105529785,15.078603744506836,15.315389633178711
Wrong 15.3030424118042,14.737603187561035,16.092449188232422,15.637434959411621
Wrong 16.099369049072266,16.158700942993164,16.360477447509766,15.927933692932129
Correct 15.446769714355469,15.037915229797363,15.55427360534668,15.020325660705566
Correct 15.9861478805542,15.365161895751953,15.437397003173828,15.35685920715332
Correct 15.353180885314941,15.211638450622559,14.964552879333496,15.920063018798828
Correct 15.74021053314209,14.975183486938477,15.277563095092773,15.430541038513184
Correct 15.575745582580566,15.094440460205078,16.113046646118164,15.894392967224121
Wrong 15.828838348388672,15.164362907409668,15.622729301452637,15.263978004455566
Wrong 15.577095031738281,15.264031410217285,15.990493774414062,15.745376586914062
Correct 16.324922561645508,15.855538368225098,16.4486083984375,16.281068801879883
Correct 15.292352676391602,15.10348892211914,16.37059783935547,15.06555461883545
Correct 15.47516918182373,15.045177459716797,16.088863372802734,16.170936584472656
Correct 16.24907684326172,15.630905151367188,17.15265464782715,16.106985092163086
Wrong 15.237802505493164,14.354950904846191,14.853833198547363,14.353816986083984
Wrong 15.145511627197266,15.275375366210938,15.664530754089355,15.27464771270752
Correct 15.495936393737793,15.376446723937988,16.354217529296875,15.593597412109375
Wrong 16.49587059020996,16.407516479492188,16.649744033813477,16.384023666381836
Correct 15.59988784790039,14.843121528625488,14.994024276733398,15.063887596130371
Wrong 16.279565811157227,15.973073959350586,15.713678359985352,15.845351219177246
Wrong 15.685994148254395,15.259894371032715,15.64271068572998,15.247944831848145
Correct 15.179930686950684,14.687749862670898,14.902301788330078,15.64803409576416
Wrong 15.296152114868164,14.789793014526367,15.448729515075684,15.909965515136719
Correct 16.402833938598633,15.424837112426758,15.916613578796387,15.391778945922852
Wrong 15.642706871032715,14.883941650390625,14.977198600769043,15.956974029541016
Wrong 15.870503425598145,15.444846153259277,15.628485679626465,15.301529884338379
Wrong 15.537165641784668,15.108847618103027,14.830227851867676,15.079564094543457
Correct 15.252188682556152,15.272971153259277,15.296257019042969,15.968999862670898
Wrong 16.34560775756836,15.353711128234863,15.42889404296875,15.482735633850098
Correct 16.104129791259766,15.186887741088867,15.609410285949707,15.601308822631836
Wrong 16.604185104370117,15.99670124053955,16.350778579711914,16.11777114868164
Wrong 15.739258766174316,15.426454544067383,16.07452392578125,15.565780639648438
Correct 15.975179672241211,15.675285339355469,16.479448318481445,16.371023178100586
Wrong 15.460223197937012,14.974310874938965,15.161054611206055,14.379377365112305
Wrong 15.720122337341309,15.74460506439209,16.029619216918945,16.14988136291504
Correct 15.948121070861816,15.118902206420898,16.447465896606445,16.11868667602539
Correct 15.166481018066406,14.926326751708984,15.81479263305664,15.252065658569336
Wrong 16.00921630859375,15.718029975891113,16.27396583557129,16.16396713256836
Correct 15.730939865112305,15.864648818969727,15.603240966796875,16.57413673400879
Correct 15.376551628112793,15.063443183898926,15.670523643493652,14.902361869812012
Wrong 15.853468894958496,15.27377986907959,15.585927963256836,15.947751998901367
Wrong 15.682403564453125,15.129403114318848,16.73712158203125,15.422988891601562
Correct 16.141996383666992,15.836845397949219,16.20272445678711,15.81861686706543
Correct 14.64182186126709,14.501407623291016,14.304130554199219,14.394803047180176
Wrong 15.694317817687988,15.20715618133545,15.609269142150879,15.640946388244629
Wrong 16.859189987182617,15.378875732421875,16.010509490966797,16.875652313232422
Wrong 15.508914947509766,15.300508499145508,15.561643600463867,15.521467208862305
Correct 15.007220268249512,14.772233963012695,15.603912353515625,15.027264595031738
Correct 14.9700288772583,14.46696949005127,15.170637130737305,14.861827850341797
Correct 16.499393463134766,15.386691093444824,15.736751556396484,15.913093566894531
Correct 15.544925689697266,15.166994094848633,15.728911399841309,16.49799346923828
Correct 15.227700233459473,15.029033660888672,17.055362701416016,16.111722946166992
Correct 15.074267387390137,14.218245506286621,16.10396957397461,15.224577903747559
Wrong 15.566184997558594,14.614768028259277,15.569287300109863,14.936310768127441
Correct 15.84284496307373,16.164505004882812,15.88926887512207,14.981305122375488
Wrong 16.185625076293945,15.136380195617676,15.65871524810791,14.677376747131348
Wrong 15.757833480834961,14.97451114654541,15.978426933288574,15.764443397521973
Wrong 16.40867805480957,15.904213905334473,16.046512603759766,16.294458389282227
Correct 15.75582218170166,15.612363815307617,16.307247161865234,15.916391372680664
Correct 15.467721939086914,15.621577262878418,16.26942253112793,15.58028793334961
Correct 14.56225299835205,16.21051025390625,15.401924133300781,15.48611831665039
Wrong 15.928557395935059,16.02037239074707,16.525558471679688,16.045320510864258
Wrong 15.951623916625977,15.008455276489258,15.289199829101562,16.40789031982422
Wrong 15.95280933380127,15.485942840576172,15.278448104858398,15.13880443572998
Wrong 15.809229850769043,15.462309837341309,16.024045944213867,15.870185852050781
Wrong 16.23331069946289,15.888592720031738,17.042390823364258,16.814741134643555
Wrong 15.747401237487793,15.579217910766602,16.290468215942383,16.239412307739258
Wrong 15.403387069702148,14.812722206115723,15.250588417053223,15.46942138671875
Wrong 16.284257888793945,15.544271469116211,16.15494155883789,16.247461318969727
Wrong 15.335667610168457,14.765830039978027,15.091182708740234,15.041762351989746
Wrong 15.751020431518555,15.113408088684082,15.186481475830078,15.27398681640625
Wrong 16.097219467163086,15.333667755126953,15.505638122558594,15.995368003845215
Wrong 15.860146522521973,15.204549789428711,15.731783866882324,15.493499755859375
Correct 14.683303833007812,15.208348274230957,15.033153533935547,14.595451354980469
Wrong 15.464496612548828,15.469585418701172,14.96239948272705,14.619556427001953
Wrong 14.923835754394531,14.626106262207031,14.377211570739746,14.382232666015625
Correct 16.123414993286133,16.176488876342773,16.151954650878906,16.54984474182129
Wrong 16.201461791992188,15.44323444366455,16.21422004699707,16.191503524780273
Wrong 15.237645149230957,14.5255126953125,14.845219612121582,15.298012733459473
Correct 14.624970436096191,14.878042221069336,16.23579216003418,14.483417510986328
Wrong 16.016895294189453,15.194792747497559,16.18637466430664,16.08538818359375
Correct 15.10244369506836,14.560458183288574,14.954795837402344,15.581711769104004
Wrong 16.530439376831055,15.397205352783203,15.659075736999512,16.236406326293945
Wrong 15.21578311920166,15.845425605773926,15.44706916809082,15.939449310302734
Correct 15.403861999511719,14.45580005645752,14.980195045471191,16.180477142333984
Wrong 15.655220031738281,15.597786903381348,15.71638298034668,15.403417587280273
Correct 15.614190101623535,14.933206558227539,15.268474578857422,15.20805835723877
