grade confidence_levels
Wrong 14.702213287353516,13.773003578186035,14.01345157623291,13.87818431854248
Wrong 14.844206809997559,13.954174041748047,13.994166374206543,13.700204849243164
Correct 15.483482360839844,14.880430221557617,15.201521873474121,14.745885848999023
Wrong 14.562310218811035,14.086210250854492,14.492198944091797,13.785276412963867
Wrong 15.21206283569336,14.74216365814209,14.960638999938965,14.770365715026855
Wrong 15.384675025939941,14.431561470031738,14.337898254394531,14.443126678466797
Wrong 14.584990501403809,13.546431541442871,14.005844116210938,13.262319564819336
Wrong 12.028007507324219,10.721134185791016,10.265633583068848,10.365297317504883
Wrong 14.265388488769531,13.31891918182373,13.202226638793945,12.949113845825195
Wrong 15.305956840515137,14.842915534973145,15.030061721801758,14.309091567993164
Wrong 14.837753295898438,14.032894134521484,14.337475776672363,13.997177124023438
Correct 11.784296989440918,9.69770336151123,9.259995460510254,8.333439826965332
Wrong 14.489768028259277,13.746556282043457,14.48806095123291,14.00211238861084
Correct 9.796828269958496,8.978179931640625,8.545144081115723,8.339689254760742
Wrong 15.052367210388184,14.23038387298584,14.680295944213867,14.144317626953125
Wrong 15.306563377380371,14.672697067260742,14.890406608581543,14.410835266113281
Wrong 14.580754280090332,14.103920936584473,14.399130821228027,14.208064079284668
Wrong 9.797052383422852,8.145164489746094,6.805820465087891,6.742343902587891
Wrong 15.676384925842285,14.253544807434082,14.325268745422363,14.514398574829102
Wrong 10.353909492492676,8.24399185180664,7.738293170928955,7.572588920593262
Wrong 15.18764591217041,13.517159461975098,13.914420127868652,13.340779304504395
Correct 10.50064468383789,8.655872344970703,8.616205215454102,8.929632186889648
Correct 15.144758224487305,14.821105003356934,14.609786987304688,14.33431339263916
Wrong 13.060561180114746,11.571334838867188,11.318917274475098,11.123800277709961
Correct 14.681547164916992,13.141033172607422,13.374347686767578,12.926989555358887
Wrong 13.099658966064453,11.565629005432129,11.667668342590332,11.521244049072266
Wrong 15.406017303466797,14.66998291015625,15.115811347961426,14.28526496887207
Correct 15.218984603881836,12.566459655761719,13.391813278198242,13.51264476776123
Correct 14.974278450012207,15.690817832946777,14.621832847595215,13.96091079711914
Wrong 15.028087615966797,14.293673515319824,14.425127029418945,14.197558403015137
Wrong 10.767775535583496,9.3776216506958,9.312182426452637,9.381917953491211
Correct 10.320347785949707,9.457280158996582,9.290314674377441,9.058978080749512
Wrong 14.373221397399902,13.896329879760742,14.044229507446289,13.503057479858398
Wrong 14.628498077392578,13.54129409790039,13.870087623596191,13.436104774475098
Correct 15.613529205322266,14.681468963623047,15.64218807220459,14.639100074768066
Correct 14.865633010864258,14.318170547485352,14.475751876831055,14.284564971923828
Wrong 14.415273666381836,14.056562423706055,14.776581764221191,14.270251274108887
Wrong 14.718844413757324,13.60883903503418,13.875750541687012,13.684168815612793
Wrong 14.157600402832031,13.20610237121582,13.723122596740723,12.818197250366211
Wrong 14.58138656616211,13.68490982055664,14.040802955627441,13.373520851135254
Correct 14.87131404876709,14.277201652526855,14.47863483428955,13.982199668884277
Correct 15.970663070678711,15.726801872253418,15.673954010009766,15.451470375061035
Correct 14.07739543914795,13.991301536560059,13.781046867370605,13.574030876159668
Wrong 8.941381454467773,6.915517330169678,6.066401481628418,6.30845832824707
Correct 15.39400863647461,14.736555099487305,15.104419708251953,14.83396053314209
Wrong 14.592076301574707,14.00537395477295,14.293848991394043,13.902225494384766
Wrong 9.831815719604492,8.556575775146484,8.472613334655762,7.527629375457764
Wrong 14.067892074584961,14.341777801513672,13.435070991516113,13.003375053405762
Wrong 15.143507957458496,14.802863121032715,15.41650676727295,15.02355670928955
Wrong 14.358752250671387,13.612788200378418,14.089574813842773,13.2556791305542
Wrong 14.508512496948242,13.648011207580566,14.09323787689209,14.286128044128418
Correct 15.913992881774902,14.796072959899902,14.991289138793945,14.215216636657715
Wrong 15.337238311767578,15.103402137756348,14.98625373840332,14.600373268127441
Wrong 14.77076244354248,13.451741218566895,13.553854942321777,13.167839050292969
Wrong 16.072463989257812,15.085894584655762,15.489623069763184,14.980965614318848
Wrong 14.467364311218262,14.187366485595703,13.30582332611084,13.669291496276855
Wrong 15.022380828857422,14.500082969665527,14.64013671875,14.370768547058105
Correct 14.814737319946289,14.523738861083984,15.05696964263916,14.364364624023438
Correct 14.442359924316406,13.240106582641602,13.496647834777832,12.667577743530273
Correct 10.206958770751953,8.508166313171387,7.7691521644592285,7.219032287597656
Wrong 14.614866256713867,13.576297760009766,13.871960639953613,13.487296104431152
Correct 14.44265079498291,13.349322319030762,13.41221809387207,13.222026824951172
Wrong 14.707486152648926,13.886584281921387,14.042684555053711,13.674311637878418
Correct 14.451183319091797,13.210552215576172,13.062335014343262,12.785187721252441
Wrong 14.681045532226562,13.9005126953125,13.81577205657959,13.473891258239746
Correct 14.89560317993164,14.09046745300293,14.449427604675293,13.940032958984375
Wrong 14.567660331726074,13.786818504333496,13.770608901977539,13.690080642700195
Wrong 15.57565975189209,14.557499885559082,14.828716278076172,14.59170913696289
Correct 14.461997985839844,13.469776153564453,14.65664291381836,13.427441596984863
Wrong 9.905558586120605,7.7870001792907715,7.76910400390625,7.5147552490234375
Wrong 10.558156967163086,9.302423477172852,10.03493881225586,9.179142951965332
Wrong 15.031152725219727,14.117894172668457,14.040769577026367,13.879512786865234
Correct 15.360578536987305,14.60952377319336,14.546822547912598,14.254742622375488
Wrong 14.913103103637695,14.100486755371094,14.327740669250488,14.245619773864746
Wrong 13.874088287353516,13.338391304016113,13.284189224243164,12.8800048828125
Wrong 14.736919403076172,13.510509490966797,13.742719650268555,13.23237419128418
Wrong 16.211700439453125,15.6869478225708,15.528907775878906,14.910780906677246
Correct 16.091400146484375,15.931160926818848,15.198342323303223,15.29568099975586
Wrong 15.01451301574707,14.419831275939941,14.731487274169922,14.620100021362305
Wrong 13.74913501739502,12.9594144821167,12.860713005065918,12.044626235961914
Correct 16.670690536499023,14.41188907623291,14.921747207641602,14.77469539642334
Wrong 10.550418853759766,9.378795623779297,9.640467643737793,9.844938278198242
Wrong 16.11894416809082,16.072542190551758,15.4321928024292,15.687131881713867
Correct 15.091116905212402,14.387238502502441,14.558425903320312,14.260333061218262
Wrong 16.056045532226562,15.321342468261719,15.555612564086914,15.42684268951416
Wrong 17.042573928833008,16.27495765686035,16.275014877319336,15.86618423461914
Correct 15.217558860778809,15.05270767211914,15.632357597351074,14.636974334716797
Correct 11.848650932312012,9.809403419494629,8.98676872253418,8.768349647521973
Wrong 15.188815116882324,14.609110832214355,15.234752655029297,14.621861457824707
Wrong 10.588556289672852,10.002728462219238,9.718029022216797,9.325160026550293
Wrong 14.553802490234375,14.458366394042969,14.51270866394043,14.261329650878906
Correct 15.014032363891602,13.974736213684082,13.975821495056152,13.597201347351074
Wrong 14.359884262084961,12.994172096252441,13.476217269897461,12.661921501159668
Wrong 14.571924209594727,13.92902660369873,14.265971183776855,13.941494941711426
Wrong 10.687799453735352,8.899951934814453,8.7841796875,8.710237503051758
Correct 9.945295333862305,8.687124252319336,8.012826919555664,7.60216760635376
Wrong 14.705549240112305,13.831188201904297,13.730469703674316,13.249281883239746
Correct 15.400206565856934,14.703241348266602,14.773242950439453,14.387666702270508
Wrong 14.962605476379395,13.976385116577148,14.482854843139648,14.035934448242188
Wrong 14.395779609680176,13.496142387390137,13.646471977233887,13.135466575622559
Wrong 14.322613716125488,13.726899147033691,13.93032169342041,13.583285331726074
Wrong 12.7877836227417,12.102505683898926,12.679451942443848,11.42695140838623
Correct 14.711647987365723,13.52543830871582,13.727293014526367,13.574454307556152
Wrong 14.48351764678955,14.28704833984375,14.498785972595215,14.245723724365234
Wrong 14.685466766357422,13.93490982055664,14.231499671936035,13.862136840820312
Correct 15.014887809753418,14.616321563720703,14.717318534851074,13.832849502563477
Correct 9.54244327545166,8.304977416992188,7.819873809814453,7.075342178344727
Wrong 14.554969787597656,13.851462364196777,13.999824523925781,13.87110710144043
Wrong 14.27835464477539,13.567787170410156,13.615055084228516,13.604236602783203
Correct 14.845938682556152,14.135233879089355,14.343856811523438,14.129446983337402
Correct 14.421430587768555,13.453661918640137,14.023109436035156,13.20020866394043
Correct 14.235746383666992,14.501632690429688,14.188907623291016,13.02069091796875
Wrong 14.857733726501465,14.067200660705566,14.178435325622559,13.784658432006836
Wrong 15.296956062316895,14.908020973205566,15.208227157592773,14.49061107635498
Correct 14.749805450439453,14.898393630981445,14.498939514160156,14.019425392150879
Wrong 14.585721969604492,13.187620162963867,13.702698707580566,13.231058120727539
Wrong 15.14534854888916,14.136536598205566,14.183712005615234,13.962894439697266
Wrong 14.501371383666992,13.697304725646973,14.12553882598877,13.590815544128418
Wrong 14.98130989074707,14.706524848937988,15.089639663696289,15.033617973327637
Wrong 9.675928115844727,8.679216384887695,8.340133666992188,8.794240951538086
Wrong 14.425803184509277,13.442316055297852,13.385245323181152,12.943952560424805
Wrong 14.294925689697266,13.537824630737305,14.060418128967285,13.082344055175781
Wrong 13.843559265136719,12.964853286743164,12.310080528259277,12.045639038085938
Correct 14.93496036529541,13.411253929138184,13.357257843017578,13.268760681152344
Wrong 14.86685848236084,14.092113494873047,13.772650718688965,13.72212028503418
Correct 14.54392147064209,14.19236946105957,14.356256484985352,14.263457298278809
Wrong 14.896231651306152,14.459273338317871,14.492634773254395,14.620055198669434
Wrong 9.402233123779297,8.346206665039062,8.612579345703125,8.210528373718262
Wrong 16.01003646850586,14.81343936920166,15.071426391601562,14.529202461242676
Correct 14.904197692871094,14.441888809204102,14.691932678222656,14.148259162902832
Wrong 14.535933494567871,13.715310096740723,14.019816398620605,13.580462455749512
Wrong 10.253921508789062,9.081371307373047,8.990262985229492,8.689919471740723
Correct 14.282206535339355,14.22541618347168,15.132609367370605,14.685933113098145
Correct 15.144679069519043,14.751821517944336,15.05433177947998,14.278559684753418
Wrong 10.540956497192383,9.177704811096191,9.045654296875,8.637375831604004
Wrong 15.887638092041016,15.379353523254395,16.066171646118164,15.104997634887695
Wrong 14.803472518920898,13.547599792480469,14.16274642944336,13.817084312438965
Wrong 8.953479766845703,7.677612781524658,7.5873613357543945,7.2894287109375
Wrong 15.383709907531738,15.359697341918945,15.274042129516602,15.11442756652832
Wrong 14.958694458007812,14.115986824035645,14.40386962890625,14.120099067687988
Wrong 16.22662925720215,15.454379081726074,15.992606163024902,15.39615249633789
Wrong 15.076812744140625,14.068852424621582,14.013984680175781,13.90992259979248
Wrong 15.224923133850098,14.450715065002441,14.911550521850586,14.59698486328125
Correct 13.454120635986328,12.915754318237305,14.540312767028809,12.765006065368652
Correct 9.7512845993042,8.126294136047363,8.029128074645996,7.315623760223389
Wrong 15.443870544433594,15.037701606750488,15.20123291015625,15.066478729248047
Wrong 14.93039321899414,14.356363296508789,14.066326141357422,13.984954833984375
Wrong 14.39744758605957,13.265413284301758,13.607516288757324,13.097698211669922
Wrong 14.421098709106445,13.390464782714844,13.748753547668457,13.04310131072998
Wrong 14.31077766418457,13.319047927856445,13.389320373535156,12.784791946411133
Wrong 15.054792404174805,14.828879356384277,14.814140319824219,14.418805122375488
Wrong 15.420385360717773,14.63106918334961,14.458755493164062,14.495941162109375
Correct 14.46245002746582,13.510740280151367,13.83791446685791,13.3804349899292
Wrong 14.2803316116333,13.110345840454102,12.962675094604492,12.700264930725098
Wrong 13.633843421936035,12.670402526855469,12.889280319213867,12.490752220153809
Wrong 10.344084739685059,9.84726619720459,9.491458892822266,9.088996887207031
Correct 13.599369049072266,12.73106575012207,12.34609603881836,12.028116226196289
Wrong 14.773926734924316,14.264286041259766,14.4766263961792,14.550939559936523
Wrong 15.663586616516113,15.11036491394043,15.226861953735352,14.958174705505371
Wrong 14.550273895263672,14.245271682739258,13.838306427001953,13.701216697692871
Wrong 14.3877534866333,13.637207984924316,13.828680992126465,13.850350379943848
Correct 14.38199234008789,13.968426704406738,13.921517372131348,13.996504783630371
Wrong 14.380999565124512,13.561141014099121,13.513318061828613,13.159728050231934
Wrong 15.561461448669434,14.538263320922852,15.168840408325195,14.363369941711426
Correct 14.777249336242676,13.861761093139648,14.096413612365723,13.513556480407715
Correct 15.181034088134766,14.383740425109863,14.76559829711914,14.411449432373047
Wrong 13.959321975708008,12.523202896118164,12.61055850982666,12.528457641601562
Correct 9.552104949951172,9.656004905700684,8.886516571044922,8.261265754699707
Wrong 14.700538635253906,13.513313293457031,13.879201889038086,13.339012145996094
Wrong 14.849542617797852,13.584009170532227,13.856034278869629,13.487497329711914
Correct 15.109455108642578,15.624736785888672,13.855769157409668,14.145681381225586
Correct 15.320355415344238,15.202095031738281,15.140881538391113,14.731118202209473
Wrong 14.819389343261719,13.515824317932129,14.16974925994873,13.526983261108398
Correct 15.460345268249512,15.074657440185547,15.208148956298828,14.479703903198242
Wrong 15.655031204223633,15.187092781066895,15.137470245361328,14.85922908782959
Wrong 14.524436950683594,13.802909851074219,13.715511322021484,13.52968978881836
Wrong 10.521373748779297,9.210009574890137,8.856644630432129,8.679155349731445
Wrong 10.40240478515625,9.070272445678711,8.517203330993652,8.578690528869629
Wrong 11.625568389892578,10.915501594543457,10.064047813415527,9.298855781555176
Wrong 14.684271812438965,13.932141304016113,14.251521110534668,13.997506141662598
Wrong 14.185430526733398,13.872236251831055,13.65362548828125,13.448554992675781
Wrong 9.241284370422363,7.695289611816406,7.841582775115967,7.592189788818359
Correct 10.714883804321289,9.653944969177246,8.76937484741211,8.5269193649292
Wrong 15.412734031677246,14.55245590209961,14.676867485046387,14.557502746582031
Wrong 10.325737953186035,9.202319145202637,8.832084655761719,9.021617889404297
Wrong 11.013299942016602,9.62828254699707,8.937761306762695,8.377635955810547
Wrong 14.370534896850586,12.839856147766113,13.08110523223877,12.568532943725586
Correct 14.277508735656738,13.251185417175293,13.159416198730469,12.157235145568848
Wrong 14.439204216003418,13.416563034057617,13.711454391479492,13.106795310974121
Correct 15.944056510925293,15.543388366699219,15.902661323547363,15.463899612426758
Wrong 14.2517728805542,12.714630126953125,13.020594596862793,12.708721160888672
Wrong 15.006434440612793,14.140254020690918,14.15430736541748,13.644594192504883
Wrong 15.460119247436523,15.270550727844238,15.551180839538574,15.159675598144531
Correct 15.568690299987793,15.176413536071777,15.371888160705566,14.417826652526855
Wrong 14.599543571472168,13.64698314666748,13.896842956542969,13.72239875793457
Wrong 9.242036819458008,8.244647979736328,8.099106788635254,7.707504749298096
Correct 14.327054023742676,13.90444278717041,13.825650215148926,13.753477096557617
Correct 14.600801467895508,13.562833786010742,13.69556713104248,13.340475082397461
Wrong 9.55582046508789,8.987462997436523,8.377958297729492,8.218022346496582
Wrong 17.184337615966797,16.513042449951172,16.244369506835938,16.024953842163086
Wrong 9.978848457336426,8.028388977050781,7.235601425170898,6.4610443115234375
Wrong 14.33604621887207,13.313234329223633,13.600288391113281,12.965316772460938
Wrong 15.490795135498047,14.747873306274414,14.71801471710205,14.472265243530273
Wrong 14.536828994750977,13.327743530273438,13.607595443725586,13.051030158996582
Correct 14.055741310119629,13.546993255615234,13.235053062438965,12.993471145629883
Wrong 14.702908515930176,14.17979621887207,14.608440399169922,13.9806489944458
Wrong 14.38805866241455,13.404040336608887,13.101398468017578,13.581113815307617
Wrong 15.224899291992188,13.951483726501465,14.380791664123535,13.956513404846191
Correct 9.473885536193848,8.834062576293945,9.743155479431152,8.711483001708984
Wrong 14.82003116607666,14.049009323120117,13.34833812713623,13.419230461120605
Wrong 14.642006874084473,13.541919708251953,13.799619674682617,13.091826438903809
Wrong 14.618544578552246,13.766342163085938,13.796771049499512,13.74685001373291
Wrong 15.560776710510254,14.902217864990234,15.30888843536377,14.32298755645752
Wrong 14.673426628112793,14.096659660339355,14.166813850402832,13.850018501281738
Wrong 14.773463249206543,13.735217094421387,14.008195877075195,13.91807746887207
Wrong 14.76346206665039,14.035506248474121,14.254400253295898,13.752710342407227
Correct 15.667768478393555,15.111526489257812,14.93082332611084,14.616178512573242
Correct 9.963997840881348,9.151735305786133,8.491804122924805,7.9866509437561035
Wrong 15.313309669494629,14.976155281066895,15.219338417053223,14.669167518615723
Wrong 10.380017280578613,9.200620651245117,9.071502685546875,8.750264167785645
Wrong 14.562223434448242,13.69580364227295,13.827210426330566,13.19969654083252
Wrong 15.185194969177246,13.584992408752441,13.750418663024902,13.573686599731445
Correct 15.301976203918457,14.698387145996094,15.415549278259277,14.23342227935791
Wrong 14.709990501403809,13.881634712219238,14.11633586883545,13.691546440124512
Wrong 14.02901840209961,13.204513549804688,13.164628982543945,12.871753692626953
Wrong 11.087858200073242,9.966996192932129,9.131757736206055,8.673759460449219
Wrong 15.858121871948242,15.765177726745605,14.58180046081543,15.339957237243652
Wrong 10.990572929382324,9.407032012939453,8.735623359680176,8.300802230834961
Wrong 13.70437240600586,12.536721229553223,12.222846031188965,12.234663009643555
Wrong 15.59788703918457,15.23779582977295,15.120439529418945,14.650772094726562
Wrong 15.499919891357422,14.694742202758789,14.87399959564209,14.621414184570312
Correct 13.343684196472168,11.804194450378418,11.41329288482666,11.341222763061523
Correct 15.483036041259766,14.997512817382812,14.98178482055664,14.746087074279785
Wrong 14.708155632019043,14.47384262084961,14.308948516845703,14.150904655456543
Wrong 8.526296615600586,6.737893581390381,6.088427543640137,5.357810020446777
Correct 8.663966178894043,7.527295112609863,7.363293647766113,6.526010990142822
Correct 14.571941375732422,14.288885116577148,15.155097961425781,14.161206245422363
Correct 15.419164657592773,14.793339729309082,14.89421272277832,14.526124954223633
Correct 15.545443534851074,14.068016052246094,14.185495376586914,13.917315483093262
Wrong 9.746633529663086,8.506667137145996,8.09626579284668,7.943894863128662
Wrong 9.359195709228516,8.113556861877441,8.15299129486084,7.86210298538208
Wrong 15.170024871826172,14.515775680541992,14.322823524475098,14.612818717956543
Correct 14.772150039672852,13.927632331848145,13.98134994506836,13.519198417663574
Wrong 16.088932037353516,16.085933685302734,15.968974113464355,15.801887512207031
Wrong 10.012762069702148,8.35558795928955,8.25936222076416,7.362257480621338
Wrong 9.710188865661621,8.218839645385742,8.047844886779785,7.508569240570068
Correct 15.7593355178833,14.63454532623291,14.954338073730469,14.615517616271973
Correct 14.875653266906738,13.455535888671875,13.564699172973633,13.247300148010254
Wrong 15.060007095336914,13.918957710266113,14.386155128479004,14.703363418579102
Wrong 9.519651412963867,8.568099975585938,8.128046035766602,8.393097877502441
Wrong 14.46962833404541,13.474616050720215,13.06557846069336,13.279047966003418
Wrong 13.990894317626953,13.138741493225098,13.271686553955078,13.932597160339355
Wrong 14.056686401367188,13.890832901000977,14.133341789245605,13.364234924316406
Correct 15.0703706741333,14.124921798706055,14.171778678894043,14.058488845825195
Correct 9.989007949829102,8.371857643127441,8.045536041259766,7.770881175994873
Wrong 15.005762100219727,14.09988021850586,14.075353622436523,13.57412052154541
Wrong 15.235742568969727,14.555156707763672,14.797225952148438,14.161314010620117
Correct 13.845926284790039,14.398979187011719,14.24281120300293,13.371479988098145
Wrong 14.650657653808594,14.23523235321045,14.062629699707031,13.614712715148926
Wrong 15.322416305541992,14.735123634338379,14.640129089355469,14.411369323730469
Correct 15.000471115112305,13.447120666503906,13.632803916931152,13.262774467468262
Wrong 14.586831092834473,13.470612525939941,13.52558708190918,13.185003280639648
Wrong 15.40699577331543,14.718037605285645,14.973995208740234,14.597973823547363
Wrong 14.7569580078125,14.286791801452637,14.443253517150879,14.065629005432129
Correct 15.068643569946289,14.192872047424316,14.083969116210938,13.839140892028809
Correct 15.490361213684082,15.028489112854004,14.72386646270752,14.206110000610352
Correct 14.388425827026367,13.476963996887207,13.398277282714844,13.074163436889648
Correct 15.791638374328613,14.994328498840332,14.380990028381348,14.037799835205078
Wrong 9.647013664245605,8.606178283691406,8.1528902053833,7.680154800415039
Correct 15.744219779968262,15.077507972717285,14.609338760375977,14.57539176940918
Wrong 14.208135604858398,13.72403621673584,13.817187309265137,12.815515518188477
Correct 13.632226943969727,12.613621711730957,12.082671165466309,11.74822998046875
Correct 13.8350191116333,12.559297561645508,12.902761459350586,12.637781143188477
Correct 15.12769889831543,14.64194393157959,15.253353118896484,14.388781547546387
Wrong 14.890181541442871,14.350025177001953,14.295879364013672,14.073756217956543
Correct 14.667559623718262,14.588845252990723,14.924349784851074,14.076360702514648
Wrong 15.31994342803955,14.273618698120117,14.499743461608887,13.801450729370117
Correct 15.092785835266113,13.78846549987793,14.130793571472168,13.597643852233887
Correct 14.373390197753906,14.466155052185059,14.108141899108887,13.722146987915039
Correct 14.609561920166016,14.22529411315918,15.218119621276855,14.199292182922363
Wrong 14.692809104919434,13.225150108337402,13.132923126220703,13.035178184509277
Wrong 14.789270401000977,13.712042808532715,13.827881813049316,13.317571640014648
Wrong 15.143247604370117,14.112985610961914,14.517041206359863,14.029313087463379
Correct 15.037333488464355,13.99040699005127,14.427067756652832,14.003389358520508
Wrong 9.00436782836914,7.124598503112793,6.2186384201049805,5.93332052230835
Correct 14.705626487731934,15.37692928314209,14.225250244140625,13.725785255432129
Wrong 14.680623054504395,13.735872268676758,14.038945198059082,13.754246711730957
Correct 14.619820594787598,14.362523078918457,15.077313423156738,13.981805801391602
Wrong 15.659146308898926,15.18863296508789,15.115058898925781,14.638869285583496
Correct 13.210367202758789,12.029718399047852,11.85501766204834,11.139376640319824
Wrong 9.053224563598633,8.170333862304688,7.57991361618042,6.487791061401367
Correct 15.489813804626465,14.778168678283691,14.863510131835938,14.588850021362305
Correct 14.834650039672852,13.63062858581543,13.749513626098633,13.39166259765625
Correct 14.011099815368652,13.189332962036133,14.278133392333984,12.851483345031738
Correct 10.265274047851562,8.497993469238281,8.011619567871094,7.4604387283325195
Wrong 14.596385955810547,13.985548973083496,14.60318374633789,14.130389213562012
Wrong 9.955476760864258,8.507730484008789,7.613616943359375,7.157681465148926
Wrong 9.289623260498047,8.417460441589355,8.893899917602539,8.097091674804688
Wrong 14.719857215881348,14.000407218933105,14.866491317749023,14.715806007385254
Wrong 9.731419563293457,9.070357322692871,8.79198932647705,8.008488655090332
Correct 9.39315128326416,8.127283096313477,7.707574844360352,7.6709885597229
Wrong 14.243170738220215,13.126570701599121,13.227706909179688,12.771084785461426
Wrong 15.871299743652344,15.47077465057373,15.911395072937012,15.617130279541016
Correct 15.248737335205078,14.247430801391602,14.232430458068848,13.776529312133789
Wrong 15.334717750549316,14.74765682220459,14.935115814208984,14.620157241821289
Correct 14.245528221130371,13.345342636108398,13.130889892578125,12.656494140625
Correct 15.036928176879883,14.301799774169922,14.27049446105957,13.83875846862793
Correct 15.289011001586914,14.663793563842773,15.677613258361816,14.746356964111328
Correct 14.901426315307617,13.94600772857666,15.117276191711426,14.818803787231445
Correct 14.835514068603516,13.89771556854248,13.843071937561035,13.80874252319336
Wrong 15.15517807006836,14.038677215576172,14.295716285705566,13.925567626953125
Correct 14.29832935333252,13.867332458496094,14.329374313354492,13.660776138305664
Wrong 14.349285125732422,13.172048568725586,13.39837646484375,12.777624130249023
Correct 14.645853996276855,13.884510040283203,14.04080867767334,13.787778854370117
Wrong 14.22031021118164,13.664494514465332,13.906190872192383,13.302115440368652
Correct 14.318988800048828,13.982504844665527,13.63148307800293,13.870793342590332
Wrong 14.36707592010498,13.524454116821289,13.508466720581055,13.309211730957031
Correct 15.310208320617676,14.256839752197266,14.318252563476562,14.167095184326172
Wrong 10.444849014282227,9.866518020629883,9.048857688903809,8.700209617614746
Wrong 14.629497528076172,13.809816360473633,13.50893497467041,13.648420333862305
Wrong 14.594649314880371,13.727088928222656,13.969504356384277,13.762541770935059
Correct 14.838826179504395,14.926190376281738,13.76664924621582,13.620765686035156
Wrong 14.59699821472168,14.547435760498047,14.009093284606934,13.763407707214355
Correct 14.78771686553955,13.191155433654785,13.166860580444336,12.701212882995605
Wrong 15.346351623535156,14.003144264221191,15.220947265625,14.216265678405762
Wrong 14.500611305236816,13.759262084960938,13.930768966674805,13.419178009033203
Wrong 10.037140846252441,8.64126968383789,8.281414985656738,7.346124649047852
Correct 9.422887802124023,8.597652435302734,8.675114631652832,8.087050437927246
Correct 9.613773345947266,8.073917388916016,8.251422882080078,7.379714488983154
Wrong 15.161516189575195,14.779136657714844,14.640222549438477,14.395017623901367
Wrong 14.506675720214844,13.363880157470703,13.22014045715332,12.857083320617676
Wrong 14.552353858947754,14.090845108032227,14.395533561706543,13.932223320007324
Wrong 14.334667205810547,13.376603126525879,13.532536506652832,13.387833595275879
Correct 14.584019660949707,13.55307674407959,13.833555221557617,13.30840015411377
Correct 14.231836318969727,14.410792350769043,14.677248001098633,13.838586807250977
Wrong 10.1759672164917,9.452024459838867,8.95279312133789,8.102777481079102
Wrong 13.752187728881836,13.104059219360352,12.458407402038574,11.977340698242188
Wrong 14.845190048217773,14.648056983947754,14.717498779296875,14.606203079223633
Wrong 13.70278263092041,12.584258079528809,13.002754211425781,12.301618576049805
Wrong 15.362728118896484,15.134692192077637,15.274282455444336,14.88120174407959
Wrong 14.696849822998047,13.4093656539917,14.041847229003906,13.466388702392578
Wrong 14.863311767578125,14.737631797790527,14.174714088439941,13.591582298278809
Wrong 15.55100154876709,15.158832550048828,15.072553634643555,14.35021686553955
Wrong 9.66087818145752,8.446417808532715,8.34229564666748,7.866719722747803
Wrong 14.780928611755371,13.647677421569824,14.41368293762207,14.347064018249512
Wrong 14.929898262023926,14.568733215332031,14.732645034790039,14.386807441711426
Correct 14.85727596282959,14.317743301391602,14.106463432312012,13.511343955993652
Correct 14.736188888549805,13.822389602661133,13.99352741241455,13.551990509033203
Wrong 14.389632225036621,14.451061248779297,14.46742057800293,14.105008125305176
Correct 15.49703598022461,14.309216499328613,14.187149047851562,13.734572410583496
Correct 15.116093635559082,14.03760051727295,13.726395606994629,13.753118515014648
Wrong 9.675591468811035,7.8797807693481445,8.01839542388916,7.027653694152832
Wrong 14.83460807800293,14.263105392456055,14.249730110168457,14.019448280334473
Wrong 9.74349594116211,8.644413948059082,8.106003761291504,8.37520694732666
Correct 15.85444450378418,14.945442199707031,15.183770179748535,14.733348846435547
Wrong 15.076301574707031,13.935057640075684,13.866846084594727,13.238810539245605
Wrong 9.199084281921387,8.110222816467285,8.684596061706543,7.777620315551758
Correct 13.100493431091309,11.023580551147461,10.63301944732666,10.150605201721191
Correct 14.697999000549316,14.393162727355957,14.019929885864258,14.912245750427246
Wrong 14.719225883483887,14.072421073913574,14.095036506652832,13.325573921203613
Wrong 15.513224601745605,15.05122184753418,15.175483703613281,14.698137283325195
Wrong 14.842954635620117,13.702406883239746,14.029997825622559,13.863419532775879
Wrong 14.382497787475586,13.694382667541504,13.912596702575684,13.605086326599121
Wrong 14.710137367248535,13.55463695526123,14.147392272949219,13.364320755004883
Correct 14.795520782470703,13.880780220031738,14.231837272644043,13.909844398498535
Wrong 12.823541641235352,11.848870277404785,10.976881980895996,10.681835174560547
Wrong 14.858745574951172,14.107455253601074,14.28757095336914,13.979637145996094
Correct 15.105828285217285,14.300300598144531,14.353915214538574,13.944113731384277
Wrong 14.898920059204102,13.204015731811523,13.555152893066406,13.215363502502441
Wrong 14.749826431274414,13.703001976013184,14.148917198181152,13.527653694152832
Wrong 15.071102142333984,14.080361366271973,14.05905818939209,13.857471466064453
Wrong 14.78154182434082,14.717728614807129,13.773183822631836,14.386570930480957
Wrong 15.13259506225586,13.977113723754883,14.093036651611328,13.980687141418457
Wrong 15.196854591369629,14.734227180480957,15.046329498291016,14.661165237426758
Wrong 14.546849250793457,13.275263786315918,13.268033027648926,12.918756484985352
Wrong 13.974310874938965,12.526461601257324,12.316513061523438,12.394865989685059
Wrong 10.552021980285645,9.255406379699707,9.001996994018555,8.53213119506836
Wrong 14.897114753723145,13.584856033325195,13.857922554016113,13.331958770751953
Correct 13.808586120605469,14.661930084228516,13.629148483276367,12.815608978271484
Wrong 10.577753067016602,8.916014671325684,9.249606132507324,8.569318771362305
Correct 14.988716125488281,13.589743614196777,13.858118057250977,13.733038902282715
Wrong 15.444501876831055,15.029218673706055,14.98914623260498,14.675675392150879
Wrong 9.768250465393066,7.962017059326172,6.976567268371582,6.625735759735107
Wrong 8.943455696105957,7.096224784851074,6.3585052490234375,6.035494804382324
Correct 15.158161163330078,14.667013168334961,14.712080955505371,13.85073471069336
Wrong 10.045348167419434,8.738605499267578,8.495991706848145,7.992672920227051
Correct 14.899880409240723,13.74262809753418,13.907508850097656,13.317901611328125
Wrong 14.418146133422852,13.302535057067871,13.519718170166016,12.968321800231934
Correct 15.42093276977539,14.872030258178711,14.810625076293945,14.573747634887695
Wrong 15.000699043273926,14.042451858520508,13.721123695373535,13.490127563476562
Wrong 15.333724021911621,14.436161994934082,14.662522315979004,14.04270076751709
Wrong 14.79269027709961,14.6764497756958,14.28448486328125,14.310791015625
Wrong 9.242610931396484,7.2102437019348145,7.083800792694092,6.6367878913879395
Correct 14.1061372756958,13.117889404296875,13.281511306762695,12.933745384216309
Wrong 15.467365264892578,14.912014961242676,15.192877769470215,15.284721374511719
Wrong 15.373270034790039,14.610157012939453,14.927563667297363,14.418020248413086
Wrong 15.027880668640137,14.88598346710205,15.261425018310547,14.955119132995605
Correct 14.141600608825684,12.478957176208496,12.16434097290039,12.941472053527832
Correct 14.421143531799316,14.396566390991211,14.350948333740234,14.636157989501953
Correct 15.735596656799316,15.015297889709473,15.748586654663086,15.15256118774414
Wrong 9.574748039245605,8.428728103637695,8.674887657165527,8.165663719177246
Wrong 9.375886917114258,7.715655326843262,6.980926036834717,7.785491466522217
Correct 13.709783554077148,12.413695335388184,12.07888126373291,11.897749900817871
Wrong 14.474617004394531,13.663396835327148,14.34256362915039,14.026471138000488
Wrong 14.93592357635498,14.513620376586914,14.310322761535645,14.21426010131836
Wrong 15.185661315917969,14.336360931396484,14.047143936157227,14.027093887329102
Wrong 14.655637741088867,13.367453575134277,13.89783763885498,12.973403930664062
Wrong 14.631105422973633,13.374195098876953,13.499674797058105,13.28515338897705
Wrong 14.812276840209961,14.006721496582031,14.602490425109863,13.9330472946167
Wrong 14.560489654541016,12.680633544921875,12.969043731689453,12.660442352294922
Wrong 15.244575500488281,15.116661071777344,15.217499732971191,14.817562103271484
Wrong 14.220683097839355,14.016672134399414,14.057214736938477,13.514095306396484
Wrong 15.628315925598145,14.144645690917969,14.358136177062988,14.340890884399414
Wrong 14.623342514038086,13.607470512390137,13.662062644958496,13.440760612487793
Correct 14.370025634765625,14.891146659851074,14.83085823059082,14.715925216674805
Wrong 11.387417793273926,10.558500289916992,9.962677955627441,9.490157127380371
Wrong 11.564861297607422,9.99618148803711,10.046792030334473,9.679598808288574
Correct 10.353616714477539,8.77623176574707,8.738147735595703,8.577409744262695
Wrong 9.183196067810059,7.3790459632873535,6.8090410232543945,6.318085670471191
Correct 14.883027076721191,14.342982292175293,14.445040702819824,14.160087585449219
Wrong 10.24819564819336,8.10280704498291,7.651381015777588,6.971889495849609
Wrong 14.891331672668457,13.532465934753418,13.781917572021484,13.574722290039062
Wrong 9.210407257080078,8.036759376525879,7.9744696617126465,7.6052470207214355
Wrong 15.29455852508545,14.512945175170898,15.231271743774414,14.768197059631348
Wrong 10.51948356628418,9.389789581298828,9.12989616394043,8.588393211364746
Wrong 15.517423629760742,14.961430549621582,15.303074836730957,14.786395072937012
Wrong 14.349313735961914,12.690144538879395,13.757935523986816,12.216035842895508
Wrong 16.04237174987793,15.501519203186035,15.437689781188965,15.099695205688477
Wrong 14.84375286102295,14.342167854309082,15.036710739135742,13.902243614196777
Wrong 15.065010070800781,14.617586135864258,14.99217414855957,14.075621604919434
Wrong 14.802080154418945,13.966617584228516,13.942973136901855,13.346626281738281
Correct 14.788642883300781,13.999549865722656,14.046438217163086,13.722458839416504
Wrong 14.812999725341797,14.10949420928955,14.046172142028809,13.723785400390625
Wrong 14.767459869384766,14.289688110351562,14.334980010986328,14.192127227783203
Wrong 15.430171012878418,13.977425575256348,14.592508316040039,13.941948890686035
Wrong 15.06910228729248,14.341767311096191,14.584918975830078,14.448948860168457
Correct 15.101024627685547,13.578535079956055,13.563623428344727,13.473054885864258
Wrong 9.40982723236084,8.059344291687012,7.761700630187988,7.835047245025635
Wrong 14.80318546295166,14.63830280303955,14.178229331970215,13.964377403259277
Wrong 10.669763565063477,9.405119895935059,9.112789154052734,8.766621589660645
Wrong 14.883381843566895,14.319056510925293,14.420320510864258,14.042642593383789
Wrong 14.336668014526367,13.307144165039062,13.361725807189941,13.224154472351074
Correct 14.465970039367676,13.74001693725586,13.934494972229004,13.338692665100098
Wrong 9.799376487731934,8.504509925842285,8.058113098144531,8.085142135620117
Wrong 14.726325988769531,13.687201499938965,13.796924591064453,13.72251033782959
Wrong 9.8982572555542,8.698403358459473,9.158686637878418,8.568281173706055
Wrong 11.059433937072754,9.490785598754883,9.468094825744629,8.432167053222656
Wrong 14.789039611816406,14.441218376159668,14.365704536437988,13.716552734375
Wrong 15.376667022705078,14.889626502990723,15.118820190429688,14.598602294921875
Correct 14.51568603515625,14.41661548614502,15.054863929748535,14.242731094360352
Wrong 14.45407485961914,13.988384246826172,14.514464378356934,14.147255897521973
Wrong 15.217690467834473,14.950495719909668,14.865252494812012,14.542426109313965
Wrong 9.77375316619873,8.747405052185059,8.88273811340332,8.25052261352539
Wrong 15.310617446899414,14.575528144836426,14.567511558532715,14.495250701904297
Wrong 15.161227226257324,14.645038604736328,14.856183052062988,14.34658432006836
Correct 14.829012870788574,14.241395950317383,15.108049392700195,14.152469635009766
Correct 14.849102973937988,13.435100555419922,13.395350456237793,13.198380470275879
Wrong 14.421380043029785,13.409252166748047,13.270103454589844,13.379351615905762
Correct 15.277034759521484,14.462986946105957,14.875673294067383,14.34190845489502
Correct 14.866724014282227,13.4711275100708,13.726631164550781,13.107050895690918
Correct 12.714337348937988,12.51972770690918,12.800276756286621,11.77298355102539
Wrong 9.471414566040039,7.5047712326049805,6.764555931091309,6.626528739929199
Correct 15.9141263961792,15.182586669921875,15.463424682617188,15.304738998413086
Wrong 14.349835395812988,13.421180725097656,13.428728103637695,13.362988471984863
Correct 15.10815143585205,14.061071395874023,15.807154655456543,14.60915756225586
Wrong 14.007145881652832,12.56667423248291,13.962945938110352,12.723217010498047
Wrong 9.432123184204102,6.826080322265625,6.217757701873779,6.361508846282959
Wrong 12.33060073852539,10.137454986572266,9.60218620300293,9.653687477111816
Wrong 14.54552936553955,13.607087135314941,14.091023445129395,13.550102233886719
Wrong 14.907064437866211,13.686776161193848,13.913877487182617,14.051480293273926
Wrong 14.26983642578125,13.654518127441406,13.389557838439941,13.119684219360352
Wrong 14.916609764099121,13.808879852294922,14.696968078613281,14.13863754272461
Correct 14.688764572143555,14.212850570678711,15.040714263916016,13.919169425964355
Correct 14.552217483520508,14.927409172058105,14.069548606872559,13.524773597717285
Wrong 14.625175476074219,14.577610969543457,14.898428916931152,14.520245552062988
Wrong 10.644759178161621,9.119668006896973,8.77711296081543,8.721094131469727
Wrong 14.898576736450195,13.774317741394043,14.117730140686035,13.340875625610352
Wrong 14.755687713623047,14.046833992004395,14.09163761138916,13.722289085388184
Wrong 13.553635597229004,11.487019538879395,11.446114540100098,10.858480453491211
Wrong 14.279787063598633,13.937891960144043,13.570049285888672,13.346488952636719
Wrong 14.539305686950684,14.216835975646973,14.311224937438965,14.207026481628418
Wrong 9.890852928161621,8.659772872924805,8.115924835205078,8.445137023925781
Wrong 15.19177532196045,14.061819076538086,14.62870979309082,13.914066314697266
Wrong 14.876093864440918,13.946808815002441,14.086041450500488,13.575263977050781
Wrong 15.414188385009766,15.030830383300781,15.30296802520752,15.035369873046875
Wrong 9.77996826171875,7.500545978546143,6.7000813484191895,6.5839738845825195
Wrong 14.840660095214844,13.38794994354248,13.443116188049316,13.073380470275879
Correct 15.220844268798828,14.799089431762695,14.4241304397583,14.005388259887695
Wrong 11.50606632232666,10.799324035644531,10.301482200622559,10.249748229980469
Wrong 16.301607131958008,16.098281860351562,15.550472259521484,15.608338356018066
Wrong 9.87649154663086,8.296947479248047,7.4071364402771,6.764684200286865
Correct 14.483116149902344,13.327025413513184,13.60813045501709,13.315649032592773
Wrong 10.91163158416748,9.800005912780762,10.827383041381836,9.629424095153809
Wrong 15.067570686340332,14.17570686340332,14.574337005615234,14.384779930114746
Wrong 14.884610176086426,13.183693885803223,13.737552642822266,13.216126441955566
Wrong 10.896565437316895,9.362993240356445,9.186911582946777,9.687322616577148
Correct 13.991923332214355,14.10212516784668,13.281586647033691,14.019791603088379
Wrong 13.172477722167969,12.511788368225098,11.914843559265137,12.956037521362305
Wrong 14.967228889465332,14.24848461151123,14.333189010620117,13.714487075805664
Correct 9.591072082519531,8.502599716186523,8.375815391540527,8.20032787322998
