grade confidence_levels
Correct 0.39384952187538147,0.021705055609345436
Wrong 0.313620388507843,0.038950227200984955,0.02594752423465252
Correct 0.24126356840133667,0.012786630541086197,0.005718804430216551,0.0027012217324227095,0.0031829611398279667,0.0038393200375139713
Correct 0.4373700022697449,0.02246701717376709,0.006190462037920952
Wrong 0.21237102150917053,0.0265815369784832,0.005275462754070759,0.010248360224068165
Wrong 0.20775558054447174,0.01481641735881567,0.013703457079827785,0.0022369364742189646,0.0013674614019691944,0.0013889517867937684,0.0017285817302763462,0.013919129967689514,0.02139194868505001,0.002005302580073476
Wrong 0.3036109209060669,0.021484537050127983,0.006708180997520685,0.005648511461913586
Wrong 0.21355782449245453,0.016339801251888275,0.006706253159791231,0.0026673884131014347,0.0028842343017458916,0.0025652183685451746,0.0061536808498203754
Wrong 0.17920130491256714,0.033671122044324875,0.006180370692163706,0.006277401000261307,0.004181829746812582
Wrong 0.3393269181251526,0.0220345351845026,0.005528174340724945,0.005112393759191036
Wrong 0.24032485485076904,0.03600136190652847,0.004834599792957306,0.004007799085229635
Correct 0.3560914099216461,0.013807002454996109
Wrong 0.24941198527812958,0.02820281870663166,0.005553605500608683
Wrong 0.4636348783969879,0.013464383780956268,0.00468980660662055,0.004236734006553888,0.0023581702262163162,0.0029809470288455486,0.005355873145163059
Correct 0.25032535195350647,0.02221818082034588,0.006723766215145588,0.005530524533241987,0.005075341556221247
Wrong 0.21357552707195282,0.01910478249192238,0.013978132978081703,0.0028619272634387016,0.0013625245774164796,0.0031188016291707754
Correct 0.32349127531051636,0.030325880274176598,0.005229092203080654
Correct 0.24503695964813232,0.018457477912306786,0.006737638730555773,0.0037498485762625933,0.0018419204279780388,0.0028751755598932505
Correct 0.3918469250202179,0.033186156302690506
Wrong 0.34623897075653076,0.03482280671596527,0.005684875417500734,0.012710612267255783,0.002836229745298624
Wrong 0.3981398642063141,0.04432431235909462,0.005336336325854063,0.006744719110429287
Wrong 0.2365444004535675,0.034344520419836044,0.006453561596572399,0.003508475376293063,0.0023740611504763365
Correct 0.22557206451892853,0.03379100188612938,0.007779584266245365,0.004262625239789486,0.0021602932829409838,0.0021101543679833412,0.0022995423059910536,0.012726357206702232
Wrong 0.38874396681785583,0.06247938796877861,0.005677027627825737
Wrong 0.19688346982002258,0.02043006382882595,0.009501241147518158,0.004594252444803715,0.0014684677589684725,0.0019152023596689105,0.0036344456020742655
Wrong 0.4142230153083801,0.027535386383533478,0.00966610386967659,0.018199840560555458
Wrong 0.27223291993141174,0.0160955972969532,0.014541924931108952,0.0045398627407848835,0.0021782810799777508
Wrong 0.21991059184074402,0.02160455472767353,0.008073503151535988,0.009969085454940796,0.0018297830829396844,0.004287713672965765
Wrong 0.16738209128379822,0.013316985219717026,0.00922489259392023,0.003815354546532035,0.008140766061842442
Correct 0.19452795386314392,0.023970458656549454,0.004647312685847282,0.009992427192628384,0.004101030062884092
Wrong 0.24180778861045837,0.03538458049297333,0.010059637948870659,0.006101068574935198,0.0033694899175316095
Wrong 0.13176284730434418,0.02418401651084423,0.0036799986846745014,0.0020164046436548233,0.0017113577341660857,0.0016847903607413173,0.002197354333475232,0.022020623087882996
Correct 0.30895599722862244,0.02496766299009323,0.006720112171024084
Correct 0.2942766845226288,0.02511798031628132,0.004985007923096418,0.0038219941779971123,0.002029928145930171
Correct 0.1336943507194519,0.03354048356413841,0.0051040202379226685,0.002840495202690363,0.0025863780174404383
Correct 0.2535575330257416,0.018511831760406494
Wrong 0.237046480178833,0.05763961747288704,0.006171009968966246
Wrong 0.33578136563301086,0.030748460441827774,0.0049808211624622345,0.004161269869655371,0.004161461256444454
Wrong 0.23249903321266174,0.017650732770562172,0.005641689524054527,0.005510733928531408,0.0026441258378326893,0.0030912950169295073,0.0038172227796167135
Correct 0.4003857970237732,0.039029352366924286,0.004772075917571783,0.003357426030561328
Correct 0.29371798038482666,0.04400026053190231,0.005638024769723415,0.010129312053322792,0.0030894074589014053
Wrong 0.40414124727249146,0.0555572435259819,0.004931120201945305,0.006953681819140911
Wrong 0.16983087360858917,0.021591410040855408,0.004526061471551657,0.003962938208132982,0.003694024868309498,0.002519031520932913,0.005545244552195072
Correct 0.2436428666114807,0.020634472370147705,0.006442519836127758,0.0031643675174564123,0.008337287232279778
Wrong 0.47443151473999023,0.016489999368786812,0.003737489692866802
Correct 0.21407349407672882,0.02439688704907894,0.007325644604861736,0.03633929044008255
Wrong 0.2256433218717575,0.02434665523469448,0.0051034907810389996,0.0030953092500567436,0.0015564818168058991,0.002318313578143716,0.007253408897668123
Wrong 0.26702141761779785,0.0412706583738327,0.006134567316621542,0.008787055499851704,0.0023835881147533655
Wrong 0.22379422187805176,0.029817495495080948,0.006449032109230757,0.007900722324848175,0.005101265851408243
Wrong 0.3129710853099823,0.018217075616121292,0.004642367362976074,0.0030443831346929073,0.0024848743341863155
Wrong 0.25227758288383484,0.024978941306471825,0.004307018592953682,0.0031264773570001125,0.0013983248500153422,0.002050408162176609,0.0017401784425601363,0.01515116821974516
Correct 0.26781731843948364,0.014991885982453823,0.00670546805486083,0.0033450794871896505,0.0037612097803503275
Wrong 0.2282693237066269,0.019790813326835632,0.008782390505075455,0.0030350321903824806,0.0016245809383690357,0.003836691379547119
Wrong 0.2949422299861908,0.05045996978878975,0.006829260382801294
Correct 0.30821073055267334,0.026307858526706696,0.005779316648840904
Correct 0.385871946811676,0.028615469112992287,0.006958375219255686,0.012599126435816288
Wrong 0.2444586604833603,0.024973532184958458,0.0077368575148284435,0.009405120275914669
Correct 0.24609386920928955,0.031044192612171173,0.0051477812230587006,0.0068729412741959095,0.0018354728817939758,0.002956053242087364
Wrong 0.15942925214767456,0.055965669453144073,0.012884381227195263,0.009955966845154762
Wrong 0.35309717059135437,0.04741578921675682,0.009049532003700733
Wrong 0.30484044551849365,0.018595555797219276,0.006948687601834536
Wrong 0.26234790682792664,0.02292400784790516,0.00911896862089634,0.004585098475217819,0.0024162449408322573
Wrong 0.23833279311656952,0.04513341188430786,0.006761347874999046,0.00888705812394619
Correct 0.20486894249916077,0.019814928993582726,0.005169290117919445,0.0031107934191823006
Wrong 0.29166093468666077,0.048742588609457016,0.007022256031632423,0.013325159437954426
Wrong 0.36821648478507996,0.020451579242944717
Wrong 0.17887145280838013,0.03207027167081833,0.006364618428051472
Wrong 0.22037941217422485,0.025115540251135826,0.007029182277619839,0.010972273536026478,0.0025063299108296633,0.002506276359781623,0.0038818379398435354
Wrong 0.2875523269176483,0.024930987507104874,0.006353224627673626,0.004795469343662262,0.010639877989888191
Wrong 0.23230186104774475,0.021106725558638573,0.0071259611286222935,0.004493952728807926
Wrong 0.3528284430503845,0.028291674330830574,0.011886632069945335
Wrong 0.2661832869052887,0.0398748517036438,0.0059272549115121365,0.011247415095567703
Correct 0.27690136432647705,0.025756247341632843
Wrong 0.24317218363285065,0.02244270220398903,0.010195394046604633,0.0050076087936758995,0.0033884705044329166
Correct 0.24364788830280304,0.044372495263814926,0.00675193639472127,0.00233328714966774,0.0018314934568479657,0.003969228360801935
Wrong 0.3224746882915497,0.01998128928244114,0.011838885024189949,0.005814823321998119
Wrong 0.3298664093017578,0.02837708778679371,0.01230114046484232
Wrong 0.2149125188589096,0.027537712827324867,0.006696164608001709,0.005214704666286707,0.0017196779372170568,0.002173866843804717
Wrong 0.2902686893939972,0.027211613953113556,0.005528479814529419,0.0030769305303692818,0.0020022455137223005,0.0027367016300559044
Wrong 0.27452996373176575,0.024556977674365044,0.009034514427185059,0.008035074919462204
Correct 0.19795367121696472,0.021359020844101906,0.006934638135135174,0.007098739501088858
Wrong 0.4000416100025177,0.01625547558069229
Wrong 0.22364386916160583,0.018940435722470284,0.012519401498138905,0.0023339323233813047,0.0015548039227724075,0.0017344371881335974,0.001817677286453545
Wrong 0.31234297156333923,0.02408546581864357,0.010440696962177753,0.006846886593848467
Correct 0.25036418437957764,0.02701476588845253,0.004208194091916084,0.0022001692559570074,0.0012151215923950076,0.002270082477480173
Wrong 0.3634093999862671,0.025716068223118782,0.007141541689634323,0.008749349974095821
Wrong 0.23742139339447021,0.02296334132552147,0.005990675650537014,0.006132424809038639,0.0037782012950628996
Wrong 0.33840253949165344,0.01954428106546402,0.00464241299778223,0.0027077323757112026,0.0021253882441669703,0.0040649790316820145
Wrong 0.37997502088546753,0.01998167671263218,0.011747258715331554,0.023728789761662483
Wrong 0.2894410789012909,0.027346741408109665,0.023759914562106133
Wrong 0.24282503128051758,0.03286285325884819,0.0073329308070242405,0.003357130102813244,0.00398688018321991
Wrong 0.29529252648353577,0.027899639680981636,0.005451167933642864,0.005580257158726454,0.0018259130883961916,0.0030339735094457865
Correct 0.2766682505607605,0.025534460321068764,0.011509648524224758,0.0064058247953653336
Wrong 0.2605387270450592,0.01829264499247074,0.003491307608783245,0.0021010420750826597,0.001294459099881351,0.0015613724244758487,0.0014782826183363795,0.009564860723912716,0.020408952608704567,0.0021848506294190884
Correct 0.24240630865097046,0.03988280147314072,0.006460209377110004,0.004236510023474693
Wrong 0.2629307806491852,0.019651511684060097,0.0058547272346913815,0.008857679553329945
Wrong 0.23036961257457733,0.024663560092449188,0.0032862762454897165,0.001731627737171948,0.0016141488449648023,0.005812458693981171,0.0018006482860073447,0.011470424011349678
Wrong 0.30010080337524414,0.033148590475320816,0.0078736562281847
Wrong 0.20778338611125946,0.04123719781637192,0.004886788781732321,0.0050812698900699615,0.002515577245503664,0.0030105584301054478,0.002344612730666995,0.012189870700240135,0.025607559829950333,0.0017561413114890456,0.0016757521079853177,0.0035752097610384226
Wrong 0.3301292657852173,0.025062069296836853,0.0046001304872334,0.0030642058700323105,0.0014250450767576694,0.0023679088335484266
Wrong 0.20303645730018616,0.014593511819839478,0.006578361615538597,0.0028512333519756794,0.0031562403310090303
Correct 0.46421104669570923,0.02384583093225956
Wrong 0.17929986119270325,0.016419077292084694,0.008927236311137676,0.004453760571777821,0.0017441645031794906
Wrong 0.21353758871555328,0.01986234448850155,0.004944318905472755,0.0026463728863745928,0.002045026747509837,0.005181404761970043,0.004003914073109627
Wrong 0.28744930028915405,0.022339798510074615,0.00606009503826499,0.003294637193903327
Wrong 0.37214335799217224,0.022349249571561813,0.011870373971760273,0.009612233377993107
Wrong 0.16828107833862305,0.02662591077387333,0.00395779637619853,0.003155248472467065,0.001433405908755958,0.002202736446633935,0.0059876516461372375
Wrong 0.2766152322292328,0.03862479701638222,0.006764695048332214
Wrong 0.18992164731025696,0.014992651529610157,0.0033717637415975332,0.002077064011245966,0.004791881889104843
Wrong 0.19409431517124176,0.022821912541985512,0.003997150808572769,0.004636563826352358
Wrong 0.18938446044921875,0.022618936374783516,0.006330646574497223,0.0033097839914262295,0.0024405985604971647,0.004316937644034624
Wrong 0.36525091528892517,0.024662500247359276
Wrong 0.2640494108200073,0.038040827959775925,0.006874211598187685,0.004438061732798815
Wrong 0.38262444734573364,0.020598167553544044,0.007637558504939079,0.009654068388044834
Wrong 0.5510579943656921,0.019304143264889717,0.0043413047678768635
Wrong 0.240991473197937,0.015895318239927292,0.006574666127562523,0.005241759121417999,0.001284568919800222,0.0016238067764788866,0.0019434393616393209,0.012973736971616745,0.03211289644241333,0.0017018059734255075,0.001989611890166998,0.003129991702735424
Wrong 0.3662686049938202,0.02359875664114952,0.007721651811152697
Wrong 0.23381784558296204,0.018748536705970764,0.005854132119566202,0.003578184638172388
Wrong 0.16902196407318115,0.02759222313761711,0.009315022267401218,0.0026687115896493196,0.003883118974044919
Wrong 0.20448535680770874,0.021892167627811432,0.004344877786934376,0.0017417221097275615,0.0013147625140845776,0.0015858650440350175,0.0015858541009947658,0.014357696287333965,0.030398063361644745,0.0018254081951454282,0.004050002433359623
Wrong 0.16764800250530243,0.030057959258556366,0.004984497558325529,0.0036464387085288763,0.0019518539775162935,0.002999481512233615
Wrong 0.27390429377555847,0.020632203668355942,0.005135991610586643,0.003502276726067066
Wrong 0.33916062116622925,0.0341111496090889,0.011881276965141296,0.0042694443836808205
Wrong 0.19733911752700806,0.03323736786842346,0.006967222783714533,0.007474529091268778
Wrong 0.36496803164482117,0.020271506160497665,0.008856462314724922
Wrong 0.1649383008480072,0.01698164828121662,0.004865478258579969,0.003020938951522112,0.0015309674199670553,0.003044676501303911
Wrong 0.32684341073036194,0.03418129310011864,0.005580078344792128,0.005080545321106911,0.0019588188733905554,0.003835059469565749,0.003384439507499337
Correct 0.4205787181854248,0.0246734581887722,0.004672510549426079
Wrong 0.33098235726356506,0.04731262847781181,0.007544889580458403
Wrong 0.21288228034973145,0.01761133223772049,0.0050066695548594,0.0020070644095540047,0.0011799229541793466,0.0011171093210577965,0.0013474887236952782,0.00935352686792612,0.025033822283148766
Correct 0.30404528975486755,0.012648086063563824,0.013676258735358715,0.004914472345262766,0.004042682237923145
Wrong 0.2902376055717468,0.01650271937251091,0.0073233298026025295,0.006312839221209288,0.0027796155773103237,0.0035969798918813467
Wrong 0.21040570735931396,0.02217668853700161,0.004167018458247185,0.0033481819555163383,0.001983784371986985,0.0015449378406628966,0.0025671781040728092
Wrong 0.25816288590431213,0.017706042155623436,0.007735822349786758,0.002511254046112299,0.003459582105278969
Wrong 0.17746008932590485,0.02852046862244606,0.006120664067566395,0.01188953872770071,0.001673319609835744,0.0031015772838145494,0.007044473197311163
Correct 0.33095866441726685,0.016736887395381927,0.011684988625347614
Wrong 0.19455036520957947,0.015969714149832726,0.004264903254806995,0.003144617425277829,0.0019525694660842419,0.001618722453713417
Wrong 0.31600314378738403,0.017551440745592117,0.012741569429636002,0.013043166138231754
Correct 0.29962965846061707,0.026593806222081184,0.024405458942055702
Wrong 0.33673733472824097,0.03521635755896568,0.004272562451660633,0.0050733876414597034
Wrong 0.2190525233745575,0.02326921373605728,0.0033003774005919695,0.0021643410436809063,0.0014645162736997008,0.0015109701780602336,0.00211422611027956,0.0175651703029871
Wrong 6.638196646235883e-05,1.8810169422067702e-05,1.5343573977588676e-05,9.77089257503394e-06,9.21420087252045e-06,6.2930862441135105e-06
Wrong 0.18966716527938843,0.029314950108528137,0.011570343747735023,0.003393408376723528,0.0017605246976017952,0.0022961003705859184,0.0033148336224257946
Wrong 0.23634469509124756,0.011767094023525715,0.005100887268781662,0.0039414600469172,0.0037610980216413736,0.002666949760168791,0.0032421776559203863
Wrong 0.17167401313781738,0.02492622844874859,0.007311358582228422,0.004469011444598436
Wrong 0.30347922444343567,0.035130977630615234,0.005780173931270838,0.004295219201594591
Correct 0.27531495690345764,0.023316901177167892,0.004811933264136314,0.005042621400207281
Wrong 0.23873421549797058,0.0200614295899868,0.008298210799694061,0.003028796287253499,0.001880709663964808,0.0031006839126348495
Wrong 0.19317753612995148,0.027613123878836632,0.008488081395626068,0.005743021611124277,0.0015457653207704425,0.002231554826721549
Wrong 0.1878902167081833,0.05820620432496071,0.006633657030761242,0.0021704037208110094,0.001612959080375731,0.0016771844821050763
Wrong 0.20549000799655914,0.03151329234242439,0.0042317877523601055,0.003705299226567149,0.002507189754396677,0.0036479486152529716
Wrong 0.23612932860851288,0.021792450919747353,0.018496016040444374,0.012811425141990185
Wrong 0.3452247679233551,0.03418213501572609,0.005986727308481932,0.00722116744145751
Wrong 0.16275164484977722,0.02168465591967106,0.005928519647568464,0.005272767506539822,0.0019703395664691925,0.0023215976543724537
Wrong 0.20858608186244965,0.016988513991236687,0.003617221023887396,0.0022812082897871733,0.0017491175094619393,0.0012998136226087809,0.0027517147827893496
Correct 0.46550253033638,0.016693269833922386
Wrong 0.24939444661140442,0.019841821864247322,0.00497794896364212,0.002880871295928955,0.0022612649481743574,0.002542399801313877,0.0027489792555570602
Wrong 0.24747322499752045,0.031958356499671936,0.00696589145809412,0.0075907958671450615,0.002091506728902459
Wrong 0.2359565794467926,0.029303880408406258,0.007467832416296005,0.004897143691778183,0.005378721747547388
Wrong 0.2054866999387741,0.018238062039017677,0.0068689798936247826,0.002648005960509181,0.003373802173882723,0.0024682851508259773
Wrong 0.33714747428894043,0.0194716714322567,0.006127233617007732,0.006781978998333216,0.0015133068663999438,0.004145817831158638
Wrong 0.31976330280303955,0.022627519443631172,0.012893164530396461
Wrong 0.3549094796180725,0.01726074330508709,0.006551583297550678,0.0032942374236881733,0.0019671416375786066,0.002774063963443041
Wrong 0.2527170479297638,0.019640205428004265,0.00927770510315895,0.005244927946478128,0.0018411806086078286,0.0023640990257263184,0.003928334917873144,0.012582258321344852
Wrong 0.2322990447282791,0.01362751517444849,0.008265632204711437,0.004091725684702396,0.0009643339435569942,0.0026625555474311113,0.0027257129549980164,0.011933072470128536,0.026683064177632332
Correct 0.18445459008216858,0.02457619085907936,0.00570239732041955,0.0037688608281314373,0.0021984106861054897,0.004075160715728998
Wrong 0.4393804371356964,0.02808898687362671,0.0044792755506932735,0.006366153247654438
Wrong 0.1408553123474121,0.018767239525914192,0.006958605721592903,0.007012826390564442,0.001691965851932764,0.002461768686771393
Wrong 0.25795552134513855,0.025943541899323463,0.006508883088827133,0.008292063139379025
Wrong 0.2562381327152252,0.018131833523511887,0.005530448630452156,0.007212366443127394,0.005276862531900406
Wrong 0.2208928018808365,0.017437057569622993,0.008565573021769524,0.004045786801725626
Wrong 0.2488267719745636,0.039990801364183426,0.005672192666679621,0.013820482417941093,0.0024973945692181587
Wrong 0.538826048374176,0.01801086962223053,0.007449724245816469
Wrong 0.24669207632541656,0.027249762788414955,0.006523467134684324,0.004244556184858084,0.0036307452246546745
Wrong 0.2000035047531128,0.02315225638449192,0.003960959613323212,0.002187380800023675,0.002421316923573613
Correct 0.4187118411064148,0.0213413555175066,0.004508638754487038,0.004799147602170706,0.0038866004906594753
Correct 3.497958823572844e-05,8.766120117797982e-06,8.398486897931434e-06,5.766273716290016e-06,5.468809831654653e-06
Wrong 0.25652968883514404,0.021896054968237877,0.003659364767372608,0.008916372433304787
Wrong 0.22944723069667816,0.029399199411273003,0.004235631320625544,0.004874950274825096,0.0017934426432475448,0.0027346324641257524,0.005567499436438084
Wrong 0.22934980690479279,0.025136319920420647,0.006872364319860935,0.011418728157877922,0.0017511878395453095,0.0024311947636306286
Correct 0.2895526587963104,0.02889469638466835
Correct 0.27803412079811096,0.02818199433386326,0.01061386801302433,0.002747132210060954,0.001553141395561397
Wrong 0.34850943088531494,0.02974744141101837,0.004818551242351532,0.007820773869752884
Wrong 0.1785079538822174,0.022343039512634277,0.004264411516487598,0.007782140281051397,0.0020945861469954252,0.0025068442337214947,0.0049466462805867195
Wrong 0.25559255480766296,0.028012573719024658,0.004983473569154739,0.003850726643577218,0.0024477546103298664,0.0015317390207201242,0.0017630135407671332,0.011861595325171947
Correct 0.17374449968338013,0.0304294191300869,0.007284607272595167,0.0034950105473399162,0.001930191065184772,0.003899061819538474
Wrong 0.24757564067840576,0.029800763353705406,0.00475225318223238,0.009750723838806152,0.0023709661327302456
Correct 0.2083120495080948,0.028413746505975723,0.01053590141236782,0.005380559246987104
Wrong 0.1718067228794098,0.023070501163601875,0.004798587411642075,0.0037368142511695623,0.0032723015174269676
Correct 0.20979569852352142,0.023538600653409958
Wrong 0.3119616210460663,0.023868704214692116,0.00562551524490118,0.0026570879854261875,0.0022906686645001173,0.005452222656458616
Wrong 0.3130432665348053,0.04138551652431488,0.009307249449193478
Wrong 0.22277966141700745,0.016650477424263954,0.0034094711299985647,0.002613948890939355,0.002361573511734605,0.0027181359473615885
Wrong 0.20660527050495148,0.013841642998158932,0.005636811256408691,0.004321589134633541,0.007825874723494053
Wrong 0.18824221193790436,0.019230211153626442,0.004031000658869743,0.003502052742987871,0.0020428220741450787,0.0016935081221163273,0.003557247342541814,0.013114460743963718
Wrong 0.3049793243408203,0.019496729597449303,0.004249671008437872,0.002943573519587517,0.0019762832671403885,0.002256925217807293
Wrong 0.3868180215358734,0.02531552128493786,0.004946253728121519,0.004263706039637327,0.006867401301860809
Correct 0.30736738443374634,0.02996189519762993,0.004488559905439615,0.0035505504347383976
Correct 0.20195716619491577,0.022134412080049515,0.009822485968470573,0.004158907104283571,0.0024259828496724367,0.0025423490442335606,0.0036990840453654528
Wrong 0.33430665731430054,0.026391034945845604,0.008369885385036469,0.019920792430639267
Wrong 0.20760323107242584,0.025581756606698036,0.005798162426799536,0.006993673276156187,0.0029383625369518995
Correct 0.3457840383052826,0.02504907175898552
Wrong 0.38420569896698,0.011602010577917099,0.004041165579110384,0.002320552011951804,0.001533841248601675,0.0014635751722380519,0.002470222767442465,0.01056419126689434
Correct 0.2564551532268524,0.030870184302330017,0.005000405479222536,0.005710246507078409,0.003305005142465234
Wrong 0.2906259298324585,0.023121975362300873,0.008914722129702568,0.0062232655473053455
Wrong 0.26324138045310974,0.030711816623806953,0.010287580080330372,0.005953765939921141,0.0021395888179540634,0.0029937580693513155
Correct 0.4268430173397064,0.03729778155684471
Correct 0.32407331466674805,0.020080087706446648,0.008569353260099888
Correct 0.35510578751564026,0.03303062915802002,0.00848329346626997,0.005650785751640797
Wrong 0.28618934750556946,0.02041076123714447,0.004345893394201994,0.0035191599745303392,0.0017558143008500338,0.0023811960127204657,0.0018984636990353465,0.009566609747707844,0.02970140054821968,0.002515254309400916,0.0035195143427699804
Wrong 0.2488406002521515,0.025222785770893097,0.009352417662739754,0.003990728873759508,0.0041176374070346355
Correct 0.35376080870628357,0.020431526005268097,0.00558578222990036,0.0023283930495381355,0.00232850038446486,0.0031332774087786674
Wrong 0.26265934109687805,0.03186526149511337,0.004449720494449139,0.0034650322049856186,0.0062257153913378716
Wrong 0.21838828921318054,0.013637730851769447,0.0055103846825659275,0.004094831179827452,0.0031397121492773294,0.0019494565203785896,0.005382548086345196
Wrong 0.26261773705482483,0.021556956693530083,0.01002529263496399,0.0034644966945052147,0.001883684890344739
Wrong 0.23296397924423218,0.029159503057599068,0.005565525032579899,0.005786821246147156
Wrong 0.30334433913230896,0.024323973804712296
Wrong 0.18435294926166534,0.02134057879447937,0.007669304963201284,0.0035110684111714363,0.002284757560119033,0.0024131424725055695
Correct 0.1677388995885849,0.03201408311724663,0.004265683703124523,0.0035086171701550484,0.002468736842274666
Correct 0.39313045144081116,0.015604933723807335,0.0037944838404655457,0.0038541413377970457,0.00250807567499578
Wrong 0.3548586070537567,0.02823338843882084,0.008089479058980942,0.013652349822223186,0.00564726535230875
Wrong 0.26142627000808716,0.021968236193060875,0.00619656452909112,0.00237032538279891,0.0027070881333202124,0.0031648448202759027
Wrong 0.3664933741092682,0.02553202025592327,0.0076663680374622345
Correct 0.25632548332214355,0.04283762350678444
Wrong 0.24657084047794342,0.019312845543026924,0.014578800648450851,0.005576577037572861
Wrong 0.2840386927127838,0.017876651138067245,0.009059755131602287,0.0066800350323319435
Wrong 0.20004121959209442,0.016165809705853462,0.004151913337409496,0.002222265349701047,0.0019307939801365137,0.0024028904736042023
Wrong 0.29083919525146484,0.03419787809252739,0.009349456988275051,0.005496051628142595,0.002785314107313752
Wrong 0.2919939160346985,0.028686385601758957,0.00506369024515152,0.0029304760973900557,0.002668311819434166
Wrong 0.18339578807353973,0.021229643374681473,0.005326270125806332,0.009274596348404884,0.0017701503820717335,0.002363403793424368
Wrong 0.2631121873855591,0.022109435871243477,0.003842197824269533,0.002056455472484231,0.001614215667359531,0.002745856298133731
Wrong 0.28194960951805115,0.022608114406466484,0.005044812802225351,0.00663093151524663
Wrong 0.3221924602985382,0.022978056222200394,0.005415537394583225,0.0036641282495111227
Wrong 0.21861545741558075,0.02198667824268341,0.0032682083547115326,0.0015436907997354865,0.0015558525919914246,0.0019062665523961186,0.0015436953399330378,0.011954178102314472,0.025310980156064034
Wrong 0.381454199552536,0.033072225749492645
Wrong 0.1712949424982071,0.021273011341691017,0.0036395953502506018,0.00285657262429595,0.0011541872518137097,0.0018300325609743595
Wrong 0.20842769742012024,0.015456639230251312,0.0067527564242482185,0.014520172029733658,0.0023155156522989273,0.003908112179487944
Wrong 0.2759867012500763,0.04070326313376427,0.007241100072860718
Wrong 0.36586499214172363,0.016328072175383568,0.006913929246366024
Wrong 0.30311205983161926,0.021617017686367035,0.007647987920790911,0.004861213266849518,0.003213152987882495
Wrong 0.38250115513801575,0.019495608285069466
Wrong 0.2208375185728073,0.03521585837006569,0.013471720740199089,0.0058851842768490314
Wrong 0.2099790722131729,0.01644718460738659,0.003816191339865327,0.0032385075464844704,0.0026641227304935455,0.0023880722001194954
Wrong 0.2380085438489914,0.025882378220558167,0.007771618198603392,0.003757946426048875,0.0017476669745519757
Wrong 0.18486666679382324,0.022602902725338936,0.005326993763446808,0.005850393790751696,0.0015869976487010717,0.0023638149723410606
Correct 0.1977853626012802,0.04211191460490227,0.004913146607577801,0.002266933210194111,0.0014867665013298392,0.001671560574322939,0.002413148293271661,0.012944485060870647
Wrong 0.20218400657176971,0.015469633974134922,0.008883863687515259,0.0029294125270098448
Wrong 0.32279977202415466,0.027552742511034012,0.00412764074280858,0.005958692170679569,0.007415900006890297
Correct 0.17805974185466766,0.028173523023724556,0.004599297884851694,0.004220391623675823,0.0032359829638153315
Wrong 0.27434659004211426,0.0398339107632637,0.008093181997537613,0.005518808960914612,0.004231695085763931
Correct 0.2584396004676819,0.019315684214234352,0.014132298529148102,0.004999651573598385
Wrong 0.25714120268821716,0.020141327753663063,0.005213476717472076,0.003935098648071289,0.002242275048047304,0.0022597506176680326,0.0034999800845980644,0.018483692780137062
Wrong 0.40695932507514954,0.040295034646987915,0.013184861280024052,0.008714398369193077
Wrong 0.25607654452323914,0.03155510872602463,0.021351952105760574,0.016243768855929375,0.004043397959321737
Correct 0.276628702878952,0.024939039722085,0.01244313083589077,0.011240984313189983
Wrong 0.20810312032699585,0.0397171713411808,0.006333678960800171,0.0038715738337486982,0.0031847076024860144
Wrong 0.21473391354084015,0.01832878217101097,0.006236481945961714,0.0028108141850680113,0.0032606772147119045
Correct 0.36564138531684875,0.026695000007748604,0.011662793345749378,0.004426406230777502
Wrong 0.2569872736930847,0.029059266671538353,0.0045980182476341724,0.0031110516283661127,0.0013913913862779737,0.0013173060724511743,0.0026197824627161026,0.011203630827367306,0.017084971070289612
Wrong 0.30973348021507263,0.02042950689792633,0.007115816231817007,0.003207242814823985
Wrong 0.2221771627664566,0.02397269941866398,0.005307688843458891,0.009387877769768238,0.0021953070536255836
Correct 0.24731941521167755,0.02161048911511898,0.008463454432785511,0.003583404002711177,0.003500549355521798
Wrong 0.232291579246521,0.02373025380074978,0.008074331097304821,0.004672756418585777
Wrong 0.27712690830230713,0.01915586180984974
Wrong 0.2698917090892792,0.02414226345717907,0.01038381364196539
Wrong 0.2050292193889618,0.02030072547495365,0.004747155588120222,0.0047843316569924355,0.0012002723524346948,0.0013182279653847218,0.0018301691161468625,0.01877548173069954,0.02627386711537838,0.0029940970707684755
Wrong 0.16824078559875488,0.020093485713005066,0.004483616910874844,0.0023998082615435123,0.0019895669538527727,0.0018114884151145816,0.0024760232772678137
Wrong 0.36658474802970886,0.02020236663520336,0.008099357597529888,0.007973342202603817
Wrong 0.36094120144844055,0.030094662681221962,0.006457985378801823
Wrong 0.34994909167289734,0.024189447984099388,0.0034309339243918657,0.00523133110255003
Wrong 0.2980361878871918,0.015309625305235386
Correct 0.27658694982528687,0.02149505726993084,0.008222884498536587,0.013451275415718555
Wrong 0.3286086618900299,0.03545704483985901,0.006508202757686377,0.0037080300971865654,0.0017931705806404352,0.0023754991125315428
Wrong 0.24195769429206848,0.016856105998158455,0.0064483340829610825,0.004035048186779022,0.003267773659899831
Wrong 0.24738271534442902,0.04721377044916153,0.00406170729547739,0.007767805829644203,0.002090769587084651,0.002208234276622534
Wrong 0.2690805196762085,0.027062416076660156,0.007515235338360071,0.004417784512042999,0.005498145706951618
Wrong 0.23125207424163818,0.017693661153316498,0.0069834087044000626,0.02495204284787178
Wrong 0.40321725606918335,0.03309832140803337,0.00368475541472435,0.002323848195374012,0.0025127765256911516
Wrong 0.18569888174533844,0.019726065918803215,0.004722219426184893,0.003592366585507989,0.0056516677141189575,0.001849203952588141,0.002265702933073044,0.018823157995939255
Wrong 0.2680742144584656,0.01867534965276718,0.004834034480154514,0.005651261657476425,0.0013958003837615252,0.0017644540639594197
Correct 0.32870975136756897,0.030575143173336983
Wrong 0.14929142594337463,0.017013873904943466,0.005395771469920874,0.0036508466582745314,0.00212955754250288,0.0022492490243166685,0.006114106625318527
Correct 0.3236633837223053,0.03384881839156151,0.005928423721343279,0.01008409820497036
Wrong 0.2751002609729767,0.03260073810815811,0.0078045642003417015,0.005799456033855677,0.0028935710433870554
Wrong 0.33232736587524414,0.020271802321076393,0.0035506398417055607,0.0020547753665596247,0.0032581142149865627
Wrong 0.418877512216568,0.025551950559020042,0.006665797904133797
Wrong 0.2825978100299835,0.02374701201915741,0.005640777293592691,0.012710917741060257
Correct 0.4567198157310486,0.02383004128932953
Wrong 0.339022696018219,0.019888445734977722,0.008035875856876373,0.0026292551774531603,0.0012814494548365474,0.002047689165920019,0.004335022997111082
Wrong 0.21152864396572113,0.029306214302778244,0.004673515446484089,0.003162071341648698,0.003339864779263735
Correct 0.2371186763048172,0.04152946174144745,0.005280185490846634,0.004048130474984646
Wrong 0.14615847170352936,0.046352680772542953,0.0041466266848146915,0.002399647608399391,0.0023998338729143143,0.0028055422008037567
Wrong 0.27020686864852905,0.036284223198890686,0.006355001125484705,0.0053511797450482845
Wrong 0.33093902468681335,0.028027581050992012,0.005266409832984209
Wrong 0.3172338306903839,0.021928345784544945,0.007288545370101929,0.01817948929965496
Wrong 0.25437071919441223,0.02598593570291996,0.007925542071461678,0.027446560561656952
Wrong 0.18583321571350098,0.03659293055534363,0.006929722614586353,0.006875585298985243,0.0019093414302915335,0.002267352072522044
Correct 0.168202742934227,0.018871735781431198,0.004244211129844189,0.0032793853897601366,0.0023621392901986837,0.0028492591809481382
Wrong 0.2893234193325043,0.03621319681406021,0.008017485029995441
Correct 0.3175866901874542,0.023922359570860863,0.008203406818211079,0.005637886468321085,0.005379830487072468
Wrong 0.11453355103731155,0.016759775578975677,0.00440661096945405,0.002631151583045721,0.0018513392424210906,0.0027360098902136087
Wrong 0.4570007622241974,0.01785893179476261,0.007503650616854429,0.009265136905014515
Wrong 0.2530302107334137,0.021097108721733093,0.009435800835490227,0.005170046351850033
Wrong 0.2799752652645111,0.028825808316469193,0.005374158266931772,0.00331082078628242,0.0028099115006625652,0.0023661742452532053
Wrong 0.29208341240882874,0.020993845537304878,0.006109984591603279
Wrong 0.2683640122413635,0.030823994427919388,0.005929280072450638,0.003858074313029647
Wrong 0.21306240558624268,0.020288070663809776,0.013515886850655079,0.0053757862187922,0.004744397010654211
Wrong 0.28979748487472534,0.018818000331521034,0.006352829746901989
Wrong 0.18149331212043762,0.021846365183591843,0.005972597748041153,0.004104768391698599,0.0063082994893193245,0.0047616674564778805,0.0065085189417004585
Wrong 0.19071070849895477,0.034460242837667465,0.004964679945260286,0.02173439785838127
Correct 0.49838653206825256,0.022948790341615677
Wrong 0.22321152687072754,0.03266330435872078,0.0064824786968529224,0.0052085863426327705,0.00390119687654078
Wrong 0.3041878342628479,0.025964275002479553,0.00607181154191494,0.0031744467560201883,0.002570885932072997
Wrong 0.2630666494369507,0.01748722791671753,0.00533355912193656,0.006794866640120745
Wrong 0.19679445028305054,0.03237750008702278,0.004701201803982258,0.005759814288467169,0.001855436130426824,0.0017983149737119675,0.004664462059736252
Wrong 0.2816688120365143,0.021051723510026932,0.005322938784956932,0.002655580174177885,0.002399205230176449,0.0024947412312030792
Wrong 0.2206892967224121,0.027407333254814148,0.010567178949713707,0.006561071611940861,0.003377505112439394
Wrong 0.26001983880996704,0.018835963681340218,0.005439108237624168,0.00457998039200902,0.0013645188882946968,0.004073603078722954,0.0068220398388803005
Correct 0.23415061831474304,0.030002528801560402,0.0042888205498456955,0.004156672395765781,0.001978914253413677
Wrong 0.24184435606002808,0.018942957744002342,0.007594381459057331,0.003449724754318595,0.0016682485584169626,0.003759388579055667
Wrong 0.32524028420448303,0.021285155788064003,0.006803358439356089,0.003669975558295846,0.004324406385421753
Correct 0.24225106835365295,0.020041542127728462,0.004334617406129837,0.004835130646824837,0.0035933316685259342
Wrong 0.3190279006958008,0.03310481458902359,0.007386960554867983,0.014349684119224548
Wrong 0.1999790072441101,0.01860087737441063,0.002989643020555377,0.0019913725554943085,0.0012757605873048306,0.0015031805960461497,0.002170135034248233,0.015421475283801556
Wrong 0.2989823818206787,0.03102417103946209,0.005739117972552776,0.007031482178717852
Wrong 0.28489604592323303,0.022314654663205147,0.005426152143627405,0.0031402655877172947,0.0030675940215587616
Wrong 0.3552672863006592,0.023616550490260124,0.004578387830406427,0.002955908188596368,0.002031679032370448,0.0035655831452459097
Wrong 0.28770938515663147,0.016878165304660797,0.005437221843749285,0.012542766518890858,0.0012419376289471984,0.0020636615809053183
Wrong 0.2740851640701294,0.024326657876372337,0.0073045832104980946,0.0033967376220971346,0.002076449105516076
Wrong 0.19905756413936615,0.014532742090523243,0.0035062895622104406,0.001982214627787471,0.001450265757739544,0.0026260463055223227
Wrong 0.4108014404773712,0.02709575742483139,0.008797237649559975,0.002767977537587285,0.0022242313716560602
Wrong 0.20557060837745667,0.027604781091213226,0.006505946628749371,0.008618582040071487
Wrong 0.2234266698360443,0.01508624479174614,0.005726442206650972,0.002901798812672496
Wrong 0.18662570416927338,0.03791562095284462,0.005860511213541031,0.00900585949420929,0.0026415211614221334
Wrong 0.31549692153930664,0.020647624507546425,0.005099819507449865,0.0031172684393823147,0.002666451269760728
Wrong 0.25952398777008057,0.033777687698602676,0.005824212450534105,0.003450568299740553,0.0011832399759441614,0.0014840926742181182
Correct 0.2244112342596054,0.030609190464019775,0.008047683164477348,0.0030071225482970476,0.0014205168699845672,0.0023419687058776617,0.0019415616989135742,0.01208104845136404,0.021538246423006058
Correct 0.27806076407432556,0.026477262377738953
Wrong 0.24591083824634552,0.038606107234954834,0.0038526656571775675,0.003373341867700219
Correct 0.43201714754104614,0.023808859288692474,0.005926563870161772
Wrong 0.19872936606407166,0.02863054908812046,0.009817959740757942,0.003473210847005248,0.0020419235806912184,0.006438626907765865
Wrong 0.2863936722278595,0.03845810890197754,0.006788375787436962,0.012388362549245358
Wrong 0.255982369184494,0.026355383917689323,0.007852107286453247,0.0029340102337300777
Wrong 0.25775229930877686,0.049579646438360214,0.0074856458231806755,0.008415873162448406
Correct 0.2595743238925934,0.018082991242408752,0.005387679673731327
Wrong 0.32273051142692566,0.027332546189427376
Wrong 0.18610288202762604,0.02055680938065052,0.004921202547848225,0.005532748997211456,0.0020354310981929302,0.0024744602851569653
Wrong 0.30160224437713623,0.03894863650202751,0.003917251247912645,0.0026922060642391443,0.002609447343274951
Wrong 0.3004424571990967,0.022808395326137543,0.004562309943139553,0.0022938663605600595,0.002661112928763032
Correct 0.42346084117889404,0.018317624926567078,0.018900267779827118,0.00580894760787487,0.004151665605604649
Wrong 0.2449563443660736,0.03640996292233467,0.005454622209072113,0.004314672201871872
Correct 0.22467078268527985,0.024816492572426796,0.004811146296560764,0.003411423647776246,0.001574169029481709,0.003717599669471383
Wrong 0.3929368555545807,0.016473833471536636,0.0036758671049028635
Wrong 0.36321738362312317,0.023039210587739944,0.00432918407022953,0.0033977499697357416,0.004829474724829197
Wrong 0.32830357551574707,0.038302887231111526,0.008818019181489944,0.00772100780159235
Wrong 0.19518457353115082,0.016530323773622513,0.005757852923125029,0.0043800887651741505,0.0025351252406835556,0.0029637464322149754
Correct 0.2089391052722931,0.027838414534926414,0.007262503728270531,0.006358959712088108,0.0018506307387724519,0.0032990030013024807
Wrong 0.32532474398612976,0.02469754032790661
Wrong 0.15804989635944366,0.016020173206925392,0.00398794561624527,0.002872226759791374,0.0015495197148993611,0.002615228993818164
Wrong 0.24998076260089874,0.07106400281190872,0.006558757275342941,0.008355813100934029
Correct 0.1659298539161682,0.024856876581907272,0.0048948898911476135,0.0029226981569081545,0.002330295043066144
Correct 0.23686254024505615,0.03604196384549141,0.007496400736272335,0.0032239065039902925,0.005976388230919838
Correct 0.18754024803638458,0.02222413197159767,0.014921816997230053,0.003922790754586458,0.002915225923061371
Correct 0.3448805510997772,0.01945682056248188,0.005403154529631138,0.010745106264948845
Wrong 0.2805147171020508,0.026296833530068398,0.008672279305756092,0.00605383375659585
Wrong 0.21443861722946167,0.02156679332256317,0.007280861958861351,0.007167777977883816
Wrong 0.19741111993789673,0.02146759442985058,0.006702938582748175,0.0032159460242837667,0.002584191272035241,0.0033440657425671816
Wrong 0.3469802141189575,0.020514996722340584,0.009691044688224792,0.003915378358215094
Correct 0.23498369753360748,0.029643254354596138,0.015621745958924294,0.003949448931962252,0.005701921414583921
Correct 0.49784621596336365,0.018134435638785362,0.005115102976560593
Wrong 0.2976090610027313,0.06640738248825073,0.008987577632069588
Wrong 0.22887831926345825,0.020473545417189598,0.008875105530023575,0.006099430378526449
Wrong 0.2582184374332428,0.023831279948353767,0.004584105219691992,0.002251547062769532,0.001753564109094441
Wrong 0.17962291836738586,0.03220474347472191,0.0055098156444728374,0.0026642181910574436,0.0012009070487692952,0.0015419416595250368,0.001693490194156766,0.01222396269440651,0.021964669227600098
Wrong 0.38142722845077515,0.025956831872463226,0.014789934270083904,0.005569889210164547
Correct 0.3050078749656677,0.02352001518011093,0.009429468773305416,0.0063799540512263775
Wrong 0.29841348528862,0.03536323085427284,0.008465721271932125,0.0028355258982628584,0.0023143584839999676
Wrong 0.17551811039447784,0.03456178307533264,0.003671471029520035,0.002623681677505374,0.0024266522377729416,0.004258807748556137,0.001734201330691576,0.012420250102877617
Wrong 0.4436377286911011,0.010112439282238483
Wrong 0.2524084150791168,0.026396801695227623,0.0028041440527886152,0.002513500628992915,0.0020355978049337864
Wrong 0.24866795539855957,0.02241835929453373,0.007509635761380196,0.004662574268877506
Wrong 0.2700231075286865,0.05931781232357025,0.004869266878813505,0.005062959622591734,0.005103025119751692
Correct 0.4557753801345825,0.025713734328746796,0.009240560233592987
Wrong 0.32216542959213257,0.0324014313519001,0.007817383855581284,0.006844948977231979
Wrong 0.1774519681930542,0.018849985674023628,0.0059316023252904415,0.0029134375508874655,0.0014199246652424335,0.003770318115130067,0.0031256861984729767
Wrong 0.3772486448287964,0.027328308671712875,0.006491320673376322
Correct 0.4624153673648834,0.03483220189809799
Wrong 0.2031242698431015,0.04787163808941841,0.012784876860678196,0.008318832144141197
Wrong 0.3799721300601959,0.01763344369828701,0.008136819116771221,0.006851549725979567
Wrong 0.17354701459407806,0.018725551664829254,0.003925270400941372,0.0023806574754416943,0.0016234900103881955,0.0017691870452836156
Wrong 0.18193989992141724,0.028340905904769897,0.004736501257866621,0.0028951733838766813,0.0021854625083506107,0.003519694320857525
Wrong 0.2875334918498993,0.03328447788953781,0.005921246018260717,0.0061570266261696815,0.003096009138971567
Wrong 0.30312180519104004,0.032963529229164124,0.006802642252296209,0.00572811346501112
Wrong 0.3073839545249939,0.026033595204353333,0.00751765351742506,0.018751278519630432
Wrong 0.444833368062973,0.023760484531521797,0.00530175631865859,0.006445121951401234
Correct 0.23825564980506897,0.02631683647632599,0.005516672506928444,0.0037325553130358458
Wrong 0.3007751405239105,0.020308904349803925,0.007830343209207058,0.008803213015198708,0.0025026246439665556,0.0036697883624583483
Wrong 0.23382386565208435,0.026440272107720375,0.005992751568555832,0.002537371823564172,0.0033354817423969507
Wrong 0.26748883724212646,0.028637424111366272,0.0041258130222558975,0.003041989868506789,0.0014710723189637065,0.0011636822018772364,0.0012100355233997107,0.010869917459785938,0.01908034086227417
Wrong 0.199427992105484,0.017839258536696434,0.004915428813546896,0.005928923841565847,0.0016593640903010964,0.0017389592248946428,0.0029580751433968544
Wrong 0.18479764461517334,0.03725235164165497,0.00562435993924737,0.003988143987953663,0.0021515062544494867,0.004736106377094984
Wrong 0.3071823716163635,0.035008009523153305,0.007395908702164888,0.00532692763954401
Wrong 0.20875853300094604,0.02937781624495983,0.00391435157507658,0.002374079544097185,0.0019992354791611433,0.0017234180122613907,0.003120717592537403
Wrong 0.32501912117004395,0.016826586797833443,0.007237250916659832
Wrong 0.25903433561325073,0.02211053855717182,0.0055470517836511135,0.0025996584445238113,0.0019020524341613054,0.007761445827782154
Correct 0.165054589509964,0.020658913999795914,0.005305871833115816,0.002029580529779196,0.0022819628939032555,0.0035343626514077187
Wrong 0.2946026027202606,0.02184697426855564
Correct 0.35432758927345276,0.028411665931344032,0.011844129301607609
Correct 0.26246291399002075,0.014807401224970818,0.006029824260622263,0.004309151321649551,0.0023065765853971243,0.004587105009704828
Wrong 0.2433939427137375,0.059183210134506226,0.018050655722618103
Correct 0.27377647161483765,0.033473651856184006,0.007646242156624794,0.007016421295702457
Wrong 0.1744537353515625,0.013557915575802326,0.004367613233625889,0.0021284697577357292,0.0016970452852547169,0.00737146008759737,0.004333412274718285
Wrong 0.3163948953151703,0.021197378635406494,0.00462037418037653,0.007798002101480961
Correct 0.19768613576889038,0.028257975354790688,0.00697939470410347
Wrong 0.2153639793395996,0.029146850109100342,0.0064532579854130745,0.004647795110940933,0.0034813261590898037
Wrong 0.3118821382522583,0.014701534062623978,0.007869324646890163,0.017458464950323105,0.0018545843195170164,0.0017835189355537295
Correct 0.2604101598262787,0.023846641182899475,0.005753446836024523,0.0028480645269155502,0.001674361526966095,0.002051407704129815
Wrong 0.2517745792865753,0.041424769908189774,0.004986321087926626,0.003270004643127322,0.00237385556101799,0.003400353481993079
Wrong 0.34336280822753906,0.013952605426311493,0.005637485533952713,0.0026012221351265907
Wrong 0.21146534383296967,0.027955850586295128,0.005171492695808411,0.0032360905315726995,0.005171468947082758,0.0029696489218622446,0.00470862677320838
Wrong 0.3380259871482849,0.051435407251119614,0.00521372864022851,0.005254393443465233
Wrong 0.22212769091129303,0.018520621582865715,0.006813563872128725,0.015116225928068161
Correct 0.2834455072879791,0.02595578320324421,0.004653776530176401,0.004139050375670195
Wrong 0.31292322278022766,0.029106521978974342
Wrong 0.2171819508075714,0.016487644985318184,0.004761085845530033,0.0052698091603815556
Wrong 0.21267463266849518,0.019781995564699173,0.009716907516121864,0.004211788531392813,0.0015136057045310736,0.003956666216254234,0.0033843235578387976
Wrong 0.22908659279346466,0.03769150748848915,0.0030699532944709063,0.002126335632055998,0.0015679901698604226,0.009236684069037437
Wrong 0.12288883328437805,0.037187688052654266,0.0049165585078299046,0.007855982519686222,0.0020817092154175043,0.005032871384173632
Correct 0.194048210978508,0.020135851576924324,0.003136709565296769,0.0023675179108977318,0.0038430371787399054,0.0037539221812039614
Wrong 0.23758533596992493,0.02297942154109478,0.0046686576679348946,0.003109879791736603,0.0015275644836947322,0.0016908309189602733,0.0025984386447817087,0.012790177948772907,0.024084175005555153
Wrong 0.16067007184028625,0.020587312057614326,0.02140895277261734,0.003633811604231596,0.0020705475471913815,0.0032573803327977657
Wrong 0.35402023792266846,0.0413031131029129,0.026461277157068253
Wrong 0.40760430693626404,0.01847771927714348,0.01269992720335722
Wrong 0.25035321712493896,0.028088713064789772,0.005488142836838961,0.002612661337479949,0.002781241200864315,0.0026127106975764036
Wrong 0.22992882132530212,0.029692426323890686,0.006175737362354994,0.003987142350524664,0.003129588905721903
Correct 0.27144938707351685,0.021765898913145065,0.005678113549947739,0.0024612017441540956,0.001718267216347158,0.0011445883428677917
Correct 0.20883846282958984,0.025936054065823555,0.005436677951365709,0.0026912332978099585,0.002079673809930682,0.0035653694067150354,0.003855056595057249
Correct 0.2552293539047241,0.023190444335341454,0.006241822149604559,0.013956129550933838,0.002726792125031352
Wrong 0.2302291989326477,0.021751822903752327,0.003721407614648342,0.002853215904906392,0.001871236483566463,0.0016005353536456823,0.0025776808615773916,0.009804771281778812
Correct 0.48098117113113403,0.023575549945235252,0.00629600090906024
Wrong 0.34523555636405945,0.01692216657102108,0.008917616680264473,0.010026004165410995,0.003988215234130621
Wrong 0.24702094495296478,0.01803482137620449,0.011025181040167809,0.004741538316011429,0.002853663871064782
Wrong 0.3891238570213318,0.01696385070681572,0.005014644004404545,0.008332199417054653
Correct 0.26019540429115295,0.018411997705698013,0.004655410069972277,0.008043600246310234,0.0024342001415789127,0.003149932948872447,0.004173035267740488
Wrong 0.17846155166625977,0.030531570315361023,0.004609717987477779,0.0033461404964327812,0.001877095433883369,0.0020295712165534496,0.004132021218538284
Correct 0.5746587514877319,0.01028144359588623
Wrong 0.5013825297355652,0.024962710216641426,0.0058830780908465385
Wrong 0.2847791016101837,0.029550248757004738,0.006242919713258743,0.005639686249196529
Wrong 0.2555793225765228,0.015229414217174053,0.005602794699370861,0.002525250893086195,0.001351705752313137,0.0018475190736353397,0.002029130468145013,0.012333361431956291,0.029589025303721428,0.004363517742604017,0.0038809962570667267
Wrong 0.31121826171875,0.02134503237903118,0.010403457097709179,0.007262484170496464
Wrong 0.3001818060874939,0.030906617641448975,0.005165307316929102,0.004629896953701973
Wrong 0.21831627190113068,0.02144845947623253,0.014513538219034672,0.00659274822100997
Wrong 0.20671124756336212,0.04167027398943901,0.005466083995997906,0.0023878002539277077,0.0018025111639872193,0.0018308277940377593,0.0018742192769423127,0.013112230226397514,0.020310983061790466,0.0026639760471880436,0.002643257612362504
Wrong 0.18967784941196442,0.02374114654958248,0.014858182519674301,0.005909528583288193,0.002425422193482518
Correct 0.28817218542099,0.03309919685125351,0.005278329364955425,0.003953109961003065
Wrong 0.2800027132034302,0.039713699370622635,0.006689342670142651,0.005416554398834705,0.005128578282892704
Wrong 0.2559095323085785,0.02133719064295292,0.006065774708986282,0.009394633583724499,0.0032722526229918003
Wrong 0.48560911417007446,0.026347395032644272,0.0053112199530005455
Wrong 0.3111547827720642,0.021174419671297073,0.006559943314641714,0.006162167061120272
Wrong 0.1587764173746109,0.024540141224861145,0.00596737302839756,0.004165633115917444,0.0035633165389299393,0.0029309485107660294,0.003792894072830677,0.016476137563586235
Wrong 0.19748622179031372,0.028898712247610092,0.008410273119807243,0.003617087146267295
Correct 0.24336953461170197,0.030461426824331284,0.007702256087213755,0.0026204015593975782,0.005634994711726904
Correct 0.2670063078403473,0.01802860200405121,0.010113741271197796,0.0026381828356534243
Correct 0.19211319088935852,0.01564701832830906,0.00540769612416625
Wrong 0.2040950357913971,0.028721757233142853,0.0042030662298202515,0.003856801660731435,0.0020009444560855627,0.0032225220929831266
Correct 0.30331510305404663,0.023573046550154686,0.009524790570139885,0.004193455446511507
Wrong 0.16692808270454407,0.024427132681012154,0.0061283721588552,0.006890003569424152,0.0029634693637490273
Correct 0.33174797892570496,0.0220529455691576,0.014805863611400127
Wrong 0.2940620183944702,0.03797568008303642,0.005557261407375336,0.006755481008440256
Wrong 0.311147004365921,0.012064657174050808,0.005788867827504873,0.003708395641297102,0.0017381507204845548,0.0015100481687113643,0.002588819246739149,0.011334341950714588
Correct 0.15297359228134155,0.0280778631567955,0.00709932204335928,0.005794120021164417,0.005978171713650227
Wrong 0.20574656128883362,0.05758228898048401,0.006360604427754879,0.003567838342860341,0.002032975433394313,0.003540121717378497
Wrong 0.3679163455963135,0.03642997145652771,0.009959711693227291,0.013194011524319649
Wrong 0.16996701061725616,0.051434438675642014,0.00886851828545332,0.004709890577942133,0.005463789217174053
Wrong 0.37548336386680603,0.035754553973674774,0.008900129236280918
Wrong 0.16296598315238953,0.020081348717212677,0.004587281960994005,0.002342809457331896,0.00245532370172441,0.001585249905474484,0.0013989682774990797,0.012372327968478203
Wrong 0.18573474884033203,0.019884686917066574,0.004686521831899881,0.002587973140180111,0.0022310761269181967,0.0014404318062588573,0.0014292348641902208,0.013246522285044193,0.02474984899163246,0.0020795976743102074,0.0027551399543881416
Wrong 0.2177552878856659,0.046727292239665985,0.010842081159353256,0.009948782622814178
Wrong 0.23420441150665283,0.01877935789525509,0.00521501712501049,0.00521481828764081,0.0015058323042467237,0.0047854166477918625,0.0029025045223534107,0.033218104392290115,0.02430489845573902,0.004061611369252205
Wrong 0.2624366879463196,0.02618902362883091,0.004143875557929277,0.0031034366693347692,0.0011240429012104869,0.0016873739659786224
Wrong 0.453402578830719,0.01871432736515999,0.007158991880714893,0.007680342998355627
Wrong 0.32555559277534485,0.04545854404568672,0.0061522736214101315,0.003971998579800129,0.005140320863574743
Wrong 0.22099407017230988,0.042178500443696976,0.006029453128576279,0.0031522985082119703,0.004342638887465
Correct 0.22127555310726166,0.022604692727327347,0.00580572010949254,0.004965627565979958
Correct 0.30080488324165344,0.022307435050606728,0.007589858025312424,0.0059108007699251175,0.00901312381029129
Correct 0.23636585474014282,0.031004801392555237,0.006601447705179453,0.003293453948572278,0.0059638298116624355
Wrong 0.3277072310447693,0.043662890791893005,0.004029830452054739,0.0034199533984065056,0.0021070886868983507
Wrong 0.21774253249168396,0.01932597905397415,0.013598700053989887,0.003437984501942992
Correct 0.37827068567276,0.015613237395882607,0.0051892478950321674,0.0045793382450938225
Correct 0.29083359241485596,0.0254131481051445,0.006276941392570734,0.005410670768469572,0.0038369293324649334
Correct 0.27794596552848816,0.0268829595297575,0.005335295107215643,0.0070678130723536015
Wrong 0.2536555826663971,0.023965228348970413,0.005782249849289656,0.007195783779025078
Correct 0.3669257164001465,0.024969840422272682,0.01049104891717434
Wrong 0.18982748687267303,0.02529267407953739,0.005599810741841793,0.004001727793365717,0.0030924533493816853
Wrong 0.27026450634002686,0.021334953606128693,0.003855339018628001,0.002284053945913911,0.0017241594614461064,0.003297552466392517
Wrong 0.1912139654159546,0.021121123805642128,0.006751020904630423,0.0030666347593069077,0.0020588671322911978,0.002444944344460964
Wrong 0.14082267880439758,0.018910041078925133,0.004933325573801994,0.003135583596304059,0.0018578296294435859,0.0030391898471862078
Wrong 0.28496983647346497,0.02957046777009964,0.0069150966592133045,0.004752415232360363
Wrong 0.18068362772464752,0.01628909632563591,0.008319972082972527,0.002743562450632453,0.0018856534734368324,0.00217032921500504,0.0026800052728503942,0.01448848843574524
Correct 0.306906133890152,0.022582245990633965,0.004145135171711445,0.003572976915165782,0.004412268754094839
