grade confidence_levels
Correct 14.16118049621582,12.77827262878418,12.886577606201172,14.278586387634277
Correct 13.996708869934082,13.300989151000977,13.472415924072266,15.627334594726562
Wrong 14.442634582519531,15.121599197387695,13.511678695678711,14.444971084594727
Correct 15.341475486755371,13.192343711853027,13.112442016601562,13.184671401977539
Wrong 14.785609245300293,14.210771560668945,14.387009620666504,15.8217134475708
Correct 15.162324905395508,13.47464656829834,13.730345726013184,14.60459041595459
Correct 13.890125274658203,15.457558631896973,14.061317443847656,14.484833717346191
Correct 12.819228172302246,14.536344528198242,12.897085189819336,13.503929138183594
Wrong 14.612297058105469,14.105957984924316,14.566359519958496,14.429200172424316
Wrong 14.739324569702148,13.771062850952148,15.734222412109375,14.900056838989258
Correct 15.0851469039917,11.793099403381348,12.307663917541504,13.714821815490723
Correct 13.554228782653809,14.576435089111328,13.845328330993652,13.585678100585938
Correct 13.932204246520996,14.239158630371094,13.95419979095459,14.16639232635498
Correct 15.5988130569458,13.507735252380371,14.746317863464355,14.41651439666748
Correct 14.511306762695312,13.901388168334961,15.725330352783203,14.122570991516113
Correct 14.614407539367676,13.509683609008789,14.116412162780762,14.515226364135742
Correct 14.50568962097168,13.669195175170898,15.48673152923584,14.646072387695312
Correct 14.138854026794434,13.7048921585083,15.245153427124023,14.53281021118164
Correct 14.516075134277344,13.561931610107422,14.208297729492188,13.45510482788086
Correct 14.316142082214355,13.134810447692871,15.220917701721191,15.855155944824219
Correct 14.65591049194336,14.18432903289795,14.792941093444824,15.497644424438477
Wrong 14.640446662902832,13.125716209411621,15.071334838867188,14.142102241516113
Correct 12.627938270568848,12.224796295166016,15.51362133026123,12.505293846130371
Wrong 14.156692504882812,13.802657127380371,13.8829345703125,15.587544441223145
Wrong 14.836304664611816,13.91704273223877,13.840160369873047,15.048196792602539
Wrong 14.406444549560547,13.458868026733398,14.314056396484375,14.558030128479004
Correct 14.270318031311035,13.821828842163086,14.675013542175293,14.898568153381348
Correct 14.564515113830566,13.342958450317383,15.22654914855957,15.352469444274902
Correct 14.757990837097168,14.527220726013184,14.96429443359375,15.145998001098633
Wrong 14.26198959350586,14.849616050720215,14.42483901977539,15.040192604064941
Wrong 13.483903884887695,13.914713859558105,14.315746307373047,13.599252700805664
Correct 14.164738655090332,13.771427154541016,14.289145469665527,15.815665245056152
Wrong 14.729228019714355,14.856164932250977,14.579337120056152,15.752986907958984
Correct 13.68071460723877,13.159969329833984,13.936188697814941,15.477931022644043
Wrong 14.3282470703125,13.5994291305542,14.82167911529541,14.313888549804688
Correct 14.266214370727539,13.483723640441895,14.377270698547363,15.225223541259766
Correct 15.290291786193848,13.994658470153809,14.434966087341309,15.170425415039062
Wrong 14.600907325744629,13.910232543945312,14.421706199645996,14.94974136352539
Wrong 13.946048736572266,14.555109977722168,14.182503700256348,14.084090232849121
Correct 13.833353042602539,13.587197303771973,15.86378002166748,14.833672523498535
Correct 14.267328262329102,13.667531967163086,15.180612564086914,14.910795211791992
Correct 13.260881423950195,14.860068321228027,13.1369047164917,12.720186233520508
Correct 14.205116271972656,13.246294021606445,15.634759902954102,14.696097373962402
Wrong 14.489461898803711,14.30790901184082,14.463422775268555,14.336897850036621
Correct 14.36415958404541,15.115374565124512,14.84882926940918,14.446779251098633
Wrong 14.175596237182617,13.498295783996582,14.483149528503418,13.993188858032227
Correct 14.338150978088379,14.399002075195312,15.54706859588623,14.439767837524414
Correct 13.904239654541016,14.831300735473633,12.682168960571289,12.703678131103516
Wrong 14.428045272827148,12.15839672088623,13.169020652770996,16.026798248291016
Correct 15.612871170043945,13.726661682128906,14.132965087890625,15.185873031616211
Correct 15.129743576049805,13.145332336425781,13.483134269714355,13.915839195251465
Correct 14.030183792114258,13.366730690002441,14.907169342041016,14.166622161865234
Wrong 14.133851051330566,13.628886222839355,15.188079833984375,14.668277740478516
Correct 15.057199478149414,13.792339324951172,14.254212379455566,13.931573867797852
Wrong 14.059476852416992,13.799001693725586,14.775460243225098,14.637578964233398
Correct 13.120463371276855,14.029688835144043,13.502711296081543,13.008225440979004
Wrong 14.381753921508789,13.970532417297363,14.288333892822266,14.38725757598877
Wrong 13.898381233215332,14.05254077911377,13.889877319335938,14.554182052612305
Correct 13.180486679077148,15.844589233398438,13.514988899230957,13.974006652832031
Correct 14.577950477600098,14.108490943908691,15.10088062286377,14.420031547546387
Correct 13.878801345825195,13.492124557495117,14.609487533569336,14.262056350708008
Wrong 14.37430477142334,13.383853912353516,14.621711730957031,14.708831787109375
Wrong 14.309361457824707,14.054559707641602,14.903793334960938,14.923381805419922
Correct 14.188559532165527,14.066695213317871,14.75699234008789,14.011571884155273
Correct 14.591180801391602,13.945572853088379,14.533487319946289,15.464407920837402
Correct 13.128153800964355,15.27694034576416,12.447296142578125,13.124744415283203
Wrong 14.633014678955078,13.783356666564941,14.873950958251953,15.106277465820312
Correct 14.132648468017578,14.512141227722168,15.11935043334961,13.5547513961792
Correct 13.958879470825195,13.540328025817871,14.413652420043945,13.826322555541992
Wrong 14.700678825378418,12.789145469665527,15.48231029510498,14.42966079711914
Correct 14.602258682250977,14.361272811889648,15.263790130615234
Correct 14.661983489990234,13.455873489379883,13.65325927734375,14.400999069213867
Correct 14.615371704101562,13.682777404785156,14.730974197387695,14.268279075622559
Correct 13.44897174835205,12.261007308959961,13.045293807983398,15.720003128051758
Wrong 15.835542678833008,13.370766639709473,13.465924263000488,14.876989364624023
Correct 13.931424140930176,12.697380065917969,13.349101066589355,15.236226081848145
Wrong 13.805252075195312,13.976537704467773,14.207290649414062,14.636826515197754
Correct 13.638545036315918,13.674592018127441,15.983125686645508,13.795101165771484
Wrong 14.33049201965332,14.90283203125,13.92613410949707,14.783660888671875
Wrong 14.173822402954102,13.203496932983398,14.47274398803711,13.792247772216797
Correct 13.931818962097168,12.397187232971191,14.283049583435059,15.827610969543457
Correct 14.567203521728516,14.871047973632812,14.58481216430664,14.44454574584961
Correct 12.836024284362793,12.543939590454102,15.165452003479004,13.099807739257812
Correct 15.296995162963867,14.556078910827637,14.9763765335083,14.930510520935059
Correct 13.856025695800781,13.198022842407227,15.269489288330078,14.16411018371582
Wrong 14.986224174499512,13.715819358825684,13.850030899047852,15.347734451293945
Correct 12.961405754089355,15.581788063049316,12.757294654846191,12.547451972961426
Wrong 14.837203979492188,13.759265899658203,15.337286949157715,14.221505165100098
Correct 13.543279647827148,12.891386032104492,16.54314422607422,13.342354774475098
Wrong 13.408368110656738,12.683521270751953,14.137434005737305,12.932710647583008
Wrong 14.254786491394043,14.420275688171387,14.026298522949219,14.576767921447754
Correct 14.095657348632812,13.11776351928711,13.5221586227417,15.603285789489746
Wrong 14.430916786193848,13.645779609680176,15.569754600524902,14.901754379272461
Wrong 13.861849784851074,13.953429222106934,13.800543785095215,14.1280517578125
Wrong 14.315817832946777,14.632081031799316,13.21625804901123,13.475356101989746
Wrong 14.362953186035156,13.974226951599121,14.549609184265137,14.85863971710205
Wrong 14.598166465759277,14.715408325195312,15.644126892089844,15.227046012878418
Correct 13.84570026397705,13.179839134216309,14.639281272888184,14.298910140991211
Wrong 14.007986068725586,13.695223808288574,14.683003425598145,15.220253944396973
Wrong 14.566125869750977,14.10888385772705,14.81470012664795,14.766493797302246
Correct 14.103073120117188,13.371124267578125,13.889178276062012,14.423396110534668
Correct 13.47857666015625,12.946084976196289,15.173163414001465,13.946152687072754
Correct 15.008441925048828,12.459671020507812,12.888898849487305,13.195573806762695
Correct 14.65687370300293,13.902032852172852,14.263617515563965,14.6201753616333
Correct 15.48681354522705,13.378362655639648,13.496071815490723,13.643773078918457
Correct 13.581392288208008,13.544610977172852,15.623923301696777,13.584733963012695
Correct 14.759587287902832,14.605118751525879,14.567639350891113,15.430606842041016
Correct 14.464577674865723,13.672236442565918,15.462699890136719,14.628832817077637
Correct 14.362374305725098,15.673453330993652,15.032644271850586,15.195870399475098
Correct 15.299259185791016,12.682147979736328,12.642034530639648,12.843836784362793
Correct 13.971918106079102,14.725443840026855,13.657986640930176,14.032999992370605
Correct 14.430163383483887,13.889751434326172,15.421380996704102,14.30422306060791
Correct 13.223920822143555,15.243929862976074,13.62716007232666,13.80161190032959
Correct 13.85487174987793,15.168854713439941,13.854766845703125,14.671841621398926
Wrong 14.0203218460083,13.881558418273926,14.491338729858398,13.805933952331543
Correct 14.507733345031738,13.868569374084473,15.030332565307617,14.236066818237305
Correct 14.423815727233887,13.850764274597168,14.413747787475586,14.369220733642578
Correct 13.890576362609863,15.449700355529785,13.09826946258545,13.70300579071045
Wrong 14.346108436584473,13.541975975036621,14.525418281555176,14.205998420715332
Correct 14.073397636413574,15.362626075744629,14.246536254882812,14.134687423706055
Correct 14.289532661437988,14.733728408813477,14.284954071044922,15.33969497680664
Correct 14.2049560546875,14.908530235290527,13.85370922088623,14.414588928222656
Correct 12.836928367614746,12.333613395690918,15.16201114654541,13.240008354187012
Correct 13.883399963378906,14.24189281463623,14.004783630371094,13.815048217773438
Correct 14.26101303100586,13.644037246704102,14.391185760498047,14.916218757629395
Correct 15.194071769714355,12.099712371826172,13.38552188873291,14.343101501464844
Wrong 13.967156410217285,14.551125526428223,13.659215927124023,15.01850700378418
Wrong 14.38546371459961,13.768559455871582,14.868908882141113,14.939960479736328
Correct 14.381044387817383,14.123929977416992,14.206466674804688,13.76478099822998
Correct 13.538118362426758,12.723906517028809,15.915579795837402,13.69235897064209
Wrong 14.253623962402344,14.312565803527832,14.34930419921875,14.21420669555664
Correct 13.72426986694336,13.557211875915527,14.208473205566406,15.248102188110352
Correct 13.71428394317627,14.982865333557129,14.293641090393066,14.432710647583008
Correct 15.215873718261719,13.934453964233398,13.523700714111328,15.119094848632812
Correct 14.653087615966797,14.232378959655762,15.390700340270996,15.003096580505371
Correct 13.910606384277344,13.965462684631348,14.924904823303223,13.899231910705566
Wrong 14.586421966552734,13.952661514282227,13.9398193359375,14.478086471557617
Wrong 14.642426490783691,13.963295936584473,14.56907844543457,15.15755844116211
Wrong 14.386816024780273,13.62825870513916,13.802824974060059,14.450287818908691
Correct 14.068229675292969,13.300415992736816,14.282642364501953,15.399325370788574
Correct 14.641297340393066,13.945633888244629,14.243576049804688,14.142580032348633
Correct 13.933064460754395,12.85162353515625,14.485052108764648,15.77143669128418
Correct 15.368515014648438,12.45380687713623,12.63702392578125,13.832647323608398
Correct 15.93221664428711,12.727045059204102,12.690675735473633,14.410266876220703
Wrong 14.689545631408691,14.168821334838867,15.112552642822266,14.741252899169922
Wrong 14.18865966796875,13.416735649108887,14.949191093444824,14.20293140411377
Correct 14.551905632019043,13.904102325439453,15.15414047241211,14.521645545959473
Correct 12.852445602416992,15.620818138122559,15.043085098266602,13.00759506225586
Wrong 13.492840766906738,15.09710693359375,13.725069046020508,14.449052810668945
Correct 13.459811210632324,14.585311889648438,13.949043273925781,14.084880828857422
Correct 14.060323715209961,13.551081657409668,14.063762664794922,14.253840446472168
Correct 13.564515113830566,13.178841590881348,13.687540054321289,15.166600227355957
Correct 13.754768371582031,13.391075134277344,14.57384204864502,15.44481086730957
Correct 13.635919570922852,13.276775360107422,15.720335006713867,14.551053047180176
Wrong 15.01334285736084,13.645105361938477,14.189769744873047,15.261991500854492
Wrong 14.479164123535156,14.609454154968262,14.257304191589355,14.651772499084473
Correct 13.820013046264648,13.289341926574707,15.4473295211792,14.195009231567383
Wrong 14.111467361450195,14.421351432800293,14.459609985351562,14.169108390808105
Wrong 14.259700775146484,12.998557090759277,14.759683609008789,14.062956809997559
Correct 14.516263008117676,14.102063179016113,14.100872039794922,15.260274887084961
Wrong 14.746230125427246,14.894393920898438,14.863393783569336,15.065834045410156
Correct 12.668798446655273,15.077618598937988,13.192251205444336,13.086403846740723
Correct 12.7705717086792,14.902331352233887,13.116071701049805,13.525955200195312
Correct 13.653047561645508,12.992941856384277,15.210479736328125,14.258108139038086
Correct 13.437602043151855,13.46800422668457,15.415350914001465,14.228555679321289
Wrong 14.24543571472168,14.903099060058594,14.838912010192871,14.235089302062988
Correct 14.396041870117188,14.294759750366211,14.766744613647461,14.721048355102539
Correct 14.112351417541504,13.6976900100708,13.729498863220215,13.691593170166016
Correct 13.443246841430664,14.55553913116455,14.383444786071777,13.796887397766113
Wrong 13.58436107635498,13.699825286865234,13.606369972229004,13.76967716217041
Wrong 14.84913158416748,14.545292854309082,13.811236381530762,14.885250091552734
Correct 14.448446273803711,12.842904090881348,15.272260665893555,14.058327674865723
Correct 13.469361305236816,14.727560043334961,12.996706008911133,13.85067367553711
Wrong 13.866378784179688,14.069180488586426,14.350231170654297,14.0951509475708
Correct 13.500641822814941,13.486764907836914,15.986703872680664,13.902687072753906
Correct 13.834599494934082,12.863418579101562,14.445677757263184,14.613960266113281
Correct 14.19044303894043,11.826386451721191,12.969998359680176,15.803167343139648
Correct 14.432795524597168,15.978498458862305,14.388130187988281,14.615039825439453
Correct 14.401322364807129,13.748903274536133,14.52826976776123,14.48890209197998
Correct 14.127214431762695,14.02749252319336,14.991561889648438,14.173371315002441
Correct 13.173612594604492,14.83632755279541,13.080127716064453,13.518418312072754
Wrong 14.082160949707031,13.827195167541504,14.092592239379883,14.496557235717773
Wrong 14.342537879943848,13.667057037353516,14.547284126281738,14.158116340637207
Wrong 13.929874420166016,13.015146255493164,14.718711853027344,13.858634948730469
Correct 15.35356330871582,13.689783096313477,13.23575210571289,14.030953407287598
Correct 13.84208869934082,13.181370735168457,15.396364212036133,14.489445686340332
Correct 13.331830978393555,12.756035804748535,13.62679672241211,16.055213928222656
Correct 15.15848445892334,13.722281455993652,13.656532287597656,14.385330200195312
Correct 13.972904205322266,13.505545616149902,15.69455337524414,13.842743873596191
Correct 15.220352172851562,12.612367630004883,12.436731338500977,13.2274751663208
Wrong 14.067326545715332,14.160778045654297,14.221731185913086,15.016035079956055
Wrong 13.810090065002441,13.945995330810547,14.733251571655273,14.844843864440918
Correct 14.580470085144043,13.898716926574707,13.809276580810547,14.94974136352539
Correct 13.695199012756348,14.956314086914062,13.52085018157959,14.420289993286133
Wrong 14.739965438842773,14.180181503295898,14.679840087890625,15.005376815795898
Wrong 14.8377685546875,14.121089935302734,14.978080749511719,14.658377647399902
Correct 13.858295440673828,15.114180564880371,13.889081001281738,14.273842811584473
Wrong 13.41915512084961,12.681242942810059,14.46342945098877,14.472079277038574
Correct 15.11568832397461,14.429498672485352,14.271797180175781,15.040468215942383
Wrong 13.963139533996582,13.682622909545898,14.616385459899902,14.005393028259277
Correct 14.915875434875488,13.866860389709473,14.77326774597168,14.8516263961792
Wrong 14.770452499389648,13.780941009521484,13.937999725341797,15.141048431396484
Wrong 13.656932830810547,12.736909866333008,15.406180381774902,13.190136909484863
Correct 14.505852699279785,14.324112892150879,14.358190536499023,14.967244148254395
Correct 13.742715835571289,13.480559349060059,14.130766868591309,15.310527801513672
Correct 13.648477554321289,13.102614402770996,15.996922492980957,14.671049118041992
Correct 13.81949520111084,15.611706733703613,14.143890380859375,13.983283042907715
Correct 13.562207221984863,13.374096870422363,14.379319190979004,15.489740371704102
Wrong 14.160198211669922,14.556845664978027,14.039444923400879,14.570540428161621
Wrong 13.957416534423828,13.94334888458252,14.457287788391113,14.095067024230957
Wrong 14.205652236938477,13.888768196105957,14.149481773376465,15.292590141296387
Correct 14.676753997802734,13.521196365356445,15.890556335449219,14.251073837280273
Correct 13.215603828430176,13.769441604614258,14.839010238647461,14.207115173339844
Correct 13.246685028076172,15.59398365020752,13.228450775146484,13.510147094726562
Correct 12.996607780456543,12.704224586486816,16.11998748779297,13.342072486877441
Wrong 14.207005500793457,14.06617259979248,14.680004119873047,14.577865600585938
Correct 13.973563194274902,13.302323341369629,13.792683601379395,15.731513977050781
Wrong 14.245355606079102,14.016319274902344,15.034137725830078,14.75343132019043
Correct 13.847542762756348,13.770212173461914,14.835758209228516,14.270018577575684
Correct 14.22480583190918,13.246681213378906,15.669459342956543,13.90218734741211
Wrong 14.651936531066895,14.401714324951172,14.996448516845703,15.014561653137207
Wrong 14.697845458984375,14.084138870239258,14.212958335876465,14.878698348999023
Correct 14.34078598022461,14.386070251464844,13.768754959106445,15.259330749511719
Correct 14.938311576843262,12.002632141113281,12.683279991149902,13.225510597229004
Correct 14.516813278198242,13.312987327575684,13.681047439575195,15.52794075012207
Correct 14.729767799377441,13.531492233276367,15.239973068237305,14.258500099182129
Wrong 13.62723445892334,13.844897270202637,14.207405090332031,14.318228721618652
Wrong 15.461237907409668,13.552083015441895,13.76130199432373,14.517333984375
Wrong 14.230772018432617,13.892409324645996,14.976765632629395,15.047605514526367
Correct 14.093624114990234,13.518549919128418,14.835450172424316,14.632505416870117
Correct 14.108342170715332,13.65440559387207,14.060578346252441,14.943154335021973
Correct 14.1350736618042,13.73684310913086,13.790948867797852,14.219610214233398
Correct 13.331453323364258,12.8366117477417,15.08161735534668,13.88646125793457
Correct 14.054177284240723,13.456298828125,14.799334526062012,14.276142120361328
Correct 13.415971755981445,12.339200019836426,14.303412437438965,15.36575984954834
Wrong 13.922435760498047,14.606532096862793,15.15224838256836,14.860880851745605
Wrong 15.051888465881348,13.938457489013672,15.101630210876465,15.406135559082031
Correct 12.659527778625488,15.803638458251953,13.63585376739502,13.884539604187012
Wrong 13.683740615844727,13.306965827941895,14.135894775390625,14.131471633911133
Wrong 14.150144577026367,14.022624969482422,14.88813591003418,14.675436973571777
Correct 13.74781608581543,15.18110466003418,13.81374740600586,14.42336654663086
Correct 14.579684257507324,13.539262771606445,14.69233226776123,14.80125904083252
Wrong 13.958913803100586,13.785470962524414,14.373188972473145,14.752201080322266
Wrong 14.12384033203125,13.44580364227295,14.379047393798828,14.8001070022583
Wrong 14.734136581420898,14.962345123291016,14.025468826293945,14.902301788330078
Wrong 14.567229270935059,14.767888069152832,14.960582733154297,15.17677116394043
Wrong 14.205009460449219,14.508941650390625,14.616031646728516,14.881634712219238
Wrong 14.623929023742676,13.970558166503906,13.848788261413574,14.440361976623535
Correct 15.318387985229492,13.873881340026855,13.809379577636719,14.848422050476074
Correct 14.01495361328125,12.678900718688965,13.328817367553711,15.711577415466309
Correct 13.837797164916992,15.46605110168457,13.975661277770996,14.942770957946777
Wrong 14.707906723022461,14.416921615600586,14.702596664428711,14.281388282775879
Wrong 13.816210746765137,14.708117485046387,13.290111541748047,14.483148574829102
Correct 13.537363052368164,13.498608589172363,13.186418533325195,15.833916664123535
Correct 14.07431697845459,13.273965835571289,14.131575584411621,14.971158981323242
Wrong 14.073860168457031,13.759523391723633,14.237505912780762,14.396956443786621
Wrong 14.198382377624512,14.62314224243164,14.343672752380371,14.673100471496582
Correct 15.087167739868164,14.008774757385254,15.013019561767578,15.43262767791748
Correct 12.636991500854492,15.778234481811523,12.789454460144043,12.9417142868042
Wrong 14.595563888549805,13.189249038696289,13.987595558166504,14.915390014648438
Wrong 14.625821113586426,14.430521965026855,14.318495750427246,15.152202606201172
Correct 14.085057258605957,12.927451133728027,13.670475006103516,15.752082824707031
Wrong 14.119721412658691,13.45124626159668,14.820622444152832,14.992254257202148
Correct 14.136425018310547,14.032204627990723,14.744296073913574,14.184045791625977
Wrong 13.945966720581055,12.985626220703125,14.238286972045898,14.264558792114258
Correct 14.491470336914062,14.133027076721191,16.213655471801758,14.873077392578125
Correct 14.752811431884766,12.786524772644043,14.391462326049805,14.488822937011719
Correct 15.613182067871094,13.101995468139648,14.833405494689941,14.289639472961426
Correct 13.657760620117188,13.506962776184082,15.329245567321777,14.207448959350586
Correct 13.818766593933105,13.93858528137207,13.878276824951172,14.698453903198242
Correct 14.618496894836426,14.895792007446289,14.242186546325684,14.444137573242188
Correct 12.732405662536621,15.68505573272705,12.916454315185547,12.915143966674805
Correct 16.211132049560547,13.39857006072998,13.809764862060547,13.879545211791992
Correct 14.686264991760254,15.242311477661133,14.071037292480469,14.445648193359375
Wrong 15.586755752563477,12.555624961853027,13.06735897064209,15.316574096679688
Wrong 14.028637886047363,14.521248817443848,14.17421817779541,13.967907905578613
Wrong 14.541863441467285,13.837783813476562,14.469281196594238,14.723532676696777
Wrong 14.32262897491455,13.56125259399414,14.759498596191406,14.945955276489258
Correct 14.729167938232422,14.29494857788086,14.608652114868164,15.524917602539062
Wrong 14.673521995544434,14.010991096496582,15.46737289428711,14.770305633544922
Wrong 14.281661033630371,13.627851486206055,15.26853084564209,15.196566581726074
Wrong 14.62380313873291,14.244587898254395,14.227607727050781,14.514922142028809
Wrong 13.95199203491211,13.8614501953125,14.476754188537598,14.627141952514648
Wrong 14.948183059692383,14.314054489135742,14.5991849899292,16.046655654907227
Wrong 13.134514808654785,12.590801239013672,15.399134635925293,15.127516746520996
Correct 14.099533081054688,13.586952209472656,15.043471336364746,14.350478172302246
Wrong 13.642395973205566,13.125978469848633,14.337841033935547,14.507911682128906
Wrong 15.056365966796875,14.504584312438965,13.974706649780273,15.113151550292969
Correct 13.337145805358887,12.874889373779297,15.749841690063477,13.25573444366455
Correct 15.344194412231445,13.464201927185059,14.524898529052734,14.600173950195312
Correct 15.016094207763672,13.186540603637695,14.40273666381836,14.414782524108887
Correct 13.345345497131348,14.515120506286621,13.807400703430176,14.442948341369629
Correct 15.264532089233398,13.464343070983887,14.330023765563965,14.645434379577637
Correct 14.775543212890625,13.3427152633667,12.834884643554688,13.543150901794434
Correct 13.302821159362793,13.871255874633789,13.393607139587402,14.164905548095703
Wrong 14.156904220581055,13.651217460632324,14.003141403198242,14.150492668151855
Correct 13.865006446838379,13.707404136657715,15.261248588562012,14.781791687011719
Correct 12.648950576782227,14.96226978302002,13.167174339294434,13.206789016723633
Correct 14.681229591369629,14.101186752319336,15.302398681640625,15.202051162719727
Wrong 13.386645317077637,13.802767753601074,13.414791107177734,13.91170883178711
Correct 13.068760871887207,15.244546890258789,13.178248405456543,13.854838371276855
Correct 14.827631950378418,12.815306663513184,12.413799285888672,12.884751319885254
Correct 13.878002166748047,15.236900329589844,13.870270729064941,13.85265827178955
Correct 13.742059707641602,14.914888381958008,14.194035530090332,13.953242301940918
Correct 13.056550025939941,15.43724250793457,13.856973648071289,14.299562454223633
Wrong 14.315982818603516,13.503121376037598,14.792064666748047,14.60525894165039
Correct 14.548264503479004,13.420226097106934,14.059575080871582,14.726954460144043
Wrong 14.18262004852295,14.075512886047363,14.466235160827637,14.789098739624023
Correct 14.734755516052246,13.655754089355469,14.431892395019531,15.230473518371582
Wrong 14.028843879699707,14.608977317810059,13.777205467224121,15.137491226196289
Correct 13.770411491394043,13.230207443237305,13.622673034667969,16.311397552490234
Wrong 14.5302095413208,14.242438316345215,14.591620445251465,14.524109840393066
Correct 14.607515335083008,12.893644332885742,13.597615242004395,16.227922439575195
Wrong 14.092275619506836,14.487707138061523,14.569781303405762,14.183586120605469
Correct 13.96552848815918,13.628110885620117,15.772541046142578,14.120094299316406
Correct 14.965022087097168,13.991755485534668,14.549938201904297,14.899971961975098
Correct 13.880157470703125,13.624974250793457,15.048344612121582,13.983750343322754
Wrong 14.357915878295898,13.929365158081055,15.506937980651855,14.704638481140137
Correct 14.038150787353516,13.768187522888184,14.833218574523926,14.693572998046875
Wrong 13.510408401489258,13.097039222717285,13.292350769042969,14.17758846282959
Correct 14.46920394897461,13.655768394470215,15.624608993530273,14.5664644241333
Correct 14.805875778198242,13.072643280029297,13.556390762329102,15.16069221496582
Correct 12.15304946899414,14.983037948608398,12.639731407165527,13.028058052062988
Correct 13.767306327819824,15.038387298583984,13.430264472961426,13.70560073852539
Correct 13.714463233947754,14.513124465942383,13.56898307800293,13.945728302001953
Correct 14.692939758300781,14.342805862426758,14.157386779785156,15.001958847045898
Correct 14.579753875732422,14.576859474182129,14.545186996459961,15.923002243041992
Correct 14.029254913330078,13.731884956359863,14.690933227539062,14.87205696105957
Correct 14.920649528503418,13.423776626586914,14.06441593170166,15.514613151550293
Correct 14.290982246398926,14.478311538696289,13.942228317260742,14.462974548339844
Correct 13.92374324798584,13.790416717529297,14.832504272460938,14.788652420043945
Wrong 13.952094078063965,13.717820167541504,14.545875549316406,14.773089408874512
Correct 14.027436256408691,13.21803092956543,13.932761192321777,15.490777015686035
Correct 13.818883895874023,13.333657264709473,14.723908424377441,14.797977447509766
Correct 14.744525909423828,13.502208709716797,13.545373916625977,15.8969087600708
Correct 14.077536582946777,13.40544319152832,15.271443367004395,13.859658241271973
Correct 14.28428840637207,13.848114013671875,15.009795188903809,15.324105262756348
Wrong 13.858394622802734,13.386038780212402,13.839874267578125,14.610800743103027
Wrong 14.431357383728027,13.42139720916748,13.82437801361084,15.202362060546875
Wrong 14.940001487731934,14.19787883758545,14.111387252807617,15.157880783081055
Wrong 14.913090705871582,14.019213676452637,14.191411972045898,14.698271751403809
Wrong 14.371893882751465,13.220256805419922,15.251029968261719,14.55378532409668
Correct 13.554317474365234,14.794710159301758,14.398042678833008,14.17244815826416
Correct 13.858048439025879,15.04536247253418,14.041979789733887,14.567715644836426
Wrong 15.101916313171387,14.172143936157227,13.22869873046875,13.858668327331543
Wrong 14.154807090759277,13.898096084594727,14.552330017089844,15.180171012878418
Correct 12.754186630249023,14.849374771118164,12.91757583618164,13.47580337524414
Correct 14.186835289001465,14.018583297729492,14.599821090698242,14.761719703674316
Wrong 13.81783390045166,13.834735870361328,14.608631134033203,15.60678768157959
Correct 13.669407844543457,14.92370319366455,14.373651504516602,14.189069747924805
Correct 15.473464012145996,13.283792495727539,14.051041603088379,14.721429824829102
Wrong 15.768891334533691,12.93070125579834,12.6260347366333,14.918682098388672
Correct 14.084549903869629,12.791242599487305,14.091428756713867,15.363667488098145
Correct 14.375001907348633,13.821578979492188,15.858809471130371,15.149490356445312
Correct 14.148221969604492,13.69705867767334,15.403316497802734,14.990344047546387
Wrong 14.451407432556152,14.378193855285645,14.718100547790527,14.85582447052002
Wrong 14.26906967163086,14.311254501342773,14.10484504699707,14.6151762008667
Correct 14.766952514648438,13.434930801391602,14.969491958618164,14.25210189819336
Correct 14.013182640075684,13.322795867919922,15.174558639526367,14.112576484680176
Correct 13.629709243774414,12.933433532714844,13.913336753845215,15.023716926574707
Wrong 13.54915714263916,13.52524185180664,13.776670455932617,13.933987617492676
Correct 14.677827835083008,13.621543884277344,14.033428192138672,15.818635940551758
Correct 14.16779613494873,13.313727378845215,15.391318321228027,14.715394973754883
Correct 13.36651611328125,15.52121639251709,13.494410514831543,13.613418579101562
Correct 15.315319061279297,13.091310501098633,13.30623722076416,14.52911376953125
Wrong 13.90261173248291,13.321043014526367,13.920634269714355,14.277454376220703
Wrong 14.449296951293945,13.889989852905273,14.857175827026367,14.586134910583496
Wrong 13.927312850952148,13.619061470031738,15.075933456420898,14.976893424987793
Correct 13.964241027832031,14.388304710388184,14.734753608703613,14.971346855163574
Correct 13.328269004821777,12.923038482666016,14.376815795898438,13.67378044128418
Correct 15.134833335876465,14.148744583129883,13.289958000183105,13.641060829162598
Correct 13.434232711791992,14.96371841430664,12.820034980773926,13.23055648803711
Correct 15.36350154876709,13.33013916015625,14.066725730895996,14.689179420471191
Wrong 14.220532417297363,13.760030746459961,15.247533798217773,14.810572624206543
Correct 14.681604385375977,14.80451774597168,14.018583297729492,15.593868255615234
Correct 13.936169624328613,13.179525375366211,15.070405006408691,13.6585693359375
Correct 14.585307121276855,14.932522773742676,14.455321311950684,14.987871170043945
Correct 15.167903900146484,12.336283683776855,12.170265197753906,12.940457344055176
Correct 13.659728050231934,13.188249588012695,13.506918907165527,14.63074016571045
Correct 14.13077163696289,13.573333740234375,14.651491165161133,14.139355659484863
Correct 13.371447563171387,12.212312698364258,13.464577674865723,15.80242919921875
Wrong 14.571732521057129,13.160100936889648,14.601997375488281,14.110445976257324
Correct 12.913803100585938,15.523310661315918,13.118368148803711,13.623770713806152
Correct 14.15221118927002,13.92986011505127,15.542008399963379,14.214407920837402
Wrong 14.043389320373535,13.39638614654541,14.263887405395508,15.42038631439209
Wrong 14.596497535705566,14.814789772033691,14.316134452819824,14.583662033081055
Correct 13.913534164428711,13.849836349487305,14.17375659942627,15.644230842590332
Correct 11.796747207641602,15.528963088989258,12.766233444213867,12.78393268585205
Correct 13.374009132385254,14.871858596801758,15.007868766784668,13.994956970214844
Wrong 14.1404390335083,14.598722457885742,14.155291557312012,14.420281410217285
Wrong 13.817113876342773,13.52435302734375,14.10924243927002,14.274916648864746
Correct 13.932290077209473,13.88625431060791,15.192987442016602,14.794853210449219
Correct 14.18739128112793,13.848255157470703,14.268122673034668,14.707609176635742
Wrong 14.18988037109375,13.305642127990723,14.218134880065918,14.657084465026855
Correct 14.281035423278809,12.677481651306152,12.892250061035156,15.248454093933105
Wrong 14.470195770263672,13.93646240234375,14.321195602416992,15.055024147033691
Correct 13.429556846618652,14.366381645202637,14.123540878295898,14.890318870544434
Correct 15.4089937210083,13.040314674377441,12.918232917785645,13.25167179107666
Wrong 14.102405548095703,15.590251922607422,13.62639045715332,14.729594230651855
Correct 14.940668106079102,13.931134223937988,14.639445304870605,15.743805885314941
Wrong 14.221471786499023,13.637528419494629,14.402338027954102,14.516737937927246
Wrong 14.429931640625,13.755414962768555,14.702678680419922,14.96911334991455
Wrong 14.662622451782227,14.158634185791016,14.220019340515137,14.513571739196777
Correct 13.996148109436035,12.787945747375488,15.421778678894043,13.612579345703125
Correct 15.144377708435059,13.707441329956055,14.10765552520752,14.817244529724121
Correct 13.064261436462402,15.538031578063965,13.608795166015625,13.75279712677002
Wrong 15.4764404296875,13.273399353027344,13.890057563781738,13.402438163757324
Correct 14.148517608642578,13.656839370727539,15.375655174255371,14.412619590759277
Correct 13.745185852050781,13.12350845336914,15.58736801147461,14.382534980773926
Correct 14.049500465393066,13.602659225463867,15.47146987915039,14.392091751098633
Correct 14.0134859085083,14.858716011047363,13.473043441772461,14.17015552520752
Correct 13.600027084350586,13.716019630432129,15.448856353759766,13.96041488647461
Correct 15.137293815612793,13.363088607788086,14.027499198913574,15.033367156982422
Correct 13.161815643310547,12.598502159118652,14.378026008605957,13.609317779541016
Correct 14.171427726745605,13.22493839263916,12.865202903747559,13.299969673156738
Correct 13.938319206237793,14.073387145996094,13.802102088928223,14.040460586547852
Correct 13.267232894897461,12.397257804870605,13.058877944946289,15.839618682861328
Correct 13.564900398254395,12.552244186401367,15.14125919342041,13.322235107421875
Correct 15.84465503692627,13.163032531738281,12.604236602783203,13.331143379211426
Wrong 14.954853057861328,13.912786483764648,14.291006088256836,15.190755844116211
Correct 14.822834968566895,12.318289756774902,14.195948600769043,13.95998764038086
Correct 14.375576972961426,13.724223136901855,15.316516876220703,14.974344253540039
Wrong 13.352455139160156,12.2864990234375,14.23218059539795,14.541760444641113
Wrong 14.047980308532715,14.201521873474121,15.030380249023438,14.094660758972168
Correct 13.50838565826416,13.31176471710205,14.080556869506836,14.757369041442871
Wrong 14.154967308044434,14.308647155761719,14.94855785369873,15.161429405212402
Correct 14.085431098937988,13.322381973266602,14.165119171142578,15.128437042236328
Correct 13.966753959655762,13.555571556091309,15.330758094787598,14.175082206726074
Wrong 14.493415832519531,14.529400825500488,15.367631912231445,14.649144172668457
Correct 14.205931663513184,13.663345336914062,14.445412635803223,14.715201377868652
Correct 13.68444538116455,15.40338134765625,13.640336036682129,13.924056053161621
Wrong 14.360766410827637,13.487202644348145,13.99701976776123,15.14265251159668
Correct 13.86480712890625,12.770090103149414,13.58238410949707,14.883013725280762
Correct 13.451590538024902,15.621524810791016,13.697455406188965,14.43171501159668
Wrong 14.489752769470215,14.19318675994873,15.21021556854248,14.967144012451172
Correct 14.021947860717773,13.479827880859375,14.960673332214355,14.09382438659668
Wrong 14.687248229980469,15.406755447387695,13.910242080688477,15.600862503051758
Correct 14.098453521728516,13.892406463623047,15.228007316589355,14.791943550109863
Wrong 14.017851829528809,13.863580703735352,14.722918510437012,15.098543167114258
Correct 14.460692405700684,13.252007484436035,13.96542739868164,15.596457481384277
Wrong 14.190943717956543,14.10794734954834,14.737839698791504,14.6034574508667
Correct 13.685925483703613,13.065082550048828,15.450850486755371,13.922996520996094
Wrong 14.303834915161133,12.990798950195312,13.196697235107422,15.245722770690918
Correct 14.400495529174805,14.01329231262207,15.261638641357422,14.881457328796387
Correct 13.872228622436523,14.258522987365723,14.17172908782959,15.27013111114502
Correct 15.121453285217285,14.614256858825684,14.644621849060059,14.377365112304688
Correct 14.720949172973633,14.530625343322754,14.174534797668457,15.21259593963623
Correct 13.781425476074219,15.21757698059082,14.547329902648926,14.387590408325195
Correct 15.030682563781738,14.073883056640625,14.80925178527832,14.264697074890137
Correct 13.988430976867676,12.999021530151367,13.4804048538208,16.02898597717285
Wrong 14.756742477416992,13.687506675720215,13.482802391052246,15.069960594177246
Wrong 14.199281692504883,13.827518463134766,15.488382339477539,14.786060333251953
Correct 14.218729019165039,14.553997993469238,14.459099769592285,14.409698486328125
Wrong 14.280428886413574,13.099173545837402,15.348312377929688,15.0314359664917
Correct 14.558741569519043,15.022820472717285,15.36538028717041,14.644830703735352
Correct 14.966115951538086,13.559637069702148,13.064576148986816,14.052164077758789
Wrong 14.918474197387695,13.627289772033691,13.890382766723633,15.157167434692383
Correct 15.141167640686035,13.427485466003418,12.969388008117676,14.423103332519531
Correct 13.27573013305664,12.174960136413574,13.166606903076172,15.717529296875
Correct 13.044944763183594,14.8333740234375,13.296612739562988,12.827278137207031
Correct 14.357446670532227,15.105079650878906,14.107081413269043,14.744853019714355
Wrong 14.37242317199707,13.79967975616455,15.289636611938477,14.895285606384277
Correct 14.409292221069336,13.997575759887695,15.365853309631348,15.066170692443848
Correct 14.20822525024414,13.680376052856445,13.41075611114502,15.589001655578613
Wrong 14.216591835021973,13.878159523010254,14.443103790283203,14.994793891906738
Correct 13.99984359741211,14.403033256530762,13.626419067382812,14.303383827209473
Correct 15.18748950958252,14.287284851074219,14.241764068603516,14.748835563659668
Wrong 14.814983367919922,13.570113182067871,13.555489540100098,14.986297607421875
Wrong 14.464898109436035,13.952628135681152,15.198729515075684,14.665247917175293
Wrong 14.177071571350098,14.239619255065918,14.239699363708496,14.60119915008545
Correct 15.015497207641602,13.960193634033203,13.878995895385742,14.292922973632812
Correct 14.372091293334961,13.452032089233398,14.865438461303711,15.422046661376953
Correct 13.8309907913208,15.290599822998047,13.779662132263184,13.829206466674805
Correct 14.074186325073242,14.758352279663086,13.620465278625488,14.313159942626953
Correct 13.408949851989746,13.355450630187988,15.566901206970215,13.631355285644531
Correct 14.116230010986328,13.140127182006836,13.680965423583984,16.239076614379883
Wrong 14.18144416809082,14.293652534484863,14.885011672973633,14.782817840576172
Wrong 14.165141105651855,14.046839714050293,14.476337432861328,14.579777717590332
Wrong 14.945255279541016,13.827866554260254,14.05652904510498,15.442107200622559
Correct 15.421191215515137,12.380118370056152,12.313105583190918,13.254884719848633
Wrong 14.361031532287598,13.787890434265137,14.069550514221191,14.635746955871582
Wrong 14.471104621887207,14.51064395904541,14.064132690429688,15.020685195922852
Wrong 14.504579544067383,13.817522048950195,14.675830841064453,14.371993064880371
Correct 15.480867385864258,13.350177764892578,13.339890480041504,14.336801528930664
Wrong 13.749330520629883,13.208806037902832,15.355107307434082,15.23812484741211
Correct 14.512554168701172,13.724522590637207,14.482619285583496,14.890277862548828
Wrong 13.725618362426758,13.248140335083008,13.877580642700195,15.693629264831543
Correct 15.310687065124512,14.530795097351074,14.338757514953613,14.768665313720703
Wrong 13.36653995513916,12.667460441589355,16.012964248657227,14.235433578491211
Correct 13.470641136169434,15.476883888244629,13.163201332092285,13.962316513061523
Correct 14.069377899169922,13.661959648132324,13.75127124786377,15.842698097229004
Correct 14.176788330078125,14.142671585083008,15.258172035217285,14.663395881652832
Correct 13.8560152053833,12.720205307006836,13.374629020690918,16.407424926757812
Correct 14.241214752197266,13.726808547973633,14.865941047668457,14.386781692504883
Wrong 14.284732818603516,14.123492240905762,15.14844036102295,15.129096984863281
Wrong 13.9271240234375,13.915722846984863,13.555103302001953,14.184430122375488
Correct 15.354578018188477,13.178966522216797,13.576767921447754,13.50716495513916
Correct 13.916801452636719,14.308635711669922,14.85236930847168,13.80904769897461
Wrong 13.665579795837402,14.021224021911621,14.437047004699707,14.144979476928711
Correct 14.041786193847656,13.162018775939941,14.734740257263184,14.86962604522705
