grade confidence_levels
Wrong -7.841416835784912,-9.007689476013184,-9.109109878540039,-7.493802547454834
Correct -7.329070091247559,-8.627117156982422,-8.6690092086792,-7.209192752838135
Wrong -7.537579536437988,-8.96264934539795,-8.7957181930542,-7.219705104827881
Correct -7.896119594573975,-9.106769561767578,-9.104284286499023,-7.522911071777344
Wrong -7.270488739013672,-8.584776878356934,-9.016241073608398,-7.196005821228027
Wrong -7.554011344909668,-8.836446762084961,-8.85739803314209,-7.391880512237549
Wrong -7.598797798156738,-8.815324783325195,-9.224237442016602,-7.568905353546143
Wrong -7.6261210441589355,-8.68326187133789,-8.713319778442383,-7.350615501403809
Wrong -7.811367511749268,-9.177285194396973,-9.15241527557373,-7.882091045379639
Wrong -7.206686973571777,-8.539755821228027,-8.697320938110352,-7.223700046539307
Wrong -7.463762283325195,-8.771103858947754,-8.857404708862305,-7.1300506591796875
Wrong -7.902011394500732,-9.101419448852539,-9.093850135803223,-7.641172409057617
Wrong -7.363773822784424,-8.478601455688477,-8.748827934265137,-7.355124473571777
Wrong -7.26677942276001,-8.426158905029297,-8.971471786499023,-7.171731472015381
Wrong -7.584836483001709,-8.897031784057617,-9.040303230285645,-7.540492057800293
Wrong -7.6856794357299805,-9.083967208862305,-9.140725135803223,-7.876634120941162
Wrong -7.337976455688477,-8.742046356201172,-8.884594917297363,-7.244836807250977
Correct -7.8809919357299805,-9.203818321228027,-9.323587417602539,-7.788341045379639
Wrong -7.798208236694336,-8.998029708862305,-9.200799942016602,-7.667336940765381
Wrong -7.840144634246826,-8.60513687133789,-8.444636344909668,-7.594366073608398
Wrong -7.541105270385742,-8.65432071685791,-8.796731948852539,-7.4493727684021
Wrong -6.9771528244018555,-8.375509262084961,-8.94788932800293,-7.3917460441589355
Wrong -7.44837760925293,-8.818862915039062,-9.040844917297363,-7.565149307250977
Correct -7.322165012359619,-8.627117156982422,-8.859884262084961,-7.360068321228027
Correct -7.1651201248168945,-9.037890434265137,-9.095788955688477,-7.662656784057617
Wrong -7.6837477684021,-9.00306510925293,-8.753243446350098,-7.317916393280029
Wrong -7.016234397888184,-8.75903606414795,-8.678836822509766,-6.969662189483643
Wrong -7.652469158172607,-8.729805946350098,-8.7080717086792,-7.326951503753662
Correct -7.2996134757995605,-8.373653411865234,-8.39184856414795,-7.217899799346924
Wrong -7.578888893127441,-8.872051239013672,-9.08119010925293,-7.27892541885376
Wrong -7.721574783325195,-9.186327934265137,-9.105769157409668,-7.4129638671875
Correct -6.780303001403809,-8.22181510925293,-8.398946762084961,-6.820168972015381
Wrong -7.907057285308838,-8.869475364685059,-8.894908905029297,-7.602369785308838
Wrong -8.071462631225586,-8.723320960998535,-8.87671184539795,-7.665017604827881
Wrong -7.832523822784424,-8.51138687133789,-8.891318321228027,-7.370234966278076
Correct -7.38975715637207,-8.392806053161621,-8.4190092086792,-6.986802101135254
Wrong -7.72186803817749,-8.94459056854248,-8.879206657409668,-7.437445640563965
Wrong -7.299497127532959,-8.285111427307129,-8.146395683288574,-7.064996719360352
Correct -7.252148151397705,-8.193635940551758,-8.560953140258789,-7.488310813903809
Wrong -7.798992156982422,-8.82450008392334,-8.46468734741211,-7.541784286499023
Wrong -7.588364601135254,-8.94656753540039,-8.918926239013672,-7.48150634765625
Wrong -7.621586322784424,-8.83210277557373,-8.920425415039062,-7.390251636505127
Wrong -7.421113014221191,-8.67681884765625,-8.638821601867676,-7.3238420486450195
Wrong -7.588881015777588,-8.951106071472168,-9.0361967086792,-7.353679656982422
Correct -7.177127361297607,-8.473033905029297,-8.382378578186035,-7.171198844909668
Wrong -6.890059947967529,-8.27226448059082,-8.34177303314209,-7.162901401519775
Wrong -6.989325046539307,-8.445928573608398,-8.46682071685791,-6.961484909057617
Wrong -7.1778669357299805,-8.43326187133789,-8.676738739013672,-7.068862438201904
Wrong -7.6603498458862305,-8.749945640563965,-8.92115306854248,-7.266416549682617
Wrong -8.201952934265137,-9.396987915039062,-9.315617561340332,-8.2841796875
Correct -7.7682013511657715,-8.7979736328125,-9.028932571411133,-7.571076393127441
Correct -6.381038188934326,-7.335274696350098,-7.519768238067627,-6.428945541381836
Wrong -8.180380821228027,-9.754206657409668,-9.745462417602539,-8.069140434265137
Wrong -7.531797409057617,-8.915395736694336,-8.854979515075684,-7.3660888671875
Wrong -7.229175090789795,-8.541179656982422,-8.688116073608398,-7.576674938201904
Wrong -7.918153285980225,-9.37909984588623,-9.120588302612305,-7.350522994995117
Wrong -7.377410411834717,-8.228092193603516,-8.2682466506958,-7.067906856536865
Wrong -8.011799812316895,-9.220937728881836,-9.285237312316895,-7.572177886962891
Wrong -7.60650634765625,-8.779279708862305,-8.847657203674316,-7.247666835784912
Wrong -7.756651401519775,-8.7526216506958,-8.680495262145996,-7.411457538604736
Correct -7.199711322784424,-8.616015434265137,-8.853344917297363,-7.4716796875
Wrong -7.329408645629883,-8.761213302612305,-8.880350112915039,-7.187807559967041
Wrong -7.340985298156738,-8.502008438110352,-8.457262992858887,-7.2413716316223145
Correct -7.611262798309326,-8.668346405029297,-8.69906234741211,-7.580826759338379
Wrong -6.746380805969238,-8.233810424804688,-8.714180946350098,-7.108741760253906
Wrong -7.422974109649658,-8.160387992858887,-8.618717193603516,-6.679253101348877
Wrong -7.874278545379639,-9.270975112915039,-9.4013671875,-7.579408645629883
Wrong -7.727490425109863,-9.17855453491211,-9.440319061279297,-7.484689235687256
Wrong -7.551068305969238,-9.06413459777832,-9.159074783325195,-7.203851699829102
Wrong -7.568572521209717,-8.65338134765625,-8.832184791564941,-7.5021443367004395
Wrong -7.124066352844238,-8.057233810424805,-8.052645683288574,-6.940046787261963
Wrong -7.601130962371826,-8.663628578186035,-8.749527931213379,-7.779205322265625
Wrong -7.958967208862305,-9.216347694396973,-9.112649917602539,-7.362555027008057
Wrong -6.916179656982422,-8.290592193603516,-7.947695255279541,-7.326952934265137
Wrong -7.387716770172119,-8.6041841506958,-8.61108684539795,-7.334780693054199
Wrong -6.221955299377441,-7.682667255401611,-8.164986610412598,-6.395832538604736
Wrong -7.497955322265625,-8.788386344909668,-8.904383659362793,-7.162196636199951
Wrong -7.777011394500732,-8.94913101196289,-8.778854370117188,-7.405984878540039
Wrong -7.5571699142456055,-8.32801628112793,-8.621323585510254,-7.51959753036499
Wrong -7.191752910614014,-8.699219703674316,-8.773242950439453,-7.3273091316223145
Wrong -7.184637546539307,-8.716424942016602,-8.673992156982422,-7.129918575286865
Wrong -7.404226779937744,-8.585505485534668,-8.798025131225586,-7.371325969696045
Wrong -6.650325298309326,-8.16043758392334,-8.776159286499023,-7.367287635803223
Wrong -7.191135406494141,-8.81556510925293,-8.992803573608398,-7.464969158172607
Wrong -7.434939861297607,-8.685476303100586,-8.826101303100586,-7.340512752532959
Correct -7.033137798309326,-8.29163932800293,-8.380207061767578,-6.857856273651123
Wrong -7.9344096183776855,-8.617287635803223,-8.461100578308105,-7.461882591247559
Wrong -6.387673854827881,-7.548901557922363,-7.77332878112793,-6.476752281188965
Wrong -7.307867527008057,-8.134594917297363,-8.206399917602539,-7.02650260925293
Correct -7.06944465637207,-7.834780693054199,-7.802515029907227,-6.807389259338379
