grade confidence_levels
Wrong 0.00671882601454854,0.0019100146600976586,0.0035129240714013577,0.0020331749692559242
Wrong 0.0029618104454129934,0.0023428979329764843,0.003055678680539131,0.002133213449269533
Correct 0.006072116084396839,0.00382932904176414,0.006024375092238188,0.005528558511286974
Wrong 0.0032373913563787937,0.0011187605559825897,0.0019031183328479528,0.0019944533705711365
Wrong 0.004670663271099329,0.002138286828994751,0.004781274124979973,0.003063046373426914
Wrong 0.0064819203689694405,0.004596260841935873,0.0055440557189285755,0.0035241420846432447
Wrong 0.004716586787253618,0.0016818225849419832,0.0021763481199741364,0.0018615634180605412
Wrong 0.007531811948865652,0.0033160289749503136,0.004062872380018234,0.0028586580883711576
Correct 0.008619755506515503,0.00494983047246933,0.01335051003843546,0.00625722948461771
Correct 0.007676348090171814,0.004045166540890932,0.004917477257549763,0.0035697855055332184
Wrong 0.00998510792851448,0.005514304619282484,0.008023158647119999,0.0063470168970525265
Correct 0.0091629009693861,0.003344547236338258,0.0033184695057570934,0.004034331534057856
Correct 0.010747892782092094,0.004047596361488104,0.004241862799972296,0.004176223650574684
Wrong 0.004392700735479593,0.0016034274594858289,0.0021915927063673735,0.002107668202370405
Correct 0.006492277607321739,0.004224511329084635,0.006542964838445187,0.005095825996249914
Correct 0.0029628188349306583,0.0010159098310396075,0.0019128441344946623,0.0010646666632965207
Wrong 0.0035068008583039045,0.001669438905082643,0.002335997298359871,0.0023360217455774546
Wrong 0.003165765665471554,0.002504264935851097,0.0020923912525177,0.0031166744884103537
Wrong 0.008699395693838596,0.004804074298590422,0.005886052269488573,0.006168872583657503
Wrong 0.004856704734265804,0.0013592946343123913,0.001731662661768496,0.0013174474006518722
Wrong 0.004573844838887453,0.0027525185141712427,0.005142453126609325,0.0028846394270658493
Wrong 0.005455383565276861,0.002942916937172413,0.003991242498159409,0.003838407341390848
Wrong 0.0036743164528161287,0.0018045983742922544,0.003319137031212449,0.0024861081037670374
Wrong 0.003142319852486253,0.0011741218622773886,0.0018044273601844907,0.001449896371923387
Wrong 0.009076490998268127,0.004896193742752075,0.006189331877976656,0.005548371002078056
Correct 0.005950186401605606,0.002854811493307352,0.004456306342035532,0.002810607198625803
Wrong 0.008647505193948746,0.0034938158933073282,0.0043481625616550446,0.0031565208919346333
Correct 0.00634829280897975,0.0015196860767900944,0.001762918196618557,0.0018765219720080495
Wrong 0.004128984175622463,0.0013938717311248183,0.003092407016083598,0.0017078017117455602
Correct 0.0033225759398192167,0.0016836622962728143,0.004648939240723848,0.002145299920812249
Correct 0.005855297204107046,0.0018568998202681541,0.0019009624375030398,0.002403021790087223
Wrong 0.004821347538381815,0.0015052497619763017,0.002901442116126418,0.0014935712097212672
Correct 0.0021036118268966675,0.002006976632401347,0.006087041459977627,0.0017439533257856965
Wrong 0.005762423854321241,0.003036496927961707,0.0041829850524663925,0.003577947150915861
Wrong 0.007989607751369476,0.004377934616059065,0.005448320880532265,0.00448193633928895
Correct 0.004848559387028217,0.0019437375012785196,0.003603041637688875,0.00269859260879457
Correct 0.004438900388777256,0.0017113301437348127,0.0021131469402462244,0.002609420567750931
Wrong 0.0034858572762459517,0.0016986598493531346,0.0022859182208776474,0.0014991291100159287
Correct 0.004127827472984791,0.0010852875420823693,0.001137371058575809,0.0013401373289525509
Correct 0.006188059225678444,0.0028109331615269184,0.0064846123568713665,0.0040582758374512196
Wrong 0.004083083942532539,0.001160710002295673,0.0015497308922931552,0.0016497327014803886
Wrong 0.009914739988744259,0.003647391451522708,0.004719968885183334,0.003913159016519785
Wrong 0.005012359004467726,0.0017870988231152296,0.004187764599919319,0.0016019558534026146
Wrong 0.004667863715440035,0.0027655470184981823,0.003663718933239579,0.004024042282253504
Wrong 0.004108433146029711,0.001895585679449141,0.0030530018266290426,0.0020022233948111534
Wrong 0.004551940131932497,0.0018105561612173915,0.0023614871315658092,0.002133506815880537
Wrong 0.009299157187342644,0.008335307240486145,0.009519624523818493,0.006050975061953068
Wrong 0.007177263498306274,0.003390311496332288,0.004932779353111982,0.004026253242045641
Wrong 0.008166445419192314,0.0028221907559782267,0.007039569318294525,0.004236485343426466
Wrong 0.005991028621792793,0.0027643253561109304,0.0036909151822328568,0.003467349335551262
Wrong 0.007605975493788719,0.005309771280735731,0.006404812913388014,0.006207911763340235
Correct 0.0028098472394049168,0.0014805926475673914,0.005501116625964642,0.0031838370487093925
Wrong 0.006069443188607693,0.002912151627242565,0.002757125999778509,0.002164189936593175
Wrong 0.009830834344029427,0.005021002609282732,0.007080638315528631,0.005557871889322996
Wrong 0.005498511716723442,0.0024020401760935783,0.0036342316307127476,0.0023834023158997297
Wrong 0.004425193183124065,0.002090177731588483,0.00375549728050828,0.001816023956052959
Correct 0.005930500570684671,0.002304300433024764,0.0026522919069975615,0.0023043127730488777
Wrong 0.009158204309642315,0.00551123172044754,0.007592071313410997,0.0077121867798268795
Wrong 0.0031081896740943193,0.0011345389066264033,0.0018705164548009634,0.0014454723568633199
Wrong 0.00852937437593937,0.0039049447514116764,0.003726179013028741,0.004255474545061588
Correct 0.006142249330878258,0.0014935126528143883,0.0023131719790399075,0.0013704905286431313
Wrong 0.004989634733647108,0.0021628346294164658,0.0034832728561013937,0.0026088960003107786
Wrong 0.003813758259639144,0.0012380896368995309,0.0017735060537233949,0.001978512154892087
Wrong 0.004856928251683712,0.0018007259350270033,0.0028551840223371983,0.0025001780595630407
Wrong 0.005579153075814247,0.0035462812520563602,0.005119655281305313,0.004277731291949749
Wrong 0.006287470459938049,0.003638441674411297,0.009967938996851444,0.0065894052386283875
Wrong 0.007453064434230328,0.0044503165408968925,0.007111600134521723,0.006629064213484526
Correct 0.00938249658793211,0.004066911060363054,0.005515519995242357,0.005780371371656656
Wrong 0.007025036960840225,0.003344433382153511,0.003971495665609837,0.004981594625860453
Correct 0.00616811215877533,0.004512493032962084,0.01116842869669199,0.007211343850940466
Wrong 0.01235292199999094,0.005481462460011244,0.010565780103206635,0.007038532290607691
Wrong 0.005318424664437771,0.0020664879120886326,0.002492661355063319,0.0016604680567979813
Wrong 0.00715273292735219,0.0034859213046729565,0.0039192852564156055,0.0027576189022511244
Correct 0.0051107099279761314,0.0014873144682496786,0.002285631373524666,0.00110525730997324
Wrong 0.0029417327605187893,0.0009700088994577527,0.0037476641591638327,0.001467555994167924
Wrong 0.006975360680371523,0.0034260821994394064,0.0043991366401314735,0.004538992419838905
Correct 0.008269265294075012,0.00226071709766984,0.004323591478168964,0.004190648440271616
Wrong 0.009292751550674438,0.006487247534096241,0.009292377158999443,0.006238880101591349
Wrong 0.008044985122978687,0.004076907876878977,0.006464208941906691,0.005073938053101301
Wrong 0.0075193713419139385,0.002104387618601322,0.0028317803516983986,0.0026395448949187994
Wrong 0.004074609838426113,0.0017388357082381845,0.0021304686088114977,0.0026514921337366104
Wrong 0.006188733968883753,0.00339104188606143,0.007823038846254349,0.005905459634959698
Wrong 0.007729406002908945,0.0031970012933015823,0.0037376475520431995,0.002432160545140505
Correct 0.0035142565611749887,0.0010887670796364546,0.0021149958483874798,0.001596537884324789
Wrong 0.0036730817519128323,0.0016046264208853245,0.0022985476534813643,0.001876009744592011
Wrong 0.0028810410294681787,0.0012197348987683654,0.0017748087411746383,0.0017473725602030754
Wrong 0.005778371822088957,0.002750832587480545,0.004679171834141016,0.003616016125306487
Correct 0.0063439588993787766,0.0030676431488245726,0.004292382393032312,0.003189911600202322
Correct 0.0064521608874201775,0.002411023247987032,0.003913444466888905,0.0036764475516974926
Wrong 0.007429016288369894,0.00376477325335145,0.004648887552320957,0.004576885141432285
Wrong 0.00804575439542532,0.003982864785939455,0.005749862175434828,0.005529702641069889
Wrong 0.004239773377776146,0.0013871955452486873,0.0030063448939472437,0.0020988534670323133
Correct 0.005272565875202417,0.0020169387571513653,0.0034309213515371084,0.0028891696128994226
Wrong 0.0066104792058467865,0.0031965342350304127,0.005395189393311739,0.004268002230674028
Wrong 0.005830992944538593,0.0023013693280518055,0.0024307463318109512,0.0020629633218050003
Wrong 0.009759978391230106,0.00790369138121605,0.012531607411801815,0.009313108399510384
Wrong 0.0083549153059721,0.008096989244222641,0.01023589912801981,0.006608863361179829
Wrong 0.006496978458017111,0.0024087843485176563,0.002951342146843672,0.0025442696642130613
Correct 0.00277604628354311,0.0014514372451230884,0.002819695742800832,0.00199948251247406
Wrong 0.017371635884046555,0.007708378601819277,0.014858672395348549,0.00887229386717081
Wrong 0.0062773884274065495,0.0024582333862781525,0.003897616174072027,0.0025761884171515703
Wrong 0.0038149862084537745,0.0011015406344085932,0.0017195167019963264,0.0018161116167902946
Wrong 0.0031777189578861,0.0014211456291377544,0.0023067803122103214,0.0020677922293543816
Wrong 0.0024433452636003494,0.0007748794159851968,0.0015052923699840903,0.0010265136370435357
Wrong 0.013628236018121243,0.008201463147997856,0.00833049789071083,0.008011768572032452
Correct 0.00585350813344121,0.0020388076081871986,0.002557209227234125,0.002054804703220725
Correct 0.006807606667280197,0.004064897075295448,0.005599453579634428,0.003559363540261984
Wrong 0.004333550110459328,0.001983845140784979,0.0033224441576749086,0.00260779052041471
Wrong 0.004637325182557106,0.0024821204133331776,0.00202583777718246,0.00308915670029819
Wrong 0.00580092566087842,0.00335724581964314,0.005281629040837288,0.0046611991710960865
Wrong 0.007391232997179031,0.0028944199439138174,0.0037750513292849064,0.0028053803835064173
Wrong 0.0044706822372972965,0.0020628550555557013,0.003884135279804468,0.0026281948667019606
Wrong 0.00695611210539937,0.0022582989186048508,0.0023299932945519686,0.0026196923572570086
Wrong 0.004054142162203789,0.0019758203998208046,0.0022214262280613184,0.0024019319098442793
Wrong 0.0037930612452328205,0.001496951445005834,0.0021780910901725292,0.0016313609667122364
Wrong 0.004926918540149927,0.0018410028424113989,0.004775127861648798,0.003690035082399845
Wrong 0.0066710119135677814,0.002571864053606987,0.004804807249456644,0.003200781298801303
Wrong 0.009007043205201626,0.006094175856560469,0.009891870431602001,0.006238787434995174
Wrong 0.007708761841058731,0.0038160239346325397,0.004358032718300819,0.0038460013456642628
Correct 0.0050389114767313,0.002325058914721012,0.004446690436452627,0.002455783076584339
Correct 0.00403088703751564,0.0018310981104150414,0.002664246829226613,0.0025224611163139343
Correct 0.005579499527812004,0.0021510522346943617,0.0026149682234972715,0.002554401056841016
Wrong 0.005733707454055548,0.003141745924949646,0.005428396165370941,0.005428635515272617
Wrong 0.0058468058705329895,0.002084671985358,0.003687408287078142,0.0028273381758481264
Wrong 0.00591666204854846,0.0025645920541137457,0.004536455497145653,0.002076921984553337
Wrong 0.009390613064169884,0.0038237585686147213,0.004102391190826893,0.002449751365929842
Wrong 0.010006126016378403,0.006116428412497044,0.008558500558137894,0.007263670209795237
Wrong 0.007879974320530891,0.0040879505686461926,0.005087430588901043,0.00399358244612813
Wrong 0.004150421358644962,0.002187049947679043,0.005541390273720026,0.0029430827125906944
Wrong 0.007825435139238834,0.004935240838676691,0.006436752155423164,0.005378268659114838
Wrong 0.006853494793176651,0.0026838909834623337,0.004060440696775913,0.003844495164230466
Correct 0.0062781088054180145,0.001975512597709894,0.004451726097613573,0.0020065903663635254
Wrong 0.0076087103225290775,0.004301569424569607,0.004438033327460289,0.004009595140814781
Wrong 0.004242841619998217,0.0014211315428838134,0.002717990428209305,0.0026344689540565014
Wrong 0.0068210214376449585,0.002650326816365123,0.002713199704885483,0.0022669986356049776
Correct 0.005520185921341181,0.003883727826178074,0.005830108653753996,0.004987120162695646
Wrong 0.00562115665525198,0.0030322675593197346,0.004807864315807819,0.004112584516406059
Wrong 0.005311101209372282,0.002670300891622901,0.003946490120142698,0.002733734203502536
Wrong 0.005700422450900078,0.002844039350748062,0.00447413045912981,0.004138032905757427
Wrong 0.0027493766974657774,0.0010272853542119265,0.002011349191889167,0.0013933226000517607
Wrong 0.00341889844276011,0.0012577155139297247,0.001902868039906025,0.001773732714354992
Wrong 0.00507623516023159,0.0020191583316773176,0.0029149099718779325,0.001957064028829336
Wrong 0.005762594752013683,0.003577922936528921,0.0036915019154548645,0.0037791116628795862
Correct 0.0037191114388406277,0.0013055235613137484,0.0017027156427502632,0.0016632962506264448
Wrong 0.0035315717104822397,0.0014606743352487683,0.0017756931483745575,0.001259179087355733
Correct 0.003400231944397092,0.0011842878302559257,0.001805818290449679,0.001568955252878368
Wrong 0.004710033535957336,0.0016793868271633983,0.002662766259163618,0.0019634109921753407
Correct 0.00922132097184658,0.0037256728392094374,0.004389936104416847,0.0046006725169718266
Wrong 0.008314509876072407,0.0036607636138796806,0.004926050081849098,0.003747655311599374
Wrong 0.007210629526525736,0.003982108552008867,0.00641320925205946,0.005931422580033541
Wrong 0.004805663134902716,0.0016350464429706335,0.0022523589432239532,0.002287840936332941
Wrong 0.007266907021403313,0.0029590390622615814,0.0030291618313640356,0.0030056934338063
Wrong 0.005884245503693819,0.002322402549907565,0.004205107688903809,0.00243392214179039
Wrong 0.006186102516949177,0.003337086644023657,0.009432570077478886,0.00459707947447896
Wrong 0.003908742684870958,0.0017075504874810576,0.0026863322127610445,0.0030920449644327164
Wrong 0.002415000693872571,0.0017806722316890955,0.004075712990015745,0.002148006111383438
Wrong 0.0037725428119301796,0.0013987101847305894,0.0019118335330858827,0.0012152554700151086
Wrong 0.005099289119243622,0.0023713265545666218,0.003021125216037035,0.0027724565006792545
Wrong 0.004105251282453537,0.0017934550996869802,0.0032986756414175034,0.0030034687370061874
Wrong 0.004867426585406065,0.0028390856459736824,0.004829417914152145,0.002390838460996747
Wrong 0.00958937592804432,0.0044943601824343204,0.005770760588347912,0.005463915877044201
Wrong 0.003875365946441889,0.001392630278132856,0.002521740272641182,0.0023505405988544226
Wrong 0.00394585682079196,0.0016838661395013332,0.0026908654253929853,0.0023016035556793213
Wrong 0.007435768377035856,0.002822245704010129,0.004236709792166948,0.003431079676374793
Wrong 0.004975753370672464,0.002260299865156412,0.002242696238681674,0.0029023904353380203
Correct 0.00522246491163969,0.0025057406164705753,0.00468114297837019,0.0035614119842648506
Correct 0.008738198317587376,0.005425524897873402,0.00422541331499815,0.0035030613653361797
Correct 0.0032786380033940077,0.0016876074951142073,0.008437699638307095,0.0029389255214482546
Wrong 0.007727678865194321,0.0038254051469266415,0.0043347422033548355,0.003885691985487938
Wrong 0.004681941121816635,0.0021268439013510942,0.003398666623979807,0.0020454006735235453
Wrong 0.003521870356053114,0.0013262908905744553,0.0022038714960217476,0.0015265886904671788
Correct 0.006747080013155937,0.0012579129543155432,0.0023136588279157877,0.0018735999474301934
Wrong 0.010679665021598339,0.0064270831644535065,0.007114034611731768,0.006949509494006634
Wrong 0.004880335181951523,0.0019412493566051126,0.002846619114279747,0.0018963015172630548
Wrong 0.004329397808760405,0.0021431329660117626,0.0037908197846263647,0.0024476181715726852
Wrong 0.002816698979586363,0.0014841301599517465,0.0031667498406022787,0.002666773507371545
Wrong 0.004601459018886089,0.001918066176585853,0.003041248768568039,0.0032374539878219366
Wrong 0.002156479051336646,0.0008989493362605572,0.001553238369524479,0.0014706202782690525
Wrong 0.010296476073563099,0.006858756300061941,0.010136472061276436,0.007592308800667524
Wrong 0.00572639936581254,0.0022956279572099447,0.0021397743839770555,0.0028348073828965425
Correct 0.004437187686562538,0.002128948923200369,0.003349368693307042,0.002628923859447241
Correct 0.006184262223541737,0.0022750224452465773,0.002557889325544238,0.0014804195379838347
Wrong 0.006316141225397587,0.001971979858353734,0.0018670320278033614,0.0018237936310470104
Wrong 0.0069050053134560585,0.0013281874125823379,0.0011630236404016614,0.0011905682040378451
Wrong 0.006508319638669491,0.004472747910767794,0.005353155080229044,0.005880204029381275
Wrong 0.00294205779209733,0.0030353174079209566,0.003083042800426483,0.0027209280524402857
Correct 0.003265080973505974,0.0012200389755889773,0.0015788519522175193,0.0018172687850892544
Wrong 0.007022191304713488,0.0035865139216184616,0.007533480413258076,0.005554943345487118
Wrong 0.007327402476221323,0.0031268971506506205,0.004549603443592787,0.0028249069582670927
Wrong 0.004901702515780926,0.002484108554199338,0.0024647065438330173,0.0017753170104697347
Wrong 0.003318049944937229,0.001935346401296556,0.0031908496748656034,0.0025440212339162827
Wrong 0.009028472006320953,0.005307470448315144,0.006014074198901653,0.00446957815438509
Correct 0.004834857303649187,0.001632192637771368,0.0018208224792033434,0.0025677746161818504
Wrong 0.004096165299415588,0.0020596557296812534,0.002297694329172373,0.0017075120704248548
Wrong 0.00700942100957036,0.004088388755917549,0.00452542956918478,0.003608069382607937
Wrong 0.006481871008872986,0.0033104494214057922,0.004596318118274212,0.003693083068355918
Wrong 0.003863131394609809,0.002398580079898238,0.0038328671362251043,0.0026138683315366507
Wrong 0.005277928430587053,0.0034343658480793238,0.004375471267849207,0.004585665185004473
Wrong 0.0040090372785925865,0.0018211849965155125,0.002755270106717944,0.002608844544738531
Correct 0.003202157560735941,0.0013141054660081863,0.0022354123648256063,0.0015007907059043646
Wrong 0.001970796613022685,0.0011228031944483519,0.002714803908020258,0.002779309870675206
Wrong 0.004150581080466509,0.001991510624065995,0.0014683654299005866,0.0010493710869923234
Wrong 0.004351070150732994,0.0017857423517853022,0.0021708037238568068,0.0016386498464271426
Correct 0.006964918691664934,0.002748842816799879,0.0027704357635229826,0.0030665737576782703
Wrong 0.0030869923066347837,0.0011445492273196578,0.001731620985083282,0.0011093446519225836
Correct 0.007987257093191147,0.0029613266233354807,0.003152351127937436,0.0030315695330500603
Wrong 0.007078623864799738,0.0034227545838803053,0.006295545492321253,0.00409665098413825
Wrong 0.009064286947250366,0.0031323644798249006,0.0028299521654844284,0.003108011791482568
Wrong 0.007215420715510845,0.0016353395767509937,0.001622597686946392,0.0017544517759233713
Correct 0.0044385106302797794,0.0021463034208863974,0.002320644212886691,0.0021972486283630133
Wrong 0.0040749069303274155,0.0011859065853059292,0.0015346171567216516,0.0012045182520523667
Correct 0.007240458391606808,0.0023876423947513103,0.0024634443689137697,0.002769722603261471
Wrong 0.004008582793176174,0.0015454533277079463,0.002431335626170039,0.00183527497574687
Wrong 0.006107209715992212,0.0019982419908046722,0.002372924005612731,0.002300010295584798
Wrong 0.006539968308061361,0.004028949420899153,0.00746876560151577,0.00493650371208787
Wrong 0.006453085690736771,0.0030719733331352472,0.0037638999056071043,0.0032447397243231535
Wrong 0.006058522034436464,0.003425055183470249,0.003911555279046297,0.003617720678448677
Wrong 0.004008179064840078,0.002283667214214802,0.002649093046784401,0.002864521462470293
Wrong 0.005037260707467794,0.0022704708389937878,0.0034620091319084167,0.004342413041740656
Wrong 0.0053406949155032635,0.002059000777080655,0.003264606697484851,0.002445084974169731
Wrong 0.003506661159917712,0.0018190836999565363,0.0025653892662376165,0.0023358759935945272
Wrong 0.003946039360016584,0.0016068166587501764,0.004759723786264658,0.0026700806338340044
Wrong 0.010178885422647,0.0062708621844649315,0.008843363262712955,0.00768337631598115
Wrong 0.015639694407582283,0.010418124496936798,0.008113731630146503,0.00837134849280119
Wrong 0.003865531412884593,0.0014220697339624166,0.0018117348663508892,0.0018259810749441385
Wrong 0.004975686781108379,0.0014708105009049177,0.0021736877970397472,0.002521543065086007
Wrong 0.006605185102671385,0.002863153349608183,0.003507903777062893,0.003024181118234992
Wrong 0.005667520686984062,0.0010649457108229399,0.0020850098226219416,0.0015020064311102033
Wrong 0.007970335893332958,0.004102697130292654,0.006110879592597485,0.005435295403003693
Correct 0.008287175558507442,0.0038538421504199505,0.007486680056899786,0.005185975693166256
Correct 0.006742625031620264,0.0031111196149140596,0.004781094379723072,0.002900004154071212
Wrong 0.0034460541792213917,0.0015053976094350219,0.0022248243913054466,0.001529156812466681
Correct 0.00898553803563118,0.0039254226721823215,0.005365394521504641,0.004018538165837526
Wrong 0.007198594510555267,0.003508170833811164,0.00275366916321218,0.003144789719954133
Wrong 0.0034973761066794395,0.0017178149428218603,0.0024224978405982256,0.0021378740202635527
Correct 0.008589141070842743,0.0043525490909814835,0.006955296732485294,0.005291665438562632
Correct 0.003893499495461583,0.001714240526780486,0.003985804505646229,0.0023431142326444387
Wrong 0.005895049311220646,0.0033327157143503428,0.0036602397449314594,0.003034489694982767
Correct 0.0065405890345573425,0.001948540098965168,0.0026842118240892887,0.0022080133203417063
Wrong 0.0073560681194067,0.0034206542186439037,0.006802731659263372,0.002835732651874423
Wrong 0.00787161011248827,0.0037473987322300673,0.004051936324685812,0.0033855207730084658
Wrong 0.004572007805109024,0.0019973162561655045,0.0026460199151188135,0.002390558598563075
Wrong 0.006501343101263046,0.0021777211222797632,0.0017498338129371405,0.0020298080053180456
Wrong 0.008439113385975361,0.0040808022022247314,0.008115560747683048,0.0051587107591331005
Wrong 0.005546243395656347,0.002121599158272147,0.0029225966427475214,0.002293999772518873
Wrong 0.0064437538385391235,0.0031898419838398695,0.005642212927341461,0.0031159832142293453
Wrong 0.006836758926510811,0.003805170301347971,0.006422431208193302,0.005160573869943619
Wrong 0.008041196502745152,0.003710260381922126,0.004915348254144192,0.004304098896682262
Correct 0.0044955117627978325,0.00181633944157511,0.003041784279048443,0.002107041422277689
Wrong 0.00735233211889863,0.003814288415014744,0.0026420194189995527,0.003088876139372587,0.002994215115904808
Wrong 0.0027667968533933163,0.001402096706442535,0.002832263708114624,0.002240570494905114
Wrong 0.005261505953967571,0.002772571286186576,0.004162130877375603,0.004942717961966991
Correct 0.00609169527888298,0.006139316130429506,0.005858146585524082,0.0031357293482869864
Wrong 0.006208857987076044,0.002469634637236595,0.002015689155086875,0.0024124423507601023
Wrong 0.008986394852399826,0.0033058137632906437,0.004661908373236656,0.003305826336145401
Wrong 0.011691892519593239,0.006661679595708847,0.009176874533295631,0.006406694184988737
Correct 0.004953108262270689,0.001441418775357306,0.0024328851141035557,0.00208098441362381
Correct 0.006321909837424755,0.002554279984906316,0.0034912165720015764,0.002307599876075983
Wrong 0.005352428648620844,0.0051071541383862495,0.010727724060416222,0.006872602738440037
Wrong 0.006378482561558485,0.0032072027679532766,0.002943154890090227,0.002966160187497735
Wrong 0.005907407030463219,0.003611102467402816,0.00396597757935524,0.003262390149757266
Correct 0.0022073653526604176,0.0008779782801866531,0.0028564631938934326
Correct 0.006922589149326086,0.0021445590537041426,0.0019833825062960386,0.002710935426875949
Wrong 0.010083911940455437,0.004914300050586462,0.00882945116609335,0.005700955167412758
Wrong 0.006470433436334133,0.0024368034210056067,0.0022713327780365944,0.0025737581308931112
Correct 0.00496051786467433,0.0034629444126039743,0.005936859641224146,0.003893584478646517
Wrong 0.005814400967210531,0.004599423613399267,0.004820105154067278,0.003996067214757204
Wrong 0.004790163598954678,0.0016554202884435654,0.002504579722881317,0.0025639880914241076
Correct 0.004543707240372896,0.003324109362438321,0.004403727129101753,0.0037963720969855785
Correct 0.006439744960516691,0.0029947662260383368,0.0043572066351771355,0.003138577565550804
Wrong 0.006149655673652887,0.002728964202105999,0.004033050499856472,0.0033436366356909275
Wrong 0.006367071531713009,0.002552506048232317,0.00340794469229877,0.002306019887328148
Wrong 0.006385582033544779,0.0021057187113910913,0.0022591063752770424,0.002600220264866948
Wrong 0.0055995299480855465,0.0023160255514085293,0.0027936184778809547,0.0022980747744441032
Correct 0.005156988278031349,0.0021329999435693026,0.0032524403650313616,0.002738852286711335
Wrong 0.003838302567601204,0.0012656915932893753,0.0020226086489856243,0.0015629692934453487
Correct 0.0062907966785132885,0.0027268340345472097,0.002791467122733593,0.002296232618391514
Correct 0.007495150435715914,0.0050713480450212955,0.006931695621460676,0.004801583010703325
Correct 0.00652860663831234,0.0020542743150144815,0.003108059987425804,0.0025566203985363245
Wrong 0.004573928192257881,0.002585828537121415,0.003534286515787244,0.002448197454214096
Correct 0.005988036282360554,0.0029874383471906185,0.0037470697425305843,0.003776647849008441
Correct 0.012602060101926327,0.0040594665333628654,0.005012574139982462,0.004564183298498392
Wrong 0.006483145523816347,0.0021885910537093878,0.0024606918450444937,0.0017045768909156322
Wrong 0.005228488706052303,0.0041358391754329205,0.005310576409101486,0.0034828658681362867
Wrong 0.004109298810362816,0.001233846414834261,0.0018522473983466625,0.0014767182292416692
Correct 0.00279820803552866,0.001440353342331946,0.0030731703154742718,0.001953418366611004
Wrong 0.0036497132387012243,0.0018494944088160992,0.0018208667170256376,0.0020633223466575146
Correct 0.004024807829409838,0.0014239202719181776,0.0023846065159887075,0.0016777459532022476
Correct 0.003574222791939974,0.001244913786649704,0.0022020291071385145,0.0018398907268419862
Correct 0.006635021418333054,0.002071517053991556,0.0026599064003676176,0.003336232388392091
Correct 0.00510460464283824,0.0020146286115050316,0.00443496648222208,0.0021113634575158358
Wrong 0.0037145966198295355,0.0013558224309235811,0.0017683375626802444,0.0010894790757447481
Correct 0.007338285446166992,0.0030351218301802874,0.005326751619577408,0.0031808156054466963
Wrong 0.001966657117009163,0.0007234691875055432,0.001484513282775879,0.0005418198416009545
Wrong 0.006020796485245228,0.001985399518162012,0.003917761147022247,0.00282185897231102
Wrong 0.004827955737709999,0.0022277580574154854,0.003971274010837078,0.003117195563390851
Wrong 0.0036504718009382486,0.001029614475555718,0.001984615810215473,0.001474828808568418
Correct 0.007604910060763359,0.0042655691504478455,0.0088906055316329,0.005105707328766584
Wrong 0.005427607800811529,0.001642392948269844,0.001965728821232915,0.0017898036167025566
Wrong 0.0030555170960724354,0.0017545827431604266,0.002200734568759799,0.0016742668813094497
Wrong 0.0017120769480243325,0.0007136770291253924,0.0018656724132597446,0.0013864556094631553
Wrong 0.006971429102122784,0.0036167381331324577,0.004362528212368488,0.0036167302168905735
Wrong 0.00900490302592516,0.0045631639659404755,0.0074069928377866745,0.0070682005025446415
Wrong 0.003452006494626403,0.002795387292280793,0.0033718207851052284,0.0031924399081617594
Correct 0.0030237820465117693,0.0012604871299117804,0.0033468378242105246,0.0020944280549883842
Wrong 0.007998787797987461,0.0032066218554973602,0.00488944910466671,0.0042814393527805805
Wrong 0.006636625621467829,0.0027882091235369444,0.003993901889771223,0.0025989387650042772
Wrong 0.006817889865487814,0.002864377573132515,0.00413511460646987,0.003296904033049941
Wrong 0.00358411343768239,0.0012580485781654716,0.00236879731528461,0.00210688472725451
Wrong 0.005189211573451757,0.0024512512609362602,0.0034567024558782578,0.0024321977980434895
Correct 0.0038428688421845436,0.0011998432455584407,0.002040913561359048,0.0014360285131260753
Wrong 0.007913889363408089,0.004580126143991947,0.007790993899106979,0.005396824795752764
Wrong 0.007954681292176247,0.006146697327494621,0.007892435416579247,0.005684897769242525
Correct 0.006330729462206364,0.0021204708609730005,0.004891976714134216,0.003362218616530299
Wrong 0.007619631942361593,0.0030072596855461597,0.0028695594519376755,0.0032263165339827538
Wrong 0.0057075852528214455,0.003176711034029722,0.005156363360583782,0.0038620433770120144
Wrong 0.008430114947259426,0.004407631233334541,0.008299089036881924,0.005316693335771561
Correct 0.004556079860776663,0.0032815062440931797,0.004663917701691389,0.00428003678098321
Wrong 0.0058098239824175835,0.0026807498652487993,0.003258977085351944,0.002440924756228924
Correct 0.010989091359078884,0.006717370823025703,0.011697649024426937,0.005397607572376728
Wrong 0.009081930853426456,0.008140611462295055,0.006049708928912878,0.004190600942820311
Wrong 0.0050730216316878796,0.0025308914482593536,0.003174522891640663,0.0030528507195413113
Wrong 0.004923114087432623,0.0013354348484426737,0.0028492058627307415,0.0013994864420965314
Wrong 0.0020553988870233297,0.0008635203121230006,0.0017173324013128877,0.0018424764275550842
Wrong 0.005836821161210537,0.001985883340239525,0.002934967167675495,0.0020014322362840176
Wrong 0.003048962214961648,0.0014515132643282413,0.0021959494333714247,0.002283470006659627
Wrong 0.0036465334706008434,0.002525806427001953,0.0030229731928557158,0.0034795694518834352
Correct 0.005749613977968693,0.0029365792870521545,0.004841543268412352,0.0031260570976883173
Wrong 0.005172224715352058,0.003965670708566904,0.005462800618261099,0.003392087994143367
Correct 0.0050728959031403065,0.00267313071526587,0.004994099494069815,0.004407498054206371
Wrong 0.004156551789492369,0.0016277004033327103,0.002970508998259902,0.0020576713141053915
Correct 0.00707438588142395,0.0028583139646798372,0.003999417182058096,0.0035573160275816917
Wrong 0.0031120036728680134,0.001639918889850378,0.0032613063231110573,0.0025399497244507074
Wrong 0.002860561478883028,0.0018041019793599844,0.002928361762315035,0.0020765492226928473
Correct 0.007374945562332869,0.003826068714261055,0.005698796361684799,0.004951350390911102
Correct 0.006617257837206125,0.002982522128149867,0.004583424422889948,0.0023048091679811478
Correct 0.008220802061259747,0.0013525309041142464,0.003048056736588478,0.002282777801156044
Correct 0.005168016534298658,0.0015762158436700702,0.002039700048044324,0.0016518551856279373
Wrong 0.006026140414178371,0.002396998694166541,0.0032254685647785664,0.001837806892581284
Correct 0.005655055865645409,0.0028657701332122087,0.004105042666196823,0.003566622268408537
Wrong 0.006922396831214428,0.003169253934174776,0.0045753223821520805,0.0037636628840118647
Wrong 0.007380184717476368,0.0031495271250605583,0.0025110107380896807,0.0020334767177700996
Wrong 0.007892941124737263,0.0024835269432514906,0.002814285922795534,0.0026438096538186073
Wrong 0.008042980916798115,0.003711053868755698,0.005112308077514172,0.003486441681161523
Correct 0.004406320862472057,0.0015710697043687105,0.00247164536267519,0.0018511993112042546
Wrong 0.003617680398747325,0.0015927543863654137,0.0026055024936795235,0.0019668370950967073
Correct 0.007655684370547533,0.0042609358206391335,0.007025114726275206,0.005099880043417215
Correct 0.004133916459977627,0.0016833257395774126,0.003295793430879712,0.002689962973818183
Wrong 0.008873590268194675,0.005175756756216288,0.01271022018045187,0.008467104285955429
Wrong 0.006882650777697563,0.003407104639336467,0.005154822021722794,0.004142151214182377
Wrong 0.005079352762550116,0.001854064641520381,0.0020204088650643826,0.001958231208845973
Correct 0.007118007633835077,0.0027227927930653095,0.0031339360866695642,0.0025578667409718037
Wrong 0.0041607278399169445,0.0031403766479343176,0.0031159906648099422,0.003395852167159319
Correct 0.00826557818800211,0.0030407505109906197,0.0033657788299024105,0.0030407262966036797
Wrong 0.00830819271504879,0.005118403118103743,0.005158555693924427,0.005078681278973818
Wrong 0.004330049734562635,0.0025257107336074114,0.003674853593111038,0.003791620023548603
Wrong 0.003616602160036564,0.001383442198857665,0.001655744039453566,0.001484203734435141,0.0009659866336733103
Wrong 0.005702403374016285,0.002822886686772108,0.004107212647795677,0.0026312379632145166
Wrong 0.0042894319631159306,0.0020580340642482042,0.002857340732589364,0.0030416459776461124
Correct 0.0070343585684895515,0.0023932980839163065,0.003195486729964614,0.002265992807224393
Wrong 0.002963682170957327,0.0013461897615343332,0.002740827389061451,0.0020209462381899357
Correct 0.005331704393029213,0.002460118383169174,0.0034965237136930227,0.0033627378288656473
Wrong 0.004505278542637825,0.0014066207222640514,0.0013009222457185388,0.0015449105994775891
Correct 0.0026794862933456898,0.0012460830621421337,0.0017710260581225157,0.0015030755894258618
Correct 0.0037988475523889065,0.0013974657049402595,0.002001826884225011,0.0018227135296911001
Wrong 0.005113938823342323,0.0025315380189567804,0.0050739445723593235,0.004272775258868933
Wrong 0.0038406457751989365,0.0011531759519129992,0.0010418177116662264,0.0008371045114472508
Correct 0.00848170556128025,0.004908732138574123,0.00526627479121089,0.005650069564580917
Wrong 0.008556989952921867,0.004073677584528923,0.004544673953205347,0.004652292467653751
Wrong 0.004891005344688892,0.0017438358627259731,0.0031576738692820072,0.0026799761690199375
Correct 0.008775619789958,0.0043103513307869434,0.006572438403964043,0.0050002336502075195
Wrong 0.005146128591150045,0.0036776731722056866,0.006063417065888643,0.0061112320981919765
Wrong 0.005499057937413454,0.002617914928123355,0.0035227539483457804,0.0031579281203448772
Correct 0.007837964221835136,0.004195266868919134,0.007537490222603083,0.007479173131287098
Correct 0.008893033489584923,0.005268806591629982,0.006355419289320707,0.006306102499365807
Correct 0.004199416842311621,0.0012807040475308895,0.0019836181309074163,0.001311068655923009
Wrong 0.005245371256023645,0.0033602192997932434,0.004247681703418493,0.005204611457884312
Wrong 0.0028792186640203,0.0010509119601920247,0.0021903335582464933,0.0017191749066114426
Wrong 0.003713189857080579,0.0016475908923894167,0.0029834462329745293,0.0026744515635073185
Wrong 0.0025765905156731606,0.001826867344789207,0.005044284276664257,0.0023643902968615294
Wrong 0.0074286204762756824,0.0034817177802324295,0.004070495255291462,0.003824040526524186
Correct 0.0022495861630886793,0.0008672829135321081,0.0018503944156691432,0.0018943515606224537
Correct 0.004920582752674818,0.0021495651453733444,0.0036568506620824337,0.0025131916627287865
Wrong 0.004053525626659393,0.0008235349087044597,0.0011982310097664595,0.0015029017813503742
Wrong 0.003508415073156357,0.0009895586408674717,0.0012509252410382032,0.0009223947999998927
Correct 0.0026901892852038145,0.0023009246215224266,0.006453501991927624,0.00252726417966187
Wrong 0.004468846600502729,0.0023365274537354708,0.0018774560885503888,0.001982998801395297
Wrong 0.00956947635859251,0.004520119167864323,0.005714014638215303,0.004774320404976606
Correct 0.007601812481880188,0.003535067429766059,0.007140642032027245,0.006302011199295521
Wrong 0.008228566497564316,0.004336090292781591,0.005567590240389109,0.005069433245807886
Wrong 0.0026525366120040417,0.0012627606047317386,0.0016992170130833983,0.0013653781497851014
Correct 0.0025931561831384897,0.0012937907595187426,0.002003870904445648,0.001610162085853517
Wrong 0.006642437074333429,0.002405724488198757,0.0027048150077462196,0.0020258291624486446
Wrong 0.0062034353613853455,0.0022999891079962254,0.0030232914723455906,0.003562360070645809
Wrong 0.00481443153694272,0.0038987244479358196,0.0049284338019788265,0.0034948864486068487
Wrong 0.0019717912655323744,0.00053489173296839,0.0012830476043745875,0.0009685070253908634
Correct 0.005536817945539951,0.0017558806575834751,0.0027195424772799015,0.002534976927563548
Wrong 0.007401319686323404,0.0034418567083775997,0.005007829982787371,0.004489178769290447
Wrong 0.0022749605122953653,0.0008702590130269527,0.0018713503377512097,0.00245989509858191
Wrong 0.0047841910272836685,0.002106413943693042,0.004673258867114782,0.0027688227128237486
Wrong 0.007421710062772036,0.0038201874122023582,0.004943732637912035,0.004829478915780783
Correct 0.008794771507382393,0.005722716450691223,0.008391755633056164,0.007641152013093233
Correct 0.0064450837671756744,0.0036720207426697016,0.005776966921985149,0.004570427350699902
Correct 0.008261989802122116,0.003964044153690338,0.00537608377635479,0.0035257257986813784
Correct 0.00472630187869072,0.002113630063831806,0.0023213643580675125,0.002490500919520855
Correct 0.0042214482091367245,0.0017874856712296605,0.002173002576455474,0.0024623700883239508
Correct 0.005782772321254015,0.004610294476151466,0.006655741948634386,0.005737846251577139
Correct 0.0049516730941832066,0.0017656395211815834,0.001939107896760106,0.0017518991371616721
Wrong 0.004928769543766975,0.003467621747404337,0.006842509377747774,0.003868553787469864
Wrong 0.008290719240903854,0.004234368447214365,0.007373745087534189,0.005311277229338884
Wrong 0.005637260619550943,0.003041038289666176,0.003162223380059004,0.0018589550163596869
Correct 0.0024823956191539764,0.0016278872499242425,0.002769154729321599,0.002106725238263607
Wrong 0.003989679738879204,0.0018265432445332408,0.0030829599127173424,0.0022379823494702578
Wrong 0.0018731947056949139,0.000844258232973516,0.0020896028727293015,0.0009947632206603885
Wrong 0.011368225328624249,0.007631900254637003,0.010595843195915222,0.006477640476077795
Correct 0.004215654451400042,0.0021031275391578674,0.0039600469172000885,0.0032574243377894163
Wrong 0.005136835854500532,0.0025627396535128355,0.006005366798490286,0.0034758332185447216
Wrong 0.006467016879469156,0.0024545714259147644,0.004479521885514259,0.0029148312751203775
Wrong 0.006392982322722673,0.002370192902162671,0.0026235776022076607,0.0017476859502494335
Correct 0.005525211803615093,0.0030274956952780485,0.004303007386624813,0.002911563962697983
Correct 0.0037544097285717726,0.0012188319815322757,0.002122491132467985,0.0020894911140203476
Correct 0.004412985406816006,0.001133351936005056,0.0013670676853507757,0.0015014781383797526
Wrong 0.007079669740051031,0.004002253990620375,0.007535831071436405,0.00629689684137702
Correct 0.004387908149510622,0.0014697861624881625,0.0020889744628220797,0.0018579778261482716
Wrong 0.0037814362440258265,0.002479800023138523,0.003209208371117711,0.0025189844891428947
Wrong 0.0053898342885077,0.002410431392490864,0.0037333823274821043,0.003095129271969199
Wrong 0.007584678940474987,0.0028119466733187437,0.005860579200088978,0.005131842568516731
Correct 0.003800265258178115,0.0013133768225088716,0.0016602324321866035,0.0015966504579409957
Correct 0.0071361795999109745,0.003423902206122875,0.004227994941174984,0.004002997651696205
Wrong 0.002972817048430443,0.0012785415165126324,0.0029496203642338514,0.001860294141806662
Correct 0.003675061045214534,0.002194406231865287,0.0035897211637347937,0.001833510585129261
Correct 0.0066886176355183125,0.0022230076137930155,0.002329678973183036,0.002347934525460005
Correct 0.007605540566146374,0.0025277265813201666,0.0026284107007086277,0.0027118355501443148
Wrong 0.007194982375949621,0.004537592642009258,0.006602026987820864,0.0042297933250665665
Wrong 0.006643080152571201,0.0026013795286417007,0.004530043341219425,0.002642369596287608
Correct 0.005761254578828812,0.0028968763072043657,0.004738985560834408,0.0033604816999286413
Wrong 0.005456332582980394,0.0026798811741173267,0.0042823986150324345,0.0034411647357046604
Wrong 0.00939740240573883,0.004875119309872389,0.0074336896650493145,0.0057895914651453495
Wrong 0.007623487152159214,0.004552130121737719,0.006727622356265783,0.00544827152043581
Wrong 0.0041503277607262135,0.0017710970714688301,0.0038988101296126842,0.002577066421508789
Correct 0.008303911425173283,0.004241172689944506,0.007214162033051252,0.0037137840408831835
Wrong 0.005925905425101519,0.0031471189577132463,0.004268139135092497,0.0035110111348330975
Wrong 0.0028018129523843527,0.0011144701857119799,0.0025311755016446114,0.0022689769975841045
Wrong 0.0029372642748057842,0.0013447509845718741,0.0019719586707651615,0.002034564735367894
Correct 0.004874860402196646,0.00163284782320261,0.0012916745617985725,0.0012917129788547754
Wrong 0.007213898003101349,0.003302756231278181,0.00427405908703804,0.004341381136327982
Correct 0.00516105629503727,0.0015375055372714996,0.003631128929555416,0.0024956907145678997
Wrong 0.004615013487637043,0.0015701911179348826,0.0015824971487745643,0.002016180194914341
Wrong 0.0039388081058859825,0.001846111612394452,0.0023519392125308514,0.002175299683585763
Correct 0.004188473802059889,0.0014362186193466187,0.0031864189077168703,0.0017324096988886595
Wrong 0.0064971353858709335,0.003909902647137642,0.0070798215456306934,0.0047535072080791
Wrong 0.006434815004467964,0.0024233257863670588,0.0027892454527318478,0.002640841994434595
Wrong 0.004740011412650347,0.0018854301888495684,0.0021700996439903975,0.0019454031717032194
Wrong 0.005728066898882389,0.0027057421393692493,0.003998769912868738,0.002880247076973319
Wrong 0.006453043781220913,0.003535859053954482,0.0062543731182813644,0.004006716422736645
Wrong 0.0029345962684601545,0.0015706293052062392,0.003857111558318138,0.002610008465126157
Correct 0.005747227463871241,0.0016989053692668676,0.0019250473706051707,0.0021476109977811575
Wrong 0.006771493703126907,0.0028007947839796543,0.002912262687459588,0.0023039081133902073
Wrong 0.006306069903075695,0.0031706318259239197,0.008034097030758858,0.003946137614548206
Wrong 0.00482686422765255,0.0017076692311093211,0.0024082192685455084,0.0021926674526184797
Wrong 0.00753435306251049,0.003758822800591588,0.004641588311642408,0.005426791496574879
Wrong 0.005728626623749733,0.0029031133744865656,0.0035569285973906517,0.002925882814452052
Wrong 0.0035703470930457115,0.001956321531906724,0.0026531715411692858,0.002098907483741641
Wrong 0.005453919526189566,0.002054002834483981,0.002742407377809286,0.002238297136500478
Correct 0.0065535749308764935,0.0031938834581524134,0.0037049727980047464,0.0033471395727247
Wrong 0.0038024892564862967,0.0014890165766701102,0.0013879641192033887,0.0010395023273304105
Wrong 0.006132790818810463,0.003467098344117403,0.006084877531975508,0.005806379020214081
Wrong 0.004205015953630209,0.001925086253322661,0.0022507314570248127,0.0023222214076668024
Wrong 0.00483113806694746,0.0019826970528811216,0.002585877198725939,0.002410334534943104
Wrong 0.005434398073703051,0.0034811662044376135,0.005830094218254089,0.004721543751657009
Wrong 0.004180096089839935,0.001797855831682682,0.0022200136445462704,0.00144461658783257
Wrong 0.010307400487363338,0.00802726298570633,0.00486872810870409,0.004609671421349049,0.0034530130214989185
Wrong 0.005659997463226318,0.002780085662379861,0.0033534341491758823,0.00226906081661582
Wrong 0.003221639199182391,0.0012132558040320873,0.0018790934700518847,0.0022315422538667917
Wrong 0.009090383537113667,0.0056001353077590466,0.007775012403726578,0.005099189933389425
Correct 0.0053778113797307014,0.0020895241759717464,0.0027681447099894285,0.0031863178592175245
Wrong 0.006337646394968033,0.002856631064787507,0.003472718643024564,0.002683610888198018
Wrong 0.005326657090336084,0.0013467827811837196,0.001663008937612176,0.0014791253488510847
Wrong 0.009793690405786037,0.005160743836313486,0.007686707191169262,0.0071652899496257305
Wrong 0.003978249616920948,0.0011668173829093575,0.0018645646050572395,0.002096401294693351
Wrong 0.003798610996454954,0.002033231081441045,0.0031002869363874197,0.002757480600848794
Correct 0.005649909842759371,0.0022473682183772326,0.0048706806264817715,0.0023006158880889416
Wrong 0.006892289500683546,0.0033328449353575706,0.004246181342750788,0.004115584772080183
Wrong 0.010445847176015377,0.005813928786665201,0.008393333293497562,0.006140846759080887
Wrong 0.00648064399138093,0.003495968645438552,0.006429985631257296,0.003310000291094184
Correct 0.007618037983775139,0.003077928675338626,0.003890804946422577,0.002082640305161476
Wrong 0.0035045205149799585,0.0018757644575089216,0.0032159052789211273,0.002012464450672269
Correct 0.00542193278670311,0.0019483657088130713,0.0029477414209395647,0.002857114188373089
Wrong 0.008067775517702103,0.003389280056580901,0.005168047267943621,0.003086196491494775
Wrong 0.004965413361787796,0.0022911455016583204,0.0037774022202938795,0.003897431306540966
Correct 0.008342203684151173,0.0038192516658455133,0.005020281299948692,0.004327839240431786
Correct 0.006372848991304636,0.003229537745937705,0.005450829863548279,0.0036883284337818623
Wrong 0.004877156112343073,0.003004581667482853,0.007378561422228813,0.004237252753227949
Wrong 0.006517127156257629,0.00531876552850008,0.0045493533834815025,0.004996645729988813
Wrong 0.004332558251917362,0.0013956199400126934,0.002355517353862524,0.0018489367794245481
Wrong 0.003953855950385332,0.0015605292282998562,0.0016482060309499502,0.0016353264218196273
Wrong 0.006597100757062435,0.00297350762411952,0.003788396716117859,0.0028373533859848976
Wrong 0.0071516926400363445,0.002844688482582569,0.0034046706277877092,0.003710284363478422
Wrong 0.004424149636179209,0.0022245566360652447,0.002856403822079301,0.002970214933156967
Wrong 0.004050477407872677,0.0025947049725800753,0.0034916438162326813,0.002574586309492588
