grade confidence_levels
Wrong 15.291481971740723,14.561429023742676,17.400148391723633,17.984386444091797
Wrong 14.83962631225586,18.118682861328125,14.125078201293945,17.19256019592285
Correct 14.990776062011719,14.91322135925293,14.747781753540039,19.2633113861084
Correct 18.01017951965332,18.247299194335938,16.343441009521484,16.98082733154297
Correct 14.80634880065918,18.792333602905273,14.763553619384766,16.718358993530273
Wrong 17.360666275024414,16.701478958129883,18.04973030090332,16.76824951171875
Correct 16.69950294494629,16.394929885864258,15.156899452209473,15.16386604309082
Wrong 15.211363792419434,18.394254684448242,15.718512535095215,16.425378799438477
Correct 15.394899368286133,15.024277687072754,14.895813941955566,18.269914627075195
Wrong 17.41841697692871,16.076148986816406,18.090137481689453,16.961637496948242
Correct 15.280013084411621,15.56920337677002,18.504972457885742,16.424335479736328
Wrong 15.19573974609375,15.759590148925781,17.726566314697266,16.588869094848633
Correct 15.964332580566406,17.474899291992188,16.451622009277344,16.89562225341797
Correct 15.871343612670898,15.700287818908691,17.94605827331543,17.44748878479004
Correct 15.674509048461914,18.775047302246094,15.116167068481445,16.432050704956055
Wrong 17.17660903930664,17.70793914794922,17.209285736083984,18.383712768554688
Correct 15.875968933105469,14.607927322387695,14.842947006225586,18.959352493286133
Correct 15.372628211975098,14.33925724029541,14.37507438659668,18.030813217163086
Correct 16.574281692504883,16.012149810791016,17.705251693725586,17.950584411621094
Wrong 17.018924713134766,16.14803123474121,18.222431182861328,17.11855125427246
Correct 14.37133502960205,13.067228317260742,17.47751235961914,18.702577590942383
Wrong 16.64791488647461,15.699822425842285,17.657699584960938,15.911042213439941
Correct 15.692299842834473,18.888530731201172,15.500385284423828,16.90964126586914
Correct 15.950393676757812,15.696157455444336,15.822004318237305,18.85625648498535
Correct 16.035127639770508,16.39499282836914,16.334455490112305,18.90572166442871
Correct 18.661697387695312,16.80287742614746,17.042221069335938,17.796709060668945
Correct 14.44848346710205,17.982585906982422,13.41999340057373,14.910553932189941
Wrong 14.814336776733398,17.0350284576416,17.232234954833984,15.978958129882812
Wrong 15.17517375946045,14.887142181396484,17.049076080322266,16.226333618164062
Correct 16.331262588500977,16.221378326416016,17.336360931396484,17.28097152709961
Wrong 15.787362098693848,14.788253784179688,17.491989135742188,17.360443115234375
Correct 15.4896240234375,18.23151969909668,15.820455551147461,16.461029052734375
Wrong 15.467941284179688,14.79277229309082,15.287378311157227,16.067943572998047
Correct 16.18706703186035,15.51350212097168,18.271488189697266,17.93353843688965
Correct 17.08119773864746,15.665396690368652,15.528277397155762,18.698631286621094
Wrong 17.057126998901367,17.348970413208008,17.28037452697754,17.425783157348633
Wrong 16.215591430664062,15.824496269226074,17.711925506591797,17.92221450805664
Wrong 15.98928451538086,16.116851806640625,16.483074188232422,16.459545135498047
Correct 15.914011001586914,15.916523933410645,17.14168930053711,16.57540512084961
Wrong 16.823213577270508,15.991732597351074,16.09710693359375,18.524791717529297
Correct 14.425545692443848,14.516632080078125,14.328401565551758,18.301977157592773
Wrong 16.014375686645508,17.052310943603516,17.220823287963867,17.0731201171875
Correct 18.907264709472656,16.56619644165039,15.526761054992676,16.842517852783203
Wrong 17.36573028564453,17.60765838623047,18.19904899597168,18.46285057067871
Correct 18.871776580810547,14.714677810668945,15.269159317016602,17.18268585205078
Wrong 16.270647048950195,16.66303062438965,15.989884376525879,16.70916175842285
Wrong 17.115081787109375,17.83771514892578,15.70270824432373,16.988079071044922
Correct 19.033952713012695,15.570577621459961,15.583292961120605,16.656343460083008
Correct 16.636310577392578,15.469950675964355,15.007633209228516,16.12769889831543
Wrong 15.940142631530762,18.001785278320312,15.99886417388916,16.788175582885742
Wrong 16.805824279785156,17.304086685180664,16.869831085205078,17.894285202026367
Correct 15.545312881469727,16.427289962768555,17.82780647277832,15.728811264038086
Wrong 16.782543182373047,15.510862350463867,15.426682472229004,17.583133697509766
Correct 16.307592391967773,16.42758560180664,16.5722713470459,16.437061309814453
Correct 16.287710189819336,16.01511001586914,17.193552017211914,17.386821746826172
Wrong 16.827253341674805,16.276853561401367,17.131378173828125,17.237075805664062
Wrong 16.837404251098633,16.52109718322754,17.16440200805664,16.935895919799805
Wrong 17.49761962890625,16.97030258178711,18.08551788330078,17.62401580810547
Correct 15.928848266601562,15.101855278015137,17.18798828125,17.507783889770508
Wrong 16.867258071899414,16.938032150268555,17.195926666259766,17.959108352661133
Correct 17.90575408935547,15.27297306060791,16.083951950073242,16.64339828491211
Correct 16.664583206176758,14.005128860473633,14.012894630432129,18.194669723510742
Wrong 16.396432876586914,17.084701538085938,17.741432189941406,18.334728240966797
Wrong 16.603796005249023,17.49681282043457,16.81911849975586,18.373600006103516
Wrong 17.448150634765625,16.336956024169922,17.676443099975586,18.26913070678711
Correct 14.49159049987793,18.231718063354492,17.25864028930664,15.951803207397461
Correct 16.281269073486328,16.747426986694336,17.695140838623047,17.530874252319336
Correct 15.335834503173828,16.77910804748535,18.226091384887695,16.69034194946289
Correct 17.532554626464844,15.66273307800293,15.713871002197266,17.605695724487305
Wrong 16.722246170043945,17.410804748535156,17.05535316467285,17.756546020507812
Wrong 15.158163070678711,14.742822647094727,17.57184410095215,18.353557586669922
Wrong 17.061328887939453,16.508424758911133,15.577319145202637,18.67397689819336
Correct 18.68819808959961,14.298514366149902,15.680685997009277,15.2807035446167
Wrong 17.027191162109375,17.01226043701172,17.15198516845703,17.984477996826172
Correct 15.296271324157715,14.323864936828613,15.051254272460938,17.85502815246582
Correct 17.772262573242188,17.131229400634766,17.674222946166992,17.748754501342773
Correct 18.730792999267578,16.238962173461914,15.117337226867676,17.317481994628906
Wrong 16.46160316467285,16.12802505493164,17.142377853393555,17.455894470214844
Wrong 16.097688674926758,16.959793090820312,18.386484146118164,17.12172508239746
Wrong 15.339823722839355,15.864449501037598,18.79999351501465,17.330595016479492
Wrong 16.84597396850586,17.733226776123047,16.754318237304688,17.195449829101562
Correct 18.13933563232422,16.2457332611084,15.336169242858887,16.194686889648438
Correct 15.03223705291748,17.776838302612305,14.281620025634766,15.603208541870117
Correct 15.765069961547852,14.91904354095459,15.66594409942627,17.924699783325195
Wrong 16.59272003173828,15.866698265075684,18.293272018432617,17.391948699951172
Correct 15.868172645568848,16.65894889831543,16.944849014282227,17.404916763305664
Correct 14.419800758361816,17.180761337280273,14.891376495361328,15.320143699645996
Wrong 15.678200721740723,17.48081398010254,18.169267654418945,17.100933074951172
Correct 17.109952926635742,18.21958351135254,17.34025001525879,17.312591552734375
Correct 17.74049186706543,16.689178466796875,16.52642822265625,17.45938491821289
Correct 15.210944175720215,13.982504844665527,16.538631439208984,18.048540115356445
Correct 15.60677719116211,15.75259017944336,18.179384231567383,17.21062469482422
Wrong 16.916486740112305,17.228073120117188,16.953250885009766,18.39815902709961
Correct 18.176456451416016,17.626142501831055,16.87430763244629,18.719844818115234
Wrong 17.15209197998047,15.694829940795898,16.36530303955078,17.204225540161133
Wrong 17.257152557373047,17.005746841430664,17.579551696777344,17.602005004882812
Correct 16.685789108276367,16.683866500854492,18.672698974609375,18.164690017700195
Correct 15.004107475280762,14.627995491027832,18.33511734008789,17.04637908935547
Correct 13.959854125976562,18.47015953063965,14.877037048339844,15.885703086853027
Correct 17.460899353027344,16.691015243530273,16.642654418945312,17.868864059448242
Wrong 16.633668899536133,18.23046875,18.26781463623047,17.266605377197266
Correct 18.507078170776367,15.553220748901367,18.961585998535156,17.010915756225586
Wrong 17.474475860595703,18.18317222595215,16.7874813079834,17.74831199645996
Wrong 16.552587509155273,16.353769302368164,17.751060485839844,17.806663513183594
Correct 15.414380073547363,15.586944580078125,15.075819969177246,18.99521255493164
Wrong 16.97877311706543,16.80307960510254,17.651641845703125,18.03704261779785
Correct 16.205951690673828,18.452913284301758,16.08283805847168,17.316730499267578
Correct 14.470080375671387,17.509204864501953,15.504785537719727,15.273040771484375
Wrong 16.389562606811523,16.05988883972168,18.03899383544922,18.28718376159668
Correct 14.8140287399292,17.69899559020996,14.477774620056152,16.12224769592285
Correct 15.821011543273926,14.547385215759277,17.98989486694336,16.358356475830078
Wrong 16.010318756103516,16.222206115722656,17.599292755126953,16.865468978881836
Correct 17.843151092529297,14.853093147277832,15.784562110900879,16.116167068481445
Wrong 15.901391983032227,16.735876083374023,16.055543899536133,16.849506378173828
Correct 18.264150619506836,14.880498886108398,15.568285942077637,16.78949546813965
Correct 18.47842025756836,13.838715553283691,13.870397567749023,16.69607925415039
Wrong 15.984939575195312,18.219253540039062,16.73023796081543,17.380672454833984
Wrong 17.2263240814209,17.48605728149414,17.84143829345703,17.999666213989258
Correct 17.357263565063477,15.814070701599121,16.823009490966797,18.15095329284668
Correct 15.699618339538574,14.135562896728516,15.555693626403809,17.794599533081055,15.237874031066895
Correct 18.263811111450195,16.18379020690918,16.272903442382812,17.750425338745117
Wrong 17.622968673706055,16.504478454589844,18.764240264892578,18.217191696166992
Correct 16.631319046020508,17.329360961914062,16.175037384033203,17.289400100708008
Correct 14.801255226135254,15.134651184082031,15.111669540405273,17.788265228271484
Wrong 16.48760986328125,16.098073959350586,17.07906723022461,17.5566349029541
Wrong 16.336118698120117,18.76228141784668,15.266389846801758,18.1224308013916
Wrong 15.76859188079834,15.91660213470459,16.41794776916504,17.557552337646484
Wrong 16.687519073486328,17.907840728759766,16.723697662353516,16.82511329650879
Correct 18.489816665649414,16.328582763671875,16.530153274536133,16.826885223388672
Wrong 16.775588989257812,16.478416442871094,17.10909652709961,16.79708480834961
Correct 14.659363746643066,17.685714721679688,14.868494987487793,16.124469757080078
Correct 17.012287139892578,16.143192291259766,17.344982147216797,18.61699104309082
Correct 17.863494873046875,16.241668701171875,17.337671279907227,17.721145629882812
Wrong 16.242788314819336,15.419302940368652,17.725109100341797,17.350933074951172
Wrong 17.18722152709961,16.318147659301758,16.783554077148438,16.999975204467773
Wrong 13.618924140930176,18.076940536499023,13.730700492858887,16.200576782226562
Correct 18.031978607177734,16.286399841308594,17.83233070373535,17.475078582763672
Wrong 15.11072826385498,17.85894203186035,17.932313919067383,16.122817993164062
Wrong 16.05435562133789,15.462286949157715,16.852336883544922,17.642868041992188
Correct 16.51335334777832,14.969099044799805,15.059932708740234,19.12281608581543
Correct 15.6173095703125,15.671313285827637,18.129465103149414,17.913015365600586
Wrong 18.31102752685547,15.968036651611328,17.78854751586914,17.797449111938477
Correct 18.3082275390625,13.484137535095215,15.601469039916992,15.282917022705078
Wrong 17.79938507080078,17.613367080688477,18.604581832885742,18.51163101196289
Correct 17.668550491333008,16.20873260498047,17.16950035095215,19.215070724487305
Correct 16.405349731445312,16.597644805908203,15.303643226623535,18.230125427246094
Correct 16.138565063476562,16.12903594970703,19.006568908691406,17.07195281982422
Wrong 17.338634490966797,17.031354904174805,17.08079719543457,17.764896392822266
Wrong 17.912235260009766,17.22283935546875,18.134313583374023,18.924781799316406
Wrong 15.485424041748047,15.320333480834961,17.618104934692383,17.107358932495117
Correct 15.531872749328613,14.900510787963867,17.644466400146484,16.643043518066406
Correct 17.427356719970703,16.95884895324707,16.4284725189209,18.934852600097656
Wrong 17.167835235595703,17.36404800415039,17.262351989746094,17.875093460083008
Correct 13.689031600952148,13.497613906860352,18.648805618286133,15.067278861999512
Correct 14.90289306640625,14.658254623413086,17.88982391357422,17.063138961791992
Correct 14.17308235168457,13.76744270324707,18.48867416381836,15.334342956542969
Correct 16.093700408935547,16.027738571166992,16.511117935180664,16.95742416381836
Wrong 17.044538497924805,16.762136459350586,16.607954025268555,17.546323776245117
Wrong 16.451505661010742,16.642648696899414,17.50506591796875,16.860347747802734
Correct 18.247085571289062,15.082173347473145,15.78370189666748,16.62348747253418
Wrong 16.120098114013672,16.988616943359375,18.63680648803711,17.483989715576172
Correct 17.950584411621094,17.52385139465332,16.493366241455078,17.283655166625977
Correct 16.58053970336914,17.521093368530273,16.309967041015625,17.32674789428711
Correct 19.23324966430664,14.741185188293457,15.6494779586792,17.401813507080078
Correct 16.33182144165039,18.575014114379883,16.15134048461914,16.76563835144043
Correct 13.545411109924316,12.716593742370605,18.381086349487305,15.017277717590332
Correct 18.141923904418945,14.964627265930176,14.683388710021973,17.342670440673828
Correct 15.507619857788086,18.202560424804688,16.30776596069336,16.567230224609375
Wrong 17.051559448242188,16.029617309570312,17.44295310974121,17.392621994018555
Wrong 15.863415718078613,15.756756782531738,16.669954299926758,16.396041870117188
Correct 15.671753883361816,16.975765228271484,18.30892562866211,16.142501831054688
Correct 16.08274269104004,16.380615234375,17.786848068237305,17.461776733398438
Correct 16.199983596801758,17.554336547851562,15.465054512023926,17.195030212402344
Correct 17.081661224365234,18.363773345947266,16.596982955932617,17.21748924255371
Correct 16.68647575378418,15.673121452331543,18.054773330688477,16.784257888793945
Correct 16.509668350219727,15.71288776397705,15.700723648071289,18.17041778564453
Correct 16.35689353942871,15.488283157348633,15.170197486877441,18.807209014892578
Correct 18.09954071044922,15.215221405029297,14.979334831237793,17.255449295043945
Correct 16.747089385986328,15.160606384277344,16.621185302734375,16.28875732421875
Correct 14.533308029174805,13.252777099609375,16.299137115478516,18.220205307006836
Wrong 17.11962127685547,17.336074829101562,18.72962760925293,18.001131057739258
Wrong 16.83085060119629,16.748760223388672,17.10944175720215,17.734737396240234
Correct 18.746501922607422,14.818848609924316,15.997101783752441,17.14803123474121
Wrong 16.764034271240234,17.358243942260742,17.769012451171875,17.902896881103516
Wrong 15.997693061828613,16.59113883972168,16.95217514038086,16.742752075195312
Correct 16.33049964904785,16.553451538085938,17.465412139892578,18.70106315612793
Wrong 16.193666458129883,16.501049041748047,16.404314041137695,17.121206283569336
Wrong 16.714643478393555,16.378185272216797,16.631885528564453,17.06114387512207
Correct 14.531360626220703,13.432939529418945,18.179506301879883,16.41415786743164
Wrong 16.039770126342773,16.70143699645996,17.117671966552734,16.707286834716797
Correct 15.881081581115723,15.051273345947266,18.491504669189453,17.04914093017578
Correct 15.649595260620117,15.270661354064941,16.368568420410156,17.075090408325195
Correct 17.837087631225586,16.826904296875,16.86227035522461,16.78067970275879
Correct 15.756450653076172,16.266647338867188,17.80181312561035,17.25907325744629
Correct 14.01440715789795,17.815105438232422,14.751055717468262,15.825387954711914
Wrong 15.214271545410156,14.235112190246582,18.515785217285156,17.797922134399414
Correct 15.279146194458008,17.432819366455078,15.30124568939209,16.51051139831543
Correct 16.303991317749023,17.53300666809082,17.1981258392334,17.729597091674805
Correct 16.58208656311035,16.307613372802734,16.643770217895508,17.970558166503906
Correct 15.412336349487305,15.185563087463379,17.295522689819336,18.967601776123047
Wrong 16.86551856994629,16.71954345703125,17.41759490966797,18.801517486572266
Correct 14.61806583404541,17.357820510864258,15.44522762298584,16.271209716796875
Correct 15.265385627746582,15.182439804077148,17.26437759399414,16.945566177368164
Correct 15.879704475402832,16.867382049560547,16.267749786376953,16.945240020751953
Wrong 14.654459953308105,18.610612869262695,15.75175952911377,16.24787139892578
Correct 13.336249351501465,17.93764305114746,13.370231628417969,15.586888313293457
Correct 17.752832412719727,13.968514442443848,13.959915161132812,15.608702659606934
Correct 18.283960342407227,16.764854431152344,16.943883895874023,19.050107955932617
Correct 14.67038345336914,18.76059341430664,14.931245803833008,16.10540008544922
Wrong 16.72661590576172,17.360260009765625,16.531776428222656,18.074764251708984
Correct 18.522069931030273,14.810632705688477,14.272305488586426,16.41126823425293
Correct 18.55722999572754,16.008712768554688,15.829934120178223,17.052663803100586
Correct 17.292098999023438,15.559549331665039,16.320514678955078,16.99531364440918
Wrong 15.562812805175781,14.687594413757324,17.654726028442383,17.232568740844727
Correct 14.252513885498047,15.2526216506958,14.430949211120605,18.55126190185547
Wrong 16.48122215270996,17.3177433013916,15.354497909545898,16.41282844543457
Correct 15.693903923034668,16.09917449951172,16.572446823120117,18.7598819732666
Wrong 16.20155143737793,14.1838960647583,18.20025634765625,16.776721954345703
Correct 15.277458190917969,16.82133674621582,18.447795867919922,16.799911499023438
Correct 16.293272018432617,17.613136291503906,14.702130317687988,16.568910598754883
Correct 15.501320838928223,16.777616500854492,16.998029708862305,15.944293975830078
Wrong 17.133298873901367,17.331201553344727,17.00125503540039,17.448381423950195
Correct 16.251697540283203,17.12220573425293,16.473905563354492,17.328622817993164
Correct 14.594691276550293,13.531984329223633,18.761770248413086,16.612600326538086
Correct 15.0286865234375,13.650877952575684,18.269359588623047,15.390734672546387
Wrong 17.07558822631836,17.526687622070312,17.777793884277344,17.965438842773438
Correct 14.019247055053711,12.75921630859375,14.77022933959961,17.679841995239258
Correct 16.32078742980957,16.43384552001953,16.15823745727539,17.037565231323242
Wrong 16.288015365600586,18.34654426574707,18.18218421936035,17.952529907226562
Correct 14.464609146118164,17.565349578857422,15.420644760131836,15.587074279785156
Correct 15.699243545532227,15.949541091918945,18.582853317260742,17.37731170654297
Correct 16.104652404785156,15.415237426757812,17.818151473999023,17.481252670288086
Wrong 17.370954513549805,16.518220901489258,17.236221313476562,17.89901351928711
Wrong 18.076696395874023,16.44476318359375,18.33516502380371,18.065895080566406
Wrong 16.744075775146484,16.876110076904297,16.246456146240234,17.483022689819336
Correct 17.431339263916016,12.896668434143066,13.121488571166992,16.288970947265625
Correct 16.690839767456055,17.899459838867188,16.639816284179688,17.651243209838867
Wrong 16.474512100219727,16.053434371948242,17.536855697631836,17.457109451293945
Correct 18.557723999023438,15.17093276977539,17.945829391479492,17.0886287689209
Correct 15.570389747619629,18.478288650512695,15.74551010131836,17.81875228881836
Correct 13.196113586425781,18.162296295166016,13.625826835632324,15.245323181152344
Wrong 17.300947189331055,17.241716384887695,16.39270782470703,16.80046272277832
Correct 17.528955459594727,16.928388595581055,17.084280014038086,18.975126266479492
Correct 15.483254432678223,17.318920135498047,15.51534366607666,17.017345428466797
Wrong 15.509795188903809,15.586669921875,16.10016441345215,16.022438049316406
Correct 16.06773567199707,17.43949317932129,15.964445114135742,17.2236385345459
Correct 18.48056983947754,13.917054176330566,13.597655296325684,16.141883850097656
Correct 16.15097427368164,17.491870880126953,17.938331604003906,17.289508819580078
Correct 18.892742156982422,14.986300468444824,15.568225860595703,16.139753341674805
Wrong 17.006914138793945,16.800111770629883,16.135530471801758,17.46488380432129
Correct 15.222558975219727,16.79308319091797,14.501442909240723,15.96086311340332
Correct 19.14468765258789,16.63829231262207,15.409841537475586,18.085573196411133
Wrong 17.568769454956055,16.831829071044922,17.717103958129883,17.22929573059082
Correct 18.50248146057129,15.919567108154297,14.913909912109375,17.17613983154297
Correct 17.418193817138672,14.443267822265625,14.990457534790039,16.687664031982422
Correct 18.558189392089844,16.22380256652832,16.32065773010254,17.318307876586914
Wrong 14.72187614440918,14.032320022583008,17.18733787536621,16.920467376708984
Correct 16.202537536621094,16.65496063232422,16.572675704956055,18.075031280517578
Correct 14.795910835266113,17.6108455657959,15.098006248474121,16.849794387817383
Correct 15.148283004760742,18.012088775634766,15.56672191619873,16.8215274810791
Wrong 16.622941970825195,17.53178596496582,16.571144104003906,17.100845336914062
Correct 15.997665405273438,15.597421646118164,18.674121856689453,16.610090255737305
Wrong 17.658794403076172,18.080732345581055,17.349414825439453,18.31175422668457
Correct 16.667734146118164,16.253189086914062,16.928491592407227,17.315475463867188
Correct 18.132709503173828,15.362194061279297,14.980914115905762,17.610801696777344
Wrong 18.19792366027832,16.38258934020996,18.02802276611328,18.096147537231445
Correct 16.44504165649414,17.482364654541016,17.194740295410156,17.299039840698242
Correct 18.360097885131836,16.13857650756836,16.55987548828125,17.48817253112793
Correct 17.11880111694336,17.52713966369629,16.8281192779541,18.56170654296875
Correct 18.916446685791016,14.139861106872559,15.250723838806152,16.9923038482666
Correct 16.459243774414062,17.20369529724121,18.386075973510742,17.79433822631836
Wrong 18.34279441833496,15.990962982177734,16.40804672241211,16.940244674682617
Correct 18.619457244873047,14.140775680541992,13.597434997558594,16.360776901245117
Correct 17.31007957458496,16.62129783630371,16.76669692993164,18.884292602539062
Correct 17.725078582763672,17.03896141052246,17.684965133666992,17.077651977539062
Correct 15.622514724731445,13.626978874206543,14.375753402709961,18.183988571166992
Wrong 15.490381240844727,13.578271865844727,15.3797607421875,18.513229370117188
Wrong 16.171533584594727,17.265010833740234,16.504531860351562,15.994524002075195
Correct 13.519892692565918,17.946800231933594,14.524760246276855,15.957401275634766
Wrong 16.44097328186035,17.512020111083984,18.197898864746094,18.084945678710938
Correct 16.518539428710938,16.76810646057129,17.151933670043945,18.611492156982422
Wrong 15.959624290466309,17.045259475708008,15.7792387008667,17.23832893371582
Correct 15.774720191955566,18.350170135498047,16.121740341186523,17.33715057373047
Correct 14.050997734069824,16.739788055419922,14.41418743133545,15.095788955688477
Correct 15.09427261352539,14.654784202575684,15.183899879455566,18.238792419433594
Correct 15.557724952697754,14.841591835021973,19.265281677246094,16.37689971923828
Wrong 17.387657165527344,16.357059478759766,18.63330078125,17.53643798828125
Correct 17.15355110168457,15.407835006713867,17.332731246948242,17.27849578857422
Correct 15.611305236816406,14.591351509094238,18.65657615661621,17.424306869506836
Correct 17.47005844116211,18.113157272338867,17.131988525390625,17.44495964050293
Wrong 16.282733917236328,16.425331115722656,17.268640518188477,17.301698684692383
Correct 13.663132667541504,14.440909385681152,15.353721618652344,18.355804443359375
Wrong 16.140119552612305,16.725675582885742,16.060087203979492,16.75456428527832
Correct 16.296133041381836,16.06890106201172,17.230300903320312,17.462665557861328
Wrong 16.535362243652344,15.610289573669434,16.993724822998047,17.419475555419922
Correct 18.579837799072266,14.483306884765625,14.366432189941406,15.913728713989258
Correct 16.047941207885742,15.316020011901855,15.983890533447266,18.286418914794922
Wrong 16.764856338500977,15.086578369140625,17.791961669921875,17.5131778717041
Correct 15.875975608825684,16.741579055786133,17.973941802978516,16.873645782470703
Correct 15.289505004882812,15.688226699829102,15.180792808532715,16.749067306518555
Correct 17.9468936920166,13.234211921691895,13.861377716064453,16.132169723510742
Correct 16.6187801361084,15.803107261657715,17.226987838745117,16.785184860229492
Correct 15.340476036071777,14.064979553222656,14.10283374786377,17.835655212402344
Wrong 17.09496307373047,15.59814453125,15.852797508239746,16.282440185546875
Wrong 17.075490951538086,17.53251075744629,17.138330459594727,17.175291061401367
Wrong 16.62618637084961,17.991254806518555,17.907329559326172,17.115617752075195
Wrong 17.587379455566406,15.844097137451172,17.87993621826172,18.248607635498047
Wrong 17.119312286376953,15.403730392456055,15.665727615356445,16.855371475219727
Correct 16.608591079711914,16.071508407592773,15.52662181854248,18.3724365234375
Correct 15.034639358520508,18.206945419311523,15.220354080200195,16.85641860961914
Wrong 17.848060607910156,17.95779800415039,15.98302936553955,17.066118240356445
Correct 17.71762466430664,15.803926467895508,15.0654296875,16.472990036010742
Wrong 15.806127548217773,15.347639083862305,15.944254875183105
Correct 17.153316497802734,15.799714088439941,15.762667655944824,17.53531265258789
Wrong 16.869953155517578,17.387725830078125,17.97134017944336,18.002483367919922
Correct 14.288661003112793,14.659409523010254,17.156124114990234,15.699577331542969
Wrong 16.98189353942871,15.662272453308105,16.078914642333984,17.896869659423828
Correct 15.326605796813965,18.009572982788086,16.246829986572266,16.93805694580078
Wrong 15.816227912902832,15.234053611755371,17.45751190185547,17.83538246154785
Wrong 15.1018705368042,14.170393943786621,18.003582000732422,17.926528930664062
Wrong 16.86235237121582,18.506736755371094,16.128934860229492,17.686452865600586
Correct 16.64796257019043,17.455440521240234,16.30472183227539,18.320201873779297
Correct 16.05040740966797,16.54175567626953,16.243568420410156,18.31134033203125
Wrong 17.66301727294922,16.385696411132812,16.22882652282715,17.886878967285156
Wrong 17.17243194580078,16.579519271850586,16.334980010986328,17.450305938720703
Correct 18.140995025634766,17.66611099243164,16.19232177734375,17.0274658203125
Wrong 16.772117614746094,17.5933780670166,17.071760177612305,18.079971313476562
Correct 15.675247192382812,17.58470916748047,16.102176666259766,16.752286911010742
Correct 18.684547424316406,14.097271919250488,14.502842903137207,16.2337703704834
Correct 15.343727111816406,17.229860305786133,16.128280639648438,17.60642433166504
Wrong 16.625198364257812,17.658401489257812,17.494117736816406,17.304454803466797
Correct 15.413605690002441,17.545753479003906,15.128028869628906,16.601289749145508
Correct 16.0517520904541,15.74730110168457,18.05985450744629,17.232343673706055
Correct 13.480340957641602,15.82202434539795,13.678001403808594,15.017281532287598
Wrong 16.949230194091797,18.03199005126953,16.884136199951172,18.26266860961914
Correct 14.092329025268555,18.33135414123535,14.025640487670898,15.875177383422852
Wrong 17.08514404296875,15.898364067077637,16.336036682128906,18.40095329284668
Correct 13.774251937866211,18.170244216918945,13.482287406921387,15.663398742675781
Wrong 16.082040786743164,16.28789520263672,17.998580932617188,17.220264434814453
Wrong 18.341249465942383,16.960956573486328,17.593372344970703,18.595420837402344
Correct 16.051780700683594,15.421990394592285,14.20181941986084,17.778385162353516
Correct 16.208206176757812,16.36472511291504,17.278419494628906,16.95174217224121
Wrong 16.22911262512207,15.116455078125,18.137496948242188,18.666467666625977
Wrong 16.339935302734375,17.19232749938965,17.23659324645996,17.456069946289062
Correct 18.63079833984375,15.648225784301758,16.162899017333984,17.118328094482422
Correct 18.905113220214844,14.840898513793945,14.772985458374023,16.553728103637695
Wrong 16.90662956237793,17.750194549560547,17.211822509765625,17.73208236694336
Correct 14.740004539489746,18.177349090576172,14.559228897094727,16.199678421020508
Correct 16.691247940063477,17.752939224243164,16.901748657226562,17.32465171813965
Correct 15.993497848510742,16.479656219482422,17.317014694213867,17.14095115661621
Correct 16.343589782714844,15.085542678833008,17.92462730407715,16.91779136657715
Correct 14.019512176513672,18.701936721801758,13.819008827209473,16.126983642578125
Wrong 15.010947227478027,14.729717254638672,15.332236289978027,19.434001922607422
Correct 17.713468551635742,14.990079879760742,15.919310569763184,17.10077667236328
Correct 15.859397888183594,13.94007396697998,18.283361434936523,16.975669860839844
Correct 14.570134162902832,14.316160202026367,17.947084426879883,16.857921600341797
Correct 15.805849075317383,15.797623634338379,17.96202850341797,17.28241729736328
Wrong 16.22732925415039,16.774770736694336,16.903133392333984,17.026710510253906
Wrong 16.22208023071289,15.712388038635254,15.323352813720703,16.39199447631836
Correct 17.074546813964844,15.980435371398926,17.037418365478516,16.643274307250977
Wrong 16.53699493408203,16.715620040893555,17.00043487548828,19.007099151611328
Wrong 17.918750762939453,15.937616348266602,16.766721725463867,18.334501266479492
Correct 18.25897216796875,14.36226749420166,14.76319408416748,16.0291690826416
Correct 15.241044998168945,15.297907829284668,18.14139747619629,16.601234436035156
Correct 16.77950668334961,18.82640838623047,16.834827423095703,17.282358169555664
Correct 16.597549438476562,17.3131160736084,17.59333610534668,17.90523338317871
Correct 17.69148826599121,15.725593566894531,16.972015380859375,17.59670066833496
Correct 15.120970726013184,14.595535278320312,15.129681587219238,18.546340942382812
Wrong 17.857196807861328,16.560087203979492,16.61201286315918,18.5778751373291
Wrong 16.026010513305664,16.075618743896484,16.20579719543457,18.758684158325195
Correct 16.40946388244629,16.216493606567383,16.655040740966797,17.1418399810791
Correct 15.223902702331543,16.2080020904541,17.211088180541992,16.735469818115234
Correct 14.888199806213379,17.674999237060547,14.867249488830566,15.975178718566895
Correct 17.06290054321289,17.78875732421875,17.814016342163086,18.104265213012695
Correct 17.65769386291504,16.405263900756836,15.824518203735352,17.291902542114258
Correct 15.083622932434082,14.44973373413086,18.680273056030273,16.47609519958496
Wrong 15.967689514160156,16.27466583251953,17.84896469116211,16.338781356811523
Correct 15.91790771484375,18.194799423217773,15.644784927368164,16.802858352661133
Wrong 15.877007484436035,16.83510398864746,17.863752365112305,17.23212432861328
Correct 18.330467224121094,15.506710052490234,16.21626091003418,18.216257095336914
Correct 14.855319023132324,15.509428977966309,16.790658950805664,16.640417098999023
Correct 14.6613130569458,18.59859275817871,15.593846321105957,16.160566329956055
Correct 17.68914222717285,13.214346885681152,16.317291259765625
Correct 18.245512008666992,16.842500686645508,16.709949493408203,17.586877822875977
Correct 17.87226676940918,14.981765747070312,13.85023021697998,16.006805419921875
Correct 18.624723434448242,15.842857360839844,16.627756118774414,18.118562698364258
Correct 17.559385299682617,17.507966995239258,18.392946243286133,18.39557456970215
Correct 15.498610496520996,15.943873405456543,15.705916404724121,19.674211502075195
Wrong 16.908775329589844,17.3052978515625,16.64141273498535,17.54998016357422
Correct 19.029441833496094,16.062646865844727,15.708553314208984,17.316822052001953
Wrong 16.63848304748535,17.640701293945312,18.580049514770508,18.314390182495117
Correct 15.360033988952637,18.88355827331543,15.116500854492188,16.3458309173584
Correct 16.745014190673828,16.347389221191406,18.011178970336914,17.295915603637695
Correct 16.58763885498047,16.670808792114258,18.287349700927734,17.918289184570312
Wrong 15.678261756896973,17.674583435058594,17.31907081604004,17.162174224853516
Wrong 16.719728469848633,17.063302993774414,17.667150497436523,17.708778381347656
Correct 16.287878036499023,18.1910343170166,16.799640655517578,16.887405395507812
Correct 17.60784149169922,17.519210815429688,17.3756103515625,17.938339233398438
Wrong 16.774137496948242,17.54001808166504,17.795381546020508,18.086864471435547
Correct 15.1980619430542,13.708211898803711,18.068317413330078,16.69692039489746
Correct 16.347618103027344,15.678668022155762,18.391389846801758,17.67794418334961
Correct 15.40670108795166,14.623492240905762,19.188392639160156,16.662565231323242
Correct 14.801860809326172,18.695894241333008,15.059706687927246,16.650224685668945
Correct 18.766143798828125,14.898951530456543,15.356268882751465,16.647554397583008
Correct 13.386100769042969,16.37668800354004,15.475632667541504,17.62261962890625
Correct 18.473134994506836,16.772802352905273,16.95097541809082,17.899765014648438
Wrong 15.91569995880127,14.61269474029541,17.804834365844727,17.41669273376465
Correct 16.905132293701172,15.207070350646973,17.91641616821289,17.974802017211914
Correct 16.112751007080078,14.971273422241211,17.275747299194336,19.33795166015625
Correct 18.307113647460938,15.357487678527832,15.264641761779785,17.052000045776367
Correct 15.627391815185547,15.352538108825684,18.039480209350586,16.602012634277344
Correct 15.840365409851074,15.459017753601074,14.112225532531738,17.814212799072266
Correct 15.007373809814453,17.422985076904297,15.670683860778809,16.110187530517578
Correct 15.431563377380371,14.654038429260254,17.682132720947266,16.893098831176758
Correct 15.651477813720703,18.45199966430664,16.99742889404297,16.69727325439453
Correct 15.255995750427246,18.775249481201172,15.406265258789062,16.423303604125977
Correct 18.928756713867188,14.572978019714355,14.731754302978516,16.414331436157227
Wrong 17.762252807617188,14.968204498291016,15.811958312988281,18.114255905151367
Wrong 16.68406867980957,16.485689163208008,17.842819213867188,18.523792266845703
Correct 15.884379386901855,15.70363998413086,18.062082290649414,17.809534072875977
Correct 17.483455657958984,16.624387741088867,17.18343162536621,18.48076057434082
Correct 16.766660690307617,15.891228675842285,17.7758731842041,18.17778778076172
Correct 16.665189743041992,16.278194427490234,18.81844711303711,17.09006118774414
Correct 17.577199935913086,12.977485656738281,12.966793060302734,15.55295181274414
Correct 15.378270149230957,13.447579383850098,18.247129440307617,16.700551986694336
Wrong 16.359560012817383,18.134016036987305,16.202354431152344,18.07400131225586
Correct 16.408279418945312,15.811923027038574,17.111719131469727,16.6745548248291
Correct 17.559621810913086,15.341314315795898,18.504222869873047,17.400981903076172
Correct 15.204556465148926,15.480361938476562,17.729488372802734,16.77118682861328
Correct 15.736856460571289,14.458112716674805,14.872241020202637,18.12509536743164
Correct 16.54397964477539,14.959446907043457,16.080400466918945,18.018667221069336
Correct 18.453811645507812,16.29068946838379,16.374408721923828,17.65486717224121
Wrong 18.62959098815918,16.468368530273438,17.618019104003906,18.778884887695312
Wrong 16.74604606628418,15.761454582214355,17.668354034423828,18.715904235839844
Correct 18.05813217163086,16.24773406982422,15.97696304321289,17.703828811645508
Correct 14.370224952697754,13.156651496887207,14.715380668640137,18.45806121826172
Correct 16.068782806396484,15.750621795654297,17.073898315429688,16.72739028930664
Correct 17.639963150024414,14.864317893981934,15.140851974487305,16.91429901123047
Wrong 16.955089569091797,16.155609130859375,16.19970703125,18.200050354003906
Correct 17.436086654663086,14.9179105758667,15.30048942565918,18.47635269165039
Correct 17.12625503540039,14.94589614868164,15.049947738647461,16.23441505432129
Correct 15.758865356445312,15.947901725769043,19.037330627441406,17.14301300048828
Wrong 16.036462783813477,15.89194393157959,18.508800506591797,17.607847213745117
Wrong 17.32581329345703,17.355361938476562,17.807632446289062,18.377166748046875
Correct 14.601518630981445,14.401331901550293,15.010945320129395,18.718408584594727
Correct 16.683815002441406,16.322538375854492,16.803312301635742,17.1929988861084
Correct 15.15933609008789,17.20184898376465,14.796149253845215,15.826576232910156
Wrong 15.875433921813965,16.400516510009766,14.327627182006836,15.623363494873047
Correct 15.126094818115234,16.970674514770508,16.465932846069336,16.743783950805664
Wrong 16.721118927001953,17.08838653564453,17.553180694580078,17.79983139038086
Correct 17.89004135131836,14.382808685302734,14.668323516845703,16.848493576049805
Correct 15.62706184387207,14.424818992614746,17.451108932495117,17.028331756591797
Correct 16.295907974243164,15.460289001464844,16.780567169189453,18.56983184814453
Wrong 16.13985824584961,16.558645248413086,16.530723571777344,19.125150680541992
Wrong 17.93105697631836,16.530065536499023,16.81060791015625,19.230295181274414
Correct 15.75098991394043,15.53547191619873,16.70442008972168,18.48720932006836
Correct 15.644928932189941,18.25513458251953,15.882644653320312,16.665925979614258
Wrong 16.855690002441406,16.6679630279541,17.948034286499023,17.706300735473633
Wrong 17.152267456054688,16.510229110717773,16.94821548461914,17.076684951782227
Wrong 17.28246307373047,17.3142147064209,15.658429145812988,16.627595901489258
Correct 15.398340225219727,18.633623123168945,15.643674850463867,16.246957778930664
Correct 15.653427124023438,15.766680717468262,15.666878700256348,18.2181453704834
Correct 14.892684936523438,13.010089874267578,14.434016227722168,18.983579635620117
Correct 15.030860900878906,14.0973482131958,18.360206604003906,16.44334602355957
Correct 16.654165267944336,16.475055694580078,18.034603118896484,16.793500900268555
Wrong 17.491554260253906,17.42579460144043,17.40744400024414,18.08696174621582
Correct 16.107526779174805,17.362401962280273,18.31876564025879,16.99783706665039
Correct 16.31206703186035,15.502609252929688,16.2268123626709,19.01241111755371
Wrong 17.1287784576416,17.07061767578125,15.128609657287598,16.492361068725586
Correct 16.506441116333008,16.70063018798828,18.352672576904297,17.04148292541504
Correct 16.539196014404297,17.384986877441406,17.090776443481445,16.192481994628906
Correct 15.937296867370605,18.54571533203125,16.01641845703125,16.82945442199707
Correct 16.297988891601562,17.446805953979492,17.13358497619629,17.100738525390625
Correct 15.460639953613281,18.55158805847168,14.937768936157227,15.825913429260254
Correct 17.24989128112793,17.485858917236328,18.404809951782227,17.91880989074707
Correct 17.145944595336914,18.22831153869629,17.336265563964844,17.75656509399414
Wrong 15.169352531433105,14.989306449890137,16.159618377685547,15.674311637878418
Correct 17.108455657958984,17.222244262695312,17.252864837646484,17.767189025878906
Wrong 17.28034782409668,17.905296325683594,17.0905818939209,18.161174774169922
Correct 16.104928970336914,15.106706619262695,15.778715133666992,17.813817977905273
Correct 19.093175888061523,15.708663940429688,15.66042709350586,17.3175106048584
Correct 15.962645530700684,16.47654151916504,15.811283111572266,18.666622161865234
Correct 17.609447479248047,17.904605865478516,17.335922241210938,17.761886596679688
Correct 17.89911460876465,14.699200630187988,15.68474006652832,16.156160354614258
Correct 15.261577606201172,13.304214477539062,19.0672607421875,16.839305877685547
Correct 18.60776138305664,15.389158248901367,15.506158828735352,16.13490867614746
Correct 18.355403900146484,16.323543548583984,18.538063049316406,17.266286849975586
Correct 17.16682243347168,15.775715827941895,15.790400505065918,18.86890983581543
Wrong 18.01319122314453,15.43372917175293,15.657347679138184,18.355915069580078
Correct 15.423482894897461,17.560977935791016,14.590614318847656,15.611895561218262
Wrong 15.745869636535645,15.62479305267334,16.728445053100586,16.732458114624023,16.69792938232422
Correct 18.336965560913086,17.059072494506836,17.29266929626465,17.37775421142578
Wrong 17.964750289916992,15.868748664855957,16.38822364807129,18.056665420532227
Correct 15.564332008361816,16.869609832763672,16.776891708374023
Correct 15.070541381835938,14.309615135192871,19.089845657348633,16.40935516357422
Wrong 14.913068771362305,16.037776947021484,16.834566116333008,16.94518280029297
Correct 16.345767974853516,16.56820297241211,16.317594528198242,17.81831932067871
Correct 16.600048065185547,18.716020584106445,16.828428268432617,17.814247131347656
Correct 15.788861274719238,15.999390602111816,18.5178165435791,16.57333755493164
Wrong 15.892066955566406,16.517351150512695,18.2576961517334,17.400897979736328
