grade confidence_levels
Correct 17.1218204498291,16.68650245666504,19.029953002929688,16.771398544311523
Correct 18.062509536743164,16.263072967529297,15.843701362609863,16.941680908203125
Wrong 16.127639770507812,16.90864372253418,16.245254516601562,17.39552879333496
Correct 17.72109031677246,16.799205780029297,16.491849899291992,16.991500854492188
Correct 16.189714431762695,17.00290298461914,15.841174125671387,16.22391700744629
Correct 14.933457374572754,18.074024200439453,15.219822883605957,15.669337272644043
Correct 15.945554733276367,17.052120208740234,13.294803619384766,13.891883850097656
Wrong 16.038307189941406,15.942377090454102,16.987218856811523,16.571430206298828
Wrong 16.796123504638672,16.39415168762207,16.96649932861328,17.745189666748047
Correct 15.380810737609863,15.56928825378418,18.295042037963867,14.736408233642578
Wrong 17.028318405151367,17.157852172851562,17.097118377685547,17.599477767944336
Correct 17.971410751342773,14.69006061553955,15.624629974365234,15.529106140136719
Correct 17.835819244384766,17.257591247558594,15.964059829711914,16.241044998168945
Correct 15.116758346557617,15.238654136657715,14.921733856201172,16.202720642089844
Correct 16.821258544921875,16.913619995117188,16.604476928710938,17.95591926574707
Correct 15.659723281860352,14.5426664352417,14.911925315856934,19.02434539794922
Wrong 14.795502662658691,17.620943069458008,14.840497016906738,17.12028694152832
Correct 16.162656784057617,16.67578887939453,16.52666664123535,17.273418426513672
Correct 15.817055702209473,15.086267471313477,15.257671356201172,15.539620399475098
Wrong 17.12933349609375,16.67540168762207,14.84884262084961,16.013437271118164
Wrong 14.374544143676758,14.045138359069824,14.655516624450684,14.852583885192871
Correct 15.21005916595459,16.574960708618164,16.43929672241211,18.215003967285156
Correct 17.843021392822266,15.104328155517578,15.37803840637207,15.754236221313477
Wrong 16.610855102539062,16.421571731567383,16.634798049926758,17.810455322265625
Correct 17.37226104736328,16.73299217224121,16.550582885742188,16.534854888916016
Correct 15.373642921447754,18.252262115478516,15.153299331665039,16.109298706054688
Correct 15.70183277130127,14.777229309082031,17.24146270751953,16.644407272338867
Correct 15.2600679397583,14.217900276184082,15.018485069274902,19.554697036743164
Correct 15.926369667053223,17.194957733154297,16.671846389770508,15.688965797424316
Correct 17.026098251342773,16.025779724121094,17.10743522644043,18.338178634643555
Correct 16.42329216003418,17.38324546813965,16.49532127380371,17.852214813232422
Correct 17.837419509887695,15.4862699508667,15.023019790649414,16.391414642333984
Correct 16.180191040039062,16.366514205932617,16.308618545532227,18.606664657592773
Correct 15.721907615661621,17.58941650390625,16.239763259887695,16.977746963500977
Correct 16.336383819580078,17.91106414794922,16.487476348876953,16.282691955566406
Correct 17.77996253967285,13.143993377685547,14.79159164428711,15.424137115478516
Correct 14.92882251739502,17.673992156982422,14.50642204284668,17.91410255432129
Correct 15.361038208007812,18.523996353149414,15.511858940124512,16.807815551757812
Wrong 16.038061141967773,15.942292213439941,15.783087730407715,17.402563095092773
Wrong 16.07187271118164,16.456531524658203,16.47939682006836,16.862985610961914
Wrong 15.86968994140625,15.878522872924805,16.72197151184082,16.324129104614258
Correct 16.95295524597168,15.940045356750488,18.185649871826172,16.938142776489258
Correct 15.459774017333984,14.405409812927246,14.054055213928223,18.2877197265625
Correct 18.180835723876953,15.183643341064453,16.691144943237305,16.012815475463867
Wrong 17.29482650756836,16.58605194091797,15.337528228759766,18.49315071105957
Wrong 16.600004196166992,16.180448532104492,17.06899070739746,17.12230110168457
Wrong 16.376924514770508,16.49259376525879,16.48365592956543,16.90412139892578
Correct 16.610994338989258,16.111909866333008,16.761808395385742,17.496200561523438
Correct 16.50728988647461,18.215620040893555,15.54666519165039,16.188316345214844
Correct 15.61384105682373,18.300512313842773,16.040645599365234,16.49974822998047
Wrong 16.514097213745117,16.65573501586914,16.41469955444336,17.239564895629883
Wrong 15.876510620117188,17.28221321105957,16.153480529785156,18.191267013549805
Correct 17.335979461669922,16.957468032836914,18.012056350708008,17.554079055786133
Correct 15.750147819519043,15.492191314697266,17.19130516052246,15.092307090759277
Correct 19.353408813476562,14.653564453125,14.889435768127441,15.615221977233887
Correct 15.583617210388184,13.956487655639648,15.213372230529785,18.30990982055664
Wrong 16.21446418762207,16.23529624938965,17.015827178955078,16.97368621826172
Correct 16.5584774017334,17.324077606201172,17.54012680053711,18.393543243408203
Correct 13.642443656921387,17.299110412597656,12.95715618133545,14.090949058532715
Correct 17.466815948486328,16.24013328552246,18.646713256835938,16.91399574279785
Correct 17.172853469848633,15.421082496643066,16.03630828857422,15.494305610656738
Correct 16.591854095458984,15.910848617553711,15.986781120300293,17.81538963317871
Correct 15.255562782287598,14.654189109802246,16.597518920898438,17.611692428588867
Wrong 14.845961570739746,17.080835342407227,15.964170455932617,17.355100631713867
Wrong 16.05751609802246,15.851001739501953,16.123092651367188,16.660995483398438
Correct 16.8336238861084,16.062837600708008,18.625274658203125,16.474674224853516
Correct 18.497310638427734,14.967203140258789,14.951736450195312,16.368803024291992
Wrong 16.303203582763672,17.84758186340332,14.691930770874023,14.844270706176758
Wrong 15.990738868713379,15.795835494995117,16.01519775390625,17.156497955322266
Wrong 16.879684448242188,17.540273666381836,16.747724533081055,17.723806381225586
Correct 15.158576011657715,15.449322700500488,18.699148178100586,15.615593910217285
Correct 17.003881454467773,17.055696487426758,17.298391342163086,18.240354537963867
Correct 17.876628875732422,15.458043098449707,16.155994415283203,15.689811706542969
Wrong 16.759950637817383,16.998329162597656,17.26795196533203,17.573694229125977
Correct 14.6104097366333,15.920795440673828,14.964713096618652,15.901981353759766
Correct 18.17292022705078,14.01640510559082,13.534886360168457,14.511639595031738
Correct 15.287633895874023,17.672164916992188,17.363483428955078,14.988099098205566
Wrong 17.65208625793457,15.701704025268555,15.363297462463379,17.61302947998047
Correct 16.75517463684082,16.350942611694336,16.159618377685547,19.489988327026367
Correct 16.185218811035156,17.61240005493164,15.421743392944336,16.06438636779785
Correct 16.10016632080078,15.4157075881958,14.756758689880371,18.811100006103516
Wrong 16.53219985961914,16.329591751098633,16.845478057861328,16.078248977661133
Correct 16.6447696685791,14.000741958618164,16.780202865600586,18.546100616455078
Correct 18.689453125,14.836118698120117,15.697600364685059,16.620147705078125
Correct 14.906563758850098,16.45949935913086,17.92473793029785,14.78571605682373
Correct 15.28392505645752,14.959343910217285,18.138721466064453,16.224117279052734
Correct 15.743473052978516,15.116949081420898,18.232967376708984,15.618182182312012
Correct 16.108985900878906,17.477298736572266,15.671462059020996,16.536996841430664
Correct 16.220529556274414,16.987184524536133,16.106815338134766,16.614171981811523
Wrong 14.97084903717041,17.588624954223633,16.55182647705078,16.184309005737305
Correct 15.403820991516113,15.432478904724121,16.782384872436523,16.8745174407959
Wrong 16.66754913330078,17.22542953491211,16.92582130432129,17.604351043701172
Correct 15.494189262390137,16.669729232788086,15.368298530578613,15.760124206542969
Correct 17.265657424926758,16.667367935180664,18.989299774169922,17.7206974029541
Correct 16.046289443969727,17.57038116455078,15.7000150680542,15.503931999206543
Correct 15.030771255493164,18.245952606201172,14.664626121520996,15.342142105102539
Correct 14.11673641204834,17.208181381225586,15.715836524963379,16.462478637695312
Correct 14.76548957824707,14.753551483154297,14.204070091247559,18.855754852294922
Correct 14.677430152893066,17.089147567749023,13.679797172546387,15.376555442810059
Correct 15.90471076965332,14.758991241455078,15.643234252929688,17.1080322265625
Wrong 15.287991523742676,14.285409927368164,15.16102123260498,15.95205020904541
Correct 16.424304962158203,15.059161186218262,18.17367935180664,16.341251373291016
Correct 15.724203109741211,14.817597389221191,15.229360580444336,17.944690704345703
Correct 16.025300979614258,16.21052360534668,17.470558166503906,15.953304290771484
Correct 15.823126792907715,14.900922775268555,16.40705680847168,17.958160400390625
Correct 16.220577239990234,15.021843910217285,18.399978637695312,16.68521499633789
Correct 17.74149513244629,17.014842987060547,16.14873504638672,17.281511306762695
Correct 13.520898818969727,17.631702423095703,14.64336109161377,14.481839179992676
Correct 16.18954086303711,15.604893684387207,15.730584144592285,16.072744369506836
Correct 14.757317543029785,13.904211044311523,14.350651741027832,18.582651138305664
Correct 17.006689071655273,16.304603576660156,18.34171485900879,17.336284637451172
Correct 16.790342330932617,14.636164665222168,16.04048728942871,16.93659782409668
Correct 15.218847274780273,18.099987030029297,14.057374954223633,15.249014854431152
Wrong 18.201223373413086,17.64589500427246,16.833892822265625,17.257701873779297
Correct 17.267824172973633,15.925856590270996,15.601998329162598,19.288711547851562
Correct 15.935325622558594,17.08228874206543,18.695119857788086,16.27277374267578
Correct 16.655078887939453,16.670459747314453,17.196352005004883,16.973691940307617
Wrong 15.464747428894043,17.22242546081543,16.099218368530273,17.795791625976562
Correct 16.270679473876953,15.768224716186523,16.818172454833984,16.37263298034668
Correct 15.640399932861328,16.94028091430664,15.303854942321777,16.116100311279297
Correct 16.642698287963867,17.279844284057617,16.35599708557129,16.492433547973633
Correct 14.308982849121094,18.56173324584961,15.78201675415039,15.403167724609375
Correct 16.61173439025879,16.043638229370117,15.673184394836426,18.126617431640625
Wrong 15.82528305053711,17.12933921813965,15.48755931854248,16.54473114013672
Correct 14.471871376037598,14.037934303283691,15.538588523864746,14.671249389648438
Correct 16.436479568481445,15.783027648925781,15.919918060302734,18.599679946899414
Correct 16.57866859436035,14.918818473815918,14.810022354125977,15.5388822555542
Correct 15.72757625579834,15.610343933105469,15.790092468261719,17.440567016601562
Correct 15.0237398147583,17.505006790161133,14.84343433380127,15.46291446685791
Correct 16.068727493286133,16.30365562438965,16.831743240356445,18.1959228515625
Wrong 16.702909469604492,16.610536575317383,14.732211112976074,15.847618103027344
Wrong 16.5255126953125,15.778874397277832,16.063451766967773,17.62947654724121
Correct 18.15483283996582,17.16006851196289,17.38762092590332,18.328048706054688
Wrong 17.364459991455078,16.484453201293945,17.45431900024414,16.45597267150879
Wrong 16.063030242919922,16.24123191833496,16.063310623168945,16.63779067993164
Wrong 17.10498046875,15.886064529418945,16.773658752441406,16.318592071533203
Wrong 16.75779914855957,14.802953720092773,15.231232643127441,17.849956512451172
Correct 15.75031566619873,16.176923751831055,16.682886123657227,15.739112854003906
Wrong 14.977119445800781,14.69300651550293,16.27803611755371,17.361268997192383
Correct 14.434297561645508,17.90062713623047,14.419994354248047,14.606255531311035
Correct 17.34099578857422,17.446937561035156,14.794299125671387,16.630178451538086
Correct 16.626176834106445,18.401762008666992,17.730377197265625,17.791667938232422
Correct 16.447084426879883,16.706846237182617,16.340530395507812,16.709346771240234
Wrong 16.181350708007812,17.409574508666992,17.06435775756836,15.838491439819336
Correct 17.142824172973633,17.241735458374023,17.02729606628418,18.211088180541992
Wrong 15.900741577148438,17.253999710083008,16.57645606994629,16.989362716674805
Correct 17.911348342895508,15.219354629516602,14.848345756530762,16.066667556762695
Wrong 17.59239959716797,17.246353149414062,17.583236694335938,17.800065994262695
Correct 14.963674545288086,16.982845306396484,15.645319938659668,15.53436279296875
Correct 17.821908950805664,14.904742240905762,15.085488319396973,15.853219032287598
Correct 15.970428466796875,15.477648735046387,18.61737060546875,15.921332359313965
Correct 16.422399520874023,12.269954681396484,12.76779842376709,13.831379890441895
Correct 13.708786964416504,18.324920654296875,15.449357032775879,14.755529403686523
Correct 15.882457733154297,17.19025230407715,16.453304290771484,16.9071044921875
Wrong 17.79094696044922,16.42339515686035,18.065385818481445,17.554746627807617
Correct 15.336750984191895,14.611001968383789,18.20064353942871,15.58505630493164
Correct 15.946549415588379,15.795741081237793,15.11236572265625,20.509559631347656
Correct 14.015545845031738,17.335044860839844,12.655641555786133,13.136473655700684
Correct 17.682287216186523,16.801654815673828,15.486989974975586,15.639179229736328
Correct 14.655945777893066,17.114439010620117,15.688211441040039,16.60875129699707
Wrong 15.130208969116211,16.95278549194336,16.997907638549805,16.123491287231445
Correct 14.000905990600586,14.796387672424316,18.13437271118164,14.795616149902344
Correct 17.959964752197266,15.546683311462402,15.802826881408691,18.130704879760742
Correct 16.49808692932129,15.626557350158691,16.91141700744629,17.472457885742188
Correct 17.576337814331055,15.55184268951416,14.936910629272461,15.568307876586914
Correct 17.429771423339844,14.72640323638916,14.038830757141113,15.64913272857666
Correct 17.172048568725586,15.416558265686035,14.51374626159668,15.185540199279785
Wrong 15.197537422180176,15.671192169189453,17.751266479492188,16.907474517822266
Correct 14.911789894104004,18.30636215209961,16.216064453125,16.364540100097656
Correct 15.670804977416992,15.276153564453125,16.877655029296875,16.52678108215332
Wrong 15.832906723022461,16.608144760131836,15.354782104492188,15.890199661254883
Correct 17.684873580932617,14.530061721801758,14.528334617614746,15.599284172058105
Correct 15.907524108886719,17.97409439086914,15.701647758483887,16.573965072631836
Correct 15.193573951721191,14.720965385437012,15.724814414978027,18.538118362426758
Correct 16.81134033203125,16.57843017578125,18.939634323120117,16.732316970825195
Correct 17.57440757751465,15.050310134887695,16.201955795288086,16.781808853149414
Correct 13.619209289550781,17.71755599975586,12.693521499633789,14.109171867370605
Wrong 16.759071350097656,18.20313835144043,15.257716178894043,15.724024772644043
Wrong 16.145427703857422,15.95772647857666,16.108531951904297,17.1417179107666
Correct 15.475120544433594,17.437898635864258,16.519895553588867,16.807479858398438
Wrong 16.501033782958984,16.06658363342285,16.151784896850586,16.747060775756836
Correct 17.08439064025879,15.594035148620605,15.350139617919922,14.3785982131958
Wrong 14.972990989685059,16.195280075073242,15.19541072845459,17.14142608642578
Wrong 15.528243064880371,17.667980194091797,17.82659912109375,16.17423439025879
Correct 14.427679061889648,18.317960739135742,14.191654205322266,14.25075912475586
Correct 16.643051147460938,15.374119758605957,16.30489730834961,16.587886810302734
Wrong 16.582855224609375,17.340599060058594,17.33884048461914,17.42281150817871
Correct 17.66197967529297,16.356943130493164,15.901738166809082,17.557035446166992
Correct 17.22216033935547,14.993866920471191,15.260379791259766,16.659719467163086
Wrong 16.935861587524414,15.68331241607666,16.1519718170166,16.78980255126953
Correct 16.744136810302734,18.468610763549805,16.134069442749023,18.196592330932617
Wrong 15.649094581604004,17.655588150024414,15.86640739440918,16.825410842895508
Wrong 15.809041976928711,14.434271812438965,17.816829681396484,17.459659576416016
Correct 16.493669509887695,15.38079833984375,17.770111083984375,16.93419647216797
Correct 14.954666137695312,15.632821083068848,15.900696754455566,17.73642349243164
Correct 14.10171890258789,18.183534622192383,14.485458374023438,15.643209457397461
Correct 17.157236099243164,18.131418228149414,16.7060546875,16.09457015991211
Correct 15.394721984863281,16.191329956054688,16.510190963745117,16.3569278717041
Correct 15.333220481872559,15.561723709106445,16.521560668945312,17.409868240356445
Correct 16.650094985961914,16.305805206298828,16.100221633911133,15.683005332946777
Correct 17.807695388793945,15.303573608398438,15.174560546875,16.51055335998535
Wrong 17.30759048461914,17.435546875,16.21746826171875,16.255308151245117
Wrong 15.903107643127441,16.48402976989746,17.85537338256836,17.784936904907227
Correct 15.221807479858398,18.30156135559082,15.26154899597168,15.90809154510498
Correct 15.750327110290527,14.820429801940918,17.995067596435547,16.72641372680664
Wrong 16.176462173461914,15.866182327270508,16.63558578491211,16.683757781982422
Correct 16.334571838378906,16.605548858642578,17.366193771362305,15.725979804992676
Wrong 16.856565475463867,17.036569595336914,16.67486572265625,17.483802795410156
Correct 15.955608367919922,14.94196605682373,16.30769157409668,18.23003387451172
Wrong 15.356218338012695,15.664579391479492,15.414209365844727,15.628853797912598
Correct 17.117204666137695,16.32192611694336,16.828001022338867,17.733495712280273
Correct 14.936546325683594,18.600305557250977,14.872797966003418,14.679789543151855
Wrong 17.526241302490234,16.605756759643555,16.90317726135254,17.87368392944336
Correct 14.364975929260254,13.155328750610352,13.986087799072266,18.70235824584961
Wrong 17.891098022460938,15.035860061645508,17.73664093017578,16.49854850769043
Correct 13.948081970214844,18.05478286743164,14.052794456481934,14.7568941116333
Correct 15.597448348999023,18.688600540161133,15.984548568725586,15.836323738098145
Wrong 17.789215087890625,16.326021194458008,16.087005615234375,18.018625259399414
Correct 16.310962677001953,15.444555282592773,17.003864288330078,17.87025260925293
Correct 14.919392585754395,17.801513671875,14.443564414978027,15.524038314819336
Correct 16.232818603515625,17.99721336364746,16.6052188873291,17.2570743560791
Correct 16.909643173217773,17.526260375976562,16.10212516784668,17.133159637451172
Wrong 16.83424949645996,17.379331588745117,17.110950469970703,17.533506393432617
Correct 15.280385971069336,14.592741012573242,18.95184898376465,16.05390167236328
Wrong 15.770620346069336,16.85683822631836,17.731019973754883,17.69602394104004
Correct 16.762300491333008,15.966792106628418,17.18658447265625,17.732280731201172
Wrong 15.610198974609375,15.062612533569336,15.532979965209961,15.977570533752441
Correct 17.338167190551758,16.428945541381836,15.142353057861328,17.276187896728516
Wrong 17.122934341430664,16.959505081176758,15.49058723449707,15.256695747375488
Correct 16.703397750854492,17.79113006591797,16.023963928222656,17.354154586791992
Correct 15.355069160461426,15.099359512329102,17.277204513549805,16.25483512878418
Correct 15.815946578979492,17.416135787963867,18.661272048950195,15.208358764648438
Correct 13.491873741149902,17.556917190551758,13.412957191467285,16.17513656616211
Correct 16.34897232055664,15.362503051757812,15.903800964355469,16.20225715637207
Correct 15.560318946838379,14.148686408996582,13.724527359008789,19.248567581176758
Correct 17.944473266601562,15.786004066467285,15.889809608459473,17.76683807373047
Correct 15.861062049865723,18.176361083984375,15.13538646697998,15.59426498413086
Correct 14.467704772949219,12.845024108886719,13.65291690826416,18.2778377532959
Correct 17.425155639648438,14.63925552368164,15.04900074005127,15.910990715026855
Correct 17.507911682128906,15.052848815917969,15.17860221862793,17.806194305419922
Correct 15.385354995727539,17.390300750732422,15.220796585083008,14.984801292419434
Wrong 16.437347412109375,17.1154727935791,17.170391082763672,17.770267486572266
Wrong 16.925073623657227,15.729622840881348,16.635866165161133,17.712915420532227
Correct 15.198929786682129,17.101816177368164,14.764856338500977,16.366497039794922
Correct 17.71352195739746,16.236690521240234,17.521942138671875,16.846887588500977
Correct 17.973596572875977,14.266669273376465,14.503643035888672,15.789471626281738
Correct 15.530660629272461,15.751363754272461,15.835869789123535,18.372802734375
Correct 16.282386779785156,13.858031272888184,16.260622024536133,16.9317569732666
Correct 15.924072265625,16.001129150390625,16.688350677490234,17.546628952026367
Correct 14.669038772583008,13.559929847717285,16.96196174621582,16.488615036010742
Wrong 17.77466583251953,15.2903413772583,15.131304740905762,17.765579223632812
Correct 13.729302406311035,17.346593856811523,14.0188627243042,14.392650604248047
Correct 15.415321350097656,16.813751220703125,16.886899948120117,18.0556640625
Correct 15.471304893493652,15.562346458435059,17.414512634277344
Correct 16.502206802368164,16.534353256225586,16.82988166809082,17.050935745239258
Wrong 17.206756591796875,17.586624145507812,17.16789436340332,17.937091827392578
Correct 14.727351188659668,17.569599151611328,15.239395141601562,15.968978881835938
Correct 16.058530807495117,15.653993606567383,14.966946601867676,18.670705795288086
Correct 15.517802238464355,14.801817893981934,15.834579467773438,18.981237411499023
Correct 16.3692626953125,17.61943244934082,16.671401977539062,17.984588623046875
Correct 15.35605525970459,14.936053276062012,17.58759117126465,16.489946365356445
Wrong 15.369484901428223,15.792825698852539,15.480476379394531,16.98090934753418
Correct 17.315265655517578,15.683781623840332,17.602052688598633,18.02020835876465
Correct 16.540740966796875,16.991926193237305,14.993929862976074,18.36750602722168
Correct 16.682498931884766,16.308021545410156,15.57417106628418,18.310651779174805
Correct 16.288705825805664,15.656685829162598,17.410743713378906,17.203311920166016
Wrong 16.80740737915039,16.109649658203125,15.1596040725708,18.00833511352539
Correct 17.082870483398438,16.29241180419922,16.7371826171875,18.380403518676758
Correct 16.59491539001465,16.6201229095459,16.742029190063477,17.20660400390625
Wrong 14.958358764648438,15.668293952941895,15.467340469360352,17.55917739868164
Correct 15.601043701171875,16.65098762512207,15.765816688537598,15.769279479980469
Correct 16.13762664794922,16.177003860473633,16.173030853271484,18.28125
Correct 15.247455596923828,16.538888931274414,15.734657287597656,16.46329116821289
Correct 17.940439224243164,16.344520568847656,15.661502838134766,15.622574806213379
Wrong 16.742706298828125,17.27977752685547,17.50276756286621,17.343915939331055
Correct 16.869728088378906,16.232351303100586,18.237102508544922,18.44891929626465
Wrong 17.823152542114258,14.308475494384766,14.49824047088623,16.89790153503418
Correct 15.593212127685547,16.65448760986328,16.89750862121582,16.97056007385254
Wrong 15.430364608764648,15.000330924987793,15.421233177185059,16.063081741333008
Correct 17.18341636657715,15.085968017578125,15.655205726623535,15.959200859069824
Correct 15.773581504821777,15.926531791687012,16.408842086791992,16.093759536743164
Correct 15.946464538574219,15.033902168273926,16.915760040283203,17.876211166381836
Wrong 14.901165962219238,15.890006065368652,15.614200592041016,16.21261215209961
Correct 16.541671752929688,16.411945343017578,16.91410255432129,18.013933181762695
Wrong 16.775388717651367,16.71665382385254,16.559049606323242,16.604249954223633
Wrong 16.022113800048828,16.97405433654785,16.048240661621094,17.18583106994629
Correct 13.50970458984375,18.025501251220703,14.115683555603027,17.07061004638672
Correct 17.45619010925293,15.531134605407715,16.14994239807129,15.888293266296387
Wrong 16.248258590698242,15.915180206298828,16.64238929748535,16.709505081176758
Correct 15.884468078613281,15.426669120788574,17.494348526000977,17.549884796142578
Correct 15.678740501403809,16.353580474853516,16.044178009033203,18.789588928222656
Correct 14.585199356079102,17.3244571685791,14.930575370788574,15.080385208129883
Correct 16.182653427124023,17.77138328552246,15.877039909362793,17.226377487182617
Correct 17.950838088989258,14.454246520996094,14.17985725402832,16.326852798461914
Wrong 17.3752384185791,16.389123916625977,18.895008087158203,19.15277099609375
Correct 17.913118362426758,15.122795104980469,15.073784828186035,16.868749618530273
Wrong 16.552045822143555,17.850448608398438,16.381444931030273,17.27170753479004
Correct 14.138798713684082,17.95215606689453,14.190671920776367,15.641928672790527
Correct 17.54865837097168,16.98491859436035,16.84111976623535,16.87163734436035
Correct 15.648387908935547,17.69257926940918,16.786548614501953,16.04677391052246
Correct 18.01495361328125,18.43617820739746,17.079572677612305,17.741790771484375
Correct 15.450040817260742,16.72637367248535,17.18991470336914,15.478215217590332
Correct 16.13780975341797,18.805171966552734,16.258426666259766,16.08114242553711
Wrong 16.795320510864258,15.890738487243652,15.442371368408203,16.823139190673828
Wrong 16.525320053100586,15.048043251037598,14.791105270385742,18.527795791625977
Correct 15.08482551574707,15.580317497253418,18.096973419189453,16.382368087768555
Correct 17.432321548461914,15.398359298706055,17.58224868774414,16.010299682617188
Correct 15.835675239562988,15.182023048400879,14.71877670288086,18.58463478088379
Correct 17.813745498657227,12.966657638549805,13.591458320617676,15.738356590270996
Wrong 15.140555381774902,16.024547576904297,16.23255729675293,16.860918045043945
Correct 17.919740676879883,15.932087898254395,15.384993553161621,17.810741424560547
Wrong 16.648218154907227,15.906474113464355,15.3263578414917,16.821414947509766
Correct 16.81250762939453,15.664318084716797,15.35951042175293,18.532304763793945
Correct 15.529616355895996,13.902640342712402,15.958892822265625,14.870078086853027
Wrong 17.62799835205078,14.872718811035156,14.817605018615723,17.477487564086914
Wrong 16.895893096923828,17.234729766845703,17.29744529724121,18.486743927001953
Wrong 17.101947784423828,16.566560745239258,17.333391189575195,18.48019790649414
Correct 14.724320411682129,14.050655364990234,16.96569061279297,16.42133140563965
Correct 17.837459564208984,14.607950210571289,14.4598970413208,14.913884162902832
Correct 15.014798164367676,14.134000778198242,14.636277198791504,17.921335220336914
Wrong 16.480052947998047,15.934297561645508,16.451671600341797,17.047029495239258
Wrong 15.213655471801758,13.73425579071045,16.089794158935547,15.992615699768066
Correct 16.68781852722168,17.89735984802246,17.078857421875,17.412864685058594
Wrong 15.472330093383789,16.09427833557129,16.423198699951172,15.730085372924805
Correct 17.020723342895508,15.337629318237305,15.753890037536621,16.6295223236084
Correct 14.079986572265625,15.629783630371094,16.947675704956055,16.917003631591797
Correct 15.531464576721191,14.636048316955566,15.031201362609863,17.9993896484375
Correct 15.813785552978516,15.064249992370605,15.746443748474121,17.47819709777832
Correct 17.078296661376953,16.82879638671875,17.804241180419922,17.451570510864258
Correct 15.48537826538086,16.505844116210938,15.195904731750488,18.351285934448242
Wrong 16.58458709716797,16.588180541992188,17.117101669311523,17.409568786621094
Correct 17.184551239013672,15.230090141296387,18.212541580200195,17.055694580078125
Wrong 16.344881057739258,16.604488372802734,17.16847038269043
Correct 14.577442169189453,17.716814041137695,14.377224922180176,14.877553939819336
Wrong 16.59323501586914,16.747018814086914,16.2828311920166,16.16973304748535
Correct 14.456550598144531,17.035795211791992,14.512490272521973,14.677743911743164
Wrong 15.78471565246582,15.371737480163574,15.668572425842285,16.281578063964844
Wrong 17.2784366607666,16.129657745361328,17.806180953979492,18.066225051879883
Wrong 15.78410816192627,14.299915313720703,16.38223648071289,16.990596771240234
Wrong 16.449655532836914,16.443735122680664,17.38803482055664,16.97865867614746
Correct 15.096837043762207,17.294498443603516,15.43320083618164,16.96818733215332
Correct 17.10293960571289,16.282556533813477,16.440265655517578,16.786561965942383
Wrong 17.103025436401367,17.400226593017578,17.348222732543945,18.323328018188477
Wrong 16.645931243896484,17.204301834106445,17.430152893066406,17.35714340209961
Wrong 17.03858757019043,14.181676864624023,17.234947204589844,15.662622451782227
Correct 15.917685508728027,15.147789001464844,17.137113571166992,14.9768705368042
Correct 17.969940185546875,13.959081649780273,14.12404727935791,15.52015209197998
Wrong 16.273279190063477,16.805482864379883,16.18645668029785,16.31985092163086
Correct 14.797392845153809,13.543659210205078,18.021728515625,15.734429359436035
Wrong 17.676069259643555,16.694467544555664,15.744782447814941,16.978015899658203
Wrong 16.983196258544922,17.788908004760742,16.86015510559082,18.020893096923828
Wrong 15.010318756103516,16.882436752319336,15.259949684143066,17.377967834472656
Correct 17.251144409179688,14.840972900390625,15.275884628295898,16.199554443359375
Correct 16.152671813964844,16.68933868408203,16.464496612548828,18.579408645629883
Correct 17.620840072631836,15.651697158813477,16.42291259765625,16.5541934967041
Correct 13.7805814743042,13.22332763671875,14.10766887664795,19.49878692626953
Wrong 16.736286163330078,17.241579055786133,16.974763870239258,17.4168643951416
Wrong 15.879768371582031,15.320611953735352,16.432031631469727,17.72625732421875
Correct 17.72524642944336,14.335795402526855,14.204458236694336,15.25011157989502
Correct 16.05113410949707,17.37643051147461,16.437406539916992,16.931045532226562
Wrong 16.65387535095215,16.488941192626953,17.04484748840332,17.02620506286621
Wrong 16.43796157836914,16.107206344604492,16.09782600402832,17.043014526367188
Correct 15.377395629882812,16.38361358642578,15.084166526794434,17.769393920898438
Wrong 15.577146530151367,16.96319580078125,15.583457946777344,17.505329132080078
Correct 15.668571472167969,15.800006866455078,19.02005958557129,15.580206871032715
Correct 14.398934364318848,14.325441360473633,16.55506706237793,17.553569793701172
Wrong 17.053537368774414,18.760208129882812,17.96302604675293,16.31487274169922
Correct 15.96465015411377,17.167837142944336,15.264198303222656,17.27320098876953
Correct 15.962586402893066,14.642051696777344,15.414896011352539,18.91267204284668
Correct 15.78774356842041,15.679244041442871,16.2800235748291,16.65204620361328
Correct 16.880109786987305,15.98475456237793,16.90644073486328,16.852861404418945
Correct 18.62895393371582,14.116714477539062,14.39634895324707,16.969627380371094
Wrong 17.274187088012695,16.521604537963867,16.40816879272461,16.750656127929688
Wrong 17.513221740722656,17.575908660888672,15.347867965698242,16.893442153930664
Correct 16.023719787597656,16.226757049560547,17.205846786499023,16.234941482543945
Correct 15.050344467163086,15.47737979888916,18.081192016601562,16.271814346313477
Correct 18.755569458007812,14.301366806030273,14.25619888305664,15.64323902130127
Correct 18.099918365478516,16.612178802490234,15.835555076599121,16.440555572509766
Correct 14.848686218261719,16.872446060180664,17.543977737426758,15.712532997131348
Wrong 16.656404495239258,16.738191604614258,17.43172264099121,18.663509368896484
Correct 17.403474807739258,16.005146026611328,16.874683380126953,16.42755126953125
Wrong 15.407241821289062,17.041139602661133,16.217662811279297,16.130157470703125
Correct 15.113990783691406,17.674877166748047,16.678098678588867,16.383459091186523
Wrong 17.47134780883789,15.328397750854492,15.659427642822266,17.717721939086914
Correct 15.676920890808105,15.056203842163086,15.91258430480957,19.436126708984375
Correct 16.307373046875,16.04966163635254,16.841970443725586,18.679075241088867
Wrong 16.060028076171875,16.31532096862793,16.024921417236328,17.31283187866211
Wrong 16.837692260742188,16.78895378112793,16.986995697021484,17.220056533813477
Correct 15.039225578308105,14.372722625732422,16.397563934326172,16.634464263916016
Correct 16.286296844482422,14.956453323364258,15.5166597366333,17.6318359375
Correct 15.064322471618652,13.088093757629395,14.49008560180664,18.41019630432129
Correct 16.511138916015625,17.65584945678711,17.40209197998047,18.386484146118164
Correct 15.076632499694824,16.795013427734375,15.908068656921387,18.129655838012695
Correct 16.494510650634766,15.892311096191406,16.04839324951172,15.948298454284668
Correct 17.730377197265625,15.192108154296875,16.666215896606445,16.604562759399414
Correct 19.208293914794922,15.637495994567871,16.656660079956055,17.502470016479492
Correct 16.289016723632812,16.863658905029297,17.043010711669922,16.749174118041992
Correct 15.10720443725586,18.348644256591797,15.443577766418457,16.2069149017334
Correct 14.229608535766602,12.970823287963867,13.819167137145996,19.327239990234375
Correct 16.86159324645996,15.976258277893066,18.126018524169922,18.244340896606445
Wrong 16.41747283935547,17.26807975769043,16.495662689208984,17.855770111083984
Correct 15.010603904724121,12.75790023803711,14.81551456451416,18.096519470214844
Correct 15.335578918457031,14.944926261901855,18.003562927246094,15.122016906738281
Correct 16.80547332763672,16.43996810913086,16.139741897583008,17.705890655517578
Correct 16.14756965637207,18.157819747924805,15.43996810913086,15.963415145874023
Correct 14.888023376464844,16.808570861816406,16.929412841796875,15.050291061401367
Wrong 17.10694122314453,16.323545455932617,17.546676635742188,17.97391128540039
Wrong 17.171489715576172,16.168624877929688,16.314687728881836,17.37410545349121
Correct 17.479028701782227,16.696683883666992,16.73186492919922,16.577075958251953
Correct 16.21232032775879,17.32619285583496,16.39656639099121,17.204856872558594
Correct 16.785064697265625,16.17765998840332,16.109825134277344,17.75673484802246
Correct 15.216887474060059,13.50906753540039,13.985662460327148,19.005754470825195
Correct 15.616430282592773,14.895853042602539,14.290910720825195,19.999553680419922
Wrong 16.576261520385742,16.500640869140625,15.951436042785645,17.191295623779297
Wrong 16.1982364654541,15.970808029174805,16.435571670532227,17.210786819458008
Correct 16.148765563964844,15.304606437683105,17.701984405517578,16.259563446044922
Correct 15.68984603881836,14.562464714050293,17.50529670715332,17.463043212890625
Correct 16.046367645263672,17.141427993774414,17.58165168762207,16.521963119506836
Wrong 14.703207015991211,14.885931968688965,14.46291446685791,15.219620704650879
Correct 16.053131103515625,14.382868766784668,15.462291717529297,18.70980453491211
Wrong 16.902685165405273,17.050460815429688,15.94739818572998,17.258676528930664
Correct 16.146656036376953,15.487049102783203,17.64120864868164,16.46750259399414
Wrong 16.549842834472656,17.4392032623291,16.92833137512207,17.60968589782715
Correct 15.512094497680664,17.371740341186523,16.26809310913086,15.776752471923828
Correct 16.65194320678711,17.482547760009766,16.839414596557617,16.891647338867188
Wrong 15.902236938476562,17.27754783630371,17.145788192749023,17.2506103515625
Wrong 15.6006441116333,16.265317916870117,16.244810104370117,15.692658424377441
Correct 16.335134506225586,16.924354553222656,16.051965713500977,16.858043670654297
Correct 16.0398006439209,18.28379249572754,15.213128089904785,16.73943519592285
Wrong 16.847366333007812,17.420331954956055,17.737117767333984,16.52495002746582
Wrong 16.75132179260254,16.622220993041992,15.938104629516602,17.849767684936523
Correct 14.188471794128418,17.87373924255371,14.229073524475098,17.756568908691406
Correct 15.54216480255127,15.645859718322754,18.861112594604492,14.656320571899414
Correct 17.860929489135742,14.265652656555176,14.04835319519043,17.144317626953125
Correct 18.425792694091797,15.625076293945312,15.845113754272461,17.034379959106445
Correct 15.667007446289062,15.065652847290039,18.41404914855957,16.193708419799805
Wrong 16.265644073486328,16.058574676513672,16.714284896850586,17.10934066772461
Wrong 17.244625091552734,15.643328666687012,15.56669807434082,17.664522171020508
Wrong 14.865072250366211,16.83979606628418,15.424962043762207,16.995031356811523
Correct 17.647777557373047,16.274761199951172,16.2587947845459,16.55577278137207
Wrong 16.348499298095703,16.334671020507812,16.611093521118164,16.973297119140625
Wrong 15.743915557861328,15.373872756958008,15.0438232421875,15.492269515991211
Wrong 17.33248519897461,17.482952117919922,14.029703140258789,16.368694305419922
Correct 15.747539520263672,15.37035846710205,17.887035369873047,17.241884231567383
Correct 17.417537689208984,16.00404167175293,18.56178855895996,16.314746856689453
Correct 18.215286254882812,14.405954360961914,15.507013320922852,15.987995147705078
Wrong 16.240211486816406,16.581174850463867,15.330642700195312,16.586368560791016
Correct 15.748981475830078,17.81031608581543,16.10858154296875,17.868568420410156
Correct 15.048504829406738,17.81230926513672,14.322397232055664,15.023263931274414
Correct 15.561326026916504,14.986867904663086,16.78113555908203,18.20386505126953
Correct 15.535975456237793,14.91156005859375,15.195210456848145,18.257362365722656
Correct 15.623697280883789,17.53558349609375,15.568000793457031,15.771740913391113
Correct 15.186850547790527,13.679925918579102,14.370948791503906,19.422927856445312
Correct 15.225934028625488,16.462173461914062,15.823214530944824,16.144441604614258
Correct 14.496380805969238,17.25192642211914,15.750454902648926,16.900352478027344
Wrong 16.178071975708008,16.095535278320312,17.023136138916016,17.123159408569336
Wrong 17.333789825439453,17.909530639648438,15.683817863464355,15.540586471557617
Correct 15.853227615356445,16.12078857421875,15.71661376953125,16.545560836791992
Correct 15.34449291229248,15.251517295837402,15.699718475341797,17.80027198791504
Correct 16.208614349365234,15.713215827941895,15.882784843444824,17.354093551635742
Correct 18.201637268066406,15.438048362731934,14.542553901672363,16.13775634765625
Wrong 16.67125129699707,15.082910537719727,15.807782173156738,17.21584129333496
Wrong 16.612306594848633,17.00571060180664,14.822575569152832,15.704474449157715
Correct 16.552125930786133,17.14891242980957,16.240083694458008,18.434709548950195
Wrong 16.195714950561523,16.709529876708984,15.815316200256348,16.64809799194336
Correct 17.34892463684082,16.245121002197266,18.334888458251953,17.17643165588379
Wrong 15.935379028320312,15.237163543701172,17.499963760375977,18.307266235351562
Correct 15.177499771118164,17.41609001159668,14.042201042175293,15.106647491455078
Correct 16.395238876342773,16.350975036621094,17.791444778442383,18.484661102294922
Wrong 17.25271987915039,16.679170608520508,16.138992309570312,17.513460159301758
Correct 17.63631248474121,17.79505157470703,16.416013717651367,17.22089385986328
Correct 16.276857376098633,17.24285888671875,15.668859481811523,16.276716232299805
Wrong 17.103496551513672,16.297189712524414,16.436540603637695,17.518369674682617
Correct 16.071331024169922,15.325655937194824,18.986318588256836,16.585660934448242
Wrong 17.050329208374023,18.159103393554688,15.822325706481934,17.383264541625977
Correct 15.256489753723145,15.003867149353027,18.00777816772461,17.949199676513672
Correct 15.950204849243164,16.013412475585938,16.52440071105957,17.192873001098633
Wrong 17.0008487701416,16.875341415405273,17.56099510192871,18.4068546295166
Correct 15.824482917785645,17.554689407348633,15.41719913482666,16.390060424804688
Correct 18.111894607543945,15.185054779052734,16.867162704467773,16.43903160095215
Correct 15.97669506072998,17.259000778198242,15.673287391662598,16.057235717773438
Correct 15.964118003845215,16.016862869262695,15.921268463134766,18.00733757019043
Correct 14.937641143798828,13.679275512695312,14.469202995300293,19.028398513793945
Wrong 17.02957534790039,17.566165924072266,17.1512393951416,17.57851791381836
Correct 16.00955581665039,18.046873092651367,16.875940322875977,15.681669235229492
Correct 15.84916877746582,17.36574363708496,15.297126770019531,15.50326156616211
Correct 14.540773391723633,14.526082992553711,18.112192153930664,14.047731399536133
Wrong 15.560735702514648,17.932857513427734,16.102270126342773,16.829940795898438
Correct 15.144281387329102,16.937116622924805,16.262861251831055,15.909370422363281
Wrong 16.377134323120117,15.672146797180176,17.1984920501709,17.876079559326172
Correct 14.578189849853516,13.440383911132812,16.64307403564453,18.163909912109375
Correct 14.68419361114502,18.109224319458008,14.685272216796875,15.239486694335938
Correct 17.054811477661133,16.685815811157227,17.861988067626953,19.17521095275879
Correct 15.7213134765625,17.929733276367188,16.252492904663086,16.77617645263672
Correct 13.798588752746582,18.145160675048828,14.45141887664795,15.235577583312988
Correct 16.01589584350586,18.344751358032227,15.93139362335205,16.250146865844727
Correct 18.611190795898438,13.852023124694824,14.63381576538086,16.53814697265625
Wrong 17.05807113647461,16.956796646118164,17.132610321044922,17.207937240600586
Wrong 16.697446823120117,15.774089813232422,16.672863006591797,15.930253028869629
Correct 16.785959243774414,15.085380554199219,15.92836856842041,18.880176544189453
