grade confidence_levels
Correct 15.005075454711914,15.647212028503418,14.644609451293945,18.52402687072754
Correct 13.943907737731934,17.45161247253418,14.909144401550293,14.517178535461426
Correct 19.08382225036621,16.07366180419922,15.774077415466309,15.781818389892578
Correct 13.745646476745605,13.960650444030762,13.280813217163086,17.426254272460938
Correct 15.626221656799316,15.296306610107422,15.133343696594238,17.716768264770508
Correct 14.154529571533203,18.545780181884766,14.199112892150879,14.181516647338867
Correct 14.155327796936035,13.518091201782227,13.368977546691895,18.130279541015625
Correct 15.33216667175293,14.159317970275879,18.374082565307617,14.026991844177246
Correct 16.28589630126953,15.09427261352539,19.025924682617188,15.77039909362793
Correct 17.9254150390625,16.229665756225586,17.47582244873047,15.460405349731445
Correct 15.929949760437012,15.618382453918457,18.281450271606445,17.828996658325195
Correct 18.077817916870117,18.030508041381836,15.705617904663086,17.48597526550293
Correct 19.317535400390625,16.288320541381836,15.481310844421387,16.461965560913086
Correct 14.909650802612305,14.644105911254883,19.11766242980957,14.871685028076172
Correct 15.291938781738281,15.958524703979492,19.79155921936035,16.614788055419922
Wrong 15.4302396774292,14.79755973815918,15.852365493774414,14.779268264770508
Correct 14.835020065307617,14.402021408081055,13.969945907592773,17.956697463989258
Correct 14.090211868286133,19.212608337402344,14.285447120666504,14.578512191772461
Correct 16.39946174621582,15.025877952575684,14.58864688873291,19.896305084228516
Correct 14.792192459106445,14.678226470947266,17.47216796875,13.206653594970703
Correct 18.315059661865234,14.65297794342041,14.003053665161133,16.50913429260254
Correct 13.043804168701172,13.041345596313477,12.045727729797363,16.822900772094727
Correct 14.91307258605957,14.984405517578125,18.779827117919922,14.619688987731934
Correct 15.557271003723145,17.984342575073242,15.945655822753906,15.374885559082031
Correct 14.593038558959961,13.932046890258789,14.220128059387207,15.056529998779297
Correct 19.420066833496094,15.337085723876953,15.939003944396973,15.656740188598633
Correct 15.522186279296875,15.065712928771973,19.116220474243164,15.248186111450195
Correct 18.943904876708984,14.743815422058105,14.120585441589355,14.041299819946289
Correct 14.703837394714355,15.02637004852295,19.228357315063477,15.076126098632812
Correct 14.7926664352417,14.362858772277832,18.936710357666016,13.60951042175293
Correct 18.56623649597168,14.558526992797852,14.32892894744873,14.37264633178711
Correct 14.707724571228027,17.368213653564453,14.737817764282227,14.870680809020996
Correct 14.556291580200195,13.983623504638672,17.50383949279785,14.14484977722168
Wrong 16.136817932128906,16.296398162841797,17.73086929321289,17.302648544311523
Wrong 18.601171493530273,16.794857025146484,16.958789825439453,16.169862747192383
Correct 17.641271591186523,14.943685531616211,13.574845314025879,14.397477149963379
Correct 18.193849563598633,15.843737602233887,15.012918472290039,16.277202606201172
Correct 14.485589027404785,18.126737594604492,12.95824909210205,12.865045547485352
Wrong 15.407973289489746,15.064859390258789,18.403886795043945,14.789830207824707
Wrong 16.530244827270508,16.001968383789062,16.988046646118164,17.56544303894043
Correct 16.652008056640625,15.269680976867676,14.77396011352539,17.678428649902344
Correct 16.81230926513672,18.63517189025879,15.421449661254883,15.928606986999512
Correct 14.091451644897461,14.797394752502441,18.73726463317871,13.491120338439941
Correct 13.824616432189941,13.336553573608398,12.250126838684082,17.584022521972656
Correct 14.979949951171875,14.471075057983398,13.442358016967773,18.098169326782227
Correct 14.907419204711914,18.34856414794922,14.42485237121582,15.388433456420898
Wrong 15.21617317199707,14.884699821472168,15.491981506347656,14.893474578857422
Correct 17.163618087768555,15.257789611816406,18.82083511352539,15.414776802062988
Correct 14.627156257629395,17.49520492553711,14.40616226196289,16.117753982543945
Correct 13.936386108398438,17.780078887939453,13.883657455444336,13.788609504699707
Correct 15.985822677612305,15.085725784301758,14.860233306884766,19.288602828979492
Wrong 15.223962783813477,17.2612247467041,16.973255157470703,15.149702072143555
Correct 12.673152923583984,15.714381217956543,12.23070240020752,12.053367614746094
Correct 15.103915214538574,15.17370319366455,19.664628982543945,15.162741661071777
Correct 14.847880363464355,13.847115516662598,14.169672966003418,18.30267333984375
Correct 14.743433952331543,15.004321098327637,18.07758331298828,13.608930587768555
Correct 18.136144638061523,15.907794952392578,14.768516540527344,14.960897445678711
Correct 15.457207679748535,18.959732055664062,14.457616806030273,14.589475631713867
Correct 14.917021751403809,18.752294540405273,14.898428916931152,15.290546417236328
Correct 15.755672454833984,14.016794204711914,18.068344116210938,13.745965003967285
Correct 18.691295623779297,14.044787406921387,14.825543403625488,13.916585922241211
Correct 15.837421417236328,16.72586441040039,14.803199768066406,14.872209548950195
Wrong 16.46228790283203,16.28465461730957,13.933552742004395,16.158273696899414
Wrong 18.237140655517578,15.70541763305664,15.014505386352539,17.223426818847656
Correct 15.027186393737793,14.61563491821289,13.943099975585938,18.612384796142578
Correct 13.16989517211914,16.8695125579834,14.002596855163574,12.797526359558105
Correct 14.090117454528809,14.291111946105957,14.683300018310547,14.533682823181152
Correct 18.132780075073242,15.876011848449707,16.39480209350586,16.830663681030273
Correct 12.963200569152832,13.193964004516602,12.365917205810547,16.027267456054688
Correct 14.446331024169922,15.496293067932129,19.273752212524414,13.887216567993164
Correct 15.353105545043945,15.50489616394043,18.617155075073242,16.4326229095459
Correct 15.153677940368652,14.092306137084961,18.69269561767578,13.483333587646484
Correct 14.835299491882324,19.652183532714844,14.745352745056152,14.461406707763672
Correct 18.515121459960938,16.824264526367188,16.337261199951172,14.350749015808105
Wrong 16.79563331604004,16.058263778686523,17.03061294555664,15.889747619628906
Correct 15.676959037780762,14.610601425170898,14.045562744140625,18.48632049560547
Correct 20.281721115112305,15.590460777282715,15.19613265991211,15.06704330444336
Correct 14.54561710357666,19.22325325012207,13.333993911743164,13.195701599121094
Wrong 15.155190467834473,15.90969181060791,17.63984489440918,18.077354431152344
Correct 15.743350982666016,14.514026641845703,15.06224250793457,18.49172592163086
Wrong 16.581518173217773,16.693763732910156,15.332015037536621,17.06588363647461
Correct 14.897257804870605,15.326261520385742,15.899068832397461,18.21332359313965
Correct 15.623444557189941,18.1592960357666,14.392106056213379,15.015867233276367
Correct 17.339248657226562,15.058710098266602,14.902373313903809,16.897891998291016
Correct 15.955826759338379,15.928497314453125,16.94416618347168,17.16356658935547
Correct 15.27358627319336,13.486403465270996,13.574360847473145,17.991188049316406
Correct 14.127208709716797,13.796343803405762,13.138351440429688,18.357759475708008
Correct 18.797780990600586,15.39802360534668,14.914468765258789,15.314468383789062
Correct 18.321224212646484,13.91077995300293,12.827025413513184,14.723685264587402
Correct 14.26465892791748,18.43583106994629,13.925854682922363,14.175285339355469
Correct 15.012921333312988,15.696381568908691,19.36835289001465,14.627327919006348
Correct 13.864250183105469,13.607504844665527,18.49789047241211,13.361412048339844
Correct 18.823986053466797,15.701233863830566,14.84087085723877,15.107203483581543
Correct 13.891944885253906,14.185565948486328,13.222699165344238,18.073543548583984
Correct 14.375123977661133,15.64513874053955,19.61503028869629,14.471640586853027
Correct 16.495580673217773,15.59840202331543,15.494653701782227,19.380258560180664
Wrong 14.660430908203125,17.288301467895508,15.947073936462402,14.230217933654785
Correct 15.304983139038086,18.659252166748047,14.337332725524902,14.624727249145508
Correct 15.443163871765137,14.69952392578125,18.627262115478516,14.988781929016113
Wrong 14.515609741210938,15.568275451660156,15.64691162109375,15.846086502075195
Correct 14.891082763671875,15.135231018066406,19.18195915222168,14.34837818145752
Correct 16.08958625793457,16.202957153320312,17.175987243652344,16.420055389404297
Correct 14.86543083190918,15.433530807495117,18.093448638916016,15.892616271972656
Correct 16.94405174255371,16.213054656982422,16.945402145385742,19.450481414794922
Correct 16.452754974365234,19.32771873474121,15.435689926147461,15.25944709777832
Correct 19.230812072753906,16.090112686157227,14.56423568725586,14.159055709838867
Correct 18.283302307128906,15.190120697021484,17.3067684173584,13.688837051391602
Correct 15.338041305541992,15.811180114746094,14.43351936340332,15.802901268005371
Correct 13.787327766418457,14.868806838989258,13.543404579162598,15.9595308303833
Correct 14.47628402709961,18.25581169128418,15.082311630249023,14.634774208068848
Correct 14.597159385681152,18.257328033447266,14.988895416259766,15.577774047851562
Correct 14.585200309753418,19.16950035095215,15.163432121276855,14.706215858459473
Correct 14.80959415435791,14.423203468322754,14.655123710632324,18.88339614868164
Correct 15.277641296386719,13.988595008850098,13.237306594848633,17.496837615966797
Correct 14.130218505859375,18.331684112548828,13.822491645812988,13.488595962524414
Correct 15.752046585083008,16.99111557006836,15.32726001739502,17.89724349975586
Correct 16.624526977539062,16.510108947753906,18.14078140258789,16.31394386291504
Correct 18.533111572265625,15.19426155090332,14.267882347106934,15.072244644165039
Correct 15.200027465820312,19.218551635742188,14.507793426513672,13.920313835144043
Correct 18.872522354125977,15.199663162231445,14.485547065734863,14.081500053405762
Correct 17.47476577758789,15.718371391296387,16.060914993286133,16.4249324798584
Correct 18.647844314575195,15.438693046569824,14.591371536254883,14.576177597045898
Correct 15.34584903717041,15.108603477478027,16.217220306396484,18.99721336364746
Correct 14.421724319458008,15.15219783782959,14.946149826049805,19.163921356201172
Correct 15.225977897644043,15.023744583129883,17.402795791625977,15.700100898742676
Correct 14.85343074798584,15.441786766052246,18.734092712402344,16.371488571166992
Correct 16.286802291870117,14.79015827178955,14.453836441040039,18.18914794921875
Correct 15.490396499633789,15.314648628234863,16.02120018005371,18.521198272705078
Correct 15.888127326965332,14.376343727111816,14.806004524230957,17.824220657348633
Correct 15.066463470458984,18.936479568481445,14.280147552490234,14.262392044067383
Correct 14.442633628845215,14.030324935913086,15.78189754486084,13.20224380493164
Correct 17.88981056213379,13.98228931427002,12.623906135559082,13.163464546203613
Correct 14.623802185058594,19.26788902282715,15.156503677368164,14.617036819458008
Correct 14.103734970092773,14.084941864013672,13.740652084350586,18.764188766479492
Correct 15.016624450683594,14.237722396850586,18.49867820739746,14.769452095031738
Correct 13.965956687927246,14.47731876373291,18.23954963684082,13.84203052520752
Correct 14.93038558959961,19.834617614746094,15.58691120147705,15.87551212310791
Correct 15.551782608032227,14.382003784179688,15.382664680480957,18.654605865478516
Correct 14.170291900634766,15.330286026000977,14.299454689025879,18.02317237854004
Correct 15.642842292785645,15.831457138061523,15.342172622680664,15.926589012145996
Correct 13.808404922485352,13.588375091552734,13.082377433776855,18.160045623779297
Correct 14.618387222290039,14.484675407409668,14.11471939086914,18.512523651123047
Correct 15.488073348999023,17.937641143798828,15.747550964355469,18.43841552734375
Correct 18.237401962280273,14.513981819152832,14.966930389404297,15.493814468383789
Correct 14.820301055908203,19.152690887451172,14.449856758117676,14.902840614318848
Correct 18.698904037475586,17.052387237548828,15.52434253692627,15.729486465454102
Correct 14.776516914367676,15.188360214233398,18.533954620361328,14.332432746887207
Correct 18.28253936767578,16.7867488861084,15.153486251831055,15.306635856628418
Correct 14.797686576843262,17.920616149902344,14.116538047790527,13.661994934082031
Correct 14.461634635925293,19.427467346191406,13.849369049072266,13.773235321044922
Correct 14.295065879821777,18.293655395507812,14.139129638671875,14.153901100158691
Correct 14.022998809814453,18.652931213378906,13.886829376220703,13.523478507995605
Correct 15.971101760864258,14.518575668334961,14.461893081665039,18.65523338317871
Wrong 15.519750595092773,15.830621719360352,19.487377166748047,14.99207592010498
Correct 14.329268455505371,18.096370697021484,14.80196762084961,13.204235076904297
Wrong 16.867708206176758,17.85761260986328,13.47901439666748,13.648514747619629
Correct 13.745570182800293,18.23540687561035,13.563222885131836,13.333211898803711
Correct 14.244353294372559,19.11357879638672,13.839991569519043,12.842732429504395
Correct 15.042047500610352,15.231729507446289,18.77220916748047,14.01960277557373
Correct 16.001188278198242,15.050275802612305,18.683635711669922,14.449199676513672
Correct 15.180468559265137,14.883881568908691,14.249760627746582,18.660839080810547
Correct 16.19351577758789,18.014978408813477,14.161221504211426,15.519380569458008
Correct 14.11828899383545,14.050992965698242,18.287599563598633,13.397253036499023
Wrong 17.90263557434082,17.79302978515625,14.842638969421387,14.365438461303711
Correct 13.736095428466797,13.988228797912598,13.608549118041992,17.766958236694336
Correct 18.308731079101562,14.651384353637695,13.814982414245605,14.215502738952637
Correct 18.425840377807617,17.280616760253906,15.118633270263672,15.854249954223633
Correct 15.233283042907715,14.848761558532715,19.000125885009766,14.791255950927734
Correct 14.395642280578613,14.659867286682129,19.284690856933594,14.488975524902344
Correct 16.08068084716797,16.1982364654541,15.6589994430542,20.128767013549805
Correct 13.066637992858887,18.186189651489258,12.607246398925781,12.9044189453125
Correct 17.88199806213379,14.670079231262207,13.275203704833984,14.02527141571045
Correct 14.741393089294434,14.560652732849121,13.623724937438965,19.208276748657227
Correct 14.585078239440918,14.077417373657227,14.063977241516113,17.80415916442871
Correct 14.480140686035156,17.726499557495117,12.995906829833984,12.538026809692383
Correct 14.408150672912598,18.548749923706055,13.800979614257812,14.644225120544434
Correct 14.752456665039062,18.28548240661621,14.909544944763184,14.586137771606445
Correct 13.954276084899902,13.785870552062988,14.31379222869873,18.588871002197266
Correct 13.94791316986084,16.352670669555664,13.815934181213379,14.314579963684082
Correct 15.5176420211792,18.590085983276367,14.944308280944824,15.738123893737793
Correct 19.162900924682617,14.218538284301758,14.907965660095215,14.671948432922363
Correct 19.37158203125,14.996411323547363,14.257838249206543,14.266156196594238
Correct 14.742908477783203,19.50800895690918,14.730212211608887,14.067350387573242
Correct 14.165203094482422,14.43399715423584,19.027101516723633,14.343524932861328
Correct 13.38729476928711,17.935550689697266,13.591567993164062,13.294191360473633
Correct 17.004121780395508,14.697686195373535,14.222352027893066,13.615582466125488
Correct 18.560571670532227,15.8920259475708,15.31461238861084,17.5815372467041
Correct 19.38487434387207,15.198473930358887,15.839300155639648,15.226269721984863
Correct 15.402379035949707,14.584111213684082,19.026479721069336,14.208268165588379
Correct 15.050382614135742,15.35849380493164,19.447477340698242,14.930342674255371
Correct 14.378003120422363,18.24082374572754,14.034685134887695,14.153680801391602
Correct 14.88636589050293,14.296436309814453,18.63465690612793,14.277192115783691
Correct 18.112974166870117,15.375679969787598,15.20411491394043,14.542911529541016
Correct 18.360469818115234,16.75390625,15.890172004699707,18.814027786254883
Correct 14.714064598083496,19.527761459350586,14.518855094909668,13.730518341064453
Correct 13.553802490234375,18.60079574584961,13.534653663635254,13.794347763061523
Correct 17.186737060546875,17.336292266845703,18.509244918823242,16.267866134643555
Correct 15.723033905029297,15.350759506225586,14.054491996765137,18.533851623535156
Correct 14.768229484558105,14.099993705749512,14.231616973876953,18.818086624145508
Correct 18.01335334777832,15.473011016845703,14.651904106140137,16.310752868652344
Correct 15.113057136535645,14.964436531066895,17.60468101501465,14.705098152160645
Correct 14.297201156616211,17.550373077392578,17.86072540283203,15.507377624511719
Correct 14.858540534973145,18.788440704345703,13.759098052978516,12.628118515014648
Correct 18.09885025024414,16.09266471862793,18.030378341674805,16.92303466796875
Correct 14.982565879821777,18.814655303955078,14.173593521118164,14.241983413696289
Correct 18.20832061767578,15.004364967346191,14.07659912109375,13.3816499710083
Correct 15.570306777954102,14.518062591552734,19.27037811279297,13.718355178833008
Correct 14.705465316772461,18.228118896484375,13.671527862548828,13.897295951843262
Correct 15.116692543029785,16.39764976501465,18.924346923828125,15.32088565826416
Correct 18.9249324798584,16.62552833557129,14.495828628540039,14.350677490234375
Correct 15.227090835571289,13.670289039611816,13.879087448120117,19.105510711669922
Correct 17.836843490600586,14.487122535705566,13.96999740600586,14.792424201965332
Correct 15.943937301635742,17.116172790527344,15.518997192382812,19.00523567199707
Correct 13.79625129699707,18.014991760253906,13.61095905303955,13.457788467407227
Correct 14.596426963806152,18.3160457611084,15.046907424926758,15.353311538696289
Correct 14.89525318145752,14.62846565246582,19.427810668945312,14.734557151794434
Correct 15.65127182006836,15.558714866638184,17.830543518066406,18.779117584228516
Correct 14.283349990844727,18.949214935302734,14.23511028289795,14.898009300231934
Correct 15.446563720703125,17.577932357788086,14.77299976348877,17.233577728271484
Correct 13.742911338806152,17.174877166748047,13.921642303466797,13.950738906860352
Correct 16.313552856445312,17.537864685058594,16.699748992919922,17.00257110595703
Correct 14.799644470214844,13.968585014343262,14.228801727294922,18.8305721282959
Correct 15.565424919128418,15.80189037322998,15.287857055664062,19.150978088378906
Correct 15.068479537963867,19.155170440673828,14.740972518920898,14.618326187133789
Correct 15.102856636047363,19.851163864135742,14.944130897521973,14.268434524536133
Correct 14.321704864501953,13.935717582702637,15.160027503967285,17.79193878173828
Correct 15.285633087158203,17.772262573242188,15.53791332244873,17.192529678344727
Correct 15.748112678527832,14.498241424560547,14.153739929199219,19.18626594543457
Correct 15.803424835205078,15.175243377685547,14.829099655151367,18.688232421875
Correct 18.99999237060547,15.975298881530762,15.22431468963623,15.992021560668945
Correct 18.116975784301758,14.675259590148926,14.033341407775879,14.137191772460938
Correct 14.821239471435547,13.897634506225586,13.525007247924805,18.964759826660156
Correct 18.6398868560791,16.743200302124023,15.338177680969238,16.465471267700195
Correct 14.050586700439453,18.34918212890625,13.08279800415039,13.225638389587402
Correct 15.862031936645508,14.642374038696289,15.2496919631958,17.960365295410156
Correct 16.90738296508789,16.31460952758789,16.212928771972656,15.255736351013184
Correct 14.740679740905762,14.255660057067871,18.830537796020508,14.348309516906738
Correct 16.03692626953125,18.921607971191406,15.776823043823242,15.793737411499023
Correct 19.594419479370117,15.715633392333984,15.310234069824219,15.222326278686523
Correct 14.652099609375,15.294008255004883,18.74661636352539,14.490886688232422
Correct 14.345948219299316,18.880483627319336,14.587871551513672,14.007431030273438
Correct 14.504807472229004,13.869840621948242,13.956365585327148,17.948017120361328
Correct 14.60083293914795,18.69696807861328,15.353912353515625,17.811538696289062
Correct 15.722467422485352,16.898412704467773,18.187414169311523,14.907965660095215
Correct 15.405488967895508,14.812898635864258,19.548564910888672,13.847124099731445
Correct 14.946425437927246,14.17895221710205,18.629648208618164,12.947905540466309
Correct 14.264532089233398,14.613582611083984,18.864530563354492,14.097419738769531
Correct 15.038817405700684,15.370909690856934,19.55027961730957,15.577376365661621
Correct 19.08388900756836,15.610023498535156,14.898290634155273,16.44182014465332
Correct 15.149746894836426,19.148155212402344,13.813458442687988,13.703993797302246,14.628851890563965
Correct 14.766610145568848,15.975687026977539,14.507011413574219,16.902891159057617
Correct 13.768986701965332,13.56494140625,13.20512866973877,18.04366683959961
Correct 13.344578742980957,18.118738174438477,12.995870590209961,12.909214973449707
Correct 14.626569747924805,19.16461753845215,14.380980491638184,14.654623985290527
Wrong 17.92902946472168,17.038455963134766,17.33076286315918,16.25840950012207
Correct 14.874874114990234,15.029190063476562,18.88314437866211,13.945128440856934
Correct 17.666425704956055,14.553841590881348,14.900111198425293,16.988740921020508
Correct 18.67538833618164,17.32822608947754,14.586727142333984,15.255904197692871
Correct 16.8991641998291,14.453263282775879,16.160062789916992,14.112452507019043
Correct 15.324642181396484,18.884191513061523,15.479564666748047,14.664798736572266
Correct 14.152246475219727,18.001893997192383,13.443788528442383,13.815774917602539
Correct 13.83212661743164,16.63489532470703,17.560266494750977
Correct 18.14942169189453,15.057397842407227,14.841840744018555,15.85619831085205
Wrong 15.536820411682129,15.77279281616211,17.63128662109375,16.873796463012695
Correct 14.544147491455078,18.790498733520508,14.297784805297852,13.53998851776123
Correct 14.771278381347656,13.768598556518555,18.53032112121582,14.210702896118164
Correct 13.949313163757324,18.05187225341797,13.896101951599121,13.906046867370605
Wrong 16.004222869873047,15.75742244720459,16.487598419189453,17.43903923034668
Correct 18.74248695373535,15.649261474609375,15.103217124938965,15.687984466552734
Correct 18.35633087158203,16.99928855895996,17.587799072265625,17.26426124572754
Correct 14.359465599060059,14.68403148651123,14.314663887023926,19.004228591918945
Correct 15.478900909423828,15.339652061462402,18.43708038330078,14.503227233886719
Correct 14.531554222106934,18.427255630493164,13.967628479003906,13.863129615783691
Correct 15.962688446044922,15.730609893798828,18.147438049316406,17.45934295654297
Correct 18.688655853271484,14.743603706359863,14.981776237487793,15.281058311462402
Correct 14.891746520996094,14.156750679016113,16.457399368286133,18.1957950592041
Correct 18.768178939819336,17.819488525390625,15.319559097290039,14.970318794250488
Correct 18.43515968322754,14.939184188842773,14.425257682800293,14.572216033935547
Correct 19.65481948852539,15.355565071105957,14.145723342895508,14.530843734741211
Wrong 15.209956169128418,16.329259872436523,14.74160385131836,17.725889205932617
Correct 18.993154525756836,15.325861930847168,14.08663272857666,14.594364166259766
Correct 19.005216598510742,15.594419479370117,15.181342124938965,14.436915397644043
Correct 15.648387908935547,19.282068252563477,14.804171562194824,14.369702339172363
Correct 13.930078506469727,18.585538864135742,13.463807106018066,13.188067436218262
Correct 13.733251571655273,13.470897674560547,13.119656562805176,18.124631881713867
Wrong 15.489164352416992,15.714765548706055,15.568509101867676,15.359467506408691
Correct 15.121489524841309,17.68844985961914,15.013544082641602,15.949185371398926
Correct 19.328096389770508,14.827857971191406,14.485926628112793,14.450482368469238
Correct 18.909027099609375,15.385931015014648,14.299570083618164,14.679478645324707
Wrong 17.293720245361328,15.940969467163086,16.57124900817871,18.405256271362305
Correct 18.182031631469727,14.316119194030762,13.481842041015625,13.564032554626465
Correct 16.004398345947266,14.947319030761719,14.492524147033691,19.28780746459961
Correct 18.906953811645508,16.373552322387695,15.396413803100586,18.061471939086914
Correct 13.422286987304688,17.033676147460938,14.533038139343262,13.812905311584473
Correct 14.003739356994629,13.733855247497559,13.600844383239746,18.046112060546875
Correct 15.78249454498291,15.044498443603516,18.588468551635742,15.01757526397705
Correct 14.94058895111084,14.264327049255371,18.234041213989258,13.823713302612305
Wrong 15.910171508789062,17.540931701660156,16.24319076538086,14.7424955368042
Correct 14.086585998535156,14.426078796386719,14.470457077026367,18.89561653137207
Correct 12.609850883483887,11.885700225830078,17.160490036010742,12.89240550994873
Correct 14.343677520751953,13.909826278686523,12.926850318908691,17.935365676879883
Correct 14.135055541992188,16.814096450805664,17.267086029052734,13.804698944091797
Correct 16.281103134155273,14.328761100769043,14.325311660766602,18.43992805480957
Correct 13.934435844421387,15.280220031738281,14.043709754943848,15.749811172485352
Correct 14.012338638305664,15.99616527557373,19.02503204345703,14.415384292602539
Correct 15.10757827758789,14.985793113708496,15.715588569641113,18.620540618896484
Correct 15.222200393676758,14.861551284790039,15.937328338623047,18.834688186645508
Correct 15.780499458312988,15.773256301879883,19.443578720092773,15.93799114227295
Correct 14.505735397338867,14.27639389038086,18.608482360839844,14.255661010742188
Correct 17.054277420043945,19.597700119018555,16.468807220458984,15.9365816116333
Correct 17.66689682006836,14.235326766967773,13.479626655578613,13.537070274353027
Correct 14.99279499053955,14.649772644042969,18.956254959106445,14.593243598937988
Correct 15.362339973449707,19.427597045898438,14.896608352661133,14.925021171569824
Correct 17.727855682373047,13.7216157913208,13.249347686767578,15.234453201293945
Correct 16.44304084777832,18.22679328918457,15.19787311553955,15.570160865783691
Correct 13.99811840057373,14.0147123336792,14.689746856689453,18.553693771362305
Correct 14.502972602844238,15.324788093566895,14.490909576416016,18.606380462646484
Correct 15.562353134155273,14.660259246826172,19.385637283325195,14.428665161132812
Correct 14.362704277038574,18.47336196899414,14.073529243469238,13.736479759216309
Correct 15.469221115112305,15.539515495300293,19.19317626953125,14.30372428894043
Correct 14.886917114257812,19.254940032958984,15.845953941345215,15.89055347442627
Correct 14.840590476989746,15.189966201782227,14.644824981689453,17.99053192138672
Correct 14.813764572143555,14.11607551574707,19.104358673095703,13.673418045043945
Correct 13.566762924194336,17.62836265563965,13.018477439880371,15.450225830078125
Correct 14.488718032836914,15.15107536315918,18.53335189819336,12.944527626037598
Correct 14.531633377075195,19.293941497802734,14.268867492675781,14.157743453979492
Correct 14.50597858428955,15.540589332580566,14.037175178527832,17.705141067504883
Correct 19.40558433532715,15.470056533813477,14.731715202331543,14.739150047302246
Correct 15.015952110290527,19.705049514770508,14.63317584991455,13.88548469543457
Correct 17.87287712097168,14.13687801361084,14.570744514465332,14.383174896240234
Correct 14.157646179199219,13.881807327270508,17.83230972290039,13.34674072265625
Correct 18.859111785888672,15.28278923034668,14.98952865600586,14.719829559326172
Correct 14.414810180664062,18.569189071655273,14.336496353149414,15.028998374938965
Correct 17.899385452270508,17.03415298461914,16.286062240600586,16.2220401763916
Correct 19.989856719970703,16.115222930908203,15.811371803283691,15.612225532531738
Correct 19.53498077392578,15.473804473876953,15.902108192443848,15.015439987182617
Correct 15.776762962341309,13.986207962036133,12.744053840637207,11.84218978881836
Correct 17.87836456298828,14.923778533935547,14.269810676574707,14.809385299682617
Correct 15.58914852142334,19.270597457885742,14.697110176086426,14.818138122558594
Correct 18.405986785888672,13.449804306030273,13.165507316589355,13.339198112487793
Correct 15.537365913391113,15.965219497680664,18.872705459594727,15.610517501831055
Correct 15.368732452392578,18.616254806518555,14.321455955505371,14.182683944702148
Correct 14.791764259338379,19.572900772094727,13.955371856689453,13.706417083740234
Correct 15.677511215209961,19.632125854492188,14.793608665466309,14.562451362609863
Wrong 17.231220245361328,17.547399520874023,17.007593154907227,19.255455017089844
Correct 14.217596054077148,15.527068138122559,17.664352416992188,15.107008934020996
Correct 19.395591735839844,16.151643753051758,15.87426471710205,15.993030548095703
Correct 18.28333854675293,13.953838348388672,13.191719055175781,13.806684494018555
Correct 14.634291648864746,14.717288970947266,14.59495735168457,17.6868896484375
Wrong 18.738571166992188,15.269757270812988,15.460827827453613,17.8936710357666
Correct 14.249619483947754,18.29249382019043,13.684281349182129,13.52587604522705
Correct 18.90169334411621,15.566930770874023,14.42225456237793,13.832412719726562
Correct 14.098153114318848,18.243736267089844,13.681777000427246,13.580143928527832
Correct 19.64566421508789,16.01394271850586,15.1069974899292,15.155195236206055
Correct 15.474069595336914,14.645848274230957,14.977789878845215,18.528554916381836
Wrong 15.322306632995605,15.176288604736328,16.470293045043945,16.698537826538086
Correct 13.131206512451172,13.060821533203125,14.319734573364258,12.09475326538086,18.709142684936523
Correct 15.430713653564453,14.6404447555542,18.472570419311523,14.290938377380371
Wrong 18.481983184814453,15.484894752502441,15.545294761657715,17.923845291137695
Correct 18.344289779663086,15.775296211242676,17.485124588012695,15.6452054977417
Correct 14.285882949829102,18.420406341552734,14.354118347167969,13.946277618408203
Correct 19.94097900390625,16.10724449157715,16.03609275817871,15.881491661071777
Correct 14.023560523986816,13.98422622680664,18.838420867919922,13.956653594970703
Correct 19.106426239013672,15.091373443603516,13.929789543151855,14.932650566101074
Correct 18.444393157958984,14.918133735656738,15.110010147094727,15.32483959197998
Correct 14.362930297851562,18.656536102294922,13.631007194519043,13.6309232711792
Correct 16.169784545898438,18.967973709106445,16.25140380859375,18.009811401367188
Correct 19.195833206176758,14.374027252197266,14.027095794677734,15.460844993591309
Correct 13.599364280700684,14.173656463623047,12.874653816223145,18.009525299072266
Correct 12.870349884033203,14.207067489624023,11.532079696655273,11.904369354248047
Correct 18.626155853271484,14.601983070373535,13.68759822845459,13.741695404052734
Correct 15.005708694458008,18.413972854614258,14.582622528076172,14.82329273223877
Correct 15.075431823730469,15.192122459411621,15.038290977478027,18.81251335144043
Correct 18.333585739135742,15.734724998474121,16.286235809326172,15.305126190185547
Correct 19.050642013549805,15.473512649536133,15.562686920166016,15.47213363647461
Correct 18.57928466796875,14.938374519348145,15.529705047607422,13.655730247497559
Correct 15.748401641845703,15.447101593017578,17.93597412109375,17.1477108001709
Wrong 15.003997802734375,17.632966995239258,17.326658248901367,15.706357955932617
Correct 14.3356294631958,14.500240325927734,14.079465866088867,18.158164978027344
Correct 14.564898490905762,18.433002471923828,13.998368263244629,15.223918914794922
Correct 14.718214988708496,18.836427688598633,14.55484676361084,14.076544761657715
Correct 19.52601432800293,16.317028045654297,15.30118465423584,15.792116165161133
Correct 19.357995986938477,14.784868240356445,14.780198097229004,14.735722541809082
Correct 13.724841117858887,18.669706344604492,13.53483772277832,14.026864051818848
Correct 14.532328605651855,19.066322326660156,15.174688339233398,14.212174415588379
Correct 13.969828605651855,13.313482284545898,18.899385452270508,13.557048797607422
Correct 13.82939624786377,18.326679229736328,12.768453598022461,13.195862770080566
Correct 16.440176010131836,15.194852828979492,19.299339294433594,15.537637710571289
Wrong 17.496868133544922,16.639667510986328,18.299179077148438,16.190202713012695
Correct 15.680377006530762,15.454015731811523,18.886093139648438,14.257838249206543
Correct 14.100689888000488,18.96122169494629,13.832555770874023,15.29653549194336
Correct 17.30184555053711,14.923580169677734,13.627920150756836,12.924232482910156
Correct 16.00836944580078,15.856595039367676,15.469388961791992,18.826061248779297
Correct 13.849235534667969,14.758672714233398,14.43334674835205,18.558757781982422
Correct 13.77929401397705,18.23809814453125,13.761506080627441,14.143253326416016
Correct 16.87140655517578,14.477848052978516,17.4210147857666,13.957661628723145
Correct 19.318058013916016,16.06675910949707,14.170984268188477,15.016519546508789
Correct 15.568438529968262,14.516937255859375,14.36138916015625,18.514171600341797
Correct 15.443114280700684,15.9447660446167,17.892318725585938,15.517745971679688
Correct 13.941232681274414,14.395520210266113,18.13065528869629,12.667531967163086
Correct 14.685961723327637,15.925627708435059,14.911009788513184,18.441368103027344
Correct 19.01504898071289,15.936197280883789,14.935483932495117,16.358909606933594
Correct 18.547393798828125,15.103384017944336,15.256576538085938,15.127689361572266
Correct 17.859813690185547,14.393895149230957,14.1344633102417,14.58314037322998
Correct 17.52764320373535,16.223114013671875,14.847843170166016,15.832361221313477
Wrong 16.22995948791504,17.148447036743164,14.832819938659668,16.726032257080078
Correct 16.284608840942383,16.866575241088867,16.956518173217773,16.839092254638672
Correct 19.42998504638672,16.345474243164062,15.818953514099121,16.452491760253906
Correct 15.36480712890625,15.015925407409668,15.298999786376953,16.268373489379883
Correct 15.053064346313477,15.082900047302246,18.432968139648438,14.711822509765625
Correct 15.901342391967773,18.2239990234375,13.939208030700684,13.716385841369629
Correct 13.65707015991211,13.645718574523926,18.122339248657227,13.838993072509766
Correct 14.793083190917969,14.343308448791504,17.676082611083984,14.76158618927002
Correct 14.380789756774902,14.219643592834473,15.443585395812988,17.444068908691406
Correct 14.594164848327637,13.877774238586426,14.600210189819336,18.78926658630371
Correct 18.93415069580078,16.028371810913086,15.538728713989258,16.004396438598633
Correct 14.29450511932373,14.149081230163574,13.817598342895508,18.129281997680664
Correct 15.762802124023438,15.904603004455566,18.716236114501953,15.330892562866211
Correct 17.01319122314453,16.83734703063965,19.592212677001953,17.581811904907227
Correct 17.571168899536133,15.044453620910645,14.521055221557617,15.536916732788086
Correct 18.800458908081055,15.483367919921875,16.028018951416016,15.529847145080566
Correct 17.664342880249023,16.06720542907715,15.946283340454102,15.396035194396973
Correct 14.49132251739502,14.248167037963867,13.890325546264648,17.884979248046875
Correct 19.30208396911621,15.428338050842285,15.081704139709473,15.440350532531738
Correct 14.495355606079102,15.171395301818848,18.497373580932617,14.214576721191406
Correct 13.827588081359863,13.814401626586914,13.913505554199219,17.999799728393555
Wrong 16.7299861907959,17.295555114746094,18.08559799194336,16.028921127319336
Correct 18.11675453186035,14.405326843261719,13.612606048583984,13.320182800292969
Correct 18.004362106323242,15.600319862365723,15.336440086364746,16.225419998168945
Wrong 16.073152542114258,14.898098945617676,15.727076530456543,15.599552154541016
Correct 18.3616886138916,14.552224159240723,14.999911308288574,13.907720565795898
Correct 19.00200653076172,15.462759971618652,14.805074691772461,15.348156929016113
Wrong 17.65138816833496,16.83224105834961,15.870185852050781,18.381881713867188
Correct 18.311349868774414,18.632036209106445,16.522869110107422,16.634672164916992
Correct 14.71072006225586,14.527549743652344,19.258342742919922,13.057802200317383
Correct 18.811613082885742,14.522165298461914,15.367432594299316,14.36972427368164
Correct 13.772440910339355,16.151039123535156,12.598401069641113,12.94399356842041
Correct 14.355924606323242,14.426677703857422,14.021222114562988,18.848255157470703
Correct 15.057456970214844,16.102243423461914,14.988445281982422,16.131927490234375
Correct 13.263073921203613,12.995429039001465,12.15536880493164,17.522659301757812
Correct 19.29218292236328,15.750285148620605,15.02171516418457,15.33629035949707
Correct 14.19721508026123,18.254032135009766,13.448920249938965,14.793062210083008
Correct 15.119416236877441,15.061982154846191,14.35610580444336,19.333818435668945
Correct 13.301517486572266,18.543590545654297,13.52814769744873,14.21740436553955
Correct 17.726411819458008,16.73122215270996,15.418200492858887,16.26898765563965
Correct 15.635210990905762,17.876983642578125,15.76459789276123,16.14859962463379
Correct 18.285022735595703,14.65452766418457,14.312987327575684,13.92470645904541
Correct 15.1515474319458,15.664390563964844,18.76388931274414,15.804095268249512
Correct 13.741738319396973,15.285807609558105,19.922883987426758,14.85456657409668
Correct 17.33798599243164,15.37413215637207,14.846595764160156,15.645326614379883
Correct 20.85199737548828,17.538692474365234,16.863792419433594,17.579933166503906
Wrong 14.075567245483398,17.45841407775879,14.423389434814453,17.799692153930664
Correct 16.362136840820312,18.63924217224121,16.277271270751953,15.99730110168457
Correct 15.608026504516602,14.197019577026367,14.0001220703125,19.064945220947266
Correct 14.204100608825684,15.017045021057129,19.72824478149414,14.249305725097656
Correct 14.888239860534668,18.212963104248047,13.384326934814453,14.386242866516113
Correct 17.947025299072266,16.03777503967285,17.340070724487305,15.049546241760254
Correct 15.292230606079102,19.0472412109375,15.075313568115234,15.004526138305664
Wrong 14.31944465637207,15.782909393310547,15.781986236572266,14.69445514678955
Correct 14.188576698303223,19.412111282348633,14.962127685546875,14.097049713134766
Correct 15.560588836669922,18.788509368896484,16.17032241821289,15.32776165008545
Wrong 16.592679977416992,17.06956672668457,15.342028617858887,17.81502914428711
Correct 13.590657234191895,17.598186492919922,13.38689136505127,13.236400604248047
Correct 15.113954544067383,15.245138168334961,19.19193458557129,14.5742769241333
Correct 17.56218719482422,15.784236907958984,15.69482707977295,16.351734161376953
Correct 14.916943550109863,19.905029296875,14.815073013305664,14.795859336853027
Correct 14.914712905883789,14.225765228271484,13.18733024597168,17.45830535888672
Correct 14.914069175720215,14.681008338928223,18.96532440185547,14.917889595031738
Correct 14.74510383605957,15.517827987670898,19.914196014404297,15.054424285888672
Correct 18.774089813232422,14.27296257019043,14.248968124389648,13.627388954162598
Correct 15.674764633178711,15.097339630126953,19.571977615356445,15.328808784484863
Correct 15.29234790802002,18.680204391479492,14.141468048095703,13.628612518310547,14.624268531799316
Correct 14.642803192138672,18.38776397705078,15.357831001281738,15.184101104736328
Correct 15.060368537902832,14.970122337341309,13.62220287322998,16.08186149597168
Correct 15.027091026306152,18.836456298828125,15.193069458007812,15.152091979980469
Correct 19.025602340698242,15.424696922302246,14.163609504699707,14.05546760559082
Correct 14.823484420776367,18.86630630493164,14.571793556213379,14.591407775878906
Correct 14.869282722473145,19.54203987121582,15.241853713989258,15.229001998901367
Correct 15.308884620666504,15.071566581726074,15.643720626831055,18.653989791870117
Wrong 14.589661598205566,14.957128524780273,18.26346206665039,14.719605445861816
Correct 15.738512992858887,15.37874698638916,14.265728950500488,17.053495407104492
Wrong 15.147733688354492,16.375377655029297,14.379422187805176,14.826225280761719
Correct 15.338193893432617,14.947700500488281,18.70571517944336,15.12231731414795
Correct 16.12156867980957,16.80767059326172,16.084110260009766,18.2325382232666
Correct 16.269697189331055,16.755950927734375,18.412574768066406,15.763969421386719
Correct 18.806472778320312,14.522676467895508,15.020234107971191,13.74499225616455
Correct 16.819686889648438,14.968863487243652,17.3049373626709,14.222467422485352
Wrong 16.638883590698242,17.100345611572266,15.201827049255371,16.228487014770508
Correct 15.375885963439941,14.720842361450195,18.895816802978516,15.210089683532715
Correct 14.689435005187988,14.174779891967773,13.446571350097656,18.89448356628418
Correct 18.561304092407227,15.549641609191895,16.444948196411133,15.352041244506836
Correct 19.098724365234375,15.603036880493164,15.278193473815918,15.107747077941895
Correct 14.088531494140625,13.819384574890137,13.8568696975708,17.409038543701172
Correct 14.083927154541016,18.62552261352539,13.342369079589844,12.670746803283691
Correct 15.264503479003906,14.945395469665527,19.426456451416016,14.461431503295898
Correct 14.272871017456055,19.219343185424805,15.257186889648438,14.997607231140137
Correct 16.36549949645996,15.016860961914062,14.722224235534668,17.482955932617188
Correct 14.031986236572266,14.539263725280762,19.246139526367188,14.359617233276367
Correct 13.629117012023926,13.47089672088623,19.49248504638672,13.681610107421875
Correct 14.605878829956055,14.406868934631348,14.59937858581543,18.169328689575195
