grade confidence_levels
Wrong 0.10925084352493286,0.012845855206251144,0.03602708503603935,0.028948582708835602
Correct 0.27613353729248047,0.01710950769484043,0.009748702868819237,0.0203180443495512
Wrong 0.08992068469524384,0.007980911061167717,0.012169433757662773,0.0166336502879858
Correct 0.19248066842556,0.08278487622737885,0.025247959420084953,0.03450987488031387
Wrong 0.11760878562927246,0.025434674695134163,0.02465212531387806,0.0177562665194273
Correct 0.11611709743738174,0.19144462049007416,0.015962202101945877,0.026731662452220917
Correct 0.09332896769046783,0.21031998097896576,0.0071967532858252525,0.018666965886950493
Wrong 0.08352389186620712,0.04470710828900337,0.044707104563713074,0.05740505829453468
Wrong 0.23258717358112335,0.03457099199295044,0.02032323367893696,0.026506496593356133
Correct 0.021174222230911255,0.004104809835553169,0.2923009693622589,0.005270680878311396
Wrong 0.12118718773126602,0.009641589596867561,0.010425043292343616,0.022770389914512634
Correct 0.1759047657251358,0.014666522853076458,0.009618539363145828,0.010080145671963692
Correct 0.18050846457481384,0.02122441679239273,0.010343953967094421,0.02367755025625229
Wrong 0.09114669263362885,0.03353098779916763,0.026525188237428665,0.023408401757478714
Wrong 0.05769331380724907,0.007930894382297993,0.009870155714452267,0.0533575676381588
Correct 0.07765357196331024,0.008184622973203659,0.01287621445953846,0.12409000098705292
Wrong 0.09681470692157745,0.009005165658891201,0.004320724867284298,0.05872105807065964
Wrong 0.08942801505327225,0.015784980729222298,0.025224318727850914,0.03670118376612663
Correct 0.09052255749702454,0.006355679593980312,0.014548292383551598,0.015486578457057476
Wrong 0.13300152122974396,0.033628031611442566,0.007621589116752148,0.014018249697983265
Correct 0.07412731647491455,0.02090855874121189,0.021572263911366463,0.0244445838034153
Correct 0.03951505571603775,0.009990967810153961,0.03712093085050583,0.27428868412971497
Correct 0.15399277210235596,0.02084065042436123,0.012444517575204372,0.027181332930922508
Wrong 0.1672828495502472,0.037325840443372726,0.0334586575627327,0.07540025562047958
Correct 0.2643875181674957,0.012758092023432255,0.013580914586782455,0.022391149774193764
Wrong 0.1530636101961136,0.054576482623815536,0.010095634497702122,0.015636427327990532
Correct 0.05303191393613815,0.00852300226688385,0.30517739057540894,0.02794584631919861
Correct 0.08130296319723129,0.00898051355034113,0.012863988056778908,0.15189385414123535
Wrong 0.12853272259235382,0.057036034762859344,0.047284528613090515,0.043731044977903366
Wrong 0.12360472232103348,0.00881507620215416,0.009383597411215305,0.022510085254907608
Wrong 0.1240491047501564,0.04027283191680908,0.022946767508983612,0.0674443170428276
Correct 0.20979703962802887,0.037614524364471436,0.02281436137855053,0.029755542054772377
Wrong 0.1015583798289299,0.020312946289777756,0.015333015471696854,0.09998384863138199
Wrong 0.07334011048078537,0.033577535301446915,0.03745844215154648,0.09565350413322449
Wrong 0.1417224258184433,0.015411593951284885,0.01888267695903778,0.021733831614255905
Correct 0.16034458577632904,0.01275693904608488,0.15062971413135529,0.05205626040697098
Correct 0.055126577615737915,0.03396248444914818,0.004668704234063625,0.11854074150323868
Wrong 0.10862105339765549,0.09585769474506378,0.01181198563426733,0.009199186228215694
Wrong 0.16289427876472473,0.02136707305908203,0.025773601606488228,0.04249349236488342
Correct 0.14666186273097992,0.01954079605638981,0.013856497593224049,0.02548600360751152
Correct 0.1398686319589615,0.009820317849516869,0.008802874945104122,0.003447256051003933
Wrong 0.1446751207113266,0.022536030039191246,0.10584651678800583,0.049998361617326736
Correct 0.07902644574642181,0.017090661451220512,0.009006145410239697,0.15472622215747833
Correct 0.2035277634859085,0.015941523015499115,0.013215985149145126,0.02213261090219021
Wrong 0.21909309923648834,0.03807266056537628,0.017160693183541298,0.05989671126008034
Correct 0.09612797945737839,0.017781885340809822,0.024687698110938072,0.032705891877412796
Correct 0.09034553170204163,0.010790231637656689,0.01923566497862339,0.0376616045832634
Wrong 0.14970017969608307,0.03446292132139206,0.036685582250356674,0.07527394592761993
Wrong 0.14743462204933167,0.017066791653633118,0.0126829594373703,0.017066793516278267
Correct 0.07382474839687347,0.17164766788482666,0.028461968526244164,0.019561609253287315
Correct 0.1443600058555603,0.03765854239463806,0.03025948442518711,0.05924520641565323
Correct 0.06347715854644775,0.2321896255016327,0.02028850093483925,0.04362714663147926
Correct 0.09704315662384033,0.009913580492138863,0.10330185294151306,0.015841852873563766
Correct 0.09758710116147995,0.05223459750413895,0.17127063870429993,0.08478513360023499
Correct 0.2832223176956177,0.0251374039798975,0.01283892709761858,0.02019847184419632
Correct 0.09945765882730484,0.010160238482058048,0.01016023475676775,0.15404300391674042
Wrong 0.11915692687034607,0.036340806633234024,0.020706364884972572,0.0700487270951271
Wrong 0.07322337478399277,0.013544957153499126,0.022331856191158295,0.051118139177560806
Correct 0.04564543440937996,0.21776209771633148,0.015052259899675846,0.024432234466075897
Correct 0.07115471363067627,0.00523559981957078,0.11549545079469681,0.01143560092896223
Correct 0.16752196848392487,0.019392067566514015,0.024899903684854507,0.01684812270104885
Wrong 0.14148087799549103,0.032065775245428085,0.03690747544169426,0.03867870941758156
Correct 0.042276643216609955,0.12425791472196579,0.025642070919275284,0.1302212029695511
Wrong 0.04844440892338753,0.07863300293684006,0.027602778747677803,0.05238088220357895
Correct 0.07703524827957153,0.011450260877609253,0.013386707752943039,0.03582470118999481
Wrong 0.16615882515907288,0.02213851362466812,0.06926526874303818,0.025481276214122772
Correct 0.2483011782169342,0.012556860223412514,0.006024846341460943,0.015146465040743351
Correct 0.2264082133769989,0.04123198986053467,0.006944599095731974,0.013596867211163044
Correct 0.0838581845164299,0.01600460894405842,0.0585424043238163,0.0366349071264267
Correct 0.13576892018318176,0.05400511994957924,0.03077118471264839,0.06514260917901993
Correct 0.06643323600292206,0.011544362641870975,0.16442377865314484,0.01679695025086403
Wrong 0.11462664604187012,0.03779984265565872,0.04087136685848236,0.07878164201974869
Correct 0.2080317884683609,0.015069770626723766,0.011198899708688259,0.019654681906104088
Correct 0.10964319854974747,0.012301620095968246,0.01507225725799799,0.02371199242770672
Wrong 0.14493268728256226,0.0763741135597229,0.036644697189331055,0.0980663150548935
Correct 0.3638452887535095,0.010649134404957294,0.004875527694821358,0.006163246463984251
Correct 0.04000579193234444,0.2910219728946686,0.014717299491167068,0.011642348021268845
Wrong 0.13503682613372803,0.02103467471897602,0.017991909757256508,0.024210762232542038
Correct 0.11066745966672897,0.01835045963525772,0.021453857421875,0.12345845252275467
Wrong 0.14453743398189545,0.014311140403151512,0.007424518931657076,0.01224096491932869
Correct 0.10567744076251984,0.01452710386365652,0.006755728740245104,0.12747126817703247
Correct 0.25535550713539124,0.020315954461693764,0.010376372374594212,0.029101258143782616
Correct 0.1019863560795784,0.01717730239033699,0.030147094279527664,0.20926235616207123
Correct 0.15662600100040436,0.013473644852638245,0.015267634764313698,0.020544853061437607
Correct 0.03195306658744812,0.010702934116125107,0.24359753727912903,0.018784232437610626
Wrong 0.08556030690670013,0.014868146739900112,0.07093194872140884,0.020967449992895126
Correct 0.04141934961080551,0.009241905063390732,0.36916643381118774,0.018963158130645752
Wrong 0.15754979848861694,0.03921722620725632,0.024927979335188866,0.03860922157764435
Wrong 0.06471071392297745,0.037451665848493576,0.014897242188453674,0.026975426822900772
Correct 0.0792909488081932,0.020047884434461594,0.10181152075529099,0.01912982575595379
Wrong 0.17405767738819122,0.0228313896805048,0.01520898099988699,0.06816194206476212
Wrong 0.09667716175317764,0.05256244167685509,0.05683354288339615,0.04711667075753212
Wrong 0.13620169460773468,0.07640218734741211,0.019018005579710007,0.03086927719414234
Wrong 0.10786852985620499,0.025621013715863228,0.04712424799799919,0.05509383603930473
Wrong 0.0800112783908844,0.025176651775836945,0.006465897895395756,0.010014581494033337
Wrong 0.11310671269893646,0.06246344372630119,0.036720357835292816,0.030921651050448418
Correct 0.07440180331468582,0.1170504093170166,0.069893978536129,0.022691261023283005
Correct 0.04997894912958145,0.009245174005627632,0.006659046746790409,0.26599472761154175
Wrong 0.08008437603712082,0.0674377828836441,0.003987165167927742,0.012474740855395794
Wrong 0.1362239271402359,0.023672163486480713,0.01962490938603878,0.0449218675494194
Wrong 0.0777638703584671,0.03191421926021576,0.0983026847243309,0.0827791765332222
Correct 0.036752715706825256,0.011208941228687763,0.26735740900039673,0.029531626030802727
Wrong 0.095513254404068,0.014196773990988731,0.020656179636716843,0.07795561850070953
Wrong 0.0837143063545227,0.10582474619150162,0.10097865760326385,0.023612694814801216
Correct 0.05690426006913185,0.010526226833462715,0.07777884602546692,0.16210508346557617
Wrong 0.08954722434282303,0.005635810550302267,0.08412179350852966,0.013310004025697708
Correct 0.09383837878704071,0.00807238183915615,0.007465731352567673,0.023726051673293114
Correct 0.02293463982641697,0.14955253899097443,0.005798781290650368,0.005533238407224417
Correct 0.12938083708286285,0.03945891559123993,0.027546757832169533,0.03824489563703537
Correct 0.038907911628484726,0.0047200643457472324,0.0189621951431036,0.052356310188770294
Correct 0.08637181669473648,0.018679210916161537,0.19162413477897644,0.017547491937875748
Wrong 0.09258373081684113,0.008884991519153118,0.1099458858370781,0.0636318027973175
Wrong 0.14686764776706696,0.03952886909246445,0.01956820674240589,0.022877560928463936
Wrong 0.15800340473651886,0.035810504108667374,0.007990403100848198,0.013806181028485298
Correct 0.04197492077946663,0.009969915263354778,0.003236756194382906,0.21316613256931305
Correct 0.025934554636478424,0.00635553477331996,0.3524647355079651,0.007666238117963076
Wrong 0.08828886598348618,0.028663190081715584,0.034038376063108444,0.028663193807005882
Wrong 0.13595344126224518,0.10103198885917664,0.06943820416927338,0.09491077810525894
Wrong 0.07678736746311188,0.03983674943447113,0.06267198920249939,0.0792248398065567
Wrong 0.13751421868801117,0.07360602170228958,0.016423720866441727,0.03165755420923233
Wrong 0.16838061809539795,0.0497732013463974,0.016671933233737946,0.028806526213884354
Correct 0.0661485344171524,0.24196122586727142,0.014305617660284042,0.020814554765820503
Correct 0.05210547894239426,0.011446051299571991,0.008775989525020123,0.11204435676336288
Wrong 0.09353704005479813,0.1043480783700943,0.016510261222720146,0.04216044768691063
Correct 0.06796837598085403,0.045989688485860825,0.10861310362815857,0.0316082164645195
Correct 0.0860041156411171,0.012197974137961864,0.009352508001029491,0.1999654471874237
Correct 0.24883677065372467,0.030187318101525307,0.014259474352002144,0.023509901016950607
Wrong 0.06053541228175163,0.005630668718367815,0.01210783701390028,0.04360201209783554
Wrong 0.1361537128686905,0.055877331644296646,0.020879831165075302,0.03962297365069389
Correct 0.09056423604488373,0.013252472504973412,0.007669941522181034,0.15894512832164764
Correct 0.05057751387357712,0.009210845455527306,0.025037672370672226,0.08603523671627045
Correct 0.11677688360214233,0.031925003975629807,0.026056425645947456,0.05022508651018143
Wrong 0.1121521070599556,0.013394658453762531,0.0061325193382799625,0.019186956807971
Correct 0.2531552016735077,0.0337296687066555,0.04068572819232941,0.03269190713763237
Correct 0.09237775951623917,0.08280686289072037,0.024477656930685043,0.028617287054657936
Wrong 0.19307106733322144,0.01560253370553255,0.051964350044727325,0.022003095597028732
Correct 0.10215596109628677,0.008787895552814007,0.016676489263772964,0.034756798297166824
Correct 0.06282339245080948,0.015156847424805164,0.19965223968029022,0.031099826097488403
Correct 0.04463788494467735,0.008387208916246891,0.26920071244239807,0.07593157142400742
Correct 0.05963731184601784,0.29816770553588867,0.00900388415902853,0.01708637736737728
Wrong 0.2373448610305786,0.05726209655404091,0.013815121725201607,0.02313598059117794
Correct 0.11229704320430756,0.1158616840839386,0.03761477768421173,0.03070029243826866
Wrong 0.097420834004879,0.019792234525084496,0.06489622592926025,0.03755906596779823
Wrong 0.06364618986845016,0.07325625419616699,0.06265939772129059,0.008613570593297482
Correct 0.07863057404756546,0.01754484698176384,0.015727093443274498,0.3014216423034668
Wrong 0.09251999855041504,0.10816679149866104,0.016849134117364883,0.027348848059773445
Correct 0.20561382174491882,0.03517637029290199,0.01912505365908146,0.02133554220199585
Wrong 0.07505330443382263,0.012641034089028835,0.05078357830643654,0.03177955374121666
Wrong 0.08270706236362457,0.07891959697008133,0.02727387845516205,0.05864806845784187
Correct 0.12560392916202545,0.01409236527979374,0.004720350727438927,0.005518649704754353
Correct 0.06738556921482086,0.011709855869412422,0.1889873892068863,0.04216880351305008
Correct 0.24283896386623383,0.07641264796257019,0.023304533213377,0.039027754217386246
Correct 0.06553856283426285,0.12054382264614105,0.0802994892001152,0.014396908693015575
Wrong 0.19140192866325378,0.05315038561820984,0.11077489703893661,0.059293538331985474
Correct 0.18129371106624603,0.00809092354029417,0.0060126627795398235,0.005827673710882664
Correct 0.052011288702487946,0.011425361037254333,0.2600399851799011,0.019741255789995193
Wrong 0.057108473032712936,0.011970579624176025,0.00946950726211071,0.02655789442360401
Correct 0.051055002957582474,0.20833612978458405,0.006802416406571865,0.012317588552832603
Correct 0.2450813353061676,0.02749735862016678,0.011462601833045483,0.02707105316221714
Wrong 0.08681410551071167,0.0361894890666008,0.02487264573574066,0.04946517199277878
Wrong 0.10058418661355972,0.05218237265944481,0.02707185596227646,0.021415606141090393
Correct 0.05302136391401291,0.020763462409377098,0.27350494265556335,0.039402127265930176
Wrong 0.10605902224779129,0.006469642743468285,0.018430287018418312,0.09808853268623352
Wrong 0.15764009952545166,0.01768672466278076,0.013143655844032764,0.11533192545175552
Correct 0.2553456425666809,0.015821468085050583,0.00990082137286663,0.021965937688946724
Correct 0.2209637314081192,0.031339313834905624,0.0085676908493042,0.023289399221539497
Correct 0.22853462398052216,0.029054908081889153,0.011557240039110184,0.03191056475043297
Correct 0.20404760539531708,0.02594173140823841,0.019890211522579193,0.015982238575816154
Correct 0.0761290192604065,0.2784682810306549,0.009831133298575878,0.0235836673527956
Correct 0.05003863200545311,0.01065383292734623,0.1026725098490715,0.05582209303975105
Correct 0.061893027275800705,0.03638501465320587,0.004698681179434061,0.0072774626314640045
Correct 0.247254878282547,0.031929947435855865,0.01138497143983841,0.019981252029538155
Wrong 0.10163363814353943,0.03512363135814667,0.03512362763285637,0.026512715965509415
Correct 0.07545715570449829,0.010372827760875225,0.016836754977703094,0.1622583270072937
Correct 0.07056593149900436,0.03333297744393349,0.08249989151954651,0.04084041714668274
Correct 0.24191626906394958,0.014081214554607868,0.013862897641956806,0.0354001559317112
Correct 0.06379303336143494,0.17340734601020813,0.009631301276385784,0.01587933488190174
Correct 0.1432422250509262,0.01878928393125534,0.00944784376770258,0.011219595558941364
Correct 0.0814172774553299,0.1241464912891388,0.08015500009059906,0.05339474231004715
Wrong 0.11428394913673401,0.04764062911272049,0.01646415889263153,0.019551672041416168
Correct 0.14766277372837067,0.022644812241196632,0.013105809688568115,0.03562529385089874
Correct 0.28025636076927185,0.013523847796022892,0.010532381944358349,0.013523848727345467
Wrong 0.09721778333187103,0.032563868910074234,0.00977744534611702,0.07338382303714752
Wrong 0.11233572661876678,0.020780008286237717,0.018338290974497795,0.03822029381990433
Correct 0.06820549815893173,0.30093666911125183,0.015218696556985378,0.054804641753435135
Correct 0.15662100911140442,0.026794685050845146,0.047766681760549545,0.033346522599458694
Wrong 0.11705678701400757,0.011590185575187206,0.020661735907197,0.016602177172899246
Correct 0.3693314790725708,0.017006058245897293,0.004796776920557022,0.013879938051104546
Correct 0.10562525689601898,0.008403490297496319,0.006858728360384703,0.01385501492768526
Wrong 0.12468884885311127,0.018246008083224297,0.022707520052790642,0.07445510476827621
Correct 0.08911450952291489,0.21046023070812225,0.010155816562473774,0.02593379095196724
Wrong 0.18481245636940002,0.0363917201757431,0.011631491594016552,0.043896790593862534
Correct 0.09608130156993866,0.04756367579102516,0.0847913920879364,0.2378033995628357
Correct 0.06997241079807281,0.01769179292023182,0.2024717777967453,0.03254018351435661
Wrong 0.11313579231500626,0.03241393715143204,0.03092958778142929,0.06650908291339874
Correct 0.09386296570301056,0.09991656243801117,0.027315666899085045,0.031935255974531174
Wrong 0.12923085689544678,0.09021764993667603,0.028388237580657005,0.020769285038113594
Correct 0.11846806854009628,0.032897382974624634,0.18637631833553314,0.05423861742019653
Wrong 0.08466549962759018,0.01693415641784668,0.021074894815683365,0.08466546982526779
Correct 0.23427565395832062,0.02587748132646084,0.011663892306387424,0.0156954824924469
Correct 0.1690722554922104,0.017820077016949654,0.009101605042815208,0.023241762071847916
Correct 0.12934161722660065,0.00966688897460699,0.009081201627850533,0.015938010066747665
Wrong 0.14269128441810608,0.029909705743193626,0.047054558992385864,0.07287953794002533
Correct 0.03778274729847908,0.21405373513698578,0.0060722376219928265,0.018128355965018272
Correct 0.10539895296096802,0.006429377011954784,0.14863625168800354,0.019194571301341057
Wrong 0.08268634974956512,0.010677930898964405,0.038452692329883575,0.015295430086553097
Correct 0.04250955209136009,0.007741561625152826,0.1761970818042755,0.027020705863833427
Correct 0.09935788810253143,0.02434869110584259,0.09333805739879608,0.05932929739356041
Wrong 0.06786830723285675,0.01467755064368248,0.12879139184951782,0.08186479657888412
Wrong 0.09499258548021317,0.014567580074071884,0.0383804515004158,0.027644407004117966
Wrong 0.2132817953824997,0.023929549381136894,0.03648819774389267,0.04612542316317558
Wrong 0.10733316838741302,0.016982566565275192,0.008276641368865967,0.01620488055050373
Correct 0.13534744083881378,0.015424697659909725,0.03067566454410553,0.034760087728500366
Correct 0.09200982749462128,0.01098900567740202,0.009850474074482918,0.2790161967277527
Wrong 0.17046335339546204,0.09562123566865921,0.03924287110567093,0.03629373386502266
Correct 0.04876499995589256,0.17560942471027374,0.009020613506436348,0.010712247341871262
Correct 0.10476065427064896,0.10641035437583923,0.041670892387628555,0.09390681236982346
Correct 0.1731206327676773,0.014892582781612873,0.009920597076416016,0.021332642063498497
Wrong 0.1085067018866539,0.030605709180235863,0.058994028717279434,0.05288191884756088
Correct 0.046053122729063034,0.16845524311065674,0.003721660701557994,0.015425859950482845
Wrong 0.16095808148384094,0.07142467796802521,0.031203128397464752,0.0337386354804039
Wrong 0.11497224867343903,0.09988956898450851,0.045023754239082336,0.118621826171875
Wrong 0.10912740230560303,0.040777917951345444,0.02018653228878975,0.03126551955938339
Correct 0.08548085391521454,0.018486525863409042,0.1781572699546814,0.0828508511185646
Correct 0.05257634073495865,0.015063371509313583,0.09670262038707733,0.22838109731674194
Correct 0.048325732350349426,0.007182976696640253,0.020145149901509285,0.1609492301940918
Wrong 0.12877482175827026,0.038665201514959335,0.04246540740132332,0.08185423165559769
Correct 0.17730726301670074,0.02399592287838459,0.01525273360311985,0.0308113694190979
Correct 0.05905110388994217,0.1250111162662506,0.011996951885521412,0.01199695561081171
Wrong 0.08784787356853485,0.010824977420270443,0.013471903279423714,0.011168600991368294
Correct 0.03821491077542305,0.011654888279736042,0.28237202763557434,0.0394279770553112
Correct 0.033795081079006195,0.021819736808538437,0.24971356987953186,0.01621505245566368
Correct 0.036711953580379486,0.23939190804958344,0.005542673636227846,0.013090047985315323
Correct 0.10693168640136719,0.012771165929734707,0.020408257842063904,0.027462316676974297
Correct 0.08606291562318802,0.00740350317209959,0.005088347010314465,0.10879367589950562
Correct 0.22664007544517517,0.010435755364596844,0.0074000577442348,0.01298750750720501
Wrong 0.13667920231819153,0.13042014837265015,0.011942887678742409,0.021290507167577744
Correct 0.057164765894412994,0.005400882102549076,0.006514706648886204,0.17334994673728943
Correct 0.12590360641479492,0.005981320049613714,0.007561094593256712,0.015514363534748554
Wrong 0.17658649384975433,0.019202888011932373,0.008521227166056633,0.06702465564012527
Wrong 0.10992717742919922,0.037989795207977295,0.02570517733693123,0.032494399696588516
Wrong 0.17700202763080597,0.036526426672935486,0.03028145805001259,0.029349803924560547
Correct 0.23196426033973694,0.0256221704185009,0.016286436468362808,0.06750541925430298
Wrong 0.061922524124383926,0.03212496638298035,0.004774949979037046,0.028796641156077385
Correct 0.15140637755393982,0.013229737989604473,0.010465582832694054,0.01752655580639839
Correct 0.23334841430187225,0.009190380573272705,0.005662028677761555,0.02071084827184677
Wrong 0.08516284078359604,0.005795402452349663,0.006266322918236256,0.03779077157378197
Wrong 0.12418808788061142,0.01789098232984543,0.03670990467071533,0.040317948907613754
Correct 0.07727401703596115,0.014294249936938286,0.01671166904270649,0.16105282306671143
Correct 0.042661894112825394,0.012033337727189064,0.21665489673614502,0.04910353198647499
Wrong 0.11759538948535919,0.012202302925288677,0.00455966591835022,0.11759534478187561
Wrong 0.13795678317546844,0.10913274437189102,0.0069766235537827015,0.01781543530523777
Correct 0.057245660573244095,0.006731020752340555,0.017458926886320114,0.27310365438461304
Correct 0.08780739456415176,0.010164441540837288,0.09643751382827759
Wrong 0.12154410034418106,0.017510080710053444,0.024310333654284477,0.029323866590857506
Wrong 0.10505317896604538,0.024565454572439194,0.05985745042562485,0.05535911023616791
Wrong 0.07371476292610168,0.02797895297408104,0.010786846280097961,0.01893150806427002
Wrong 0.19168825447559357,0.0377456359565258,0.010159100405871868,0.10752733051776886
Correct 0.037304822355508804,0.012892198748886585,0.01905343122780323,0.24708868563175201
Wrong 0.06845203042030334,0.022223111242055893,0.014125868678092957,0.05855010822415352
Correct 0.04398617893457413,0.008136622607707977,0.22689776122570038,0.028399592265486717
Wrong 0.10006101429462433,0.03299660608172417,0.02376656047999859,0.05355878919363022
Wrong 0.09321087598800659,0.01363975927233696,0.08355364203453064,0.04472305253148079
Correct 0.06545846164226532,0.010854072868824005,0.007344232406467199,0.06859986484050751
Correct 0.11694774031639099,0.018503814935684204,0.015102369710803032,0.23996110260486603
Wrong 0.1138758733868599,0.027906470000743866,0.02704787254333496,0.04529668018221855
Correct 0.20105382800102234,0.03282112255692482,0.01756787858903408,0.04148978739976883
Wrong 0.14024628698825836,0.008826644159853458,0.012064589187502861,0.08244650810956955
Wrong 0.1134859025478363,0.023419134318828583,0.03861161693930626,0.10333005338907242
Wrong 0.07785607129335403,0.009593747556209564,0.048721056431531906,0.06978970766067505
Wrong 0.18283946812152863,0.05157220736145973,0.05238434299826622,0.04079699143767357
Wrong 0.11357152462005615,0.02343680150806904,0.017416751012206078,0.04447523504495621
Wrong 0.1522011011838913,0.06546085327863693,0.02728813700377941,0.05867873132228851
Correct 0.16017962992191315,0.013565710745751858,0.009036708623170853,0.01913071610033512
Correct 0.12985455989837646,0.008564833551645279,0.009406628087162971,0.01900191605091095
Wrong 0.09585767984390259,0.010424037463963032,0.04895928502082825,0.08865384012460709
Wrong 0.1614818572998047,0.03438146039843559,0.040196001529693604,0.10264410078525543
Correct 0.012310662306845188,0.00262109050527215,0.002462285803630948,0.19257105886936188
Wrong 0.10886309295892715,0.09458187967538834,0.0902506485581398,0.052233073860406876
Correct 0.1727951467037201,0.018499275669455528,0.025285501033067703,0.023022720590233803
Wrong 0.1397690773010254,0.02752215415239334,0.06602219492197037,0.01568165048956871
Correct 0.042746834456920624,0.004948303569108248,0.031766731292009354,0.2921214997768402
Wrong 0.06604965776205063,0.10071366280317307,0.10229966044425964,0.038226593285799026
Wrong 0.08300814777612686,0.03301834315061569,0.007367386482656002,0.009760203771293163
Wrong 0.10882695764303207,0.020769979804754257,0.07249433547258377,0.0400351919233799
Wrong 0.20038022100925446,0.042001958936452866,0.12539465725421906,0.05066404119133949
Wrong 0.09084317088127136,0.05774340406060219,0.02814187854528427,0.057743415236473083
Correct 0.21514520049095154,0.07671235501766205,0.0511014349758625,0.08557882159948349
Correct 0.10283434391021729,0.006782659329473972,0.00562302116304636,0.005623021628707647
Wrong 0.07957933843135834,0.031654465943574905,0.11761058121919632,0.09303764998912811
Correct 0.037113480269908905,0.009988954290747643,0.04840507730841637,0.057482462376356125
Correct 0.09559044241905212,0.18715691566467285,0.026132959872484207,0.06569827347993851
Wrong 0.15666963160037994,0.05499619245529175,0.042831066995859146,0.04778152331709862
Correct 0.16932831704616547,0.009404744021594524,0.005528763402253389,0.008563117124140263
Wrong 0.13609780371189117,0.008976620621979237,0.04150746017694473,0.02365024760365486
Correct 0.13696004450321198,0.012739264406263828,0.011781890876591206,0.022011473774909973
Wrong 0.15222857892513275,0.04430103302001953,0.03615743666887283,0.047900836914777756
Correct 0.10180426388978958,0.11007657647132874,0.01912843994796276,0.05710698664188385
Correct 0.1391715258359909,0.014217264018952847,0.007851517759263515,0.010565373115241528
Wrong 0.11875774711370468,0.03456046059727669,0.024892963469028473,0.0373687744140625
Wrong 0.12565302848815918,0.07621238380670547,0.0072004892863333225,0.01303840707987547
Wrong 0.08703863620758057,0.0062073045410215855,0.025728557258844376,0.010075450874865055
Wrong 0.09297633171081543,0.06291090697050095,0.006327116396278143,0.012195837683975697
Correct 0.09469808638095856,0.20363278687000275,0.009826358407735825,0.018358057364821434
Correct 0.11062529683113098,0.013846375048160553,0.009368924424052238,0.02430114895105362
Correct 0.02263060212135315,0.02729770541191101,0.24713316559791565,0.02298697642982006
Wrong 0.2732490003108978,0.022081902250647545,0.027481362223625183,0.038154102861881256
Wrong 0.11128225177526474,0.013712659478187561,0.010350857861340046,0.08941776305437088
Correct 0.2723065912723541,0.024549178779125214,0.009764986112713814,0.03201816603541374
Correct 0.04935096576809883,0.11838673800230026,0.05592193081974983,0.04287683963775635
Correct 0.19545936584472656,0.024464603513479233,0.01530955545604229,0.03615633398294449
Correct 0.18651826679706573,0.06055358797311783,0.031414780765771866,0.037893470376729965
Wrong 0.14224016666412354,0.020814331248402596,0.011141106486320496,0.07264914363622665
Correct 0.0687284842133522,0.01765093021094799,0.16746732592582703,0.05522487685084343
Wrong 0.39090633392333984,0.04742231220006943,0.018863286823034286,0.042509086430072784
Wrong 0.0716109573841095,0.02675904892385006,0.01782536692917347,0.10750073194503784
Wrong 0.2115001529455185,0.026061927899718285,0.03973967954516411,0.06759949028491974
Wrong 0.08859606832265854,0.01126372255384922,0.03061796724796295,0.02275334671139717
Correct 0.28351759910583496,0.04416351765394211,0.012653058394789696,0.03231072053313255
Correct 0.07977158576250076,0.011492185294628143,0.01698434166610241,0.1315210610628128
Wrong 0.09265128523111343,0.08176442980766296,0.02306271530687809,0.041761185973882675
Correct 0.1751653254032135,0.02484372816979885,0.13856713473796844,0.04226059839129448
Wrong 0.19178810715675354,0.0575852207839489,0.07394086569547653,0.0837859958410263
Wrong 0.11315407603979111,0.07656384259462357,0.059627968817949295,0.04571836069226265
Correct 0.2593457102775574,0.01908278651535511,0.013961262069642544,0.0560874305665493
Correct 0.051864977926015854,0.0281984880566597,0.2938348948955536,0.019685717299580574
Wrong 0.10308875143527985,0.011386914178729057,0.018773844465613365,0.0778154581785202
Correct 0.11544779688119888,0.021691998466849327,0.07112528383731842,0.21568483114242554
Correct 0.10832541435956955,0.023795928806066513,0.1348130851984024,0.04111567884683609
Wrong 0.07497742027044296,0.015472457744181156,0.01046918798238039,0.035974547266960144
Wrong 0.14290855824947357,0.0937216728925705,0.060511257499456406,0.10620057582855225
Wrong 0.1736161708831787,0.005002669990062714,0.015651961788535118,0.017735999077558517
Correct 0.2567768692970276,0.040627993643283844,0.06292586028575897
Wrong 0.16199293732643127,0.14295819401741028,0.022268587723374367,0.02904372103512287
Correct 0.11519894003868103,0.043046679347753525,0.03568694740533829,0.05032667517662048
Correct 0.08252517133951187,0.1517869383096695,0.01575019769370556,0.022211341187357903
Wrong 0.08582611382007599,0.019451968371868134,0.15785832703113556,0.050454553216695786
Correct 0.07397571206092834,0.006880812346935272,0.16670678555965424,0.04149661213159561
Wrong 0.17606015503406525,0.015383962541818619,0.031076444312930107,0.015145455487072468
Wrong 0.09078800678253174,0.030410161241889,0.12027448415756226,0.06642189621925354
Wrong 0.09989628195762634,0.028620745986700058,0.035066865384578705,0.0350668802857399
Correct 0.14856718480587006,0.014941786415874958,0.012195128947496414,0.028801053762435913
Correct 0.13065727055072784,0.033035315573215485,0.030078992247581482,0.10017836093902588
Wrong 0.08645796030759811,0.03281572833657265,0.03777065500617027,0.046277593821287155
Correct 0.1550065577030182,0.005735025741159916,0.025702590122818947,0.008744869381189346
Wrong 0.1672380268573761,0.04295026510953903,0.16209256649017334,0.0450114868581295
Correct 0.2786581218242645,0.010309958830475807,0.0069760652258992195,0.014092043042182922
Correct 0.1587938368320465,0.015478953719139099,0.005433624144643545,0.015722716227173805
Correct 0.03320135921239853,0.004155637696385384,0.26526132225990295,0.005860388278961182
Wrong 0.1666099578142166,0.03280743211507797,0.004953181836754084,0.010163269937038422
Wrong 0.08410120010375977,0.04228872433304787,0.013100435957312584,0.032423894852399826
Correct 0.061670541763305664,0.07918649911880493,0.005826584063470364,0.026941854506731033
Correct 0.22740687429904938,0.022870901972055435,0.01956251636147499,0.036547597497701645
Wrong 0.058000531047582626,0.02201450616121292,0.015130332671105862,0.04588218033313751
Correct 0.21048341691493988,0.024748913943767548,0.011509310454130173,0.03436046093702316
Correct 0.04641949012875557,0.012493633665144444,0.019655238837003708,0.29800018668174744
Wrong 0.1246907189488411,0.018825476989150047,0.05982721969485283,0.08841892331838608
Wrong 0.10894625633955002,0.016193408519029617,0.042002495378255844,0.059233032166957855
Correct 0.1388171762228012,0.006698660086840391,0.003066869918256998,0.006492564454674721
Wrong 0.10006236284971237,0.017940189689397812,0.01822270080447197,0.03099786676466465
Wrong 0.1374625563621521,0.023887399584054947,0.02209223061800003,0.051365990191698074
Correct 0.09958391636610031,0.01785440742969513,0.021202631294727325,0.03283928334712982
Correct 0.061559055000543594,0.013735677115619183,0.03675856813788414,0.18667547404766083
Wrong 0.12057583779096603,0.10978550463914871,0.020628083497285843,0.03194940462708473
Correct 0.04882858693599701,0.005309862084686756,0.12085184454917908,0.012154393829405308
Wrong 0.052418436855077744,0.01675393432378769,0.13810408115386963,0.07626833766698837
Correct 0.08987675607204437,0.04590453580021858,0.10026469826698303,0.03926422819495201
Correct 0.09668837487697601,0.03845996782183647,0.05256853625178337,0.1384996771812439
Correct 0.050202056765556335,0.009286444634199142,0.042940057814121246,0.35395875573158264
Wrong 0.11633386462926865,0.027203315868973732,0.03333019092679024,0.041480109095573425
Correct 0.04838515445590019,0.006862470880150795,0.06930849701166153,0.013647656887769699
Correct 0.2520352303981781,0.011973470449447632,0.005744931288063526,0.01090197078883648
Wrong 0.11423362046480179,0.023573432117700577,0.023944655433297157,0.04137266427278519
Wrong 0.15321500599384308,0.018015218898653984,0.02139359898865223,0.03996850922703743
Correct 0.12309388816356659,0.01801260933279991,0.1998009979724884,0.024620328098535538
Correct 0.05969024449586868,0.012908917851746082,0.07664375752210617,0.014177673496305943
Correct 0.4251787066459656,0.011690299957990646,0.007090523838996887,0.018106291070580482
Correct 0.10874467343091965,0.021413089707493782,0.017752069979906082,0.02011573687195778
Correct 0.051140766590833664,0.028242608532309532,0.22564353048801422,0.010553493164479733
Wrong 0.1782403290271759,0.01710520125925541,0.04949552193284035,0.030020561069250107
Correct 0.14057935774326324,0.010840310715138912,0.010343896225094795,0.015528030693531036
Wrong 0.09030446410179138,0.11064328253269196,0.04684930667281151,0.0681653618812561
Correct 0.061328016221523285,0.2174266278743744,0.008698158897459507,0.014118509367108345
Correct 0.16454415023326874,0.01629207283258438,0.01309104636311531,0.03449031710624695
Correct 0.1316288709640503,0.0317569300532341,0.04207109287381172,0.20387068390846252
Correct 0.05492140352725983,0.01501467265188694,0.096390001475811,0.17453978955745697
Wrong 0.10975155234336853,0.008202744647860527,0.023005163297057152,0.014396268874406815
Wrong 0.1463051438331604,0.06910962611436844,0.05911258980631828,0.056405629962682724
Correct 0.05262802541255951,0.009145377203822136,0.009435679763555527,0.08151186257600784
Wrong 0.12473785132169724,0.018540620803833008,0.02307417429983616,0.06997158378362656
Correct 0.02991824597120285,0.008983084000647068,0.0103394640609622,0.24661865830421448
Correct 0.05194760113954544,0.03860415890812874,0.04729880020022392,0.0607328824698925
Wrong 0.12027642130851746,0.047842636704444885,0.02405678853392601,0.08266466856002808
Correct 0.07270165532827377,0.022521914914250374,0.07046481966972351,0.031760986894369125
Correct 0.18770287930965424,0.009793657809495926,0.008642871864140034,0.008376961573958397
Correct 0.34721967577934265,0.01989726722240448,0.01245138794183731,0.028950344771146774
Wrong 0.07906315475702286,0.011390123516321182,0.04504880681633949,0.03734678030014038
Correct 0.11477597802877426,0.1300581693649292,0.03187211975455284,0.057712968438863754
Correct 0.046166419982910156,0.0031911381520330906,0.004942529369145632,0.20053772628307343
Wrong 0.0731096938252449,0.013314261101186275,0.11682890355587006,0.09685458242893219
Wrong 0.09762732684612274,0.011843533255159855,0.033739082515239716,0.022126635536551476
Correct 0.048098865896463394,0.01056591421365738,0.029173417016863823,0.11538313329219818
Correct 0.09271380305290222,0.017973382025957108,0.17871040105819702,0.025745686143636703
Wrong 0.10211178660392761,0.012195509858429432,0.010431371629238129,0.03263687714934349
Correct 0.07112782448530197,0.12879578769207,0.006412365008145571,0.026166457682847977
Wrong 0.08821093291044235,0.029088862240314484,0.04721588268876076,0.04102187976241112
Wrong 0.10912665724754333,0.010805000551044941,0.10743474215269089,0.017814431339502335
Correct 0.09362488240003586,0.022943757474422455,0.037241384387016296,0.046347662806510925
Correct 0.23248405754566193,0.01509624719619751,0.011942111887037754,0.02095906063914299
Wrong 0.13777035474777222,0.04009343683719635,0.014074118807911873,0.029794912785291672
Wrong 0.0943184345960617,0.014464194886386395,0.01446419209241867,0.09141653031110764
Correct 0.03921809792518616,0.01106196828186512,0.011592838913202286,0.1285911500453949
Correct 0.07807933539152145,0.02036820724606514,0.011248390190303326,0.2331017553806305
Wrong 0.10446057468652725,0.05859706178307533,0.009565701708197594,0.06140917167067528
Wrong 0.1289135217666626,0.05458539351820946,0.034158650785684586,0.07231389731168747
Correct 0.05178702622652054,0.011199727654457092,0.2933933138847351,0.009284901432693005
Correct 0.07544426620006561,0.011390378698706627,0.19876907765865326,0.016833888366818428
Wrong 0.08940594643354416,0.015781082212924957,0.05772479623556137,0.02902585081756115
Correct 0.07400438189506531,0.0632992833852768,0.11642517894506454,0.042830441147089005
Wrong 0.1263461858034134,0.011213857680559158,0.009443012066185474,0.11150006949901581
Correct 0.11717464029788971,0.01294280681759119,0.009322353638708591,0.031048182398080826
Correct 0.07707963138818741,0.01403724029660225,0.12511250376701355,0.044610247015953064
Wrong 0.06789860874414444,0.013162740506231785,0.010743113234639168,0.02786552533507347
Correct 0.06357670575380325,0.09250351786613464,0.07789576053619385,0.01879323646426201
Correct 0.11895429342985153,0.19308176636695862,0.027816060930490494,0.0386187881231308
Wrong 0.10592181980609894,0.01784013956785202,0.033329758793115616,0.028066478669643402
Wrong 0.0862535759806633,0.08899152278900146,0.051504332572221756,0.03173091262578964
Wrong 0.1707364320755005,0.0700700655579567,0.04741177335381508,0.06379952281713486
Wrong 0.08648338168859482,0.07058565318584442,0.01784684881567955,0.02721319906413555
Correct 0.17362003028392792,0.02540621906518936,0.019177613779902458,0.015898801386356354
Correct 0.08807411044836044,0.013297193683683872,0.030916890129446983,0.03342914581298828
Correct 0.07218092679977417,0.1601402908563614,0.009922455064952374,0.08179166913032532
Correct 0.024941526353359222,0.005565205588936806,0.3184318542480469,0.024941515177488327
Correct 0.26661527156829834,0.01651974581182003,0.005363175179809332,0.011353843845427036
Correct 0.3193579316139221,0.016662945970892906,0.008378653787076473,0.01338905282318592
Correct 0.04745836183428764,0.009200221858918667,0.15082229673862457,0.017733892425894737
Correct 0.13900870084762573,0.014424256980419159,0.013980465941131115,0.022340726107358932
Correct 0.24815359711647034,0.024189593270421028,0.010567647404968739,0.026985442265868187
Wrong 0.07523325085639954,0.02724766731262207,0.01731966808438301,0.1833171844482422
Correct 0.10039617866277695,0.008502617478370667,0.007387200836092234,0.01916094496846199
Correct 0.08932806551456451,0.016524026170372963,0.043535005301237106,0.0378238745033741
Wrong 0.17323359847068787,0.037464383989572525,0.018258675932884216,0.039262332022190094
Correct 0.286216676235199,0.16825805604457855,0.0056682126596570015,0.01978401094675064
Correct 0.038462575525045395,0.006478151772171259,0.10956961661577225,0.01680305041372776
Wrong 0.12098534405231476,0.014908316545188427,0.021691469475626945,0.030589880421757698
Correct 0.23197689652442932,0.0047398838214576244,0.00274323346093297,0.004522828385233879
Correct 0.1973629593849182,0.025091884657740593,0.038863055408000946,0.03947506844997406
Wrong 0.056670960038900375,0.014554295688867569,0.008827625773847103,0.018398357555270195
Correct 0.042056601494550705,0.16895639896392822,0.006973663344979286,0.01866249553859234
Correct 0.0954616516828537,0.016331559047102928,0.06067906692624092,0.16494286060333252
Correct 0.13488467037677765,0.0368754044175148,0.04244331270456314,0.14358392357826233
Wrong 0.16082066297531128,0.06396999955177307,0.014498414471745491,0.02708660438656807
Correct 0.059078097343444824,0.005941640119999647,0.004627352114766836,0.23003578186035156
Wrong 0.19933226704597473,0.06272266805171967,0.03745340555906296,0.08440256863832474
Wrong 0.08727575838565826,0.05211471766233444,0.03638192638754845,0.09004615992307663
Correct 0.13398902118206024,0.01551035512238741,0.18030185997486115,0.0524708516895771
Correct 0.1553579717874527,0.04116575047373772,0.011979913339018822,0.01663246750831604
Wrong 0.06602368503808975,0.02505975216627121,0.01643458567559719,0.03703591600060463
Correct 0.046011921018362045,0.012578953057527542,0.03874589502811432,0.12122521549463272
Wrong 0.11003569513559341,0.021331388503313065,0.014660834334790707,0.04376916587352753
Correct 0.17710648477077484,0.014766715466976166,0.005782728083431721,0.015475383959710598
Correct 0.10615645349025726,0.024438589811325073,0.02521434612572193,0.062406133860349655
Correct 0.22479061782360077,0.025220802053809166,0.010847331024706364,0.02948610484600067
Wrong 0.09687983989715576,0.0379386804997921,0.016317218542099,0.05784957855939865
Correct 0.1605481058359146,0.011272243224084377,0.006128611043095589,0.018012993037700653
Correct 0.10857168585062027,0.013378654606640339,0.14609909057617188,0.034163590520620346
Correct 0.04202403128147125,0.013431680388748646,0.188338503241539,0.059263356029987335
Correct 0.03678026795387268,0.20837432146072388,0.00453221658244729,0.012513852678239346
Wrong 0.2306431233882904,0.03170569986104965,0.05564521998167038,0.07487884163856506
Wrong 0.19540122151374817,0.08273804932832718,0.014604130759835243,0.017893359065055847
Wrong 0.09431371092796326,0.02008054032921791,0.0046228026039898396,0.014463474974036217
Wrong 0.20047242939472198,0.052296336740255356,0.009230852127075195,0.01954171620309353
Correct 0.0920572429895401,0.01624906249344349,0.02255958691239357,0.043484754860401154
Correct 0.033909671008586884,0.009564663283526897,0.3820589780807495,0.02155429869890213
Correct 0.17392978072166443,0.025852343067526817,0.010946569964289665,0.022814616560935974
Wrong 0.07493012398481369,0.00634588161483407,0.11425473541021347,0.14443156123161316
Wrong 0.10353350639343262,0.056290172040462494,0.11021079868078232,0.1068200096487999
Wrong 0.07511048763990402,0.004371953196823597,0.00969960168004036,0.0079165855422616
Wrong 0.13529959321022034,0.039994463324546814,0.018892046064138412,0.03937440738081932
Correct 0.18389514088630676,0.01271128561347723,0.005135823041200638,0.01878606155514717
Wrong 0.12699170410633087,0.022067841142416,0.025006134063005447,0.027463871985673904
Wrong 0.0747583657503128,0.007518642581999302,0.007174338214099407,0.008003554306924343
Wrong 0.14371469616889954,0.004339808132499456,0.0061201066710054874,0.07226425409317017
Wrong 0.07775437831878662,0.016554856672883034,0.01416011806577444,0.03504663333296776
Correct 0.05158207565546036,0.10419860482215881,0.01064455509185791,0.009541722014546394
Wrong 0.14891178905963898,0.10894612967967987,0.01061988715082407,0.02079273760318756
Correct 0.023184822872281075,0.006438191514462233,0.24539577960968018,0.00936751440167427
Wrong 0.11008879542350769,0.017148518934845924,0.028273126110434532,0.03357517346739769
Correct 0.11583871394395828,0.19098566472530365,0.024663468822836876,0.018616970628499985
Correct 0.08699295669794083,0.012146933935582638,0.12461158633232117,0.017952006310224533
Wrong 0.016012046486139297,0.0026550577022135258,0.29744094610214233,0.040254272520542145
Wrong 0.11896242201328278,0.06673184037208557,0.006924439687281847,0.009765028022229671
Correct 0.0590018592774868,0.01074503269046545,0.02743840031325817,0.08584717661142349
Wrong 0.10167426615953445,0.018229182809591293,0.014420468360185623,0.012334484606981277
Correct 0.08148099482059479,0.13645489513874054,0.022275645285844803,0.04430043324828148
Wrong 0.15380671620368958,0.05747335031628609,0.024718981236219406,0.022157952189445496
Correct 0.14750809967517853,0.007817639969289303,0.003750943811610341,0.008065801113843918
Correct 0.07648363709449768,0.02090945839881897,0.23929600417613983,0.018166452646255493
Correct 0.06319542229175568,0.07622820138931274,0.0077872006222605705,0.011689974926412106
Wrong 0.22126248478889465,0.01873886212706566,0.023320887237787247,0.08013594895601273
