grade confidence_levels
Correct 5.17257176397834e-05,1.5914327377686277e-05,1.4302444469649345e-05,6.857630069134757e-05
Wrong 0.00010680824925657362,1.9705226804944687e-05,1.4693521734443493e-05,5.823260289616883e-05
Correct 6.238213245524094e-05,1.566904211358633e-05,1.4872481187921949e-05,0.00010027254757005721
Correct 8.476620132569224e-05,2.14563769986853e-05,2.1784235286759213e-05,6.273521285038441e-05
Wrong 0.00010843343625310808,3.0333123504533432e-05,3.467670831014402e-05,0.00012377808161545545
Wrong 5.8152385463472456e-05,1.621895717107691e-05,1.8050783182843588e-05,8.442912803729996e-05
Wrong 6.851063517387956e-05,1.859212716226466e-05,1.6223260900005698e-05,7.33050110284239e-05
Wrong 5.1316812459845096e-05,1.4884293705108576e-05,1.5019491911516525e-05,6.709815352223814e-05
Wrong 9.857390978140756e-05,4.182220800430514e-05,4.285437171347439e-05,8.127397450152785e-05
Wrong 7.871027628425509e-05,1.6098705600597896e-05,1.4846926205791533e-05,7.452288264175877e-05
Correct 5.713174323318526e-05,1.1823246495623607e-05,1.1350982276780996e-05,4.6035624109208584e-05
Wrong 6.83933321852237e-05,1.872963912319392e-05,1.57573649630649e-05,7.582410762552172e-05
Wrong 5.038069139118306e-05,1.4581408322555944e-05,1.5496358173550107e-05,6.629113340750337e-05
Wrong 6.994624709477648e-05,2.412446337984875e-05,2.3577711544930935e-05,7.460737106157467e-05
Wrong 5.328176848706789e-05,1.7622429368202575e-05,1.1629497748799622e-05,5.8360237744636834e-05
Wrong 6.300841050688177e-05,2.2863045160192996e-05,2.2107578843133524e-05,0.0001015469606500119
Wrong 0.00018234876915812492,4.231349521433003e-05,4.233858999214135e-05,0.00016261175915133208
Wrong 0.00025858895969577134,0.00010459505574544892,8.02786962594837e-05,0.00030909900669939816
Wrong 6.187654798850417e-05,1.668110053287819e-05,1.767082721926272e-05,7.018441829131916e-05
Wrong 6.581730849575251e-05,1.2471974514483009e-05,1.1482366971904412e-05,6.116594886407256e-05
Wrong 0.00016932282596826553,4.488765625865199e-05,4.014134901808575e-05,0.00014826402184553444
Correct 4.417137097334489e-05,1.1443224138929509e-05,8.742220416024793e-06,3.700277738971636e-05
Wrong 5.808164496556856e-05,1.0187524821958505e-05,1.0637068044161424e-05,5.3655461670132354e-05
Wrong 4.8272020649164915e-05,1.3776400010101497e-05,1.568957304698415e-05,6.384253356372938e-05
Wrong 6.853983359178528e-05,2.195649540226441e-05,2.6413439627503976e-05,8.6758635006845e-05
Wrong 8.612757665105164e-05,1.8215683667222038e-05,1.8370739780948497e-05,8.793921733740717e-05
Wrong 9.628941188566387e-05,2.1147057850612327e-05,1.526508276583627e-05,6.312799814622849e-05
Correct 8.98940343176946e-05,1.88941958185751e-05,1.8538743461249396e-05,0.00010442228813190013
Correct 0.00013739800488110632,4.377858203952201e-05,3.993788413936272e-05,0.0001649031473789364
Wrong 5.435983257484622e-05,1.515898202342214e-05,1.3619966921396554e-05,6.684314575977623e-05
Wrong 3.0336137569975108e-05,1.2412445357767865e-05,9.301405953010544e-06,4.7919893404468894e-05
Correct 5.00000714964699e-05,1.3128881619195454e-05,1.304628858633805e-05,6.146257510408759e-05
Wrong 7.042366632958874e-05,2.183376273023896e-05,1.858972063928377e-05,8.748695836402476e-05
Correct 6.277621287154034e-05,2.0738325474667363e-05,1.924308526213281e-05,0.0001037075708154589
Wrong 8.160268771462142e-05,2.3470074665965512e-05,1.8366756194154732e-05,9.490677621215582e-05
Correct 5.249790410744026e-05,1.7631387891015038e-05,1.3867892448615748e-05,6.990725523792207e-05
Wrong 2.5455010472796857e-05,1.4278966773417778e-05,1.4920868125045672e-05,6.121324986452237e-05
Wrong 5.309231346473098e-05,1.7263078916585073e-05,1.4314684449345805e-05,6.559280154760927e-05
Wrong 6.523261254187673e-05,1.3641501936945133e-05,1.1513323443068657e-05,7.014589209575206e-05
Wrong 4.300041837268509e-05,1.3785946975986008e-05,1.3593020412372425e-05,5.4360330977942795e-05
Wrong 5.4877338698133826e-05,1.2145779692218639e-05,1.145743499364471e-05,5.853370385011658e-05
Wrong 5.8565958170220256e-05,1.1398185051803011e-05,1.128461371990852e-05,6.555428262799978e-05
Wrong 4.422258643899113e-05,1.2241681361047085e-05,1.1016902135452256e-05,5.344640158000402e-05
Wrong 6.638562626903877e-05,4.3518321035662666e-05,2.6580626581562683e-05,8.147624612320215e-05
Wrong 6.140553159639239e-05,1.2672150660364423e-05,1.5842821085243486e-05,6.804971053497866e-05
Wrong 2.8631680834223516e-05,1.5586296285619028e-05,1.290028103539953e-05,4.1313520341645926e-05
Wrong 6.763848068658262e-05,2.7731930458685383e-05,2.4445076633128338e-05,8.297838940052316e-05
Wrong 7.278312841663137e-05,2.048079295491334e-05,2.1740330339525826e-05,8.068527677096426e-05
Correct 7.853916758904234e-05,1.7750811821315438e-05,1.3797047358821146e-05,4.9943613703362644e-05
Correct 6.73977192491293e-05,1.7799840861698613e-05,1.6727539332350716e-05,4.826048098038882e-05
Wrong 5.084332951810211e-05,1.6305433746310882e-05,1.7787169781513512e-05,8.41974833747372e-05
Wrong 4.275026003597304e-05,1.3272807336761616e-05,8.972019713837653e-06,4.708264168584719e-05
Correct 5.518535181181505e-05,1.4227292012947146e-05,1.1853328032884747e-05,7.047020335448906e-05
Wrong 6.192729051690549e-05,1.4049395758775063e-05,1.2310766578593757e-05,6.539718015119433e-05
Wrong 8.848898141877726e-05,2.8052996640326455e-05,2.617440441099461e-05,9.42545011639595e-05
Wrong 6.017822306603193e-05,2.058673089777585e-05,1.427824918209808e-05,5.0255199312232435e-05
Wrong 6.981274054851383e-05,1.8044980606646277e-05,1.9224216885049827e-05,7.753611862426624e-05
Wrong 8.012070611584932e-05,2.4893797672120854e-05,2.3284512280952185e-05,0.0001203368155984208
Wrong 9.052854147739708e-05,2.5486951926723123e-05,2.1742951503256336e-05,8.997116674436256e-05
Wrong 8.251696999650449e-05,2.4998214939842e-05,1.8939634173875675e-05,8.227528451243415e-05
Wrong 4.603879642672837e-05,1.2273567335796542e-05,1.1312476999592036e-05,7.149592420319095e-05
Wrong 5.351378786144778e-05,1.8398610336589627e-05,1.5706087651778944e-05,7.256436947500333e-05
Wrong 4.612126576830633e-05,1.3775603292742744e-05,1.4102281966188457e-05,6.034793841536157e-05
Wrong 0.0001224691659444943,4.146558785578236e-05,4.202506170258857e-05,0.00015442103904206306
Correct 8.30543867778033e-05,1.7155583918793127e-05,1.9863447960233316e-05,8.458363299723715e-05
Wrong 6.766011210856959e-05,1.9615697965491563e-05,1.7329901311313733e-05,8.859956142259762e-05
Correct 5.577057891059667e-05,1.7035083146765828e-05,1.5027740118966904e-05,5.1869599701603875e-05
Wrong 5.327498365659267e-05,1.6073479855549522e-05,1.5091120076249354e-05,6.968652451178059e-05
Wrong 6.663224485237151e-05,2.624716034915764e-05,3.3339565561618656e-05,8.941701526055112e-05
Correct 7.626602746313438e-05,1.7471014871262014e-05,1.2040315596095752e-05,5.582878293353133e-05
Wrong 9.39645542530343e-05,2.4152866899385117e-05,3.150439806631766e-05
Wrong 5.1255130529170856e-05,4.380865357234143e-05,2.410076922387816e-05,6.787727761548012e-05
Wrong 9.740736277308315e-05,5.18349334015511e-05,4.185287980362773e-05,9.692258754512295e-05
Wrong 7.616664515808225e-05,1.546542625874281e-05,1.4307159290183336e-05,5.9304766182322055e-05
Wrong 7.069497951306403e-05,1.6159641745616682e-05,1.4159220881992951e-05,7.199629180831835e-05
Wrong 8.191084634745494e-05,1.4988152543082833e-05,1.2666251677728724e-05,7.224757428048179e-05
Wrong 5.4546464525628835e-05,1.6473966752528213e-05,2.1393572751549073e-05,6.730561290169135e-05
Wrong 7.356763671850786e-05,2.7266161851002835e-05,2.8344918973743916e-05,9.781471453607082e-05
Wrong 5.082441202830523e-05,1.5602945495629683e-05,1.2515031812654343e-05,4.7093522880459204e-05
Correct 7.547623681603e-05,1.9562927263905294e-05,1.419943328073714e-05,5.6858491007005796e-05
Wrong 7.557648496003821e-05,1.5174248801486101e-05,1.1479371096356772e-05,5.358021007850766e-05
Wrong 8.543693547835574e-05,3.719935193657875e-05,2.9625351089634933e-05,0.00010602576367091388
Wrong 3.65713240171317e-05,1.0692365322029218e-05,8.597561645729002e-06,4.042979344376363e-05
Correct 7.708017074037343e-05,1.8383603674010374e-05,1.3722921721637249e-05,5.353099913918413e-05
Wrong 6.79174845572561e-05,2.0575615053530782e-05,1.6273173969238997e-05,8.151867223205045e-05
Wrong 5.669873280567117e-05,1.5725914636277594e-05,1.4125904272077605e-05,6.420378485927358e-05
Wrong 0.00014274060958996415,3.8362348277587444e-05,2.8222459150128998e-05,0.0001440823543816805
Correct 0.00011304591316729784,2.016752478084527e-05,1.8023583834292367e-05,7.200774416560307e-05
Wrong 0.00013263466826174408,2.9510478270822205e-05,2.910117655119393e-05,8.949857146944851e-05
Wrong 5.954699736321345e-05,1.6590805898886174e-05,1.4140859093458857e-05,7.872605783632025e-05
Wrong 6.451658555306494e-05,1.4098408428253606e-05,1.4160221326164901e-05,7.185486174421385e-05
Correct 5.0605762226041406e-05,1.548720319988206e-05,1.3003707863390446e-05,6.149725231807679e-05
Wrong 9.435471292817965e-05,2.7902424335479736e-05,2.7105032131657936e-05,0.00010395671415608376
Wrong 4.691558933700435e-05,1.049379261530703e-05,1.0088579074363224e-05,5.20047869940754e-05
Wrong 9.824872540775687e-05,2.871155993489083e-05,2.893113560276106e-05,0.00012128332309657708
Wrong 6.328090967144817e-05,1.6644909919705242e-05,1.566108039696701e-05,7.202008418971673e-05
Correct 5.8653047744883224e-05,1.9884757421095856e-05,2.279172622365877e-05,7.163699046941474e-05
Wrong 0.00011442994582466781,5.91440184507519e-05,3.967502198065631e-05,0.00011762260692194104
Wrong 6.276112981140614e-05,2.9862949304515496e-05,1.9371811504242942e-05,9.820587001740932e-05
Wrong 5.8653222367865965e-05,1.996145147131756e-05,1.7068688975996338e-05,4.1367922676727176e-05
Correct 5.255203723208979e-05,1.217802127939649e-05,1.1476331565063447e-05,5.844020051881671e-05
Wrong 4.790557431988418e-05,1.1252159310970455e-05,7.4829058576142415e-06,4.904643719783053e-05
Correct 0.00011821689258795232,2.4551911337766796e-05,2.000881067942828e-05,8.179393626051024e-05
Correct 5.866158608114347e-05,1.4665362868981902e-05,1.0021158232120797e-05,5.6970446166815236e-05
Wrong 8.471837645629421e-05,2.0447272618184797e-05,2.0435010810615495e-05,9.934784611687064e-05
Wrong 6.46966218482703e-05,1.604024691914674e-05,1.5638614058843814e-05,5.895959475310519e-05
Wrong 7.446961535606533e-05,2.307053182448726e-05,1.642874485696666e-05,6.342303822748363e-05
Wrong 8.9043598563876e-05,2.6858144337893464e-05,2.0526400476228446e-05,9.531111572869122e-05
Wrong 8.883979171514511e-05,2.3464406694984064e-05,2.3700176825514063e-05,0.00012109839008189738
Wrong 7.036524766590446e-05,1.7716993170324713e-05,1.7314501747023314e-05,8.712879207450897e-05
Wrong 9.217573824571446e-05,1.9446231817710213e-05,1.5625486412318423e-05,6.849005876574665e-05
Wrong 6.830885104136541e-05,2.357069570280146e-05,2.3761353077134117e-05,9.225683606928214e-05
Wrong 4.5420354581438005e-05,9.170651537715457e-06,9.393579603056423e-06,3.976902735303156e-05
Wrong 5.178384526516311e-05,1.2043386959703639e-05,1.2441507351468317e-05,3.788952381000854e-05
Wrong 2.914570904977154e-05,9.667197446106002e-06,1.1195146726095118e-05,4.4534492189995944e-05
Wrong 6.0015139752067626e-05,1.8487746274331585e-05,1.4273835404310375e-05,6.738342926837504e-05
Correct 9.142635099124163e-05,3.100587127846666e-05,2.1852083591511473e-05,8.380727376788855e-05
Wrong 6.725815183017403e-05,2.5032628400367685e-05,2.1345793356886134e-05,8.078756218310446e-05
Wrong 5.5185162636917084e-05,1.2346742551017087e-05,1.3576129276771098e-05,6.202357326401398e-05
Wrong 7.158401422202587e-05,1.8055197870125994e-05,1.8615752196637914e-05,9.065045014722273e-05
Correct 9.275814954889938e-05,3.54821931978222e-05,3.461869346210733e-05,0.00011533559882082045
Wrong 8.961175626609474e-05,2.3019805666990578e-05,2.076189593935851e-05,8.290759433293715e-05
Wrong 5.375409091357142e-05,1.393630554957781e-05,1.3637241863762029e-05,4.2580060835462064e-05
Wrong 0.00011381556396372616,3.536110307322815e-05,2.2922145944903605e-05,8.640680607641116e-05
Correct 5.089130354463123e-05,1.2361420886009e-05,1.2022901501040906e-05,5.782225343864411e-05
Correct 7.5797681347467e-05,2.9001310394960456e-05,1.6942352885962464e-05,5.330826388671994e-05
Wrong 5.923503340454772e-05,1.5010237802925985e-05,1.1787669791374356e-05,5.647460056934506e-05
Wrong 6.480116280727088e-05,1.3537082850234583e-05,1.2786452316504437e-05,6.520423630718142e-05
Wrong 4.777194044436328e-05,1.949250145116821e-05,1.5897101548034698e-05,8.071485353866592e-05
Wrong 5.9250178310321644e-05,2.003611734835431e-05,1.855083610280417e-05,8.13282240414992e-05
Wrong 4.985848136129789e-05,2.1541407477343455e-05,1.4400683539861348e-05,4.612006523529999e-05
Wrong 5.5921816965565085e-05,2.5399982405360788e-05,2.3864504328230396e-05,4.855782026425004e-05
Wrong 4.5495147787733003e-05,1.9805464035016485e-05,1.5746045392006636e-05,4.99232264701277e-05
Wrong 5.5639051424805075e-05,2.4505065084667876e-05,1.5255207472364418e-05,6.991136615397409e-05
Wrong 5.3182819101493806e-05,1.9603052351158112e-05,1.8924471078207716e-05,6.003118687658571e-05
Wrong 4.87147735839244e-05,1.2319387678871863e-05,1.3480937923304737e-05,6.0941405536141247e-05
Wrong 3.6776065826416016e-05,1.4743240171810612e-05,1.2434473319444805e-05,6.112963455962017e-05
Wrong 0.00012576146400533617,4.573755359160714e-05,4.278380220057443e-05,0.0001703767920844257
Wrong 6.193845911184326e-05,1.4936771549400873e-05,1.2769656677846797e-05,6.516630674013868e-05
Wrong 6.035649130353704e-05,1.4586119505111128e-05,1.1340648597979452e-05,5.516724195331335e-05
Correct 5.258624878479168e-05,1.5246509065036662e-05,1.2176322343293577e-05,5.214853081270121e-05
Correct 8.095242083072662e-05,2.7518546630744822e-05,2.8392081730999053e-05,0.00010695360833778977
Correct 0.00012151491682743654,2.9120299586793408e-05,2.29591296374565e-05,0.00010522193770157173
Wrong 6.422110891435295e-05,2.8234830097062513e-05,1.865650665422436e-05,9.21931496122852e-05
Wrong 8.22579677333124e-05,4.1188293835148215e-05,2.578812745923642e-05,0.00010619295062497258
Wrong 7.15434507583268e-05,2.4660337658133358e-05,2.1862355424673297e-05,8.965907909441739e-05
Wrong 7.17777365935035e-05,2.0247909560566768e-05,1.9581037122406997e-05,8.634776895632967e-05
Wrong 6.784631113987416e-05,1.934610918397084e-05,1.706191869743634e-05,6.487366044893861e-05
Correct 8.06394818937406e-05,2.2574975446332246e-05,1.8033733795164153e-05,7.374215783784166e-05
Wrong 5.7996887335320935e-05,2.0579638658091426e-05,1.6583926480961964e-05,9.365416190121323e-05
Correct 3.485196066321805e-05,9.306166248279624e-06,7.378462214546744e-06,4.4251952203921974e-05
Correct 5.5659016652498394e-05,1.1287103006907273e-05,1.008624258247437e-05,6.24574240646325e-05
Correct 5.0859034672612324e-05,1.1587988410610706e-05,1.468638947699219e-05,5.824134132126346e-05
Wrong 6.822779687354341e-05,1.9395471099414863e-05,1.939117100846488e-05,8.99834994925186e-05
Wrong 5.1245137001387775e-05,2.2312908185995184e-05,2.090204543492291e-05,6.973603740334511e-05
Wrong 5.3811971156392246e-05,1.6056543245213106e-05,1.5952691683196463e-05,6.021063745720312e-05
Wrong 5.379378126235679e-05,1.801865982997697e-05,1.376331510982709e-05,4.190153777017258e-05
Wrong 0.00013782226596958935,3.914461922249757e-05,2.3711590984021313e-05,0.00010382600885350257
Wrong 5.678648085449822e-05,2.512194259907119e-05,2.2930755221750587e-05,6.472255336120725e-05
Correct 5.7563574955565855e-05,1.4515018847305328e-05,1.3294771633809432e-05,6.866931653348729e-05
Wrong 5.290081026032567e-05,1.1243860171816777e-05,1.2745181265927386e-05,6.028140342095867e-05
Wrong 8.969342161435634e-05,1.7300812032772228e-05,1.4412828022614121e-05,6.905134068801999e-05
Wrong 7.234221993712708e-05,1.822874037316069e-05,1.399263692292152e-05,6.61834710626863e-05
Wrong 5.938787217019126e-05,2.9140386686776765e-05,2.7046058676205575e-05,8.396112389164045e-05
Wrong 4.3911531975027174e-05,1.223300932906568e-05,1.3339198631001636e-05,6.210010906215757e-05
Wrong 7.295758405234665e-05,2.011325523199048e-05,1.7678798030829057e-05,7.99089320935309e-05
Wrong 8.889164018910378e-05,2.0861587472609244e-05,1.954428262251895e-05,0.00010764195758383721
Correct 6.34093230473809e-05,2.4186430891859345e-05,1.3499229680746794e-05,5.516553937923163e-05
Wrong 4.951089431415312e-05,1.3559005310526118e-05,1.1457220352895092e-05,5.097737448522821e-05
Wrong 0.00010494714661035687,1.903412521642167e-05,1.567636900290381e-05,9.696066990727559e-05
Wrong 7.518570055253804e-05,3.3583630283828825e-05,2.3351298295892775e-05,8.46459879539907e-05
Wrong 8.514716319041327e-05,1.9753591914195567e-05,1.663419243413955e-05,6.433892122004181e-05
Wrong 6.977711018407717e-05,2.092349313898012e-05,2.0188579583191313e-05,9.341537224827334e-05
Wrong 4.16950169892516e-05,1.5455019820365123e-05,1.171712028735783e-05,6.497139111161232e-05
Wrong 0.00014587613986805081,3.84944723919034e-05,3.3501059078844264e-05,0.00011068884487031028
Correct 5.660591705236584e-05,5.268017412163317e-05,3.760234540095553e-05,9.259444777853787e-05
Wrong 8.269491081591696e-05,2.307666727574542e-05,2.0085686628590338e-05,7.144568371586502e-05
Wrong 0.00012159177276771516,3.64490260835737e-05,2.626097557367757e-05,9.086580394068733e-05
Wrong 5.5477383284596726e-05,1.1514185644045938e-05,9.373272405355237e-06,5.4573021770920604e-05
Wrong 4.9701237003318965e-05,1.2764413440891076e-05,1.1102403732365929e-05,5.0182898121420294e-05
Wrong 5.9050631534773856e-05,1.359725501970388e-05,1.498436540714465e-05,7.841374463168904e-05
Wrong 4.748650826513767e-05,9.521682841295842e-06,9.302477337769233e-06,5.7748857216211036e-05
Wrong 4.167287261225283e-05,2.3609194613527507e-05,1.9862134649883956e-05,4.051894575241022e-05
Correct 9.900645090965554e-05,3.007074337801896e-05,2.5226230718544684e-05,8.035171777009964e-05
Wrong 4.502155934460461e-05,1.421083743480267e-05,1.1535284102137666e-05,6.867577030789107e-05
Wrong 4.518547575571574e-05,1.3254222722025588e-05,1.1793177691288292e-05,6.487075734185055e-05
Correct 6.72638343530707e-05,1.519131546956487e-05,1.7742735508363694e-05,7.318593270611018e-05
Wrong 6.71317393425852e-05,3.129088145215064e-05,2.325340756215155e-05,9.115936700254679e-05
Wrong 4.712520967586897e-05,1.5075074770720676e-05,1.2636810424737632e-05,4.28183629992418e-05
Correct 7.256439130287617e-05,1.5926945707178675e-05,1.3474853403749876e-05,5.558385237236507e-05
Wrong 6.298872176557779e-05,1.3389779269346036e-05,1.368228822684614e-05,6.78664437145926e-05
Wrong 4.715508475783281e-05,1.3554291399486829e-05,1.4053804989089258e-05,6.185299571370706e-05
Correct 6.632028089370579e-05,1.762418105499819e-05,1.829211578296963e-05,7.463393558282405e-05
Wrong 7.767374336253852e-05,1.816310395952314e-05,2.135040813300293e-05,8.300706394948065e-05
Wrong 6.580800982192159e-05,2.3861288354964927e-05,2.1368663510656916e-05,0.00010477355681359768
Wrong 4.6566517994506285e-05,1.5308247384382412e-05,1.3811108146910556e-05,6.050861702533439e-05
Wrong 0.0001287782215513289,3.0329370929393917e-05,2.5869001547107473e-05,9.118560410570353e-05
Wrong 8.494405483361334e-05,4.626667214324698e-05,4.622076085070148e-05,8.449266897514462e-05
Correct 6.573183054570109e-05,1.3039962141192518e-05,1.2495986993599217e-05,6.484228651970625e-05
Correct 6.087198562454432e-05,1.4962261047912762e-05,1.2817014976462815e-05,6.180845230119303e-05
Wrong 5.445555143523961e-05,2.0125626178923994e-05,1.5900746802799404e-05,8.348815026693046e-05
Wrong 5.411351230577566e-05,2.946034146589227e-05,2.5015577193698846e-05,5.9976551710860804e-05
Correct 6.513072003144771e-05,1.7186121112899855e-05,1.2282366697036196e-05,4.383320629131049e-05
Correct 6.130923429736868e-05,1.184717348223785e-05,1.1529784387676045e-05,6.200413918122649e-05
Wrong 7.356504647759721e-05,1.5101240933290683e-05,1.5397083188872784e-05,5.7857359934132546e-05
Wrong 5.6654018408153206e-05,1.306041122006718e-05,1.094696835934883e-05,6.612006109207869e-05
Wrong 7.901024946477264e-05,2.0576597307808697e-05,2.0065528588020243e-05,8.442297985311598e-05
Wrong 6.613786536036059e-05,1.4355910025187768e-05,1.2931081982969772e-05,5.164833055459894e-05
Wrong 9.137599408859387e-05,3.1530202249996364e-05,3.2690062653273344e-05,0.00010687347094062716
Wrong 5.504397631739266e-05,1.649339174036868e-05,1.2918337233713828e-05,5.868039443157613e-05
Wrong 0.00012063044414389879,2.8713040592265315e-05,2.7210724510950968e-05,0.00013412396947387606
Wrong 8.837570931063965e-05,3.465702320681885e-05,4.162334153079428e-05,8.483440615236759e-05
Wrong 7.234046643134207e-05,3.2140491384780034e-05,2.0673785911640152e-05,0.00010043073416454718
Wrong 9.378933464176953e-05,2.636577482917346e-05,1.976563908101525e-05,8.977311517810449e-05
Wrong 0.00013183570990804583,4.204283686704002e-05,3.878858842654154e-05,0.00012392172357067466
Correct 4.3003827158827335e-05,1.1946527592954226e-05,1.0065941751236096e-05,5.760872591054067e-05
Wrong 0.00010126577399205416,2.1946321794530377e-05,1.2412149771989789e-05,6.329885945888236e-05
Correct 6.047022179700434e-05,2.389195651630871e-05,1.8204331354354508e-05,9.53561466303654e-05
Wrong 6.165173545014113e-05,1.6444946595584042e-05,1.481858726037899e-05,4.78206311527174e-05
Wrong 7.695594104006886e-05,2.31011254072655e-05,1.9228802557336167e-05,0.00010737062257248908
Wrong 0.00012086104834452271,3.720770473591983e-05,2.7819751267088577e-05,0.00013314095849636942
Wrong 0.00016479850455652922,2.5799923605518416e-05,9.184310329146683e-05,0.00014307409583125263
Correct 7.456052844645455e-05,1.6932541257119738e-05,1.4695834579470102e-05,7.816252764314413e-05
Wrong 8.088901086011901e-05,3.0133855034364387e-05,2.2545909814652987e-05,8.705424988875166e-05
Correct 5.904853605898097e-05,1.7097885574912652e-05,1.7643904357100837e-05,7.240075501613319e-05
Wrong 0.00011559946869965643,2.641492392285727e-05,2.6435609470354393e-05,9.236711775884032e-05
Wrong 9.407726611243561e-05,2.619242513901554e-05,2.0911522369715385e-05,9.776803926797584e-05
Correct 7.362836913671345e-05,2.5082999854930677e-05,1.866297134256456e-05,7.376765279332176e-05
Correct 6.638707418460399e-05,1.6984136891551316e-05,1.4360037312144414e-05,5.5244869145099074e-05
Wrong 8.86225316207856e-05,1.7407106497557834e-05,1.6098940250230953e-05,6.775205838494003e-05
Wrong 7.73263382143341e-05,1.8629762053024024e-05,1.3381473763729446e-05,6.430040957638994e-05
Wrong 5.567941116169095e-05,1.445461020921357e-05,1.2980755855096504e-05,5.002707621315494e-05
Wrong 5.4729709518142045e-05,2.4502900487277657e-05,2.2126463591121137e-05,7.05042330082506e-05
Wrong 5.158896965440363e-05,1.6369542208849452e-05,1.5090226952452213e-05,7.89501063991338e-05
Correct 7.30805259081535e-05,2.540185596444644e-05,1.9498538676998578e-05,8.3543112850748e-05
Wrong 7.149339944589883e-05,2.522761315049138e-05,2.2903241188032553e-05,0.00010958375787595287
Wrong 8.210582745959982e-05,2.4252965886262245e-05,2.0669045625254512e-05,0.00011862722021760419
Wrong 5.907263403059915e-05,1.0975776604027487e-05,1.2434726158971898e-05,6.326219590846449e-05
Wrong 5.484258144861087e-05,1.5174855434452184e-05,1.753596734488383e-05,8.588840864831582e-05
Wrong 0.00013812838005833328,3.0004761356394738e-05,3.199425555067137e-05,0.00012794796202797443
Wrong 7.696686952840537e-05,1.8152117263525724e-05,1.3557832971855532e-05,6.658372149104252e-05
Correct 7.043341611279175e-05,1.934329338837415e-05,1.5784724382683635e-05,8.53569945320487e-05
Wrong 6.238406785996631e-05,2.4741424567764625e-05,2.1255891624605283e-05,0.00010955127072520554
Wrong 7.50075705582276e-05,2.3161721401265822e-05,1.7671378373051994e-05,0.000110510183731094
Correct 7.091037696227431e-05,1.6896543456823565e-05,1.3839198800269514e-05,5.6982840760611e-05
Wrong 6.707152351737022e-05,1.7141597709269263e-05,2.0239898731233552e-05,8.26226023491472e-05
Wrong 6.722792750224471e-05,1.6844060155563056e-05,1.4502746125799604e-05,7.216574158519506e-05
Correct 7.162284600781277e-05,1.9375700503587723e-05,1.7339229088975117e-05,8.111664647003636e-05
Wrong 4.628866008715704e-05,9.782277629710734e-06,1.1909453860425856e-05,8.038286614464596e-05
Correct 7.777824066579342e-05,2.549172677390743e-05,1.6394013073295355e-05,8.579912537243217e-05
Wrong 4.205849836580455e-05,1.1007584362232592e-05,1.2118024642404635e-05,7.612947229063138e-05
Wrong 8.774820889811963e-05,4.7876172175165266e-05,3.3274031011387706e-05,6.37369230389595e-05
Correct 6.697100616293028e-05,1.7889386072056368e-05,1.5365672879852355e-05,7.228447066154331e-05
Wrong 9.641512588132173e-05,1.812300251913257e-05,1.0947012924589217e-05,5.73752804484684e-05
Correct 5.2328730816952884e-05,1.4575078239431605e-05,1.4423190805246122e-05,9.179701009998098e-05
Correct 6.432554073398933e-05,1.2512493412941694e-05,1.305886689806357e-05,5.067663005320355e-05
Wrong 7.294210081454366e-05,1.2545985555334482e-05,1.1813220226031262e-05,5.796422919956967e-05
Wrong 7.649400504305959e-05,2.068308458547108e-05,1.8280807125847787e-05,7.609793829033151e-05
Wrong 5.234893615124747e-05,1.4461650607699994e-05,1.2715197044599336e-05,5.0211579946335405e-05
Wrong 6.291684258030728e-05,1.4293174899648875e-05,1.415870247001294e-05,7.279216515598819e-05
Wrong 6.345577276078984e-05,2.7123915060656145e-05,2.126034269167576e-05,8.980739221442491e-05
Wrong 0.00010416945588076487,1.934738793352153e-05,1.5161343071667943e-05,6.327636947389692e-05
Wrong 4.675089076044969e-05,1.7308380847680382e-05,1.4619170542573556e-05,6.539086461998522e-05
Wrong 0.0001073188177542761,4.365153290564194e-05,4.080761209479533e-05,0.00015377916861325502
Correct 8.463927952107042e-05,2.4604240024928004e-05,1.658535074966494e-05,7.908494444563985e-05
Wrong 0.00014655767881777138,4.853714563068934e-05,4.421544508659281e-05,0.00016146844427566975
Wrong 6.726699211867526e-05,1.5444264136021957e-05,1.1966453712375369e-05,7.343252946157008e-05
Correct 7.247854227898642e-05,3.120028122793883e-05,1.767504909366835e-05,5.5468015489168465e-05
Wrong 6.208612467162311e-05,1.3597289580502547e-05,1.388409873470664e-05,6.879871943965554e-05
Correct 5.025452992413193e-05,1.7734588254825212e-05,1.5039949175843503e-05,6.023773312335834e-05
Wrong 6.17638579569757e-05,1.5160732800723054e-05,1.453176446375437e-05,5.225438508205116e-05
Wrong 6.63077225908637e-05,1.4312239727587439e-05,1.1717718734871596e-05,6.084738561185077e-05
Correct 5.598866118816659e-05,2.128484265995212e-05,1.328548023593612e-05,5.5937103752512485e-05
Wrong 0.00011452753096818924,3.872135857818648e-05,3.6211571568856016e-05,0.00010645462316460907
Wrong 7.231243944261223e-05,1.6328534911735915e-05,1.3840818610333372e-05,6.644568202318624e-05
Wrong 4.9606169341132045e-05,1.4356744941323996e-05,1.1217338396818377e-05,5.678203160641715e-05
Wrong 3.8544178096344694e-05,9.067634891835041e-06,8.176828487194143e-06,5.016676732338965e-05
Wrong 5.904057979932986e-05,1.4413410099223256e-05,1.3951324035588186e-05,6.642628432018682e-05
Wrong 4.158258161623962e-05,1.0095519428432453e-05,1.1043852282455191e-05,4.081973747815937e-05
Wrong 5.46443261555396e-05,1.1221083696000278e-05,8.461923243885394e-06,5.7415869378019124e-05
Correct 5.452032928587869e-05,2.0678362488979474e-05,1.6524059901712462e-05,6.986306107137352e-05
Wrong 7.596034265588969e-05,1.9531711586751044e-05,1.6207419321290217e-05,7.18694573151879e-05
Correct 4.760154479299672e-05,3.364029907970689e-05,2.128033884218894e-05,4.6880591980880126e-05
Wrong 0.00011150990758324042,3.753330383915454e-05,2.8704100259346887e-05,0.00012144078209530562
Correct 6.85335326124914e-05,2.308031434949953e-05,2.29085999308154e-05,7.621945405844599e-05
Wrong 3.60655139957089e-05,1.7446373021812178e-05,1.3947825209470466e-05,4.670620910474099e-05
Wrong 8.775082824286073e-05,2.6614105081534944e-05,2.1442740035126917e-05,0.00011805290705524385
Wrong 5.345611134544015e-05,1.4056292457098607e-05,1.1316210475342814e-05,6.712204776704311e-05
Wrong 6.925014895386994e-05,1.4934506907593459e-05,1.3080451026326045e-05,6.382781430147588e-05
Correct 9.62100166361779e-05,2.8399186703609303e-05,2.6621615688782185e-05,7.99802437541075e-05
Wrong 7.020235352683812e-05,1.939083267643582e-05,2.0766834495589137e-05,0.00010084771929541603
Wrong 4.885016460320912e-05,1.486894234403735e-05,1.3915877389081288e-05,5.541394421015866e-05
Wrong 6.945282075321302e-05,1.649649129831232e-05,1.5430672647198662e-05,7.718351116636768e-05
Wrong 7.45902507333085e-05,2.0702056644950062e-05,1.6874751963769086e-05,0.00010304924944648519
Wrong 4.745973274111748e-05,1.222118953592144e-05,1.3023062820138875e-05,4.657843237509951e-05
Wrong 7.283711602212861e-05,1.998129482672084e-05,1.68174574355362e-05,8.2080987340305e-05
Wrong 3.8013582525309175e-05,1.0662927707016934e-05,9.90969238046091e-06,5.0349943194305524e-05
Wrong 6.897102866787463e-05,2.6405221433378756e-05,1.9562157831387594e-05,0.00010166458378080279
Wrong 4.550877201836556e-05,1.5831612472538836e-05,1.55765355884796e-05,7.395493594231084e-05
Wrong 8.831577724777162e-05,2.1950738300802186e-05,1.9104900275124237e-05,9.294366464018822e-05
Wrong 8.665754285175353e-05,2.1441650460474193e-05,2.0043491531396285e-05,7.61065020924434e-05
Correct 6.697649223497137e-05,1.1924718819500413e-05,1.0673500582925044e-05,5.015707210986875e-05
Wrong 6.369200127664953e-05,1.5573261407553218e-05,1.6810578017611988e-05,8.742132195038721e-05
Wrong 0.00010078131163027138,2.4973804102046415e-05,2.582557499408722e-05,9.900053555611521e-05
Wrong 4.9525548092788085e-05,1.5743316907901317e-05,1.4013241525390185e-05,6.118421879364178e-05
Wrong 0.00011548667680472136,2.0463799955905415e-05,1.823661477828864e-05,8.835113840177655e-05
Correct 5.975962267257273e-05,2.031124859058764e-05,1.774568772816565e-05,7.686283788643777e-05
Wrong 5.049950777902268e-05,2.6650574000086635e-05,2.3126049200072885e-05,8.402356615988538e-05
Wrong 7.545900734839961e-05,1.3023540304857306e-05,9.457521628064569e-06,4.346874629845843e-05
Wrong 7.523551175836474e-05,2.8439941161195748e-05,2.0262008547433652e-05,8.854312909534201e-05
Wrong 7.141682726796716e-05,1.4508708773064427e-05,1.5024833373900037e-05,5.845846317242831e-05
Wrong 6.932538963155821e-05,1.6691112250555307e-05,1.3885785847378429e-05,7.067681872285903e-05
Wrong 0.0001030970670399256,1.8954415281768888e-05,1.8541144527262077e-05,9.561898332322016e-05
Correct 4.7021108912304044e-05,1.1833830285468139e-05,1.1072073903051205e-05,7.338548311963677e-05
Wrong 5.230599344940856e-05,1.3110835425322875e-05,1.1345354323566426e-05,6.945749919395894e-05
Wrong 7.511126750614494e-05,2.4763334295130335e-05,2.2453150450019166e-05,0.00010305003524990752
Wrong 6.715518975397572e-05,1.5886500477790833e-05,1.2997835256101098e-05,7.361932512139902e-05
Wrong 4.442953286343254e-05,1.9326671463204548e-05,1.8669714336283505e-05,4.9221293011214584e-05
Wrong 4.9279082304565236e-05,1.097602944355458e-05,8.673376214574091e-06,5.144854367244989e-05
Wrong 9.861169382929802e-05,3.46771594195161e-05,2.4855416995706037e-05,8.332200377481058e-05
Wrong 4.829566751141101e-05,1.2108140253985766e-05,1.3896293239668012e-05,7.237432146212086e-05
Correct 3.663265306386165e-05,1.0239031325909309e-05,1.0155354175367393e-05,4.481650103116408e-05
Wrong 5.784616223536432e-05,1.3368966392590664e-05,1.1716138033079915e-05,6.393346848199144e-05
Wrong 0.00010667503374861553,2.2237269149627537e-05,2.2460710169980302e-05,9.92478453554213e-05
Wrong 0.00010908243712037802,3.895630652550608e-05,3.315256617497653e-05,0.00014974814257584512
Correct 3.20764520438388e-05,1.367989807476988e-05,1.3811886674375273e-05,5.565760511672124e-05
Correct 5.0441383791621774e-05,1.5728543075965717e-05,1.703124689811375e-05,6.843302980996668e-05
Correct 5.622510798275471e-05,1.4733422176504973e-05,1.3414689419732895e-05,6.80538869346492e-05
Wrong 8.40442517073825e-05,2.1932404706603847e-05,1.660322413954418e-05,8.012737816898152e-05
Wrong 5.6306806072825566e-05,2.151192347810138e-05,1.6722142390790395e-05,7.194597128545865e-05
Wrong 4.552036989480257e-05,1.5382693163701333e-05,1.2675314792431891e-05,4.541197631624527e-05
Wrong 7.93500294093974e-05,1.6624017007416114e-05,1.5149584214668721e-05,5.539351695915684e-05
Correct 5.168641291675158e-05,1.8719647414400242e-05,1.8800881662173197e-05,8.055195212364197e-05
Correct 7.205762813100591e-05,1.9813845938188024e-05,1.663136026763823e-05,7.803269545547664e-05
Correct 4.409351458889432e-05,1.817614429455716e-05,1.8170088878832757e-05,5.753423101850785e-05
Wrong 4.807530058315024e-05,1.182758751383517e-05,1.0792381544888485e-05,5.440237873699516e-05
Wrong 4.831080514122732e-05,1.5562163753202185e-05,1.1792428267654032e-05,3.9427337469533086e-05
Wrong 4.7083729441510513e-05,1.1223804904147983e-05,1.3158937690604944e-05,6.222560477908701e-05
Wrong 6.14282107562758e-05,2.1606012523989193e-05,1.893049557111226e-05,8.771626744419336e-05
Correct 7.260322308866307e-05,1.5901383449090645e-05,1.537493517389521e-05,6.911427772138268e-05
Correct 6.122231570770964e-05,1.038174559653271e-05,1.1175731742696371e-05,6.466031481977552e-05
Wrong 0.00010746411135187373,3.1681145628681406e-05,1.9427781808190048e-05,7.813928095856681e-05
Wrong 5.3007519454695284e-05,2.2569325665244833e-05,1.4674160411232151e-05,4.96518550789915e-05
Wrong 8.630368392914534e-05,1.739720937621314e-05,1.5105432794371154e-05,8.088898903224617e-05
Wrong 0.00012429134221747518,5.0277150876354426e-05,2.9468455977621488e-05,0.00011121710122097284
Wrong 0.00011081200500484556,2.8594540708581917e-05,2.544458766351454e-05,0.00013636208313982934
Wrong 5.8209239796269685e-05,1.348453588434495e-05,1.1125298442493659e-05,5.349653656594455e-05
Correct 7.713008380960673e-05,2.0394865714479238e-05,1.8736509446171112e-05,9.837251127464697e-05
Wrong 5.946094825048931e-05,1.7676549759926274e-05,1.751534000504762e-05,6.335615762509406e-05
Wrong 7.298860873561352e-05,1.946292286447715e-05,1.9595194316934794e-05,0.00010592893522698432
Wrong 6.708572618663311e-05,2.3281738322111778e-05,1.8972343241330236e-05,8.654891280457377e-05
Correct 4.693216033047065e-05,1.683526897977572e-05,1.5107379113032948e-05,7.18441151548177e-05
Wrong 7.770753290969878e-05,1.3731594663113356e-05,1.1680904208333232e-05,7.14571651769802e-05
Wrong 6.732885958626866e-05,1.7238009604625404e-05,1.8108097719959915e-05,8.02193462732248e-05
Wrong 5.0057256885338575e-05,1.6937812688411213e-05,1.4725239452673122e-05,5.560439603868872e-05
Wrong 0.00010516892507439479,3.715923230629414e-05,2.746137215581257e-05,0.00014012686733622104
Wrong 6.188459519762546e-05,1.9446370060904883e-05,1.9807517674053088e-05,9.267923451261595e-05
Wrong 4.634395372704603e-05,1.6134228644659743e-05,1.5502424503210932e-05,7.130087760742754e-05
Wrong 4.688418630394153e-05,8.822885320114437e-06,8.947064088715706e-06,5.978509580017999e-05
Correct 6.252192542888224e-05,2.4633814973640256e-05,3.839648707071319e-05,0.00010205958824371919
Wrong 5.5201024224516004e-05,1.6342051821993664e-05,1.3527459486795124e-05,6.793907232349738e-05
Correct 8.514383807778358e-05,4.246529351803474e-05,4.078792699147016e-05,0.0001326255005551502
Wrong 4.335196717875078e-05,1.66970075952122e-05,1.3692381799046416e-05,7.06511054886505e-05
Wrong 6.450447835959494e-05,1.6772968592704274e-05,1.5034247553558089e-05,6.611125718336552e-05
Wrong 5.465891808853485e-05,1.8457707483321428e-05,1.4538225514115766e-05,5.920953117311001e-05
Correct 7.75167573010549e-05,1.8019905837718397e-05,1.5274103134288453e-05,6.857435801066458e-05
Wrong 4.3755266233347356e-05,1.528968641650863e-05,1.2875207175966352e-05,4.430125409271568e-05
Correct 8.05519666755572e-05,2.4089942598948255e-05,2.4134640625561588e-05,0.00010860164911719039
Correct 5.9898204199271277e-05,2.3840735593694262e-05,2.3429487555404194e-05,0.00010262987052556127
Wrong 7.332809764193371e-05,2.7715763280866668e-05,1.858468385762535e-05,7.464300142601132e-05
Correct 6.316910730674863e-05,1.3187869626563042e-05,1.2856813555117697e-05,6.030119402566925e-05
Wrong 7.334318070206791e-05,1.528952270746231e-05,1.0309102435712703e-05,6.192245928104967e-05
Correct 0.00010861782357096672,2.547178701206576e-05,1.9339855498401448e-05,8.934286597650498e-05
Correct 5.691712431143969e-05,1.9970575522165745e-05,1.630167753319256e-05,4.317334241932258e-05
Wrong 4.996720963390544e-05,2.169488107028883e-05,1.4191171430866234e-05,4.964199251844548e-05
Wrong 3.428088530199602e-05,1.2449889254639857e-05,1.536434137960896e-05,4.761105083161965e-05
Correct 7.151399040594697e-05,3.088595258304849e-05,3.889668369083665e-05,0.00011838358477689326
Correct 0.0001050612045219168,2.237756780232303e-05,2.050745752057992e-05,9.457749547436833e-05
Correct 3.883845784002915e-05,1.3794727237836923e-05,1.540483208373189e-05,4.554117185762152e-05
Wrong 6.160481279948726e-05,1.1626168998191133e-05,1.0469473636476323e-05,4.861626439378597e-05
Wrong 8.072787750279531e-05,2.182729440391995e-05,1.41773034556536e-05,5.8340760006103665e-05
Wrong 4.472993896342814e-05,1.5772711776662618e-05,1.4751964044990018e-05,5.6293560191988945e-05
Wrong 5.110847996547818e-05,1.2295293345232494e-05,1.316182897426188e-05,6.875717372167856e-05
Wrong 6.674711767118424e-05,1.7516978914500214e-05,2.055333970929496e-05,8.633462857687846e-05
Wrong 4.070298746228218e-05,1.3029340152570512e-05,1.1879660632985178e-05,5.9990161389578134e-05
Wrong 5.409873483586125e-05,1.8567310689832084e-05,1.4773684597457759e-05,6.815750384703279e-05
Correct 8.971658098744228e-05,3.17335179715883e-05,2.4660874260007404e-05,9.134407446254045e-05
Wrong 8.112794603221118e-05,2.0085686628590338e-05,1.6226607840508223e-05,7.330080552492291e-05
Wrong 5.433123078546487e-05,1.578077717567794e-05,1.3057623618806247e-05,7.483445369871333e-05
Wrong 8.464479469694197e-05,4.0972325223265216e-05,3.7448677176143974e-05,0.0001165023204521276
Wrong 9.232536831405014e-05,3.455004480201751e-05,3.435111648286693e-05,6.0292564739938825e-05
Wrong 5.7142460718750954e-05,1.3584281077783089e-05,1.2012374099867884e-05,6.327623850665987e-05
Wrong 5.197237987886183e-05,1.2563886230054777e-05,1.0497872608539183e-05,4.913485827273689e-05
Wrong 5.669839811162092e-05,1.4683929293823894e-05,1.5908908608253114e-05,6.387951725628227e-05
Wrong 5.7357250625500455e-05,2.4835851945681497e-05,1.4783465303480625e-05,4.978528886567801e-05
Wrong 9.041930752573535e-05,2.2610644009546377e-05,1.6900801711017266e-05,6.97894865879789e-05
Correct 5.5316144425887614e-05,1.761276143952273e-05,1.7771375496522523e-05,9.565638902131468e-05
Correct 8.146469190251082e-05,2.156723894586321e-05,1.959867040568497e-05,7.954922330100089e-05
Correct 0.0001296119298785925,4.5667908125324175e-05,4.437130701262504e-05,0.00014786187966819853
Correct 5.632737520500086e-05,2.0444593246793374e-05,1.3728144040214829e-05,6.87953142914921e-05
Wrong 5.625661287922412e-05,1.3722951734962407e-05,1.5915027688606642e-05,8.147691551130265e-05
Wrong 5.088917168905027e-05,1.5455878383363597e-05,1.5178324247244745e-05,7.379120506811887e-05
Wrong 5.455440987134352e-05,2.0351491912151687e-05,1.4731494957231916e-05,6.08798218308948e-05
Wrong 8.015148341655731e-05,2.6998191970051266e-05,1.8919059584732167e-05,7.007514068391174e-05
Correct 4.945769615005702e-05,9.750838216859847e-06,9.511848475085571e-06,4.260524292476475e-05
Wrong 5.671596954925917e-05,2.4921535441535525e-05,3.4098877222277224e-05,8.317988249473274e-05
Wrong 5.048885213909671e-05,1.8206965251010843e-05,1.8253351299790666e-05,6.774900248274207e-05
Wrong 5.284677172312513e-05,1.7191796359838918e-05,1.6503592632943764e-05,6.0886719438713044e-05
Wrong 7.002380152698606e-05,2.3488832084694877e-05,1.8901195289799944e-05,7.534612086601555e-05
Wrong 6.187376129673794e-05,1.7253363694180734e-05,1.3456430679070763e-05,6.426532490877435e-05
Wrong 3.1776340620126575e-05,1.344368138234131e-05,1.414818598277634e-05,4.373709816718474e-05
Wrong 0.00010043076326837763,2.425743150524795e-05,2.383795435889624e-05,0.00011307438398944214
Correct 9.0987523435615e-05,2.256488733110018e-05,1.5549607269349508e-05,8.03813454695046e-05
Wrong 0.00011901013931492344,3.24194879794959e-05,2.3774537112331018e-05,9.77788440650329e-05
Correct 0.00012230384163558483,2.751044485194143e-05,5.093544677947648e-05,6.668444984825328e-05
Wrong 5.7177883718395606e-05,1.9367989807506092e-05,2.666670479811728e-05,9.034967661136761e-05
Correct 5.560534191317856e-05,1.4136879144643899e-05,1.2701459127129056e-05,6.809234037064016e-05
Wrong 5.1560236897785217e-05,1.4297238521976396e-05,1.6761579900048673e-05,5.591485387412831e-05
Wrong 5.4758565966039896e-05,1.7129810657934286e-05,1.714686550258193e-05,6.340790423564613e-05
Wrong 3.7060548493172973e-05,1.6208736269618385e-05,1.656070162425749e-05,6.533598934765905e-05
Wrong 5.802891610073857e-05,2.21631744352635e-05,1.920789509313181e-05,6.753647903678939e-05
Wrong 6.405901513062418e-05,1.4634388207923621e-05,1.5194207662716508e-05,6.881504668854177e-05
Wrong 3.9326991100097075e-05,1.916097244247794e-05,1.4940138498786837e-05,3.2943509722827e-05
Correct 6.376654346240684e-05,2.4857736207195558e-05,1.502801569586154e-05,6.365973968058825e-05
Correct 7.445408846251667e-05,2.2294734662864357e-05,1.8568944142316468e-05,9.873355156742036e-05
Wrong 6.450813816627488e-05,1.9322453226777725e-05,1.8549229935160838e-05,0.00012046366464346647
Correct 5.1264840294606984e-05,1.7141050193458796e-05,1.3770279110758565e-05,8.047626761253923e-05
Wrong 6.365400622598827e-05,2.025265530392062e-05,2.6049838197650388e-05,8.437955693807453e-05
Correct 6.202336953720078e-05,1.7806562027544715e-05,2.2382326278602704e-05,8.031442848732695e-05
Correct 4.426685700309463e-05,1.3590800335805397e-05,1.383839662594255e-05,6.661849329248071e-05
Wrong 5.6068583944579586e-05,1.3113816748955287e-05,1.3830823263560887e-05,6.930207018740475e-05
Correct 8.464237180305645e-05,2.3438034986611456e-05,2.0147250324953347e-05,5.883368430659175e-05
Correct 7.94056904851459e-05,2.4304999897140078e-05,2.5396460841875523e-05,9.111919644055888e-05
Wrong 6.536998989759013e-05,2.8375190595397726e-05,1.966912896023132e-05,6.892262172186747e-05
Wrong 5.141455403645523e-05,1.3169317753636278e-05,1.4623283277614973e-05,7.485580135835335e-05
Wrong 4.7907858970575035e-05,2.1177826056373306e-05,1.88584926945623e-05,6.11815630691126e-05
Wrong 7.982340321177617e-05,2.242374830530025e-05,1.5874898963375017e-05,7.232859206851572e-05
Wrong 9.876067633740604e-05,3.180157364113256e-05,3.0271490686573088e-05,0.00011550012277439237
Wrong 7.169716991484165e-05,1.7007907445076853e-05,1.4585237295250408e-05,6.414797098841518e-05
Correct 7.259565609274432e-05,1.914620224852115e-05,1.6385154594900087e-05,0.00011276074656052515
Correct 8.838875510264188e-05,2.8112810468883254e-05,1.980807246582117e-05,7.45318247936666e-05
Wrong 9.529896487947553e-05,2.604976180009544e-05,3.3224794606212527e-05,0.00012085951311746612
Wrong 4.1419800254516304e-05,1.0148369256057777e-05,1.3402152944763657e-05,6.096014840295538e-05
Wrong 0.00012127619993407279,4.5391396270133555e-05,3.260406811023131e-05,0.00012813766079489142
Wrong 8.812191663309932e-05,1.8348368030274287e-05,1.9525483367033303e-05,8.569601050112396e-05
Wrong 4.958492354489863e-05,1.3389594641921576e-05,1.3162996765458956e-05,6.170522829052061e-05
Correct 4.4324027840048075e-05,1.6313239029841498e-05,1.720641193969641e-05,0.0001021826101350598
Wrong 7.119110523490235e-05,1.8271199223818257e-05,1.8018221453530714e-05,7.477301551261917e-05
Correct 9.1281566710677e-05,2.8455933716031723e-05,2.1336036297725514e-05,8.362816879525781e-05
Wrong 5.655354470945895e-05,1.2262142263352871e-05,1.1155840184073895e-05,4.4789449020754546e-05
Wrong 6.547418888658285e-05,1.3926570318290032e-05,1.4465258573181927e-05,8.819719369057566e-05
Wrong 8.009596058400348e-05,1.515423173259478e-05,1.3781747838947922e-05,6.813726213295013e-05
Wrong 7.732794620096684e-05,1.9799601432168856e-05,1.744788278301712e-05,7.691659266129136e-05
Correct 8.346120011992753e-05,1.8230102796223946e-05,1.811862784961704e-05,6.971052789594978e-05
Wrong 7.69465186749585e-05,4.016684397356585e-05,3.094808562309481e-05,9.80646800599061e-05
Wrong 8.033019548747689e-05,2.6598077965900302e-05,2.189350561820902e-05,9.823775326367468e-05
Wrong 7.615206413902342e-05,2.3761960619594902e-05,2.01665152417263e-05,8.638706640340388e-05
Wrong 6.62825841573067e-05,1.6827973013278097e-05,1.8186052329838276e-05,7.478635961888358e-05
Correct 5.505625085788779e-05,1.581416290719062e-05,1.3816100363328587e-05,5.912629421800375e-05
Wrong 5.9933881857432425e-05,1.789755333447829e-05,1.4451843526330777e-05,7.11502434569411e-05
Wrong 9.142526687355712e-05,3.422425652388483e-05,3.2932246540440246e-05,9.32003022171557e-05
Wrong 4.339225415606052e-05,1.2898104614578187e-05,1.3850852155883331e-05,6.352338823489845e-05
Wrong 5.295868686516769e-05,1.8832120986189693e-05,1.5275885743903928e-05,6.949367525521666e-05
Correct 7.247219036798924e-05,1.6896014130907133e-05,1.730775329633616e-05,7.984420517459512e-05
Wrong 6.709831359330565e-05,2.2829050067230128e-05,1.5060722944326699e-05,8.549586345907301e-05
Wrong 4.6352473873412237e-05,8.20742116047768e-06,6.571668563992716e-06,3.492359246592969e-05
Wrong 4.439628537511453e-05,2.018575651163701e-05,2.1718122297897935e-05,6.314116035355255e-05
Correct 0.00015048368368297815,3.04410914395703e-05,2.658246194187086e-05,0.00011255554272793233
Wrong 5.968680125079118e-05,2.2801405066275038e-05,1.889421218947973e-05,5.862827674718574e-05
Wrong 6.936780118849128e-05,2.5650108000263572e-05,2.0732677512569353e-05,7.800434832461178e-05
Correct 8.789850835455582e-05,2.014598430832848e-05,1.780477941792924e-05,4.8187685024458915e-05
Wrong 0.0001397186133544892,3.588077743188478e-05,3.112092599621974e-05,0.00012907192285638303
Wrong 6.693653995171189e-05,1.448282455385197e-05,1.2388151844788808e-05,6.674955511698499e-05
Wrong 4.273234662832692e-05,9.896124538499862e-06,1.0307611773896497e-05,6.314069469226524e-05
Wrong 5.7620865845819935e-05,1.8102229660144076e-05,1.4317253771878313e-05,5.8445890317671e-05
Wrong 8.0996731412597e-05,1.6379901353502646e-05,1.6025363947846927e-05,7.599432137794793e-05
Correct 6.926391506567597e-05,1.9838997104670852e-05,1.7806156392907724e-05,9.514900739304721e-05
Wrong 5.695268191630021e-05,2.4610159016447142e-05,1.8635437299963087e-05,5.803248495794833e-05
Wrong 6.272508471738547e-05,1.7184878743137233e-05,1.1482999070722144e-05,6.534075509989634e-05
Correct 6.467499042628333e-05,1.2907838936371263e-05,1.1622434612945653e-05,5.972390863462351e-05
Wrong 6.361016858136281e-05,2.0077692170161754e-05,1.627398160053417e-05,7.007802196312696e-05
Correct 6.227026460692286e-05,1.9493139916448854e-05,1.2726155546260998e-05,6.181933713378385e-05
Correct 5.6741297157714143e-05,1.2896191037725657e-05,1.1944334801228251e-05,5.388313002185896e-05
Wrong 4.07311599701643e-05,1.1788189112849068e-05,1.4154667042021174e-05,6.241504161152989e-05
Wrong 6.840674905106425e-05,2.5300676497863606e-05,1.9596231140894815e-05,6.597994070034474e-05
Correct 9.931258682627231e-05,3.3802651159930974e-05,2.848109943442978e-05,0.00013532571028918028
Wrong 0.00010438563185743988,2.23800161620602e-05,2.08849050977733e-05,8.663444896228611e-05
Wrong 6.955872231628746e-05,1.2607221833604854e-05,1.2946104106958956e-05,7.957257184898481e-05
Wrong 8.927490853238851e-05,3.265513078076765e-05,3.1362906156573445e-05,8.466284634778276e-05
Wrong 6.63844621158205e-05,1.672178041189909e-05,1.4532475688611157e-05,6.862060399726033e-05
Correct 7.131992606446147e-05,2.50985049206065e-05,2.29531287914142e-05,8.220071322284639e-05
Wrong 7.700608693994582e-05,2.187272912124172e-05,1.974366205104161e-05,0.00010251372441416606
Correct 6.714723713230342e-05,1.781105311238207e-05,1.3707048310607206e-05,6.749499880243093e-05
Wrong 4.572955731418915e-05,1.355560561933089e-05,1.3035280062467791e-05,7.351100794039667e-05
Correct 4.815540523850359e-05,1.8785663996823132e-05,1.5417659597005695e-05,6.861392466817051e-05
Wrong 5.372902160161175e-05,1.1382293450878933e-05,8.674613127368502e-06,5.868856896995567e-05
Correct 6.205598765518516e-05,1.267970037588384e-05,1.1659974916256033e-05,5.806663102703169e-05
Wrong 6.336405931506306e-05,1.5120785974431783e-05,1.1032065231120214e-05,4.89591111545451e-05
Wrong 5.033960769651458e-05,1.9447499653324485e-05,1.731520205794368e-05,5.557353870244697e-05
Correct 4.11631990573369e-05,1.223526123794727e-05,1.0508523700991645e-05,4.96480060974136e-05
