grade confidence_levels
Wrong 0.04026561230421066,0.01810609921813011,0.012653714045882225,0.010867989622056484
Correct 0.020536908879876137,0.04198208451271057,0.0184774249792099,0.007924993522465229
Wrong 0.04504706710577011,0.013937549665570259,0.014948847703635693,0.009855169802904129
Wrong 0.034391969442367554,0.06294753402471542,0.027069680392742157,0.03551904112100601
Wrong 0.07649271190166473,0.033077143132686615,0.0396030955016613,0.029168207198381424
Wrong 0.02413533255457878,0.008685718290507793,0.0059149242006242275,0.0037320461124181747
Correct 0.03721548616886139,0.02628502808511257,0.038864437490701675,0.016545185819268227
Correct 0.06508442759513855,0.03065858595073223,0.02709496021270752,0.02080315351486206
Wrong 0.05123038962483406,0.012911051511764526,0.01857949048280716,0.010585016570985317
Wrong 0.031055761501193047,0.015442373231053352,0.01558622531592846,0.009235141798853874
Wrong 0.02990400232374668,0.01572214998304844,0.020010897889733315,0.011480198241770267
Wrong 0.060084886848926544,0.03664875403046608,0.03663943335413933,0.018698275089263916
Correct 0.02642044983804226,0.024139320477843285,0.019273431971669197,0.01094362698495388
Wrong 0.06288298219442368,0.016922669485211372,0.013584219850599766,0.012660731561481953
Correct 0.08749732375144958,0.02886584773659706,0.030471734702587128,0.026796991005539894
Wrong 0.028870034962892532,0.012242105789482594,0.00962865725159645,0.008938325569033623
Wrong 0.03204839304089546,0.017887428402900696,0.03853403776884079,0.00903561431914568
Wrong 0.05518710985779762,0.023884743452072144,0.026471469551324844,0.019482320174574852
Wrong 0.051234081387519836,0.02249685861170292,0.007061468902975321,0.01609596610069275
Correct 0.05833658576011658,0.011288393288850784,0.00460278382524848,0.006814031396061182
Correct 0.03061109036207199,0.011235198006033897,0.009111202321946621,0.005222883075475693
Wrong 0.028918487951159477,0.026588723063468933,0.0227592084556818,0.012745833024382591
Wrong 0.029156286269426346,0.02245091088116169,0.02391739934682846,0.016027824953198433
Wrong 0.07161015272140503,0.03794388845562935,0.04725054278969765,0.024295276030898094
Wrong 0.06104710325598717,0.05509622395038605,0.0393926277756691,0.027057917788624763
Wrong 0.021594418212771416,0.021298279985785484,0.019697993993759155,0.012779130600392818
Wrong 0.03523381054401398,0.019593095406889915,0.007734355516731739,0.005772382952272892
Wrong 0.027109945192933083,0.014123073779046535,0.007246207911521196,0.012393850833177567
Wrong 0.03541937842965126,0.023996129631996155,0.03579892963171005,0.016751356422901154
Wrong 0.08003682643175125,0.02941090427339077,0.03745298087596893,0.022523928433656693
Wrong 0.04481487348675728,0.01910516805946827,0.01885998621582985,0.01083109900355339
Correct 0.13962388038635254,0.029686100780963898,0.04152364283800125,0.04148731380701065
Correct 0.039901718497276306,0.010695534758269787,0.009983210824429989,0.00670306570827961
Correct 0.03577274829149246,0.017356455326080322,0.0170875433832407,0.009196669794619083
Wrong 0.02050706371665001,0.028092369437217712,0.017058346420526505,0.013024218380451202
Wrong 0.034301064908504486,0.026981044560670853,0.022727450355887413,0.016726355999708176
Correct 0.013776582665741444,0.002020422602072358,0.0012247305130586028,0.0008523983415216208
Correct 0.05841396376490593,0.02481406182050705,0.025436993688344955,0.016390696167945862
Correct 0.038042690604925156,0.018380893394351006,0.015824882313609123,0.00935811921954155
Wrong 0.0748073160648346,0.02866946905851364,0.03215399384498596,0.029983805492520332
Correct 0.0711129903793335,0.027833804488182068,0.027524249628186226,0.01701606810092926
Wrong 0.033621881157159805,0.02229958586394787,0.021417688578367233,0.023664165288209915
Wrong 0.06006665900349617,0.02329721860587597,0.03260871767997742,0.01677020452916622
Correct 0.01859886385500431,0.025982264429330826,0.013466122560203075,0.013439488597214222
Correct 0.07231473922729492,0.018493564799427986,0.012934780679643154,0.011641672812402248
Wrong 0.02945975959300995,0.017358947545289993,0.016034845262765884,0.010179132223129272
Wrong 0.041551027446985245,0.014138679951429367,0.010195308364927769,0.010345802642405033
Wrong 0.022404026240110397,0.0060774232260882854,0.0037295070942491293,0.002541095484048128
Wrong 0.07806845754384995,0.029362419620156288,0.040407851338386536,0.020121576264500618
Wrong 0.024170391261577606,0.004026997368782759,0.004604827146977186,0.002847967203706503
Wrong 0.05241813510656357,0.034546393901109695,0.03592243790626526,0.0217546746134758
Wrong 0.02030142769217491,0.0047465660609304905,0.0038816286250948906,0.003791673108935356
Wrong 0.02090868540108204,0.018815811723470688,0.03456984460353851,0.018848473206162453
Wrong 0.021759677678346634,0.004274946171790361,0.0030803177505731583,0.0027169021777808666
Wrong 0.04447583109140396,0.02733217552304268,0.03458627313375473,0.01849290542304516
Wrong 0.056256406009197235,0.020054593682289124,0.01700955256819725,0.015693187713623047
Correct 0.04291227459907532,0.01651773415505886,0.0070510138757526875,0.006138590630143881
Wrong 0.07496289163827896,0.023385407403111458,0.020374832674860954,0.016585733741521835
Correct 0.03720397502183914,0.011392947286367416,0.005988735239952803,0.007297932635992765
Wrong 0.03160044923424721,0.009900218807160854,0.003297340590506792,0.006976287811994553
Wrong 0.04526178911328316,0.03620798885822296,0.01938243769109249,0.012112605385482311
Correct 0.017072344198822975,0.013828177005052567,0.0220995731651783,0.033117517828941345
Wrong 0.035809263586997986,0.034000664949417114,0.030233042314648628,0.03498438373208046
Wrong 0.0635799765586853,0.01869657263159752,0.016147054731845856,0.012858717702329159
Correct 0.09291025996208191,0.01655878871679306,0.015807341784238815,0.00769168371334672
Correct 0.04015757888555527,0.01428634487092495,0.01068934053182602,0.013418440707027912
Wrong 0.03553250432014465,0.03399693965911865,0.04950718209147453,0.01890796609222889
Wrong 0.06159293279051781,0.028122879564762115,0.038244523108005524,0.02499576285481453
Correct 0.04803856089711189,0.0103668924421072,0.006846307776868343,0.005890542175620794
Correct 0.03378527611494064,0.014373375102877617,0.015285325236618519,0.01624831184744835
Correct 0.018818380311131477,0.04494314268231392,0.019178157672286034,0.009194611571729183
Wrong 0.055726442486047745,0.040628381073474884,0.03661929443478584,0.020510775968432426
Wrong 0.024574656039476395,0.015809008851647377,0.023711003363132477,0.009700878523290157
Wrong 0.034986983984708786,0.02078385464847088,0.03405848518013954,0.04193461313843727
Correct 0.016529737040400505,0.011049512773752213,0.04322902485728264,0.009628355503082275
Wrong 0.06602402031421661,0.030629513785243034,0.03986690565943718,0.03494415059685707
Wrong 0.029742790386080742,0.01181440893560648,0.02419196255505085,0.007029451429843903
Wrong 0.02562822215259075,0.02127748914062977,0.027563558891415596,0.010518267750740051
Wrong 0.03513059392571449,0.02852141670882702,0.03585011139512062,0.02515459433197975
Correct 0.05267621576786041,0.025547269731760025,0.01823289878666401,0.012241442687809467
Correct 0.07050511986017227,0.030017772689461708,0.03798239678144455,0.02392696402966976
Wrong 0.05758284404873848,0.02611822448670864,0.02250623144209385,0.017739133909344673
Wrong 0.029721053317189217,0.02624623291194439,0.01878025010228157,0.015642374753952026
Wrong 0.06822081655263901,0.04498130828142166,0.04495209455490112,0.032320890575647354
Wrong 0.03269387409090996,0.012995277531445026,0.017433928325772285,0.020379357039928436
Correct 0.019437434151768684,0.0384443998336792,0.02502492442727089,0.011249879375100136
Wrong 0.051136624068021774,0.019779078662395477,0.009429278783500195,0.015782441943883896
Wrong 0.051231905817985535,0.024759987369179726,0.010139781050384045,0.008110237307846546
Correct 0.07415913045406342,0.024995077401399612,0.03963223099708557,0.022743577137589455
Wrong 0.06848479807376862,0.027169091627001762,0.02989760972559452,0.022700805217027664
Correct 0.03752182424068451,0.01643979363143444,0.035039760172367096,0.013918347656726837
Wrong 0.019450673833489418,0.00616691168397665,0.003506514010950923,0.002704746089875698
Correct 0.04946649819612503,0.022608498111367226,0.027072105556726456,0.01614285819232464
Wrong 0.08053670823574066,0.03406146541237831,0.04015631601214409,0.026521962136030197
Wrong 0.030648747459053993,0.006049479357898235,0.005003777332603931,0.00527223339304328
Wrong 0.030034564435482025,0.004903861321508884,0.0030955832917243242,0.003254628973081708
Wrong 0.04511364549398422,0.019697105512022972,0.013362117111682892,0.00735005596652627
Wrong 0.015062288381159306,0.0040971506386995316,0.003448252100497484,0.0013493925798684359
Wrong 0.031171174719929695,0.006327765062451363,0.0038004491943866014,0.005493630189448595
Wrong 0.0327562652528286,0.010304021649062634,0.005341846030205488,0.006179980002343655
Wrong 0.021157890558242798,0.018601201474666595,0.01947867125272751,0.012106687761843204
Wrong 0.030650129541754723,0.016722820699214935,0.022644275799393654,0.020903434604406357
Wrong 0.029980115592479706,0.016133200377225876,0.027681542560458183,0.006873047910630703
Wrong 0.07025370001792908,0.04529186338186264,0.03581678867340088,0.02853226475417614
Wrong 0.06962330639362335,0.034663666039705276,0.0320853553712368,0.017419448122382164
Correct 0.017660100013017654,0.033621396869421005,0.013271025381982327,0.0094682015478611
Wrong 0.031009290367364883,0.016574570909142494,0.02108182944357395,0.020053457468748093
Wrong 0.023892415687441826,0.017400138080120087,0.02824285998940468,0.01820339635014534
Wrong 0.032277874648571014,0.024013064801692963,0.021545154973864555,0.009908539243042469
Correct 0.04639972746372223,0.016395753249526024,0.020090768113732338,0.011004365049302578
Correct 0.030072791501879692,0.027186650782823563,0.0810534805059433,0.015430256724357605
Wrong 0.06311318278312683,0.03488069772720337,0.0265425406396389,0.015949750319123268
Wrong 0.03855878859758377,0.025624101981520653,0.02952575869858265,0.01889105886220932
Correct 0.03470389544963837,0.00690329959616065,0.004323415458202362,0.00461229495704174
Correct 0.06301610171794891,0.010925354436039925,0.00735168531537056,0.008445407263934612
Wrong 0.03390563279390335,0.02670324593782425,0.03892133757472038,0.019513670355081558
Correct 0.07819295674562454,0.022923992946743965,0.019344639033079147,0.013663334771990776
Wrong 0.04001392424106598,0.005137332249432802,0.006214339751750231,0.0032857595942914486
Correct 0.048023521900177,0.027943670749664307,0.026267658919095993,0.018604803830385208
Correct 0.026779325678944588,0.014965452253818512,0.02707028202712536,0.013377481140196323
Wrong 0.04017968475818634,0.020826831459999084,0.008802980184555054,0.008105352520942688
Wrong 0.035037580877542496,0.0059346663765609264,0.005133460275828838,0.003769470611587167
Wrong 0.0692131444811821,0.022876126691699028,0.014811106026172638,0.011765134520828724
Correct 0.042398542165756226,0.015501108020544052,0.04211968928575516,0.010229237377643585
Wrong 0.03800244256854057,0.011550182476639748,0.006131477188318968,0.007878669537603855
Correct 0.02359428070485592,0.04185812175273895,0.025403620675206184,0.022533657029271126
Wrong 0.0365658700466156,0.01721995696425438,0.011950571089982986,0.009567313827574253
Correct 0.07510034739971161,0.021489527076482773,0.029365230351686478,0.018939509987831116
Wrong 0.03031829558312893,0.025825072079896927,0.034780364483594894,0.01930311881005764
Wrong 0.017078593373298645,0.004810602404177189,0.0027488511987030506,0.009176688268780708
Correct 0.030102329328656197,0.006249424070119858,0.005499136634171009,0.0044913324527442455
Correct 0.039069365710020065,0.01937282085418701,0.0214837696403265,0.01173108909279108
Wrong 0.016018109396100044,0.018607955425977707,0.04308116436004639,0.02404157631099224
Wrong 0.060417961329221725,0.03202887997031212,0.029185524210333824,0.02287980355322361
Wrong 0.043723057955503464,0.038844503462314606,0.042535606771707535,0.017167823389172554
Correct 0.07932151854038239,0.024773020297288895,0.028262656182050705,0.01896180957555771
Wrong 0.062369462102651596,0.022001078352332115,0.01316949911415577,0.014727865345776081
Wrong 0.029186660423874855,0.01023817528039217,0.004258203785866499,0.003985845483839512
Wrong 0.052446573972702026,0.022876884788274765,0.026316260918974876,0.016949022188782692
Wrong 0.04089006409049034,0.025674309581518173,0.03915242478251457,0.02705419808626175
Correct 0.088433176279068,0.10444091260433197,0.10798458755016327,0.046075452119112015
Wrong 0.038726914674043655,0.011753726750612259,0.006638087332248688,0.006013914477080107
Correct 0.018034398555755615,0.05307697877287865,0.01388072781264782,0.009729234501719475
Correct 0.024875132367014885,0.028412746265530586,0.04619165137410164,0.013513114303350449
Wrong 0.023488346487283707,0.00793151743710041,0.0015894024400040507,0.0013420942705124617
Wrong 0.041456274688243866,0.023196609690785408,0.022661058232188225,0.015563842840492725
Wrong 0.05035204812884331,0.03425139561295509,0.03791997209191322,0.02279660291969776
Wrong 0.0598217137157917,0.023574858903884888,0.032743312418460846,0.03456651046872139
Correct 0.055612605065107346,0.029034819453954697,0.03478517755866051,0.02191026508808136
Correct 0.023057138547301292,0.0173293799161911,0.025771670043468475,0.01065381895750761
Wrong 0.04452187567949295,0.04140380397439003,0.02718852087855339,0.020974991843104362
Wrong 0.025970442220568657,0.010372488759458065,0.006155152339488268,0.005770591553300619
Correct 0.04479484260082245,0.02312542498111725,0.04502829909324646,0.0248419102281332
Wrong 0.07848899811506271,0.02731279470026493,0.017604105174541473,0.021756615489721298
Wrong 0.028731685131788254,0.022628000006079674,0.021067580208182335,0.013248609378933907
Wrong 0.03886282071471214,0.024057762697339058,0.018319034948945045,0.012464181520044804
Wrong 0.030809709802269936,0.023683547973632812,0.034455105662345886,0.01839669793844223
Wrong 0.05286916345357895,0.019570596516132355,0.025066548958420753,0.02523690089583397
Correct 0.03669416159391403,0.014936759136617184,0.05758777633309364,0.008558507077395916
Correct 0.02545042522251606,0.018109256401658058,0.03135473281145096,0.01223974023014307
Wrong 0.02716716192662716,0.007617189083248377,0.005174512043595314,0.004957187455147505
Wrong 0.05857948958873749,0.023801520466804504,0.023443758487701416,0.030066300183534622
Correct 0.09234824776649475,0.03397337719798088,0.033157918602228165,0.02726808935403824
Wrong 0.031897030770778656,0.01908881403505802,0.026915336027741432,0.02043171226978302
Wrong 0.015108438208699226,0.009572025388479233,0.02317090705037117,0.004802738316357136
Wrong 0.04521595686674118,0.023740336298942566,0.016710039228200912,0.016427379101514816
Wrong 0.07102178782224655,0.03846416249871254,0.047903381288051605,0.02809934690594673
Correct 0.06722371280193329,0.021145598962903023,0.024336857721209526,0.022284826263785362
Correct 0.040123555809259415,0.0083150714635849,0.005801084917038679,0.005032043904066086
Correct 0.07724536210298538,0.027492614462971687,0.029579129070043564,0.02370123565196991
Correct 0.03412165865302086,0.025994425639510155,0.04577842727303505,0.022785192355513573
Wrong 0.03491583094000816,0.02930862084031105,0.033475182950496674,0.02544807270169258
Correct 0.04753562808036804,0.03373789042234421,0.03568247705698013,0.01935938373208046
Wrong 0.029085861518979073,0.017473777756094933,0.01246765349060297,0.008299892768263817
Wrong 0.010506399907171726,0.0028562156949192286,0.0013149124570190907,0.0009466895135119557
Correct 0.044525567442178726,0.024308549240231514,0.05612131208181381,0.02565278485417366
Wrong 0.014518721029162407,0.003080527065321803,0.003765123663470149,0.002340892795473337
Wrong 0.07801766693592072,0.04607335850596428,0.050238072872161865,0.028385262936353683
Correct 0.023772036656737328,0.006111545488238335,0.004903900437057018,0.0016450728289783
Wrong 0.043477512896060944,0.012854880653321743,0.015133125707507133,0.015925267711281776
Wrong 0.01971573941409588,0.017591793090105057,0.023870326578617096,0.010649488307535648
Wrong 0.030595047399401665,0.015226906165480614,0.016102295368909836,0.010620112530887127
Correct 0.06256566941738129,0.022112619131803513,0.01730513758957386,0.01173353847116232
Wrong 0.04418608173727989,0.017393793910741806,0.008960344828665257,0.012675300240516663
Wrong 0.04971918836236,0.022899208590388298,0.021873611956834793,0.015015751123428345
Wrong 0.06110958755016327,0.029710136353969574,0.028341026976704597,0.02187485434114933
Correct 0.04557180777192116,0.018666420131921768,0.018405189737677574,0.014524903148412704
Wrong 0.02852850966155529,0.004428520333021879,0.00436321971938014,0.004219779744744301
Wrong 0.06443293392658234,0.034163106232881546,0.03136863932013512,0.02072455920279026
Correct 0.05551958829164505,0.03892797231674194,0.06419652700424194,0.02611711248755455
Correct 0.009033062495291233,0.032560091465711594,0.05583574250340462,0.006247351877391338
Wrong 0.04614109545946121,0.016728142276406288,0.013427218422293663,0.021008886396884918
Wrong 0.03087453916668892,0.007116854656487703,0.00453811464831233,0.005138814449310303
Wrong 0.05807778239250183,0.011756084859371185,0.011288423091173172,0.01247157622128725
Wrong 0.04711844027042389,0.021870631724596024,0.0205483790487051,0.013562473468482494
Wrong 0.043986670672893524,0.01464097946882248,0.005554834846407175,0.007640366442501545
Correct 0.017790423706173897,0.01785973832011223,0.046400438994169235,0.011430175974965096
Correct 0.06436348706483841,0.028970707207918167,0.02765544503927231,0.02020852081477642
Correct 0.03875231742858887,0.025192221626639366,0.05456427112221718,0.021684402599930763
Correct 0.04686199501156807,0.02748088724911213,0.05209731310606003,0.018420318141579628
Wrong 0.04849179461598396,0.014012348838150501,0.013756153173744678,0.011959737166762352
Wrong 0.04492132365703583,0.01770634576678276,0.01245921477675438,0.009605691768229008
Wrong 0.032459065318107605,0.041367486119270325,0.025762729346752167,0.01573823392391205
Wrong 0.09670676290988922,0.04814564064145088,0.04854641854763031,0.03086804412305355
Wrong 0.0382080152630806,0.016114037483930588,0.01466529443860054,0.006243118550628424
Wrong 0.05941525846719742,0.02529350109398365,0.018930787220597267,0.017927518114447594
Wrong 0.05677115544676781,0.03376760706305504,0.04624432325363159,0.026754599064588547
Wrong 0.08756602555513382,0.0390426330268383,0.05133255943655968,0.030625909566879272
Wrong 0.07288104295730591,0.04143999516963959,0.030584493651986122,0.025948232039809227
Correct 0.03376765176653862,0.012887118384242058,0.0067151510156691074,0.010143822990357876
Correct 0.04631821811199188,0.010282488539814949,0.00507382582873106,0.007124592084437609
Wrong 0.02326134964823723,0.007272013928741217,0.003985538613051176,0.003920313902199268
Wrong 0.03375200182199478,0.01829225942492485,0.020892011001706123,0.013897694647312164
Wrong 0.04627882316708565,0.028214039281010628,0.026943765580654144,0.017088763415813446
Wrong 0.034875333309173584,0.021541329100728035,0.02370312623679638,0.01771150343120098
Wrong 0.060457389801740646,0.01930219680070877,0.022574342787265778,0.016494622454047203
Correct 0.049149610102176666,0.049737349152565,0.04001099616289139,0.021748730912804604
Wrong 0.02853923663496971,0.031183885410428047,0.021782005205750465,0.011740271002054214
Correct 0.022959282621741295,0.010837865062057972,0.01547626405954361,0.007086952682584524
Wrong 0.030813131481409073,0.013119887560606003,0.02139252796769142,0.004707808140665293
Wrong 0.04120836406946182,0.021501684561371803,0.019415762275457382,0.009083755314350128
Wrong 0.03494981676340103,0.018347004428505898,0.032497767359018326,0.018034737557172775
Correct 0.016098136082291603,0.012904291972517967,0.03189633786678314,0.007149005774408579
Wrong 0.031201571226119995,0.02361445315182209,0.05124395340681076,0.014559013769030571
Correct 0.023217862471938133,0.014438479207456112,0.018416639417409897,0.0077789463102817535
Correct 0.049590349197387695,0.019716676324605942,0.028371326625347137,0.012886570766568184
Wrong 0.017814580351114273,0.019602002575993538,0.018704364076256752,0.021656839177012444
Wrong 0.045659344643354416,0.01914600282907486,0.018416043370962143,0.011971472762525082
Correct 0.05969700217247009,0.03214515745639801,0.034241653978824615,0.015786301344633102
Correct 0.04482770338654518,0.01788809895515442,0.02453836239874363,0.013708261772990227
Wrong 0.046534933149814606,0.015044663101434708,0.006578423082828522,0.007472366560250521
Correct 0.026530222967267036,0.004117890726774931,0.0033272679429501295,0.0032747818622738123
Wrong 0.0195256806910038,0.012486029416322708,0.01515110582113266,0.012054713442921638
Wrong 0.02794012427330017,0.010426197201013565,0.017326008528470993,0.011073215864598751
Wrong 0.026856958866119385,0.024127328768372536,0.020810918882489204,0.016304295510053635
Wrong 0.08263448625802994,0.04734126105904579,0.050796836614608765,0.038314588367938995
Correct 0.018221229314804077,0.01687389425933361,0.023603571578860283,0.010116213001310825
Wrong 0.03299267217516899,0.030298437923192978,0.032328274101018906,0.02129190042614937
Wrong 0.037774182856082916,0.030677013099193573,0.03395731747150421,0.02461271919310093
Wrong 0.011547154746949673,0.031272608786821365,0.013857494108378887,0.004315213765949011
Wrong 0.019467998296022415,0.0021011054050177336,0.0028016914147883654,0.0015255220932886004
Wrong 0.03407765552401543,0.04547344520688057,0.02271980606019497,0.014594578184187412
Wrong 0.051853250712156296,0.017648594453930855,0.021030278876423836,0.014657394029200077
Correct 0.056981977075338364,0.012624300085008144,0.01855560392141342,0.008075959049165249
Wrong 0.06433594226837158,0.01767326332628727,0.010829661972820759,0.009501121006906033
Wrong 0.0430181547999382,0.012918161228299141,0.012213741429150105,0.007042465731501579
Wrong 0.07004498690366745,0.029392501339316368,0.028084848076105118,0.021667473018169403
Correct 0.038022469729185104,0.022520754486322403,0.05995790660381317,0.01452893391251564
Correct 0.023509837687015533,0.013538232073187828,0.029149295762181282,0.010458557866513729
Wrong 0.055788248777389526,0.033257003873586655,0.03432818874716759,0.027769481763243675
Correct 0.06022934243083,0.03879645839333534,0.09616254270076752,0.043328188359737396
Correct 0.03568008914589882,0.06083036959171295,0.027863679453730583,0.024937177076935768
Correct 0.09380605071783066,0.03232143446803093,0.013430734165012836,0.015322169288992882
Wrong 0.028122976422309875,0.018450239673256874,0.01857776567339897,0.008817389607429504
Correct 0.029304329305887222,0.05713308975100517,0.02449415996670723,0.02208952233195305
Wrong 0.022371839731931686,0.005007206462323666,0.005844001658260822,0.006738141644746065
Wrong 0.06250985711812973,0.02853340469300747,0.025783002376556396,0.019906163215637207
Wrong 0.04647013917565346,0.018424054607748985,0.0190143920481205,0.01637280359864235
Wrong 0.04229503870010376,0.01784186065196991,0.008323519490659237,0.010663021355867386
Wrong 0.03476556017994881,0.0357087180018425,0.039551567286252975,0.017673062160611153
Wrong 0.04726084694266319,0.02270522341132164,0.015309500508010387,0.015568346716463566
Correct 0.02516919933259487,0.01719592697918415,0.05220261216163635,0.006211134605109692
Correct 0.028575709089636803,0.010064033791422844,0.005403062794357538,0.007119813002645969
Wrong 0.03709131106734276,0.037525713443756104,0.03263166546821594,0.028529061004519463
Wrong 0.022283095866441727,0.0053529818542301655,0.002797546796500683,0.0037560192868113518
Wrong 0.04811463505029678,0.01862882636487484,0.022991502657532692,0.017718730494379997
Correct 0.051481492817401886,0.026011807844042778,0.0730656236410141,0.033900342881679535
Correct 0.056048568338155746,0.027263997122645378,0.032888997346162796,0.017177361994981766
Wrong 0.06802994012832642,0.018473951146006584,0.012885340489447117,0.011678652837872505
Wrong 0.05446811392903328,0.030728023499250412,0.03349607437849045,0.020446427166461945
Wrong 0.07108838856220245,0.015096892602741718,0.016637351363897324,0.010131721384823322
Correct 0.06214958429336548,0.03224750608205795,0.01883326657116413,0.010279682464897633
Wrong 0.023745980113744736,0.0023609641939401627,0.0024944599717855453,0.002164904959499836
Wrong 0.052275966852903366,0.026412025094032288,0.019566183909773827,0.01534002274274826
Wrong 0.07687196135520935,0.03299352899193764,0.03653819486498833,0.02528979629278183
Correct 0.03778940439224243,0.014810379594564438,0.01298071350902319,0.007313359063118696
Wrong 0.04285629093647003,0.016480935737490654,0.019588623195886612,0.010887837037444115
Correct 0.01779378205537796,0.02269725315272808,0.05496201291680336,0.023928456008434296
Wrong 0.04144860804080963,0.014093236066401005,0.018965840339660645,0.012909431010484695
Wrong 0.029582103714346886,0.005656239110976458,0.005006907042115927,0.007326188962906599
Correct 0.028328463435173035,0.018750570714473724,0.02483300305902958,0.015594926662743092
Correct 0.026748916134238243,0.03047836199402809,0.025810064747929573,0.017188197001814842
Wrong 0.023851489648222923,0.018604332581162453,0.017777683213353157,0.01514994353055954
Wrong 0.03177546337246895,0.016206156462430954,0.010272960178554058,0.007277666125446558
Correct 0.06621161848306656,0.014829403720796108,0.012723340652883053,0.01299712248146534
Wrong 0.052281830459833145,0.023343391716480255,0.021943172439932823,0.016679581254720688
Wrong 0.023579077795147896,0.02316002920269966,0.05060471594333649,0.007995962165296078
Wrong 0.04478222131729126,0.007847227156162262,0.004603704437613487,0.005522392690181732
Wrong 0.035521186888217926,0.01821037009358406,0.027113769203424454,0.020732706412672997
Wrong 0.026642873883247375,0.023035498335957527,0.026735631749033928,0.023194583132863045
Wrong 0.027468591928482056,0.015736665576696396,0.02577570267021656,0.014326998963952065
Wrong 0.05474255606532097,0.0306389182806015,0.037558745592832565,0.01975870318710804
Wrong 0.03952595591545105,0.014303267933428288,0.014637521468102932,0.010201568715274334
Wrong 0.05636442080140114,0.03336062654852867,0.02988777682185173,0.016225172206759453
Wrong 0.01949346624314785,0.00674110883846879,0.003366148332133889,0.0057428013533353806
Correct 0.026010597124695778,0.011691255494952202,0.018076015636324883,0.006483694072812796
Wrong 0.02352271042764187,0.003891943721100688,0.004078786354511976,0.003168045775964856
Correct 0.06183910369873047,0.03408385440707207,0.03743947669863701,0.023401057347655296
Wrong 0.03742057457566261,0.010282047092914581,0.005570822395384312,0.002937641926109791
Wrong 0.05415002256631851,0.039291612803936005,0.05320504307746887,0.05034180358052254
Wrong 0.052963145077228546,0.023438692092895508,0.030559899285435677,0.022712258622050285
Correct 0.02871917001903057,0.013016087003052235,0.013966766186058521,0.01238252129405737
Wrong 0.07122522592544556,0.04020466282963753,0.04416409507393837,0.031535305082798004
Correct 0.01608516275882721,0.01410676445811987,0.013264898210763931,0.06615416705608368
Wrong 0.026873813942074776,0.006944139953702688,0.012756234034895897,0.0057146125473082066
Wrong 0.02640826813876629,0.022139567881822586,0.023588690906763077,0.013729394413530827
Wrong 0.04640176519751549,0.018984755501151085,0.022051317617297173,0.014315636828541756
Wrong 0.0704512745141983,0.04754406958818436,0.05266407132148743,0.029050331562757492
Wrong 0.06540681421756744,0.01906754821538925,0.013226102106273174,0.015150048770010471
Wrong 0.020187286660075188,0.03845550864934921,0.022299278527498245,0.012686735019087791
Correct 0.01759541779756546,0.01765875145792961,0.04176381230354309,0.023918533697724342
Wrong 0.043812740594148636,0.024486593902111053,0.03428558260202408,0.03587266802787781
Correct 0.06998348981142044,0.015504912473261356,0.021155517548322678,0.01289618294686079
Correct 0.03513141721487045,0.03583149239420891,0.038756031543016434,0.015388247556984425
Wrong 0.015155630186200142,0.016012102365493774,0.02887977659702301,0.008770923130214214
Wrong 0.0243520587682724,0.03642890229821205,0.03703566640615463,0.01719050668179989
Wrong 0.08809027820825577,0.034374307841062546,0.0368790440261364,0.024381402879953384
Correct 0.07734394818544388,0.03651982545852661,0.027590792626142502,0.019850077107548714
Wrong 0.08451627939939499,0.04307813197374344,0.04274611547589302,0.029837364330887794
Wrong 0.08116446435451508,0.03859013691544533,0.04476624354720116,0.02889733389019966
Wrong 0.03520983085036278,0.02564786933362484,0.0373736135661602,0.028798358514904976
Correct 0.04279178008437157,0.016874928027391434,0.018697891384363174,0.009156078100204468
Correct 0.08485240489244461,0.03722130134701729,0.03339114412665367,0.02202567644417286
Correct 0.054547909647226334,0.01869244873523712,0.022898005321621895,0.015346609987318516
Wrong 0.023136401548981667,0.013569277711212635,0.01930021494626999,0.013980155810713768
Correct 0.05546436458826065,0.030307628214359283,0.02436782233417034,0.01634320057928562
Wrong 0.0463181771337986,0.029753632843494415,0.011578097008168697,0.00893302634358406
Correct 0.060472555458545685,0.019161159172654152,0.013780034147202969,0.012771432287991047
Wrong 0.03179464116692543,0.02548559196293354,0.022494083270430565,0.013301970437169075
Wrong 0.05347619578242302,0.04190588369965553,0.0400330126285553,0.032118260860443115
Wrong 0.06329754739999771,0.026552267372608185,0.03492283076047897,0.018414385616779327
Wrong 0.04766160622239113,0.026880687102675438,0.03137669339776039,0.028324736282229424
Wrong 0.01843220554292202,0.02229900471866131,0.019237905740737915,0.01666860282421112
Wrong 0.032134607434272766,0.009324762038886547,0.007074594497680664,0.006609681993722916
Wrong 0.04885699599981308,0.027111249044537544,0.03569008782505989,0.02773812785744667
Wrong 0.05942126736044884,0.027798611670732498,0.03982257470488548,0.022314349189400673
Wrong 0.039044734090566635,0.017041156068444252,0.020535927265882492,0.017687825486063957
Correct 0.03806878253817558,0.018859995529055595,0.01800571382045746,0.012634300626814365
Correct 0.034906014800071716,0.024766534566879272,0.02747298777103424,0.01783965900540352
Wrong 0.012988542206585407,0.0038664427120238543,0.003346577752381563,0.004662924446165562
Correct 0.02227380871772766,0.016250425949692726,0.039284057915210724,0.023747503757476807
Wrong 0.036099355667829514,0.012037944979965687,0.008806056343019009,0.008783387951552868
Correct 0.041336771100759506,0.02239919640123844,0.027876725420355797,0.017965955659747124
Wrong 0.015660179778933525,0.01240726187825203,0.06076609715819359,0.024831267073750496
Wrong 0.08728788048028946,0.03865920007228851,0.046272922307252884,0.032033100724220276
Wrong 0.022295912727713585,0.06169361621141434,0.017395274713635445,0.02126842364668846
Wrong 0.03148678317666054,0.011114902794361115,0.008187787607312202,0.008626854047179222
Wrong 0.03543712571263313,0.012875123880803585,0.006974332500249147,0.006611214485019445
Correct 0.09041714668273926,0.03842199221253395,0.03289767727255821,0.019609954208135605
Wrong 0.0279997531324625,0.022520046681165695,0.029822714626789093,0.01404428482055664
Wrong 0.06031864136457443,0.015264172106981277,0.013122373260557652,0.013569074682891369
Correct 0.022716673091053963,0.02730395272374153,0.03666645660996437,0.012665210291743279
Wrong 0.06529612839221954,0.02670840546488762,0.05930932238698006,0.019376732409000397
Wrong 0.03733468055725098,0.01947353035211563,0.01040736772119999,0.009039539843797684
Wrong 0.02568734996020794,0.01688113994896412,0.025765934959053993,0.020503822714090347
Wrong 0.030170012265443802,0.034994181245565414,0.0327039510011673,0.012465725652873516
Wrong 0.020654629915952682,0.028989119455218315,0.017040710896253586,0.013244016095995903
Wrong 0.06275852769613266,0.03191051632165909,0.021087180823087692,0.01987052522599697
Correct 0.02402142435312271,0.014429709874093533,0.018240012228488922,0.031465474516153336
Wrong 0.12292896956205368,0.06466883420944214,0.07383020222187042,0.05747099965810776
Correct 0.041465163230895996,0.009586787782609463,0.0068899537436664104,0.007319188676774502
Wrong 0.0416814349591732,0.0180671289563179,0.0298126470297575,0.018205173313617706
Correct 0.07211936265230179,0.08416643738746643,0.0502537302672863,0.04199193790555
Correct 0.0381181538105011,0.015145333483815193,0.015865910798311234,0.010622184723615646
Wrong 0.03482243791222572,0.011251270771026611,0.009044080972671509,0.011222196742892265
Wrong 0.04974886775016785,0.02383573353290558,0.02420741505920887,0.011858432553708553
Wrong 0.04122770577669144,0.02894335426390171,0.027628550305962563,0.020346514880657196
Wrong 0.06084875762462616,0.026335053145885468,0.031033191829919815,0.020182358101010323
Wrong 0.022850319743156433,0.02293860912322998,0.027264989912509918,0.02343885600566864
Wrong 0.05471481382846832,0.02402915246784687,0.021750900894403458,0.01676788553595543
Wrong 0.022894779220223427,0.014052575454115868,0.0410911999642849,0.023891227319836617
Correct 0.03438382223248482,0.016924098134040833,0.023523641750216484,0.010408653877675533
Wrong 0.07584014534950256,0.029406478628516197,0.030331240966916084,0.024371882900595665
Correct 0.03822535276412964,0.013864549808204174,0.006172250024974346,0.004147644154727459
Wrong 0.06084072217345238,0.0310186930000782,0.03307534381747246,0.03543705493211746
Wrong 0.023543814197182655,0.02873213030397892,0.026950260624289513,0.011770267970860004
Wrong 0.05581068620085716,0.049783915281295776,0.03649554029107094,0.031597480177879333
Wrong 0.028560636565089226,0.029072104021906853,0.034277066588401794,0.02369912527501583
Wrong 0.05425248295068741,0.03038559854030609,0.036927230656147,0.024008337408304214
Correct 0.06889793276786804,0.024539845064282417,0.029792899265885353,0.026718057692050934
Wrong 0.09533859044313431,0.037574876099824905,0.039981767535209656,0.028110019862651825
Correct 0.03591470420360565,0.01821795292198658,0.030116315931081772,0.022832242771983147
Wrong 0.08267519623041153,0.03834332898259163,0.03957647085189819,0.03382979333400726
Correct 0.062085580080747604,0.01952843926846981,0.023375149816274643,0.01428203098475933
Wrong 0.02232355810701847,0.03608919680118561,0.027279909700155258,0.013359489850699902
Correct 0.018171070143580437,0.011844492517411709,0.013826185837388039,0.0056143468245863914
Correct 0.05867081508040428,0.02242729626595974,0.027926167473196983,0.015159964561462402
Correct 0.0486755296587944,0.0274796225130558,0.029365653172135353,0.01584220863878727
Wrong 0.05591470003128052,0.030399104580283165,0.027784109115600586,0.027297228574752808
Wrong 0.028645655140280724,0.026319807395339012,0.03711381182074547,0.013209056109189987
Wrong 0.0501793809235096,0.03417728468775749,0.022461116313934326,0.02433055080473423
Correct 0.04062318056821823,0.013602488674223423,0.016375701874494553,0.00726104574277997
Wrong 0.03886546194553375,0.00948315393179655,0.005338242277503014,0.005317373666912317
Correct 0.028603825718164444,0.003982241731137037,0.005437735468149185,0.00352762034162879
Wrong 0.023727504536509514,0.00964599009603262,0.0033246129751205444,0.0041556223295629025
Correct 0.048434067517519,0.01838076300919056,0.017551599070429802,0.014854300767183304
Wrong 0.07404305785894394,0.026645300909876823,0.03077281080186367,0.02079913765192032
Wrong 0.02859160490334034,0.011511106044054031,0.004937507212162018,0.004595947917550802
Correct 0.07202967256307602,0.02666877768933773,0.032413873821496964,0.022954676300287247
Wrong 0.04579601064324379,0.019783681258559227,0.009170373901724815,0.00935341976583004
Correct 0.052886828780174255,0.01878439448773861,0.03186783939599991,0.014931549318134785
Wrong 0.03611186891794205,0.033964212983846664,0.0691387802362442,0.02350981906056404
Wrong 0.02657279185950756,0.013236360624432564,0.014542109332978725,0.00777076231315732
Correct 0.06443575769662857,0.019389426335692406,0.016123389825224876,0.011885130777955055
Wrong 0.028076067566871643,0.01042118575423956,0.005592781584709883,0.002757980488240719
Wrong 0.02706952579319477,0.006897345185279846,0.006289546377956867,0.004783970769494772
Correct 0.0540158636868,0.03040006011724472,0.036661576479673386,0.020217914134263992
Wrong 0.04989293962717056,0.019837794825434685,0.009158124215900898,0.008680733852088451
Wrong 0.03524532541632652,0.03320203721523285,0.032954394817352295,0.01707293465733528
Wrong 0.02979111112654209,0.008451519533991814,0.006304088048636913,0.005145242903381586
Wrong 0.0714966282248497,0.029332563281059265,0.03672731667757034,0.028104882687330246
Wrong 0.026858121156692505,0.005163972266018391,0.0024916657712310553,0.003067637560889125
Wrong 0.07859653979539871,0.03191891312599182,0.03936292603611946,0.03029724769294262
Wrong 0.024770693853497505,0.00500859972089529,0.004147948697209358,0.0029625194147229195
Wrong 0.058694660663604736,0.020802387967705727,0.014707837253808975,0.019348734989762306
Wrong 0.044884227216243744,0.022906199097633362,0.019566165283322334,0.009535484947264194
Correct 0.06844009459018707,0.024904605001211166,0.027550261467695236,0.018754636868834496
Wrong 0.045982200652360916,0.01772957853972912,0.007964436896145344,0.006269125267863274
Correct 0.07102187722921371,0.03622378781437874,0.03377916291356087,0.030970167368650436
Wrong 0.02350056916475296,0.004389580339193344,0.0030678773764520884,0.0059535871259868145
Wrong 0.034345854073762894,0.05014009401202202,0.03907814994454384,0.03635779768228531
Wrong 0.022260233759880066,0.017664816230535507,0.022811226546764374,0.010178573429584503
Wrong 0.06618202477693558,0.02545079216361046,0.02374209277331829,0.014369104988873005
Wrong 0.02385486103594303,0.0045483107678592205,0.0034614254254847765,0.0029089890886098146
Wrong 0.033887460827827454,0.01021368894726038,0.008603106252849102,0.006885917391628027
Wrong 0.010772228240966797,0.0018641651840880513,0.00226413831114769,0.0009439634741283953
Wrong 0.03511412814259529,0.01137842983007431,0.006915728095918894,0.012198331765830517
Wrong 0.030719652771949768,0.030796125531196594,0.03690961003303528,0.020818699151277542
Wrong 0.0650668516755104,0.0274930689483881,0.0326521061360836,0.02407694421708584
Correct 0.06089358404278755,0.027986302971839905,0.01817893795669079,0.011002222076058388
Correct 0.02413726970553398,0.016803696751594543,0.03478498384356499,0.016024455428123474
Wrong 0.03619803488254547,0.011724337935447693,0.009349692612886429,0.010679082944989204
Wrong 0.058613236993551254,0.01898801140487194,0.02512497454881668,0.015100158751010895
Correct 0.03370678424835205,0.014903153292834759,0.024008439853787422,0.013859202153980732
Correct 0.07208923250436783,0.02083786390721798,0.021654343232512474,0.01251703966408968
Wrong 0.020622754469513893,0.007891865447163582,0.0043253288604319096,0.0025397068820893764
Wrong 0.02173055149614811,0.004889903590083122,0.0026585105806589127,0.0023319509346038103
Correct 0.031536031514406204,0.033419735729694366,0.03475267440080643,0.02153540775179863
Wrong 0.06180357560515404,0.03227170184254646,0.03600436449050903,0.023051142692565918
Wrong 0.08881855010986328,0.04258446767926216,0.053838398307561874,0.044251617044210434
Wrong 0.04203789308667183,0.011323366314172745,0.007746660150587559,0.008581893518567085
Correct 0.030170144513249397,0.017832621932029724,0.02941335178911686,0.03127583861351013
Correct 0.03443918004631996,0.040279172360897064,0.03968488425016403,0.03132280334830284
Correct 0.043418169021606445,0.019248243421316147,0.024283431470394135,0.014616838656365871
Wrong 0.04366641119122505,0.015971776098012924,0.00972132757306099,0.015568464063107967
Wrong 0.03988787904381752,0.006931147538125515,0.003960279747843742,0.006173585541546345
Correct 0.08307365328073502,0.03984120115637779,0.04655638337135315,0.029816674068570137
Wrong 0.06812691688537598,0.03085748478770256,0.031166506931185722,0.024430906400084496
Wrong 0.010972432792186737,0.0019432614790275693,0.0011257698060944676,0.001171005074866116
Wrong 0.053031980991363525,0.024621566757559776,0.02973022684454918,0.018867267295718193
Wrong 0.04342058673501015,0.021190129220485687,0.02598985657095909,0.01215728186070919
Correct 0.06435471773147583,0.021694479510188103,0.02919843979179859,0.01662020944058895
Wrong 0.06990303099155426,0.03619464114308357,0.0426645390689373,0.02819325029850006
Wrong 0.02115509659051895,0.0047004385851323605,0.0028270732145756483,0.004135318100452423
Wrong 0.056506432592868805,0.02810594066977501,0.02092631161212921,0.022367432713508606
Wrong 0.08756101876497269,0.038802459836006165,0.049083366990089417,0.026261242106556892
Wrong 0.039747148752212524,0.024778999388217926,0.03993843123316765,0.023265939205884933
Correct 0.08318066596984863,0.0382707417011261,0.04170963540673256,0.028207795694470406
Wrong 0.04436517506837845,0.012284258380532265,0.0090703209862113,0.010747796855866909
Wrong 0.08656492084264755,0.03568902239203453,0.036000631749629974,0.02164478600025177
Wrong 0.07209404557943344,0.04228116571903229,0.048696596175432205,0.028822002932429314
Correct 0.062196750193834305,0.031424712389707565,0.02802739478647709,0.02124813199043274
Wrong 0.03604070097208023,0.00840924121439457,0.004113043192774057,0.004261593800038099
Correct 0.03167591989040375,0.01109271589666605,0.005388954654335976,0.005821681581437588
Wrong 0.047635678201913834,0.024662131443619728,0.025616999715566635,0.015631351619958878
Wrong 0.04795576632022858,0.021580113098025322,0.01932806707918644,0.011440741829574108
Correct 0.014417484402656555,0.011383221484720707,0.02318233996629715,0.00919595081359148
Correct 0.06699839234352112,0.025839149951934814,0.02472539059817791,0.016527628526091576
Wrong 0.053070418536663055,0.02088243141770363,0.022072765976190567,0.015042240731418133
Wrong 0.0550057590007782,0.03889411315321922,0.05357590690255165,0.05523497983813286
Wrong 0.019621433690190315,0.018798183649778366,0.013761201873421669,0.007111372891813517
Wrong 0.09613581746816635,0.034475721418857574,0.03616517409682274,0.029866328462958336
Correct 0.06821314245462418,0.028189565986394882,0.030967004597187042,0.017633747309446335
Correct 0.07576113939285278,0.05034777522087097,0.04089595749974251,0.03228191286325455
Wrong 0.03075450472533703,0.007993762381374836,0.009075120091438293,0.005621893797069788
Correct 0.03389909490942955,0.015364541672170162,0.030963193625211716,0.014934140257537365
Correct 0.09264013171195984,0.0362030565738678,0.0394735187292099,0.025667894631624222
Correct 0.08420880883932114,0.05912613123655319,0.051019828766584396,0.03968740254640579
Wrong 0.023447861894965172,0.014431140385568142,0.022430798038840294,0.02000376582145691
Wrong 0.07677286863327026,0.04364325851202011,0.058290231972932816,0.030941693112254143
Wrong 0.041820794343948364,0.02380719780921936,0.03254006803035736,0.015243429690599442
Wrong 0.030733615159988403,0.012206297367811203,0.008080750703811646,0.005635290872305632
Correct 0.0571134015917778,0.030018020421266556,0.03198513388633728,0.020466472953557968
Correct 0.05611630901694298,0.023527082055807114,0.02501954697072506,0.018989205360412598
Wrong 0.0792633518576622,0.03488149493932724,0.04730475693941116,0.02378094010055065
Wrong 0.030526624992489815,0.01450130995362997,0.006239081267267466,0.0112716443836689
Wrong 0.06427271664142609,0.03599826619029045,0.032592110335826874,0.025111868977546692
Wrong 0.03501809388399124,0.012853014282882214,0.007107999641448259,0.008205294609069824
Correct 0.019098838791251183,0.012860068120062351,0.02746458724141121,0.02287694625556469
Wrong 0.03455165773630142,0.011175514198839664,0.007220892701297998,0.008917397819459438
Wrong 0.013292772695422173,0.003611756255850196,0.0017925762804225087,0.001958561595529318
Wrong 0.026321405544877052,0.00689388532191515,0.005478035192936659,0.003638417227193713
Wrong 0.049752186983823776,0.029664598405361176,0.024406759068369865,0.016240568831562996
Wrong 0.03301062807440758,0.006595904007554054,0.004105044528841972,0.0021106034982949495
Correct 0.09412290900945663,0.036195654422044754,0.030057117342948914,0.022653095424175262
Wrong 0.0742565169930458,0.04185790941119194,0.0466974675655365,0.025798803195357323
Wrong 0.042697127908468246,0.03549748659133911,0.03592243045568466,0.028350364416837692
Correct 0.07741555571556091,0.031054791063070297,0.033582642674446106,0.02887795679271221
Wrong 0.02988021820783615,0.009713732637465,0.008453377522528172,0.005386900156736374
Wrong 0.02841184101998806,0.017136653885245323,0.024163775146007538,0.02429410070180893
