grade confidence_levels
Wrong 0.006047716364264488,0.0018199915066361427,0.0042186216451227665,0.003870235290378332
Wrong 0.04426553100347519,0.037142425775527954,0.06936019659042358,0.041178807616233826
Wrong 0.040477216243743896,0.030793052166700363,0.050550710409879684,0.036531172692775726
Wrong 0.06560223549604416,0.0370013490319252,0.03246152773499489,0.04423094168305397
Correct 0.1297532469034195,0.07739125192165375,0.07422426342964172,0.09459367394447327
Wrong 0.0672028511762619,0.09896654635667801,0.08755698800086975,0.05929432064294815
Correct 0.05439728498458862,0.042308270931243896,0.0592878982424736,0.051215238869190216
Wrong 0.01870087720453739,0.008062263950705528,0.01197404507547617,0.008692648261785507
Correct 0.019215507432818413,0.08463339507579803,0.017447318881750107,0.020841414108872414
Correct 0.0437372587621212,0.05624423548579216,0.03951803594827652,0.0531485453248024
Wrong 0.04676992818713188,0.04177467152476311,0.053046368062496185,0.0457267239689827
Wrong 0.09398852288722992,0.07177692651748657,0.07867252826690674,0.13284294307231903
Wrong 0.08213069289922714,0.058567918837070465,0.1513594090938568,0.11925037205219269
Correct 0.04682545363903046,0.024814922362565994,0.033126719295978546,0.025554660707712173
Correct 0.08982469141483307,0.06082300469279289,0.09047532081604004,0.07463943213224411
Wrong 0.10778481513261795,0.12043644487857819,0.14827953279018402,0.1192241832613945
Wrong 0.08717616647481918,0.13345754146575928,0.09874330461025238,0.12359575927257538
Correct 0.04587554186582565,0.14119668304920197,0.041657403111457825,0.1218550056219101
Wrong 0.023808805271983147,0.014577876776456833,0.010961085557937622,0.02083149552345276
Wrong 0.05795140564441681,0.13076740503311157,0.2242089807987213,0.06849539279937744
Wrong 0.09786958992481232,0.11690153181552887,0.08064734935760498,0.16121628880500793
Correct 0.10993334650993347,0.05605149269104004,0.020065277814865112,0.05465703830122948
Correct 0.04356953501701355,0.029910573735833168,0.027448277920484543,0.03877628967165947
Wrong 0.04726079851388931,0.026284117251634598,0.026243504136800766,0.03229958936572075
Correct 0.034161411225795746,0.005274835508316755,0.004637442994862795,0.009099033661186695
Correct 0.0484866201877594,0.027180498465895653,0.05316723883152008,0.04991041496396065
Correct 0.052566006779670715,0.033612873405218124,0.0373929999768734,0.06840050965547562
Correct 0.05570162832736969,0.29513677954673767,0.04617546498775482,0.2103690654039383
Correct 0.08118976652622223,0.1471501886844635,0.0366804301738739,0.36196714639663696
Wrong 0.06463770568370819,0.054455146193504333,0.04527047276496887,0.05517549067735672
Wrong 0.0406307689845562,0.09834519773721695,0.05683568865060806,0.07531276345252991
Wrong 0.0382828563451767,0.032955318689346313,0.04759881645441055,0.04118339717388153
Wrong 0.04339629039168358,0.03595469892024994,0.020990803837776184,0.05050437152385712
Correct 0.05067630484700203,0.07427728921175003,0.11681325733661652,0.08474709838628769
Wrong 0.048436813056468964,0.02835143730044365,0.041215866804122925,0.03707335889339447
Wrong 0.06682832539081573,0.04726084694266319,0.03239773213863373,0.050213977694511414
Wrong 0.0559823215007782,0.039247915148735046,0.07371991872787476,0.07528432458639145
Wrong 0.03995367884635925,0.029244741424918175,0.04363568499684334,0.04635624215006828
Wrong 0.03526879474520683,0.01950482651591301,0.030418215319514275,0.04393176734447479
Correct 0.04830610007047653,0.012876590713858604,0.014250777661800385,0.020638681948184967
Wrong 0.047721605747938156,0.019236847758293152,0.022734522819519043,0.028744200244545937
Correct 0.025987371802330017,0.019067224115133286,0.014700574800372124,0.04196951538324356
Correct 0.08304015547037125,0.08928221464157104,0.22946587204933167,0.17208507657051086
Wrong 0.05274289846420288,0.0653732419013977,0.05422241985797882,0.04015585407614708
Correct 0.06093014404177666,0.053491562604904175,0.03742043301463127,0.14110088348388672
Wrong 0.038571797311306,0.02885047346353531,0.025233479216694832,0.04714949429035187
Wrong 0.039807241410017014,0.024823099374771118,0.03545784205198288,0.034733325242996216
Correct 0.04247454181313515,0.0506061315536499,0.04493749141693115,0.03741372749209404
Wrong 0.05252431705594063,0.029745465144515038,0.05185818672180176,0.04053906351327896
Correct 0.1104312613606453,0.2466515600681305,0.09210348129272461,0.09509825706481934
Wrong 0.03761773928999901,0.028249789029359818,0.02534281648695469,0.03455125540494919
Correct 0.05763592571020126,0.03900497406721115,0.04836064577102661,0.04472924396395683
Wrong 0.04953679442405701,0.032469768077135086,0.05540095269680023,0.06312869489192963
Wrong 0.05551702529191971,0.05273032933473587,0.042966537177562714,0.05246054008603096
Wrong 0.026589836925268173,0.08371191471815109,0.03335877135396004,0.03319410979747772
Wrong 0.04957631230354309,0.19242951273918152,0.1399260014295578,0.12966027855873108
Wrong 0.08189410716295242,0.059165678918361664,0.06596699357032776,0.06562145054340363
Correct 0.05715633183717728,0.08773207664489746,0.09671389311552048,0.29309239983558655
Wrong 0.05664369836449623,0.10004574060440063,0.12569904327392578,0.06837761402130127
Wrong 0.039550673216581345,0.027145858854055405,0.021558042615652084,0.0409049428999424
Wrong 0.0632733628153801,0.031132599338889122,0.0345458909869194,0.04512550309300423
Correct 0.054035454988479614,0.061530835926532745,0.06481365859508514,0.05898744612932205
Correct 0.04793308675289154,0.020958391949534416,0.031234683468937874,0.03880239278078079
Wrong 0.04905645176768303,0.04512330889701843,0.021595021709799767,0.037142932415008545
Wrong 0.043404459953308105,0.020470619201660156,0.02854660525918007,0.031881943345069885
Correct 0.07746941596269608,0.038936808705329895,0.027526620775461197,0.05425991117954254
Wrong 0.04752957448363304,0.04929593577980995,0.05046994239091873,0.04797124117612839
Wrong 0.01704227179288864,0.009030475281178951,0.012397540733218193,0.014792121946811676
Correct 0.03418189287185669,0.028805552050471306,0.06782271713018417,0.06227392703294754
Wrong 0.06143608316779137,0.03479025512933731,0.06764329969882965,0.08251126110553741
Wrong 0.03988289088010788,0.03347787261009216,0.03553500398993492,0.03987608850002289
Wrong 0.04380284249782562,0.026998816058039665,0.028028178960084915,0.02670816332101822
Wrong 0.09443037211894989,0.17322421073913574,0.10059542208909988,0.1410515308380127
Wrong 0.15700417757034302,0.17559418082237244,0.06178867071866989,0.06812165677547455
Correct 0.02395854890346527,0.04795325547456741,0.12531282007694244,0.056312888860702515
Correct 0.17896799743175507,0.08104391396045685,0.053784843534231186,0.11931926757097244
Correct 0.07980553805828094,0.0858813226222992,0.11461964249610901,0.05918613448739052
Wrong 0.1072724312543869,0.14463269710540771,0.09420351684093475,0.11735387146472931
Correct 0.02768968604505062,0.01969730481505394,0.10524867475032806,0.045103561133146286
Correct 0.08025584369897842,0.07775018364191055,0.10071709752082825,0.2997922897338867
Wrong 0.08249998837709427,0.043696701526641846,0.06650905311107635,0.05576799809932709
Correct 0.08689378947019577,0.1219165250658989,0.17872354388237,0.1679738461971283
Wrong 0.06917553395032883,0.0890803337097168,0.07432550191879272,0.18362641334533691
Correct 0.05691137909889221,0.0585537925362587,0.047683652490377426,0.03812482953071594
Correct 0.08309854567050934,0.03872692584991455,0.05825763940811157,0.06867804378271103
Correct 0.07831063121557236,0.08441346883773804,0.14497670531272888,0.15333430469036102
Wrong 0.13487380743026733,0.16791951656341553,0.14542964100837708,0.21724314987659454
Correct 0.0904960036277771,0.1939559429883957,0.09291644394397736,0.19255439937114716
Wrong 0.05513478443026543,0.03789403289556503,0.04706595838069916,0.055091492831707
Correct 0.05159541964530945,0.03573434799909592,0.17363783717155457,0.08201412111520767
Wrong 0.1434652954339981,0.0955943763256073,0.10128727555274963,0.1250428706407547
Wrong 0.030313169583678246,0.01913561299443245,0.012431101873517036,0.02309752069413662
Wrong 0.14031407237052917,0.13061830401420593,0.07687603682279587,0.24695751070976257
Correct 0.05077096447348595,0.08373594284057617,0.0196651890873909,0.03977493569254875
Wrong 0.12314808368682861,0.07359956204891205,0.08088930696249008,0.08322542160749435
Wrong 0.08389998227357864,0.06250214576721191,0.03146598860621452,0.07525280863046646
Correct 0.04788917303085327,0.14543916285037994,0.06421945989131927,0.05397137627005577
Correct 0.028424400836229324,0.028596747666597366,0.016347069293260574,0.04616928845643997
Correct 0.04699446260929108,0.029035210609436035,0.05333935096859932,0.038804344832897186
Wrong 0.06627096235752106,0.06747224926948547,0.045384131371974945,0.06768505275249481
Wrong 0.06885542720556259,0.10495757311582565,0.08080039918422699,0.05303439125418663
Correct 0.1606963723897934,0.1868995726108551,0.08897572755813599,0.07025489956140518
Wrong 0.03271057456731796,0.024626336991786957,0.02557685412466526,0.025188609957695007
Wrong 0.03183196112513542,0.5436905026435852,0.058089494705200195,0.05492601916193962
Correct 0.01837395876646042,0.00572835560888052,0.0506211593747139,0.020060794427990913
Correct 0.09926573932170868,0.043829064816236496,0.058891698718070984,0.17454102635383606
Correct 0.03926440328359604,0.023813417181372643,0.016721021384000778,0.03075943887233734
Wrong 0.049506817013025284,0.015979716554284096,0.013639399781823158,0.028037987649440765
Correct 0.11878274381160736,0.08043912798166275,0.04713907837867737,0.0563470795750618
Correct 0.06951985508203506,0.04583849385380745,0.03039262816309929,0.05943088233470917
Wrong 0.0845516249537468,0.04582105949521065,0.077008455991745,0.03326985612511635
Correct 0.1020141988992691,0.0796760618686676,0.1856071799993515,0.10693850368261337
Correct 0.039441417902708054,0.01899935118854046,0.026147931814193726,0.02447470836341381
Wrong 0.014835191890597343,0.00806334987282753,0.009080334566533566,0.008824624121189117
Correct 0.017950093373656273,0.010201549157500267,0.015666445717215538,0.013506495393812656
Correct 0.06556044518947601,0.07443968206644058,0.162026047706604,0.10420964658260345
Wrong 0.06532362103462219,0.09074091911315918,0.0700846016407013,0.10877666622400284
Wrong 0.07547545433044434,0.06667640805244446,0.10744235664606094,0.09252944588661194
Wrong 0.02507164515554905,0.013882925733923912,0.014035566709935665,0.017684491351246834
Wrong 0.07526707649230957,0.04015606641769409,0.03654865920543671,0.05210168659687042
Correct 0.04621904343366623,0.02923526056110859,0.051897697150707245,0.04310009256005287
Wrong 0.05269026756286621,0.03563089668750763,0.032732121646404266,0.038444239646196365
Wrong 0.045725204050540924,0.041617896407842636,0.05014463886618614,0.09993861615657806
Wrong 0.029422039166092873,0.012394634075462818,0.00888680201023817,0.016470780596137047
Correct 0.03457121178507805,0.03093591518700123,0.05787898972630501,0.0361812449991703
Wrong 0.05606774985790253,0.08074077218770981,0.0894416868686676,0.07726338505744934
Wrong 0.037829622626304626,0.015387741848826408,0.013005328364670277,0.023229165002703667
Wrong 0.07980243861675262,0.11861293017864227,0.12990526854991913,0.14032520353794098
Correct 0.09933397173881531,0.13979651033878326,0.07942485064268112,0.12791849672794342
Wrong 0.0304347462952137,0.031136712059378624,0.016343574970960617,0.020660771057009697
Correct 0.037446029484272,0.025826523080468178,0.11029181629419327,0.03377246484160423
Correct 0.04910572990775108,0.03472588211297989,0.09055039286613464,0.3115614056587219
Correct 0.09068896621465683,0.1489628404378891,0.11230603605508804,0.13358186185359955
Wrong 0.04936419427394867,0.027608957141637802,0.022487621754407883,0.03492121770977974
Correct 0.05851771682500839,0.03331534564495087,0.08555746078491211,0.04625781252980232
Correct 0.031613029539585114,0.053929831832647324,0.031052598729729652,0.027426663786172867
Correct 0.05361028015613556,0.031399331986904144,0.028483599424362183,0.12702645361423492
Wrong 0.03987358510494232,0.02993294596672058,0.02838076651096344,0.042916297912597656
Correct 0.06784991919994354,0.038168102502822876,0.034504275768995285,0.05065392702817917
Wrong 0.03420300781726837,0.016232529655098915,0.0245811827480793,0.026768937706947327
Wrong 0.04354317858815193,0.057364314794540405,0.029782714322209358,0.03537549823522568
Correct 0.02896997332572937,0.016766387969255447,0.0099708940833807,0.016410628333687782
Correct 0.05276596546173096,0.025155138224363327,0.02292102761566639,0.029718153178691864
Wrong 0.09009342640638351,0.08819106221199036,0.10858515650033951,0.08548683673143387
Wrong 0.06706566363573074,0.18826009333133698,0.09253325313329697,0.18625697493553162
Wrong 0.03483756631612778,0.014162999577820301,0.009892216883599758,0.027112888172268867
Correct 0.06791971623897552,0.029721736907958984,0.031163230538368225,0.040998853743076324
Correct 0.07022920250892639,0.045309193432331085,0.030635077506303787,0.07716711610555649
Correct 0.03679801523685455,0.020669467747211456,0.029548928141593933,0.0433339923620224
Wrong 0.05521193891763687,0.032254572957754135,0.03863585740327835,0.05609353631734848
Wrong 0.03861168026924133,0.0345449261367321,0.180202916264534,0.1003873348236084
Correct 0.20930194854736328,0.09816516935825348,0.08244785666465759,0.08178863674402237
Correct 0.015622295439243317,0.0354127436876297,0.008736607618629932,0.009300174191594124
Wrong 0.03696586936712265,0.0351608581840992,0.03229769319295883,0.03718634322285652
Correct 0.17486697435379028,0.14344564080238342,0.07221253216266632,0.10860571265220642
Correct 0.05079391598701477,0.08682835102081299,0.03695753961801529,0.06364098936319351
Wrong 0.04085380584001541,0.013737425208091736,0.017683502286672592,0.01646929420530796
Wrong 0.09447668492794037,0.07113324850797653,0.17220473289489746,0.13826891779899597
Correct 0.036001935601234436,0.02794410102069378,0.026388000696897507,0.07145819067955017
Correct 0.23961298167705536,0.06865660846233368,0.04630305990576744,0.028608568012714386
Correct 0.10202020406723022,0.09888379275798798,0.13365133106708527,0.16607144474983215
Wrong 0.0938284695148468,0.07071433216333389,0.1888631284236908,0.11327031254768372
Correct 0.029543690383434296,0.01967966929078102,0.08336757868528366,0.0550316646695137
Wrong 0.06848126649856567,0.11395786702632904,0.052113328129053116,0.13149447739124298
Wrong 0.05682062357664108,0.028927743434906006,0.030593574047088623,0.042627349495887756
Wrong 0.18589362502098083,0.19402161240577698,0.09334388375282288,0.062157101929187775
Wrong 0.09567461162805557,0.05790003389120102,0.0672633945941925,0.10850656032562256
Correct 0.023387543857097626,0.026166481897234917,0.03236468881368637,0.025913547724485397
Wrong 0.06393516808748245,0.04263947531580925,0.02227821759879589,0.05861763283610344
Wrong 0.05234771966934204,0.02475392445921898,0.015315481461584568,0.025337565690279007
Wrong 0.06123954802751541,0.08810174465179443,0.11003138870000839,0.08895359188318253
Correct 0.07940532267093658,0.14933717250823975,0.08615034818649292,0.06815862655639648
Correct 0.14446207880973816,0.11174579709768295,0.15307612717151642,0.09889544546604156
Wrong 0.09941182285547256,0.10730008780956268,0.13755324482917786,0.11959604173898697
Wrong 0.06262312829494476,0.047041233628988266,0.0607539638876915,0.05567784979939461
Wrong 0.04025072976946831,0.0453818216919899,0.03602718189358711,0.054501038044691086
Correct 0.05548699200153351,0.0800444483757019,0.241275817155838,0.1332215964794159
Wrong 0.05187772959470749,0.048908937722444534,0.049546271562576294,0.06289932131767273
Wrong 0.06198291480541229,0.03900700807571411,0.03260285407304764,0.04452994093298912
Correct 0.04178687557578087,0.04278465360403061,0.028920501470565796,0.07826323062181473
Correct 0.07197263091802597,0.09297710657119751,0.06688132882118225,0.07431769371032715
Correct 0.05165060609579086,0.02762812003493309,0.033498287200927734,0.04098401591181755
Wrong 0.051842667162418365,0.03841088339686394,0.03730342164635658,0.0426638163626194
Correct 0.04680507630109787,0.029846614226698875,0.03547798842191696,0.05982813984155655
Wrong 0.03210456669330597,0.023014772683382034,0.05994676798582077,0.04803009703755379
Correct 0.03476202115416527,0.020446646958589554,0.0333377905189991,0.04966163635253906
Correct 0.15350788831710815,0.11592534929513931,0.18064846098423004,0.1355331838130951
Correct 0.052085913717746735,0.0372043177485466,0.05515705794095993,0.048529379069805145
Wrong 0.03593730181455612,0.02412237599492073,0.0418429970741272,0.036018773913383484
Wrong 0.030953746289014816,0.021871555596590042,0.022946037352085114,0.02638324536383152
Correct 0.058084145188331604,0.03470537066459656,0.03715122118592262,0.042024098336696625
Wrong 0.0768042653799057,0.049241531640291214,0.03445187956094742,0.06957805901765823
Wrong 0.03434097021818161,0.01812801882624626,0.016559336334466934,0.024507896974682808
Wrong 0.05209137499332428,0.029046671465039253,0.027317864820361137,0.05016971379518509
Wrong 0.03376182168722153,0.02726830169558525,0.03721869736909866,0.04177626222372055
Wrong 0.044611454010009766,0.02570829540491104,0.039392173290252686,0.0463431254029274
Wrong 0.09354033321142197,0.14688223600387573,0.17932501435279846,0.16847451031208038
Wrong 0.04575410112738609,0.057753078639507294,0.03896785154938698,0.04104284569621086
Wrong 0.09349866956472397,0.07418960332870483,0.09456823766231537,0.1136866882443428
Wrong 0.03531862795352936,0.0352771133184433,0.04346936196088791,0.06364580988883972
Wrong 0.03660643845796585,0.026861820369958878,0.04943288117647171,0.052581071853637695
Wrong 0.0420311763882637,0.02065131813287735,0.019194871187210083,0.023352742195129395
Correct 0.09411854296922684,0.054753873497247696,0.06512157618999481,0.31061190366744995
Correct 0.04316820576786995,0.05239369720220566,0.025345707312226295,0.026689643040299416
Correct 0.11702023446559906,0.059666771441698074,0.14881429076194763,0.2264624834060669
Correct 0.04166464880108833,0.03817291557788849,0.0367535725235939,0.0692857876420021
Wrong 0.042051129043102264,0.02169618383049965,0.01969151757657528,0.08569113910198212
Correct 0.061571940779685974,0.048901528120040894,0.05250130593776703,0.11847437918186188
Correct 0.054560594260692596,0.02835175395011902,0.03594240918755531,0.03781968727707863
Correct 0.04393134266138077,0.043051525950431824,0.03041676990687847,0.05217764154076576
Wrong 0.10345996916294098,0.1110919713973999,0.06418364495038986,0.13568703830242157
Wrong 0.08662936836481094,0.15113042294979095,0.075319804251194,0.13532376289367676
Correct 0.06665518879890442,0.04249092936515808,0.08796905726194382,0.09356074035167694
Correct 0.020924463868141174,0.020282303914427757,0.017194317653775215,0.019375845789909363
Correct 0.04659759998321533,0.04010656103491783,0.0658751130104065,0.06544695794582367
Wrong 0.07996092736721039,0.11747688800096512,0.09738264977931976,0.13853886723518372
Correct 0.06880156695842743,0.04021373391151428,0.11828535050153732,0.06374803185462952
Correct 0.08056378364562988,0.08636806905269623,0.06544478237628937,0.17242103815078735
Correct 0.09050150215625763,0.06810908019542694,0.08552343398332596,0.16314740478992462
Wrong 0.03139914572238922,0.0724213570356369,0.04974144697189331,0.06286467611789703
Wrong 0.029886549338698387,0.014223277568817139,0.013288088142871857,0.018607914447784424
Wrong 0.041466474533081055,0.021285779774188995,0.026492208242416382,0.0355355367064476
Wrong 0.04457329213619232,0.030312981456518173,0.036123692989349365,0.034099679440259933
Wrong 0.026144787669181824,0.02250761352479458,0.011091058142483234,0.0198285561054945
Wrong 0.05073188617825508,0.022859159857034683,0.018596850335597992,0.044691674411296844
Wrong 0.08126047253608704,0.07870844006538391,0.11290298402309418,0.23221279680728912
Wrong 0.0920460969209671,0.09819852560758591,0.24014820158481598,0.09686712920665741
Wrong 0.05953293293714523,0.03245982900261879,0.05961412191390991,0.0265357568860054
Wrong 0.09353239834308624,0.07007080316543579,0.04851798713207245,0.0423867404460907
Correct 0.08131571114063263,0.03961440175771713,0.047185078263282776,0.0901484489440918
Correct 0.07424803823232651,0.06651204824447632,0.21349981427192688,0.09678088128566742
Correct 0.10633698105812073,0.1707540899515152,0.09414200484752655,0.0795082151889801
Wrong 0.05665898323059082,0.03115541860461235,0.04958571493625641,0.05492126941680908
Wrong 0.04465152323246002,0.029452450573444366,0.08335684984922409,0.03851395845413208
Wrong 0.03823839873075485,0.036649733781814575,0.04560188949108124,0.04881734773516655
Correct 0.05420584976673126,0.2721496522426605,0.07170484215021133,0.04502449184656143
Correct 0.047963470220565796,0.1848655343055725,0.02773035317659378,0.09273326396942139
Wrong 0.05626106262207031,0.0410987064242363,0.03501354157924652,0.0462474562227726
Wrong 0.050051249563694,0.020684100687503815,0.0416572168469429,0.04326656460762024
Correct 0.05812176316976547,0.047289952635765076,0.10348255932331085,0.05861467868089676
Wrong 0.06801508367061615,0.1039624884724617,0.11715112626552582,0.14726638793945312
Correct 0.03699982538819313,0.03412194550037384,0.04611669480800629,0.03513767197728157
Correct 0.028157707303762436,0.01136421225965023,0.014759313315153122,0.018668031319975853
Correct 0.02763371914625168,0.020024552941322327,0.027750208973884583,0.12373825162649155
Wrong 0.07875645160675049,0.04373713210225105,0.06806422024965286,0.08175094425678253
Correct 0.06664805114269257,0.03801131248474121,0.03511732071638107,0.049755923449993134
Wrong 0.05638933926820755,0.04612845554947853,0.048519574105739594,0.08787889778614044
Correct 0.04647646099328995,0.038174986839294434,0.04654935002326965,0.042132697999477386
Wrong 0.06435088813304901,0.045422639697790146,0.05729127675294876,0.07804971188306808
Wrong 0.06910262256860733,0.051163941621780396,0.10010402649641037,0.06783746927976608
Wrong 0.05914730578660965,0.03500755876302719,0.044111110270023346,0.07883071899414062
Correct 0.06506259739398956,0.059150580316782,0.08904784917831421,0.05515061318874359
Wrong 0.045497532933950424,0.01838601380586624,0.014579166658222675,0.02082476019859314
Wrong 0.09105052053928375,0.09209349006414413,0.05756251513957977,0.09220084547996521
Correct 0.10333829373121262,0.2450433075428009,0.05291812866926193,0.06594555824995041
Wrong 0.035250984132289886,0.010530528612434864,0.0074281394481658936,0.016053739935159683
Correct 0.12476981431245804,0.07211941480636597,0.057063452899456024,0.11103255301713943
Wrong 0.12531937658786774,0.08191560208797455,0.1788163185119629,0.1537889689207077
Correct 0.047963157296180725,0.053880855441093445,0.03946378827095032,0.043724291026592255
Correct 0.01462075486779213,0.015287118032574654,0.0197948906570673,0.03190053254365921
Wrong 0.05620747059583664,0.02904598042368889,0.0214451365172863,0.04322080686688423
Wrong 0.06997619569301605,0.12465105950832367,0.06497395038604736,0.21542894840240479
Wrong 0.1964207887649536,0.137283056974411,0.025898586958646774,0.24334831535816193
Correct 0.050703778862953186,0.03020920231938362,0.03977184370160103,0.07679449021816254
Wrong 0.08199708163738251,0.09672576189041138,0.10609584301710129,0.11400599777698517
Wrong 0.03642096370458603,0.06243215873837471,0.0353424996137619,0.04366208240389824
Wrong 0.02973676472902298,0.018110398203134537,0.029149632900953293,0.029065709561109543
Correct 0.08675813674926758,0.05231427401304245,0.1010182797908783,0.09076312184333801
Correct 0.05816435068845749,0.024646881967782974,0.07992089539766312,0.058685675263404846
Correct 0.06041853129863739,0.048555828630924225,0.027695251628756523,0.03516213223338127
Wrong 0.02797763980925083,0.03397011011838913,0.020531341433525085,0.05372055619955063
Correct 0.11704374849796295,0.06498986482620239,0.07586714625358582,0.08850826323032379
Wrong 0.016591543331742287,0.008766869083046913,0.007753671146929264,0.01148963812738657
Correct 0.04976557195186615,0.02629396691918373,0.026082875207066536,0.03375036269426346
Wrong 0.052022021263837814,0.031015582382678986,0.031644050031900406,0.13791298866271973
Correct 0.02451072260737419,0.018443699926137924,0.022338906303048134,0.0943123996257782
Wrong 0.059504956007003784,0.018367629498243332,0.021646974608302116,0.025193076580762863
Correct 0.08580891788005829,0.1640201359987259,0.1210368350148201,0.12631885707378387
Wrong 0.05625705048441887,0.03944512456655502,0.07279734313488007,0.05364970862865448
Wrong 0.039122119545936584,0.030347909778356552,0.016604773700237274,0.028246186673641205
Wrong 0.043515391647815704,0.027768690139055252,0.025403982028365135,0.03814462572336197
Correct 0.0665561854839325,0.11239920556545258,0.13941749930381775,0.09243462234735489
Correct 0.04125635325908661,0.04128403589129448,0.04170292243361473,0.04655349254608154
Wrong 0.05876908078789711,0.03555696830153465,0.03042304515838623,0.03482130169868469
Wrong 0.059388093650341034,0.03485032916069031,0.054727837443351746,0.04148092493414879
Wrong 0.04719015210866928,0.029535427689552307,0.028510302305221558,0.04099675640463829
Correct 0.0813235491514206,0.07517214119434357,0.0624663271009922,0.1008526012301445
Wrong 0.039513930678367615,0.027683047577738762,0.015252306126058102,0.05441544950008392
Wrong 0.026061486452817917,0.02414037100970745,0.01599775068461895,0.02791764959692955
Wrong 0.04014761000871658,0.03103906847536564,0.014013423584401608,0.023221053183078766
Wrong 0.02459816262125969,0.011064756661653519,0.008300721645355225,0.01404714398086071
Correct 0.058619074523448944,0.14088991284370422,0.10820075124502182,0.09002707898616791
Wrong 0.0634051263332367,0.030398480594158173,0.04621599242091179,0.04685705155134201
Wrong 0.10259707272052765,0.06951798498630524,0.11659927666187286,0.270372599363327
Correct 0.07301994413137436,0.05077663064002991,0.03549277409911156,0.05396434664726257
Correct 0.11537325382232666,0.09484264999628067,0.056800924241542816,0.08306050300598145
Wrong 0.08774185180664062,0.051598746329545975,0.06483307480812073,0.0784585103392601
Wrong 0.03461240231990814,0.009503103792667389,0.008644026704132557,0.021333452314138412
Wrong 0.05207826942205429,0.04749508202075958,0.025052107870578766,0.04435087740421295
Wrong 0.13797304034233093,0.11874908208847046,0.07942002266645432,0.1525936722755432
Correct 0.045443370938301086,0.041256383061409,0.016095824539661407,0.026927774772047997
Correct 0.08801781386137009,0.0765654668211937,0.24988213181495667,0.1531374454498291
Wrong 0.06414113938808441,0.11552400141954422,0.10970649123191833,0.051833800971508026
Wrong 0.05702829733490944,0.18911497294902802,0.07808680832386017,0.18512839078903198
Correct 0.09446264058351517,0.12765511870384216,0.1479298323392868,0.13201524317264557
Correct 0.11995161324739456,0.0776493027806282,0.1374843418598175,0.2747834622859955
Correct 0.029340624809265137,0.014930249191820621,0.027056602761149406,0.023468097671866417
Wrong 0.078111931681633,0.07225203514099121,0.058470629155635834,0.08959632366895676
Wrong 0.07705242931842804,0.1706390678882599,0.12810102105140686,0.1729838103055954
Correct 0.07500243186950684,0.020796500146389008,0.011723383329808712,0.019548635929822922
Correct 0.05508304014801979,0.02773319184780121,0.06174734607338905,0.03838513791561127
Correct 0.0959799736738205,0.07834064960479736,0.06388106942176819,0.11240534484386444
Correct 0.1092638224363327,0.09115424752235413,0.12309128046035767,0.1502707302570343
Wrong 0.04705198481678963,0.029207512736320496,0.03426407650113106,0.03704071417450905
Correct 0.16170065104961395,0.05336752533912659,0.2346242368221283,0.047510385513305664
Wrong 0.03843589127063751,0.03660738468170166,0.030569560825824738,0.03722039610147476
Correct 0.03159688413143158,0.02975962869822979,0.22288110852241516,0.0499391183257103
Correct 0.06956492364406586,0.055686790496110916,0.07778182625770569,0.05299524962902069
Correct 0.025154171511530876,0.03998475521802902,0.017139982432127,0.02287519909441471
Correct 0.04530267044901848,0.028159596025943756,0.02984674647450447,0.03684592247009277
Wrong 0.067980095744133,0.031109493225812912,0.028059221804142,0.03772260993719101
Correct 0.045722417533397675,0.03013687953352928,0.1390257030725479,0.03155650570988655
Wrong 0.0640527755022049,0.03959260135889053,0.042251694947481155,0.08684561401605606
Wrong 0.10110102593898773,0.13496214151382446,0.15341505408287048,0.126949280500412
Correct 0.03041735664010048,0.03535504639148712,0.1255718171596527,0.09495984017848969
Wrong 0.026619281619787216,0.013920411467552185,0.021450717002153397,0.015771761536598206
Wrong 0.09419048577547073,0.12364506721496582,0.2116088569164276,0.14494121074676514
Wrong 0.08549322932958603,0.11747252941131592,0.09118780493736267,0.07470069825649261
Correct 0.031218355521559715,0.022396106272935867,0.027542350813746452,0.029868196696043015
Wrong 0.043690383434295654,0.023569338023662567,0.03657706454396248,0.060525234788656235
Correct 0.020854586735367775,0.05641923099756241,0.023661816492676735,0.03478935360908508
Wrong 0.04676271975040436,0.06725150346755981,0.05305785685777664,0.0664513111114502
Wrong 0.11462610960006714,0.06917882710695267,0.16816189885139465,0.1501566618680954
Correct 0.03285939618945122,0.033837370574474335,0.18106523156166077,0.06018462032079697
Wrong 0.0573904812335968,0.04709015041589737,0.049027882516384125,0.061056867241859436
Wrong 0.0652334988117218,0.0566864088177681,0.04476160928606987,0.04701903089880943
Wrong 0.05057729035615921,0.039323076605796814,0.040231041610240936,0.0543033704161644
Wrong 0.06744076311588287,0.07863888144493103,0.09944507479667664,0.14404582977294922
Wrong 0.02061629295349121,0.011888831853866577,0.008866745047271252,0.018964609131217003
Wrong 0.24175061285495758,0.08119330555200577,0.06266822665929794,0.09245709329843521
Wrong 0.0924253761768341,0.12129513919353485,0.12912216782569885,0.15184278786182404
Wrong 0.028219247236847878,0.02038152515888214,0.04467477649450302,0.026933463290333748
Wrong 0.08092261850833893,0.050251834094524384,0.03730115294456482,0.04332541301846504
Correct 0.04976821690797806,0.05433996021747589,0.05309087038040161,0.06727291643619537
Correct 0.06902001798152924,0.06194910407066345,0.10062558948993683,0.2553130090236664
Correct 0.04696398600935936,0.0275423601269722,0.03687595576047897,0.07101907581090927
Correct 0.046621739864349365,0.06925646960735321,0.038788553327322006,0.0334012508392334
Wrong 0.04846232756972313,0.06994306296110153,0.04533444717526436,0.06567741930484772
Wrong 0.02925005927681923,0.012482709251344204,0.011413279920816422,0.016025541350245476
Correct 0.04486653953790665,0.022980384528636932,0.025730127468705177,0.03270065039396286
Correct 0.21477624773979187,0.03999718651175499,0.08445437252521515,0.072716623544693
Correct 0.06828996539115906,0.040083203464746475,0.045432861894369125,0.08983763307332993
Wrong 0.03356926143169403,0.017150191590189934,0.015444707125425339,0.024830253794789314
Wrong 0.04537336528301239,0.02625899761915207,0.03891771286725998,0.0663963183760643
Correct 0.014027778059244156,0.005340320989489555,0.006573852617293596,0.015263300389051437
Wrong 0.07427583634853363,0.055512309074401855,0.11048624664545059,0.06805477291345596
Wrong 0.042546115815639496,0.04281872510910034,0.027341807261109352,0.05177285894751549
Correct 0.05873188003897667,0.023080168291926384,0.013387433253228664,0.0293927900493145
Correct 0.00800981093198061,0.0025877768639475107,0.0017018779180943966,0.00501053174957633
Wrong 0.1642068326473236,0.11233793199062347,0.07659309357404709,0.19894090294837952
Wrong 0.05709243193268776,0.04450935870409012,0.06575541198253632,0.06475473195314407
Wrong 0.06750356405973434,0.030115127563476562,0.031436704099178314,0.051574233919382095
Wrong 0.035569269210100174,0.022340619936585426,0.02108517289161682,0.03120962157845497
Correct 0.03705069422721863,0.024203646928071976,0.08497458696365356,0.0385327972471714
Correct 0.026924211531877518,0.014842085540294647,0.014047982171177864,0.01913040690124035
Correct 0.0756179615855217,0.04243672266602516,0.06990879774093628,0.06294967979192734
Correct 0.033543024212121964,0.04817848652601242,0.03663519769906998,0.11602291464805603
Correct 0.0899253711104393,0.10273948311805725,0.10142309218645096,0.24945509433746338
Correct 0.045867204666137695,0.16745975613594055,0.030813850462436676,0.04084308072924614
Correct 0.02943510189652443,0.010753054171800613,0.011517460457980633,0.017232820391654968
Wrong 0.1075926423072815,0.07126642018556595,0.08080533146858215,0.12577059864997864
Wrong 0.11482363939285278,0.11894650757312775,0.10152934491634369,0.11725851893424988
Correct 0.05592271313071251,0.029069028794765472,0.015802115201950073,0.03323065862059593
Correct 0.05477668717503548,0.04018136486411095,0.045711785554885864,0.0803607851266861
Wrong 0.06671033799648285,0.19626282155513763,0.1122719943523407,0.08903095126152039
Wrong 0.08180523663759232,0.2148280292749405,0.09181806445121765,0.17457109689712524
Wrong 0.06356513500213623,0.047933418303728104,0.032433733344078064,0.05670955032110214
Correct 0.06360240280628204,0.08845765143632889,0.1953413486480713,0.058210067451000214
Correct 0.13580815494060516,0.07655665278434753,0.11532145738601685,0.08877027034759521
Wrong 0.01659020408987999,0.007825471460819244,0.008308045566082,0.010609453544020653
Correct 0.04304375499486923,0.04791387915611267,0.03636699914932251,0.043261267244815826
Correct 0.03942155838012695,0.0313049852848053,0.033015333116054535,0.19494107365608215
Correct 0.06190253794193268,0.028216050937771797,0.023756438866257668,0.03170137107372284
Correct 0.06706662476062775,0.11738243699073792,0.21902742981910706,0.11677195131778717
Wrong 0.10718315839767456,0.08444614708423615,0.24374991655349731,0.18569953739643097
Correct 0.06524743139743805,0.02732454240322113,0.025456249713897705,0.041867151856422424
Wrong 0.08477132767438889,0.15172818303108215,0.08572109043598175,0.2758053243160248
Correct 0.07459625601768494,0.042801398783922195,0.05432412773370743,0.051513850688934326
Wrong 0.06384918093681335,0.059528008103370667,0.059958744794130325,0.051246121525764465
Correct 0.07348553836345673,0.04011403024196625,0.057013921439647675,0.06263099610805511
Correct 0.026577502489089966,0.025398151949048042,0.029771191999316216,0.033793289214372635
Correct 0.03075811266899109,0.02293222025036812,0.12669679522514343,0.03536948561668396
Correct 0.019629336893558502,0.019789449870586395,0.012591512873768806,0.018567588180303574
Correct 0.05291546508669853,0.12050523608922958,0.03132620453834534,0.2401447296142578
Wrong 0.02877812832593918,0.012178524397313595,0.01407718751579523,0.020189084112644196
Correct 0.07973893731832504,0.06023840233683586,0.04914166033267975,0.12046188116073608
Wrong 0.0911145955324173,0.06164884567260742,0.3133731186389923,0.07916288077831268
Wrong 0.07221725583076477,0.052354589104652405,0.04502438008785248,0.10803325474262238
Wrong 0.010414987802505493,0.003230324015021324,0.0036235053557902575,0.0033133351244032383
Correct 0.11464536190032959,0.09796418249607086,0.08593229949474335,0.18723265826702118
Wrong 0.03222300484776497,0.013136480003595352,0.014551034197211266,0.02263827435672283
Correct 0.12020561099052429,0.08982689678668976,0.14500367641448975,0.11123009026050568
Wrong 0.05447796359658241,0.13815954327583313,0.04493559151887894,0.03814992681145668
Wrong 0.04556173086166382,0.033598873764276505,0.025935743004083633,0.051209285855293274
Wrong 0.06577789783477783,0.074178546667099,0.09209023416042328,0.08684640377759933
Correct 0.035903945565223694,0.02481415681540966,0.06332436949014664,0.05002906918525696
Wrong 0.08571581542491913,0.13693852722644806,0.09771120548248291,0.0531158521771431
Wrong 0.05860867351293564,0.03350435942411423,0.041863176971673965,0.10465911030769348
Wrong 0.02095487155020237,0.009816981852054596,0.011853002943098545,0.013753930106759071
Wrong 0.054759431630373,0.05129465088248253,0.059587545692920685,0.048910968005657196
Wrong 0.038198500871658325,0.03707189857959747,0.019102737307548523,0.022481311112642288
Correct 0.01808950863778591,0.025712428614497185,0.012880074791610241,0.022434063255786896
Wrong 0.058371514081954956,0.03624674677848816,0.03298749402165413,0.05133398622274399
Correct 0.029030892997980118,0.022546254098415375,0.037149302661418915,0.030070699751377106
Correct 0.05112612992525101,0.030960965901613235,0.028826184570789337,0.04664679616689682
Wrong 0.20821289718151093,0.03470035269856453,0.08126191049814224,0.042232267558574677
Wrong 0.10813192278146744,0.18724244832992554,0.1286497414112091,0.17826597392559052
Wrong 0.171081081032753,0.11541011929512024,0.15989483892917633,0.1113031730055809
Wrong 0.06037996709346771,0.05640137940645218,0.04039140045642853,0.03334552049636841
Correct 0.17374509572982788,0.24925930798053741,0.1481892466545105,0.12162929773330688
Correct 0.08366119116544724,0.09120050817728043,0.2111060917377472,0.2052464783191681
Correct 0.08248812705278397,0.05350913479924202,0.17749379575252533,0.09891289472579956
Correct 0.08792870491743088,0.047042116522789,0.04020905867218971,0.10615262389183044
Wrong 0.043490611016750336,0.024819951504468918,0.023256879299879074,0.030780844390392303
Correct 0.09414345771074295,0.044902503490448,0.06045990437269211,0.04944143444299698
Correct 0.06966381520032883,0.056689079850912094,0.04009188339114189,0.04521539434790611
Wrong 0.12304365634918213,0.15955060720443726,0.21955421566963196,0.06656751036643982
Wrong 0.03742010518908501,0.025964800268411636,0.018943434581160545,0.04743439704179764
Correct 0.04574594274163246,0.061393409967422485,0.0374404713511467,0.029896588996052742
Correct 0.018499705940485,0.012468627654016018,0.02316451445221901,0.062677301466465
Wrong 0.08204805850982666,0.05823022127151489,0.07343457639217377,0.09570002555847168
Correct 0.06975279748439789,0.2674855589866638,0.07439340651035309,0.0667826235294342
Correct 0.031435396522283554,0.018341053277254105,0.07664768397808075,0.03224903345108032
Correct 0.07991182804107666,0.050011277198791504,0.0385676808655262,0.06179731339216232
Wrong 0.07391185313463211,0.07590019702911377,0.0497346930205822,0.10719144344329834
Correct 0.036821674555540085,0.033526379615068436,0.019250208511948586,0.03229600563645363
Wrong 0.05546271800994873,0.035005029290914536,0.035039812326431274,0.061186887323856354
Wrong 0.025607381016016006,0.016807394102215767,0.013668474741280079,0.02933751791715622
Wrong 0.049153462052345276,0.06263768672943115,0.05364857614040375,0.06964704394340515
Correct 0.08795170485973358,0.1918022483587265,0.06892856955528259,0.139537513256073
Wrong 0.061676595360040665,0.052363961935043335,0.04638778418302536,0.05660242959856987
Wrong 0.0399991050362587,0.030633797869086266,0.028587035834789276,0.05426517874002457
Wrong 0.11060181260108948,0.24314801394939423,0.0796835869550705,0.17343857884407043
Wrong 0.10166682302951813,0.20330911874771118,0.16646097600460052,0.1485564112663269
Correct 0.015236007049679756,0.009335793554782867,0.015416977927088737,0.0363953672349453
Correct 0.04057251662015915,0.028045926243066788,0.08278295397758484,0.041156020015478134
Correct 0.07257483154535294,0.09679995477199554,0.04425373300909996,0.09318961203098297
Wrong 0.07863406836986542,0.21109718084335327,0.13821426033973694,0.1291331946849823
Wrong 0.05275658518075943,0.027982551604509354,0.039393555372953415,0.05634748935699463
Correct 0.06627389043569565,0.031730011105537415,0.028577227145433426,0.03482908010482788
Wrong 0.020919498056173325,0.012525418773293495,0.010730898939073086,0.012505059130489826
Wrong 0.06298511475324631,0.03907535597681999,0.027672363445162773,0.060375578701496124
Wrong 0.08811063319444656,0.054106760770082474,0.06737010180950165,0.07113248109817505
Correct 0.04416940361261368,0.024403642863035202,0.38987433910369873,0.08037417382001877
Correct 0.04260416328907013,0.0200162585824728,0.029607709497213364,0.029221847653388977
Correct 0.14540499448776245,0.12919260561466217,0.21447767317295074,0.15280695259571075
Correct 0.05867885425686836,0.04609556868672371,0.0610785111784935,0.047549013048410416
Wrong 0.03844616562128067,0.041846368461847305,0.04547088220715523,0.04045172035694122
Wrong 0.05110015347599983,0.030328329652547836,0.04752448573708534,0.05017060786485672
Correct 0.07570827007293701,0.08812396228313446,0.2197575569152832,0.07635696232318878
Wrong 0.11215556412935257,0.11191613972187042,0.11440733820199966,0.12077877670526505
Correct 0.08840633183717728,0.073704794049263,0.2496609091758728,0.10607358813285828
Wrong 0.12970398366451263,0.0750446617603302,0.0752958208322525,0.19865728914737701
Wrong 0.051648013293743134,0.043662458658218384,0.028501898050308228,0.06670625507831573
Correct 0.053159475326538086,0.03776294365525246,0.06855733692646027,0.04106657952070236
Wrong 0.05072023719549179,0.032177507877349854,0.019910339266061783,0.031493090093135834
Correct 0.054199717938899994,0.03976891189813614,0.06407824903726578,0.06152362376451492
Correct 0.04595969244837761,0.14703774452209473,0.03230198845267296,0.05999212712049484
Correct 0.11321429908275604,0.12126561999320984,0.16167087852954865,0.18638062477111816
Wrong 0.035043004900217056,0.020549580454826355,0.030833108350634575,0.05305229127407074
Wrong 0.0628681629896164,0.04623771086335182,0.05626903846859932,0.06572544574737549
Correct 0.060200415551662445,0.046019747853279114,0.04450508952140808,0.09800595045089722
Wrong 0.06153876334428787,0.03598135709762573,0.035500817000865936,0.045723315328359604
Wrong 0.027470320463180542,0.016281278803944588,0.01852731965482235,0.025844158604741096
Correct 0.04321940988302231,0.03122270107269287,0.016994064673781395,0.026025116443634033
Wrong 0.02529359608888626,0.011348863132297993,0.014532115310430527,0.016813457012176514
Wrong 0.0510714128613472,0.031666502356529236,0.0468091182410717,0.0503598228096962
Correct 0.03476043790578842,0.023924488574266434,0.02610163390636444,0.04405134543776512
Correct 0.11293838918209076,0.08247575163841248,0.3013330101966858,0.10242220014333725
Correct 0.068674735724926,0.10605378448963165,0.0571691133081913,0.107642762362957
Wrong 0.016798075288534164,0.010510268621146679,0.008977659977972507,0.011404072865843773
Correct 0.12254860997200012,0.07624620944261551,0.06470227986574173,0.1923207938671112
Wrong 0.05800183117389679,0.032009948045015335,0.07320805639028549,0.05351467803120613
Wrong 0.08530975133180618,0.053017083555459976,0.059773195534944534,0.25261980295181274
Wrong 0.03916194289922714,0.03424520790576935,0.04341074824333191,0.04506044089794159
Correct 0.037705980241298676,0.023080948740243912,0.033382169902324677,0.10294209420681
Wrong 0.07766871899366379,0.1316002756357193,0.1242484450340271,0.13269385695457458
Wrong 0.03630692511796951,0.03281455859541893,0.05635850131511688,0.05581074580550194
Wrong 0.05620751157402992,0.053994759917259216,0.04370569437742233,0.10069911181926727
Correct 0.06238899379968643,0.021267332136631012,0.019401859492063522,0.04008150100708008
Correct 0.057129476219415665,0.0996045172214508,0.09178587794303894,0.05812203884124756
Correct 0.05540861934423447,0.03203516826033592,0.02828536182641983,0.07211706787347794
Wrong 0.09679130464792252,0.07669708132743835,0.05710935965180397,0.12712548673152924
Wrong 0.13213852047920227,0.09033332020044327,0.07689394801855087,0.08674900978803635
Correct 0.09571301937103271,0.14713454246520996,0.09346969425678253,0.08230318874120712
Wrong 0.08095286786556244,0.06728555262088776,0.10451753437519073,0.14912588894367218
Correct 0.04226081073284149,0.016237879171967506,0.015362512320280075,0.02643795683979988
Correct 0.08648684620857239,0.06824629008769989,0.14198070764541626,0.18746304512023926
Correct 0.07399193197488785,0.050524305552244186,0.03441217914223671,0.030533643439412117
Wrong 0.04541056975722313,0.031824130564928055,0.022788148373365402,0.03667261451482773
