grade confidence_levels
Wrong 15.80567455291748,16.12388801574707,15.975298881530762,15.80261516571045
Correct 15.682466506958008,14.662511825561523,14.516528129577637,15.092500686645508
Wrong 15.484854698181152,14.726845741271973,14.557291984558105,14.676482200622559
Wrong 13.955000877380371,13.452913284301758,13.071756362915039,13.652802467346191
Wrong 14.776507377624512,14.046515464782715,14.057602882385254,14.557315826416016
Correct 14.653940200805664,13.93824291229248,14.97733211517334,14.928535461425781
Correct 13.464531898498535,12.75249195098877,12.827164649963379,13.281646728515625
Correct 14.299860954284668,13.538177490234375,14.365674018859863,15.131658554077148
Wrong 14.65997314453125,14.45828628540039,14.02985954284668,14.142558097839355
Wrong 15.145549774169922,14.785566329956055,14.857534408569336,14.949055671691895
Correct 14.504280090332031,13.788541793823242,13.682903289794922,14.019669532775879
Correct 14.314849853515625,15.521315574645996,13.935032844543457,14.775840759277344
Wrong 14.478288650512695,14.119534492492676,13.778865814208984,14.275912284851074
Wrong 14.237720489501953,13.728008270263672,13.820432662963867,13.86958122253418
Correct 14.040221214294434,16.07457160949707,14.194154739379883,14.66577434539795
Correct 15.880098342895508,14.84358024597168,14.579827308654785,15.317197799682617
Wrong 15.229166984558105,14.534358024597168,14.563159942626953,14.741687774658203
Wrong 14.763628959655762,13.635995864868164,13.675641059875488,13.759894371032715
Correct 15.007529258728027,14.585470199584961,14.076544761657715,15.046268463134766
Correct 15.388954162597656,15.111311912536621,15.460022926330566,15.833624839782715
Wrong 14.748763084411621,14.758857727050781,14.8064546585083,15.218001365661621
Wrong 14.62054443359375,14.82729721069336,14.312701225280762,15.246529579162598
Wrong 15.018640518188477,14.325543403625488,14.155616760253906,14.947726249694824
Correct 15.05491828918457,14.153426170349121,13.59878921508789,15.36780071258545
Wrong 15.711345672607422,15.167474746704102,15.659564971923828,16.298877716064453
Wrong 15.195696830749512,14.20773696899414,13.768436431884766,14.812623023986816
Wrong 15.078774452209473,14.911003112792969,14.418161392211914,14.875500679016113
Wrong 14.923095703125,13.947338104248047,13.932116508483887,14.374690055847168
Correct 15.38200569152832,14.753405570983887,14.268506050109863,14.699166297912598
Wrong 14.388790130615234,14.066198348999023,13.579337120056152,14.082294464111328
Wrong 14.432023048400879,13.916434288024902,13.892743110656738,14.108251571655273
Wrong 15.29443645477295,14.618099212646484,14.477593421936035,14.970605850219727
Wrong 14.566139221191406,13.914505958557129,13.703818321228027,13.979363441467285
Correct 14.076056480407715,14.80761432647705,13.956354141235352,14.680740356445312
Wrong 14.792704582214355,14.20786190032959,13.940430641174316,14.407755851745605
Correct 15.065340042114258,15.642395973205566,14.52885627746582,15.173035621643066
Correct 15.177543640136719,14.506271362304688,15.236185073852539,14.442150115966797
Wrong 14.544740676879883,14.168363571166992,13.886866569519043,14.484159469604492
Wrong 14.475842475891113,13.87289047241211,13.609904289245605,14.09461498260498
Wrong 14.916582107543945,14.428670883178711,14.170228004455566,14.598555564880371
Correct 15.090198516845703,14.897675514221191,14.847274780273438,15.379449844360352
Wrong 15.730325698852539,15.273333549499512,15.331014633178711,15.815929412841797
Correct 14.676621437072754,14.204484939575195,13.826287269592285,14.778820991516113
Wrong 15.012179374694824,14.46979808807373,14.208139419555664,14.753127098083496
Correct 15.30392074584961,15.172654151916504,16.315521240234375,15.782941818237305
Correct 14.28093147277832,14.039571762084961,13.889802932739258,14.176802635192871
Wrong 15.024454116821289,14.96835994720459,14.368948936462402,14.792211532592773
Wrong 14.884401321411133,14.669053077697754,14.234293937683105,14.954144477844238
Correct 14.737485885620117,15.248595237731934,14.10715103149414,15.691864013671875
Correct 15.537931442260742,14.79190444946289,14.100804328918457,15.575052261352539
Correct 14.213728904724121,13.805893898010254,13.578746795654297,14.091842651367188
Correct 16.11743927001953,15.225789070129395,16.38645362854004,16.125289916992188
Correct 14.386605262756348,15.060517311096191,14.119572639465332,14.42376708984375
Wrong 13.941123962402344,13.66285514831543,13.551694869995117,13.70291519165039
Correct 15.036561012268066,15.314469337463379,14.887199401855469,15.137157440185547
Wrong 12.810443878173828,11.879090309143066,11.68016242980957,11.775819778442383
Correct 14.947785377502441,14.442193984985352,16.682262420654297,16.047306060791016
Wrong 15.462027549743652,14.840201377868652,14.582874298095703,15.320786476135254
Correct 14.913869857788086,16.11309814453125,16.547691345214844,14.780279159545898
Wrong 15.077567100524902,14.168292045593262,14.177458763122559,14.599568367004395
Correct 14.056706428527832,13.487569808959961,13.15218734741211,14.368441581726074
Wrong 14.932221412658691,14.32370376586914,13.844338417053223,14.561610221862793
Wrong 15.933709144592285,15.768869400024414,15.240256309509277,15.723689079284668
Correct 14.097343444824219,13.633426666259766,13.536422729492188,14.8562593460083
Wrong 14.637635231018066,14.43234634399414,13.879659652709961,14.275059700012207
Wrong 13.300020217895508,12.667518615722656,12.77862548828125,12.935576438903809
Correct 14.716139793395996,14.934456825256348,14.485748291015625,14.773504257202148
Correct 15.647530555725098,14.790247917175293,14.299180030822754,17.03546905517578
Wrong 15.442935943603516,15.012520790100098,14.772225379943848,15.235257148742676
Wrong 14.626836776733398,13.872304916381836,13.858782768249512,13.997138023376465
Wrong 15.361738204956055,15.001191139221191,14.803877830505371,15.031786918640137
Correct 15.238908767700195,16.44927215576172,15.545968055725098,15.131142616271973
Wrong 14.452140808105469,14.52572250366211,14.516647338867188,14.535767555236816
Correct 14.087093353271484,13.367270469665527,13.237340927124023,13.720564842224121
Wrong 15.127741813659668,14.053400039672852,14.745282173156738,15.06213092803955
Correct 14.656113624572754,13.881340026855469,13.72773265838623,14.267449378967285
Correct 15.062724113464355,14.721250534057617,14.45943832397461,14.593180656433105
Wrong 15.402060508728027,15.092142105102539,15.018865585327148,15.335326194763184
Wrong 15.451723098754883,15.074872016906738,15.108781814575195,15.43620491027832
Wrong 14.893508911132812,14.561331748962402,14.08236312866211,14.585991859436035
Correct 15.561243057250977,16.172258377075195,15.404038429260254,15.681498527526855
Correct 14.226658821105957,13.835512161254883,13.509542465209961,13.828675270080566
Wrong 14.722336769104004,14.984047889709473,14.149243354797363,15.309221267700195
Wrong 15.19013500213623,14.503901481628418,15.185035705566406,14.49333381652832
Wrong 14.972923278808594,14.144070625305176,14.361599922180176,14.433070182800293
Correct 14.391800880432129,14.047219276428223,13.832234382629395,14.608470916748047
Wrong 14.557169914245605,13.840547561645508,14.246001243591309,14.404195785522461
Correct 15.114826202392578,14.630488395690918,14.305989265441895,14.868366241455078
Correct 15.167733192443848,14.750508308410645,15.214653015136719,15.756986618041992
Wrong 14.090804100036621,13.63637924194336,13.231980323791504,13.608820915222168
Wrong 13.713708877563477,13.01873779296875,13.219192504882812,14.333115577697754
Correct 14.902965545654297,14.114627838134766,15.650848388671875,15.345565795898438
Wrong 15.100902557373047,15.296879768371582,14.734115600585938,15.253217697143555
Wrong 14.991976737976074,14.565064430236816,14.125951766967773,14.571675300598145
Wrong 14.322803497314453,14.367234230041504,14.171270370483398,14.405924797058105
Wrong 13.861760139465332,13.939306259155273,13.414289474487305,13.635018348693848
Wrong 13.335287094116211,13.058204650878906,13.019603729248047,13.494978904724121
Wrong 15.767023086547852,15.174772262573242,15.956100463867188,15.997041702270508
Correct 14.424016952514648,16.3917293548584,14.330418586730957,14.91382122039795
Correct 15.726850509643555,15.922985076904297,15.751546859741211,15.411369323730469
Wrong 15.080167770385742,14.632765769958496,14.410155296325684,14.667792320251465
Correct 15.367446899414062,15.613737106323242,14.903646469116211,15.070497512817383
Correct 14.939932823181152,13.407928466796875,13.068912506103516,13.69060230255127
Wrong 14.474930763244629,13.748611450195312,13.802796363830566,14.068586349487305
Correct 14.295926094055176,14.9218111038208,14.022808074951172,14.2509183883667
Wrong 13.877655029296875,13.227655410766602,13.169142723083496,13.225914001464844
Correct 14.756451606750488,14.158323287963867,14.101526260375977,14.49263858795166
Wrong 14.91650390625,14.41074275970459,14.97000503540039,14.776594161987305
Correct 15.540756225585938,15.74773120880127,15.489158630371094,15.070221900939941
Correct 14.568050384521484,14.271469116210938,14.789338111877441,14.769562721252441
Wrong 15.476872444152832,14.94907283782959,15.452842712402344,15.45297622680664
Wrong 15.637401580810547,15.0516939163208,14.838665962219238,15.220399856567383
Correct 15.478639602661133,15.380037307739258,15.68531322479248,15.552217483520508
Wrong 14.001944541931152,15.357829093933105,13.57170581817627,14.534859657287598
Correct 15.609334945678711,15.671674728393555,15.225772857666016,15.613692283630371
Correct 14.606940269470215,14.159109115600586,14.34726333618164,14.759171485900879
Correct 15.94798469543457,14.607961654663086,13.794931411743164,14.456111907958984
Wrong 14.159783363342285,13.893387794494629,13.62364673614502,14.113946914672852
Correct 15.419607162475586,15.24467945098877,14.772074699401855,15.409184455871582
Correct 14.291205406188965,13.9611177444458,13.811480522155762,15.836700439453125
Wrong 15.221718788146973,14.960103988647461,15.252199172973633,15.205130577087402
Wrong 14.793516159057617,13.98302173614502,13.687820434570312,14.188252449035645
Wrong 14.192327499389648,13.69461441040039,13.258795738220215,13.537346839904785
Correct 14.25881290435791,13.649628639221191,13.501998901367188,14.8587007522583
Correct 14.938132286071777,14.284039497375488,14.07458209991455,14.347073554992676
Wrong 13.928909301757812,13.603300094604492,13.605659484863281,13.700139999389648
Correct 14.711389541625977,14.572604179382324,14.409335136413574,15.70360279083252
Wrong 15.147543907165527,15.26142406463623,14.203596115112305,15.952696800231934
Wrong 14.702316284179688,14.214398384094238,14.135493278503418,14.350666046142578
Correct 14.984664916992188,14.118267059326172,16.03093910217285,15.279834747314453
Wrong 14.914737701416016,15.48045539855957,15.005329132080078,15.396862983703613
Correct 14.437435150146484,16.028278350830078,14.197020530700684,14.77112102508545
Correct 14.835765838623047,14.17607593536377,14.991225242614746,14.315439224243164
Correct 14.590072631835938,14.125320434570312,13.87447452545166,14.19670581817627
Wrong 15.631270408630371,15.093170166015625,14.909976959228516,15.603582382202148
Wrong 15.884567260742188,15.193511962890625,15.162044525146484,15.501617431640625
Wrong 14.13453197479248,13.65623664855957,13.512033462524414,13.947266578674316
Wrong 14.540124893188477,14.333416938781738,14.185084342956543,14.407443046569824
Correct 14.290520668029785,13.70743465423584,13.582282066345215,15.006855964660645
Correct 15.759256362915039,15.183046340942383,16.15625,15.88442325592041
Wrong 14.306331634521484,14.056934356689453,14.163230895996094,14.188179016113281
Correct 14.336009979248047,14.406636238098145,14.323870658874512,14.563166618347168
Correct 14.91732120513916,14.140155792236328,14.231748580932617,15.071795463562012
Wrong 15.302997589111328,15.053451538085938,14.727767944335938,15.231846809387207
Wrong 15.508825302124023,14.567670822143555,14.573846817016602,14.719703674316406
Correct 14.994261741638184,14.700096130371094,14.455841064453125,14.924047470092773
Correct 15.059335708618164,15.045004844665527,14.614425659179688,14.883245468139648
Wrong 15.266863822937012,14.536301612854004,14.43008804321289,14.966659545898438
Correct 15.390778541564941,14.491649627685547,14.259875297546387,14.841631889343262
Correct 15.108437538146973,14.787260055541992,16.099342346191406,15.555882453918457
Correct 14.349544525146484,14.305164337158203,13.517477989196777,14.921516418457031
Correct 15.078125953674316,14.324049949645996,13.991467475891113,14.530157089233398
Wrong 15.16838550567627,14.908793449401855,14.803045272827148,14.944120407104492
Correct 14.572800636291504,14.380985260009766,14.398789405822754,17.1881160736084
Wrong 14.605195045471191,15.416971206665039,14.780195236206055,14.951980590820312
Correct 14.029044151306152,13.258692741394043,13.229782104492188,13.573981285095215
Wrong 14.28099250793457,13.724930763244629,13.79320240020752,14.04912281036377
Wrong 14.018474578857422,13.43188762664795,13.357170104980469,13.445898056030273
Wrong 15.17701244354248,14.35253620147705,14.186678886413574,14.795854568481445
Wrong 14.808647155761719,14.589361190795898,14.752446174621582,15.080904960632324
Correct 15.19180965423584,14.299155235290527,14.251745223999023,14.800213813781738
Wrong 14.908379554748535,14.456436157226562,14.027527809143066,14.735970497131348
Wrong 14.511343002319336,13.991943359375,13.829510688781738,13.933938026428223
Wrong 15.376823425292969,14.958518028259277,14.560110092163086,15.206796646118164
Wrong 14.63963794708252,14.467784881591797,14.104816436767578,14.434809684753418
Correct 13.23690414428711,12.445408821105957,12.267301559448242,12.493002891540527
Correct 14.692437171936035,14.011054992675781,13.761626243591309,14.307818412780762
Correct 13.60563850402832,13.237696647644043,15.264884948730469,13.876703262329102
Wrong 14.810916900634766,14.637203216552734,14.96291732788086,15.00057601928711
Correct 16.568984985351562,15.303343772888184,16.557350158691406,15.70257568359375
Correct 15.175104141235352,14.546987533569336,14.20848560333252,14.772525787353516
Wrong 14.622977256774902,14.120648384094238,13.875463485717773,14.407877922058105
Wrong 14.928144454956055,14.783172607421875,14.692511558532715,15.156086921691895
Wrong 14.095625877380371,13.547727584838867,13.59426212310791,13.866593360900879
Wrong 13.511682510375977,13.254114151000977,13.464312553405762,13.1277437210083
Wrong 15.62447738647461,14.38343620300293,14.418113708496094,15.183510780334473
Wrong 16.14285659790039,15.978715896606445,15.834155082702637,16.108898162841797
Wrong 15.03784465789795,14.618573188781738,14.679319381713867,15.188150405883789
Wrong 14.951053619384766,15.642500877380371,14.381641387939453,14.982269287109375
Correct 15.200550079345703,14.24954605102539,14.319007873535156,14.558504104614258
Wrong 12.15200424194336,11.350296974182129,11.389474868774414,11.521759986877441
Correct 15.333732604980469,14.535776138305664,14.926445960998535,15.605921745300293
Correct 14.594589233398438,14.960508346557617,14.45596981048584,14.558805465698242
Wrong 14.9664888381958,14.802997589111328,13.998872756958008,15.180633544921875
Wrong 14.952014923095703,14.514830589294434,14.256576538085938,14.726734161376953
Correct 13.786242485046387,13.308004379272461,13.286209106445312,13.633966445922852
Correct 15.532217979431152,15.211094856262207,16.43584632873535,15.110478401184082
Correct 15.405982971191406,15.440173149108887,14.71841049194336,15.062653541564941
Correct 14.560014724731445,13.78504467010498,13.692827224731445,14.13152027130127
Wrong 14.510895729064941,14.22170639038086,14.228548049926758,14.413455963134766
Wrong 14.768582344055176,15.152847290039062,14.698991775512695,15.571454048156738
Wrong 15.323040962219238,14.480217933654785,14.212356567382812,14.55402946472168
Correct 15.295482635498047,14.776190757751465,14.551617622375488,14.646915435791016
Wrong 14.71821403503418,14.239301681518555,13.861369132995605,14.4201021194458
Wrong 14.428641319274902,13.867940902709961,13.939430236816406,14.161060333251953
Wrong 15.267757415771484,14.893412590026855,14.703595161437988,14.92110538482666
Correct 15.413986206054688,15.209665298461914,14.390542984008789,15.416878700256348
Wrong 15.781149864196777,14.604698181152344,15.04576587677002,15.54212760925293
Correct 15.016631126403809,13.96848201751709,16.068849563598633,15.249992370605469
Correct 14.7343111038208,14.218297004699707,14.00996208190918,14.23800277709961
Correct 14.264720916748047,13.998030662536621,15.150675773620605,14.433741569519043
Wrong 13.5400390625,12.938097953796387,12.96051025390625,13.310120582580566
Correct 15.17042350769043,15.544587135314941,14.773452758789062,15.0836820602417
Correct 14.328761100769043,13.816365242004395,13.571832656860352,13.98292064666748
Wrong 14.251886367797852,14.821281433105469,13.554449081420898,14.229201316833496
Correct 15.085856437683105,14.91932201385498,14.619656562805176,15.149757385253906
Wrong 15.800949096679688,15.651204109191895,15.162520408630371,15.818607330322266
Correct 14.296805381774902,13.766578674316406,15.790770530700684,13.881744384765625
Wrong 14.612180709838867,14.129839897155762,14.030288696289062,14.137526512145996
Correct 14.830891609191895,14.226653099060059,14.205554962158203,15.050222396850586
Correct 15.349787712097168,14.459348678588867,13.548039436340332,14.398113250732422
Wrong 14.454358100891113,13.990192413330078,13.840498924255371,14.125925064086914
Correct 14.86383056640625,15.18559741973877,15.447473526000977,15.28001594543457
Correct 14.152063369750977,13.943804740905762,13.64267349243164,14.465819358825684
Correct 14.904038429260254,14.578774452209473,16.18766212463379,15.350431442260742
Correct 14.772117614746094,14.067401885986328,14.165459632873535,14.934181213378906
Correct 14.71166706085205,14.836047172546387,14.97209644317627,14.78752613067627
Correct 16.533058166503906,15.2381010055542,14.71826171875,15.139351844787598
Wrong 14.293036460876465,13.652945518493652,13.90461540222168,14.411848068237305
Wrong 14.665437698364258,14.054691314697266,13.834494590759277,14.13037109375
Wrong 14.375114440917969,14.399666786193848,14.073455810546875,14.620427131652832
Correct 15.088362693786621,14.714112281799316,14.355873107910156,14.523127555847168
Correct 14.908388137817383,14.381783485412598,14.148778915405273,14.595573425292969
Wrong 15.059735298156738,14.719596862792969,14.483015060424805,14.539003372192383
Wrong 14.866079330444336,14.439632415771484,14.363603591918945,14.699913024902344
Wrong 15.072649002075195,14.974637031555176,14.633247375488281,15.042041778564453
Correct 14.348479270935059,14.086517333984375,13.980220794677734,14.378375053405762
Correct 14.311681747436523,14.545945167541504,13.995649337768555,14.222881317138672
Wrong 14.45019817352295,13.909871101379395,13.674936294555664,13.925320625305176
Wrong 11.322037696838379,10.127636909484863,10.341357231140137,10.61239242553711
Wrong 14.393126487731934,14.051456451416016,14.3735990524292,14.733479499816895
Wrong 13.934520721435547,13.690896987915039,13.499015808105469,13.549744606018066
Wrong 14.564916610717773,14.126374244689941,14.028411865234375,14.107471466064453
Wrong 14.799927711486816,14.615527153015137,16.264657974243164,15.712065696716309
Wrong 16.067293167114258,15.503837585449219,15.37441349029541,15.608779907226562
Correct 14.40772533416748,14.629549980163574,14.301009178161621,14.926409721374512
Correct 13.9654541015625,13.51003646850586,13.28689193725586,13.673115730285645
Wrong 14.131810188293457,13.52507495880127,13.422859191894531,13.817421913146973
Correct 14.427913665771484,13.743250846862793,13.728642463684082,14.077714920043945
Correct 14.324484825134277,13.960596084594727,14.14893627166748,14.535760879516602
Wrong 15.347058296203613,15.093450546264648,14.881613731384277,15.53447437286377
Correct 14.483859062194824,14.211268424987793,15.497346878051758,14.627370834350586
Correct 15.686123847961426,14.924760818481445,14.531865119934082,14.923853874206543
Correct 14.902678489685059,15.009505271911621,14.885315895080566,15.640161514282227
Wrong 14.998645782470703,14.296002388000488,14.107526779174805,14.334620475769043
Wrong 14.132235527038574,13.607368469238281,13.195674896240234,13.470732688903809
Wrong 15.190723419189453,15.88430118560791,15.025619506835938,15.441690444946289
Wrong 15.271738052368164,14.640608787536621,14.676380157470703,14.96340274810791
Wrong 14.538740158081055,14.075841903686523,13.900164604187012,14.259196281433105
Correct 14.448015213012695,15.644386291503906,14.604817390441895,15.008829116821289
Wrong 14.855393409729004,14.456881523132324,14.09752368927002,14.359911918640137
Correct 15.373311996459961,14.971622467041016,14.436928749084473,15.860857963562012
Correct 15.459003448486328,14.78365421295166,15.275617599487305,14.702497482299805
Correct 13.49781322479248,12.547063827514648,12.355237007141113,12.566131591796875
Wrong 13.235315322875977,12.486385345458984,12.226097106933594,12.620214462280273
Wrong 11.92915153503418,11.547263145446777,11.27806282043457,11.754556655883789
Wrong 14.815314292907715,13.827193260192871,13.94192886352539,14.370126724243164
Correct 14.985716819763184,15.080171585083008,14.794245719909668,15.029486656188965
Correct 14.68347454071045,14.747344970703125,14.206683158874512,14.329575538635254
Correct 15.692558288574219,15.237911224365234,15.20553970336914,14.918533325195312
Wrong 14.890412330627441,13.811152458190918,14.16770076751709,14.789329528808594
Wrong 14.553911209106445,14.606433868408203,14.216734886169434,14.777420043945312
Wrong 15.70081901550293,15.137164115905762,15.011208534240723,15.576708793640137
Correct 14.45987319946289,13.882903099060059,13.53477954864502,14.037101745605469
Wrong 15.219429969787598,15.682840347290039,14.304407119750977,14.79763126373291
Wrong 14.397960662841797,14.07654857635498,13.982320785522461,14.062292098999023
Correct 14.916068077087402,14.939098358154297,13.885896682739258,14.36291790008545
Wrong 14.294326782226562,13.664092063903809,13.862951278686523,14.437878608703613
Wrong 14.618159294128418,13.847139358520508,13.733749389648438,13.784994125366211
Wrong 14.912687301635742,14.538246154785156,15.17971134185791,14.627172470092773
Wrong 15.479208946228027,15.349181175231934,15.02474308013916,15.247135162353516
Correct 14.684511184692383,13.900517463684082,13.833155632019043,14.24380111694336
Wrong 16.00069808959961,15.736024856567383,15.1851167678833,15.76543140411377
Wrong 14.133460998535156,13.749103546142578,13.715023040771484,13.814690589904785
Wrong 15.28593635559082,14.613974571228027,14.9719820022583,15.174623489379883
Wrong 15.227845191955566,15.114770889282227,14.790834426879883,15.235568046569824
Wrong 15.154542922973633,14.802019119262695,14.891634941101074,14.792049407958984
Wrong 13.750774383544922,13.599672317504883,13.655962944030762,13.993043899536133
Correct 14.805645942687988,14.50197982788086,14.82635498046875,14.872208595275879
Wrong 15.125164985656738,14.64405345916748,14.507396697998047,14.60749340057373
Correct 14.905245780944824,15.277586936950684,15.055347442626953,15.288244247436523
Wrong 15.616971969604492,15.053791046142578,14.79678726196289,15.226044654846191
Correct 14.67225456237793,13.78925895690918,13.549576759338379,14.119695663452148
Wrong 15.696847915649414,15.11202335357666,15.022943496704102,15.185022354125977
Wrong 14.844676971435547,15.065648078918457,14.59550666809082,14.92322063446045
Wrong 14.506672859191895,15.488614082336426,14.504886627197266,15.588544845581055
Correct 14.775599479675293,14.397198677062988,13.827652931213379,16.51881217956543
Wrong 14.118417739868164,13.626262664794922,13.2902193069458,13.620661735534668
Correct 14.868173599243164,15.899602890014648,15.40304946899414,15.25947093963623
Wrong 15.548421859741211,14.471282958984375,14.743444442749023,15.127239227294922
Wrong 15.045687675476074,14.702154159545898,14.765260696411133,15.244660377502441
Wrong 14.025396347045898,13.739147186279297,13.490519523620605,13.786195755004883
Correct 14.822616577148438,14.823046684265137,14.222186088562012,14.975363731384277
Wrong 14.483086585998535,14.910582542419434,14.558004379272461,14.616693496704102
Correct 14.884371757507324,16.905263900756836,15.023101806640625,15.020684242248535
Wrong 13.216216087341309,12.814186096191406,12.372979164123535,12.856038093566895
Wrong 14.877986907958984,14.37802791595459,14.232848167419434,14.582923889160156
Correct 15.230514526367188,14.6553955078125,14.124404907226562,14.405078887939453
Wrong 14.439122200012207,14.534899711608887,14.362164497375488,14.715476036071777
Correct 15.56234073638916,16.354446411132812,14.491683959960938,15.233415603637695
Wrong 14.356138229370117,13.655372619628906,13.612007141113281,13.789342880249023
Wrong 15.524482727050781,15.449585914611816,14.913800239562988,15.520440101623535
Correct 13.54456615447998,14.725714683532715,13.49838638305664,13.779169082641602
Wrong 14.267183303833008,13.742372512817383,13.413978576660156,13.881348609924316
Wrong 14.894889831542969,14.573241233825684,14.591221809387207,15.252401351928711
Correct 14.020064353942871,13.308740615844727,13.976581573486328,15.506996154785156
Correct 15.391072273254395,14.55061149597168,13.98646068572998,15.62856674194336
Wrong 14.636920928955078,14.40093994140625,14.606868743896484,14.600757598876953
Wrong 15.21756649017334,14.732562065124512,14.932634353637695,15.407423973083496
Wrong 15.409285545349121,14.61629581451416,14.110225677490234,15.043728828430176
Correct 16.050941467285156,15.171151161193848,14.733341217041016,15.211472511291504
Correct 14.326677322387695,13.680442810058594,13.416479110717773,13.807811737060547
Wrong 14.366827011108398,14.286076545715332,14.544248580932617,14.662632942199707
Wrong 14.417616844177246,14.333459854125977,14.156872749328613,14.410635948181152
Wrong 15.345731735229492,15.15858268737793,14.757599830627441,15.089274406433105
Wrong 14.492623329162598,13.810489654541016,13.686205863952637,14.046873092651367
Wrong 15.329636573791504,16.087068557739258,14.49190616607666,15.54699993133545
Wrong 14.141672134399414,13.64440631866455,13.612317085266113,14.074261665344238
Correct 14.805025100708008,14.057806015014648,13.969658851623535,14.485919952392578
Correct 15.291668891906738,14.600442886352539,15.1843843460083,14.767147064208984
Correct 15.4097318649292,15.350804328918457,15.345136642456055,15.932010650634766
Correct 14.741609573364258,14.49770736694336,14.210564613342285,14.513056755065918
Wrong 15.939023971557617,16.478086471557617,15.541778564453125,16.113306045532227
Correct 15.131027221679688,14.678977012634277,15.128460884094238,15.31325626373291
Correct 14.493844985961914,14.11511516571045,14.002508163452148,14.2196626663208
Wrong 14.830471992492676,14.668803215026855,14.625710487365723,14.8466215133667
Correct 15.233827590942383,14.454928398132324,14.335803031921387,14.288907051086426
Wrong 14.811331748962402,14.51318359375,14.295964241027832,14.652116775512695
Wrong 15.840444564819336,15.426432609558105,14.852757453918457,15.472172737121582
Correct 14.800883293151855,15.070171356201172,13.805482864379883,14.834331512451172
Wrong 14.970718383789062,14.915453910827637,13.954863548278809,15.14906120300293
Correct 14.489595413208008,15.468079566955566,14.617389678955078,14.716117858886719
Wrong 14.968778610229492,14.901689529418945,14.170076370239258,15.213420867919922
Wrong 14.027968406677246,14.200815200805664,14.261152267456055,14.394948959350586
Correct 16.389610290527344,14.839269638061523,14.289015769958496,14.33004093170166
Wrong 14.813438415527344,14.230486869812012,14.194902420043945,14.546830177307129
Wrong 13.869906425476074,13.187861442565918,13.150619506835938,13.503827095031738
Wrong 13.808908462524414,13.61404800415039,14.345077514648438,14.695634841918945
Correct 15.100495338439941,14.683368682861328,14.761055946350098,15.757168769836426
Correct 15.401196479797363,14.528853416442871,14.486059188842773,14.870149612426758
Wrong 14.688962936401367,14.270384788513184,13.702728271484375,14.005989074707031
Wrong 14.793354988098145,14.357215881347656,14.292510986328125,14.661591529846191
Wrong 14.130573272705078,14.254914283752441,13.756302833557129,13.906100273132324
Correct 14.49067497253418,13.887839317321777,13.660537719726562,14.073280334472656
Correct 15.369784355163574,15.040604591369629,14.977568626403809,15.017767906188965
Wrong 15.968095779418945,15.868062019348145,15.407899856567383,15.800960540771484
Correct 13.21146011352539,12.1535062789917,12.296039581298828,12.283990859985352
Wrong 14.742338180541992,14.354612350463867,13.869950294494629,14.150282859802246
Wrong 14.348089218139648,13.207197189331055,13.205368995666504,13.57442569732666
Correct 15.02716064453125,14.777873992919922,14.88908863067627,15.219609260559082
Correct 14.487396240234375,14.30501651763916,13.837787628173828,14.42000675201416
Wrong 14.471034049987793,14.39809513092041,13.7344331741333,14.263596534729004
Correct 14.127384185791016,15.023335456848145,13.693378448486328,14.079450607299805
Wrong 15.53019905090332,15.00455379486084,14.84725284576416,15.975410461425781
Correct 14.686657905578613,14.390230178833008,14.055359840393066,14.530252456665039
Wrong 13.916057586669922,13.513827323913574,13.81656551361084,13.796683311462402
Correct 14.369558334350586,13.52131175994873,13.462448120117188,13.786872863769531
Correct 14.261754035949707,14.010871887207031,14.844245910644531,14.064336776733398
Correct 14.187516212463379,16.047115325927734,14.037800788879395,14.445263862609863
Wrong 14.05490493774414,14.725205421447754,14.263629913330078,14.205410957336426
Wrong 14.55081844329834,14.888263702392578,14.677309036254883,14.533268928527832
Correct 13.483466148376465,12.686450958251953,12.373985290527344,13.053961753845215
Wrong 14.890202522277832,14.952319145202637,14.433207511901855,14.825820922851562
Correct 14.792527198791504,14.588248252868652,14.675410270690918,15.785890579223633
Correct 15.681591987609863,14.931596755981445,14.850706100463867,15.26303768157959
Wrong 17.189167022705078,16.49152183532715,16.639202117919922,16.565996170043945
Correct 15.32376480102539,15.648962020874023,15.175865173339844,16.123310089111328
Correct 15.282729148864746,14.76559829711914,14.0720796585083,14.593424797058105
Wrong 15.275405883789062,15.758042335510254,15.043357849121094,15.705862045288086
Correct 14.167049407958984,13.651552200317383,14.164092063903809,14.40175724029541
Correct 15.274989128112793,14.937498092651367,14.19094467163086,14.640543937683105
Correct 16.689254760742188,15.656742095947266,15.735147476196289,17.219755172729492
Wrong 14.223076820373535,13.784104347229004,13.356867790222168,13.832703590393066
Correct 14.627876281738281,14.199735641479492,13.600582122802734,14.085380554199219
Wrong 14.859729766845703,15.20662784576416,15.125967025756836,15.24121379852295
Wrong 15.082867622375488,14.96834659576416,14.831171035766602,14.986431121826172
Wrong 15.510432243347168,15.130698204040527,14.893141746520996,15.313393592834473
Wrong 15.335553169250488,14.601855278015137,14.888826370239258,15.145538330078125
Wrong 13.059083938598633,13.365884780883789,13.149770736694336,13.403000831604004
Wrong 14.75688648223877,13.937766075134277,13.9253568649292,14.263741493225098
Correct 15.775514602661133,15.288361549377441,14.84500503540039,15.564559936523438
Correct 15.246953964233398,14.644311904907227,14.306148529052734,14.862589836120605
Correct 14.598109245300293,14.326861381530762,14.970541000366211,14.886857986450195
Wrong 14.804195404052734,14.324972152709961,14.034453392028809,14.40748405456543
Correct 15.604583740234375,14.756564140319824,14.414741516113281,14.79971694946289
Wrong 13.92986011505127,13.597655296325684,13.33854866027832,13.602133750915527
Wrong 14.536026000976562,14.079322814941406,13.717585563659668,14.139730453491211
Correct 15.058469772338867,14.469025611877441,14.50318431854248,15.362048149108887
Wrong 15.194979667663574,14.696521759033203,14.372052192687988,14.788650512695312
Correct 15.338170051574707,15.186456680297852,14.714396476745605,15.471829414367676
Correct 14.328067779541016,13.9966459274292,13.616674423217773,13.756129264831543
Wrong 13.458540916442871,12.313885688781738,12.246293067932129,12.74616813659668
Wrong 14.632148742675781,14.709526062011719,14.373531341552734,14.56684398651123
Wrong 14.482501983642578,14.539787292480469,13.968303680419922,14.418722152709961
Correct 15.029500007629395,14.092572212219238,15.93117618560791,14.59420394897461
Correct 14.729613304138184,14.042526245117188,14.079241752624512,14.240520477294922
Wrong 14.290541648864746,14.033588409423828,14.646880149841309,14.733009338378906
Correct 15.567106246948242,15.028192520141602,15.09146785736084,14.965777397155762
Correct 15.219179153442383,14.577858924865723,14.43242073059082,14.698110580444336
Wrong 14.349698066711426,13.817829132080078,13.817505836486816,14.200736999511719
Wrong 13.906426429748535,12.924778938293457,12.72425365447998,12.917606353759766
Correct 13.39055347442627,12.779979705810547,12.949295043945312,13.05319881439209
Correct 15.358451843261719,14.405658721923828,14.35236930847168,15.467613220214844
Wrong 14.117646217346191,13.003534317016602,13.305573463439941,13.562056541442871
Correct 14.869674682617188,14.548770904541016,14.375913619995117,14.447513580322266
Wrong 15.042051315307617,14.604572296142578,14.391444206237793,14.666598320007324
Correct 15.293100357055664,14.460428237915039,14.217024803161621,14.581010818481445
Wrong 14.976399421691895,13.884564399719238,13.887998580932617,14.671740531921387
Wrong 15.29162883758545,15.391425132751465,14.877685546875,15.064176559448242
Correct 14.714282035827637,14.156158447265625,14.318427085876465,14.832712173461914
Correct 14.0294771194458,13.439766883850098,13.460650444030762,13.59529972076416
Wrong 15.092572212219238,16.221681594848633,14.702057838439941,15.853994369506836
Wrong 14.163473129272461,14.381586074829102,13.740532875061035,13.81128215789795
Wrong 15.057147979736328,14.741373062133789,14.485583305358887,14.638708114624023
Correct 14.94029426574707,14.257570266723633,14.131464004516602,14.328606605529785
Correct 13.431373596191406,13.7864408493042,14.429947853088379,13.62419605255127
Wrong 15.238725662231445,15.282407760620117,14.958024024963379,15.243756294250488
Correct 14.662751197814941,14.9161958694458,14.230566024780273,14.591202735900879
Correct 14.846094131469727,14.50324535369873,14.096648216247559,15.137024879455566
Wrong 14.113001823425293,13.716436386108398,13.249332427978516,14.2523832321167
Wrong 15.692893028259277,15.683423042297363,15.026022911071777,15.57580280303955
Wrong 14.573986053466797,13.94525146484375,13.862236976623535,14.194046974182129
Correct 14.595420837402344,14.612212181091309,14.585768699645996,15.700723648071289
Correct 14.482218742370605,13.979559898376465,13.560771942138672,13.943307876586914
Wrong 14.517864227294922,14.225204467773438,14.024672508239746,14.203205108642578
Correct 14.099513053894043,13.732682228088379,14.340683937072754,13.737311363220215
Wrong 14.596589088439941,14.346830368041992,14.516228675842285,14.562265396118164
Wrong 14.208524703979492,13.40080738067627,13.238749504089355,13.760462760925293
Correct 14.629810333251953,14.083398818969727,13.986943244934082,14.458724975585938
Wrong 15.468363761901855,15.376545906066895,14.557049751281738,15.842395782470703
Correct 15.01534652709961,15.771099090576172,14.796735763549805,15.144211769104004
Wrong 15.364289283752441,15.178939819335938,14.979231834411621,15.774962425231934
Wrong 14.650941848754883,14.043036460876465,13.7152681350708,14.388032913208008
Correct 14.967597961425781,16.250898361206055,14.640121459960938,14.595447540283203
Wrong 14.147689819335938,14.022806167602539,13.612893104553223,13.917618751525879
Wrong 15.819411277770996,15.163116455078125,15.111861228942871,15.48652172088623
Correct 15.378396034240723,14.895345687866211,14.854875564575195,15.608644485473633
Wrong 14.24473762512207,13.863759994506836,14.267950057983398,14.449018478393555
Correct 14.924102783203125,14.843734741210938,14.868071556091309,15.113343238830566
Correct 15.23260498046875,14.708208084106445,14.606225967407227,15.73818588256836
Wrong 15.036772727966309,14.542821884155273,14.647457122802734,15.147296905517578
Wrong 14.381083488464355,13.584830284118652,13.195401191711426,13.935014724731445
Correct 14.760207176208496,14.35224437713623,13.504534721374512,14.974549293518066
Wrong 14.886273384094238,13.95115852355957,13.726404190063477,14.869155883789062
Wrong 15.218999862670898,15.182002067565918,14.831283569335938,14.494062423706055
Wrong 15.04121208190918,14.809735298156738,14.986367225646973,15.438698768615723
Correct 14.55764102935791,14.472911834716797,14.051112174987793,14.148478507995605
Correct 14.240930557250977,13.6353759765625,13.465625762939453,13.945300102233887
Wrong 14.587115287780762,14.098849296569824,13.65132999420166,14.292967796325684
Wrong 14.749540328979492,14.142619132995605,14.233253479003906,14.586743354797363
Wrong 15.367705345153809,16.067150115966797,15.488420486450195,15.602131843566895
Correct 13.825969696044922,12.746408462524414,12.475491523742676,12.864616394042969
Correct 14.8914213180542,14.820849418640137,14.7854585647583,14.92182445526123
Wrong 14.700858116149902,14.08908462524414,13.621657371520996,14.163850784301758
Wrong 13.9239501953125,14.034524917602539,13.72315788269043,14.217880249023438
Correct 14.324753761291504,13.755622863769531,14.387533187866211,14.639403343200684
Correct 15.251641273498535,15.16152286529541,14.481890678405762,14.579806327819824
Wrong 14.484589576721191,13.930089950561523,13.686074256896973,14.190536499023438
Wrong 14.496088027954102,14.746053695678711,14.624974250793457,14.727055549621582
Wrong 14.58533000946045,14.172544479370117,14.076882362365723,14.467020988464355
Correct 16.105514526367188,15.049344062805176,14.7907133102417,15.531557083129883
Wrong 13.89648151397705,13.322196960449219,13.14592456817627,13.624764442443848
Wrong 14.764058113098145,14.233075141906738,14.277748107910156,14.760916709899902
Wrong 14.968597412109375,14.426412582397461,14.195666313171387,14.6432466506958
Wrong 15.830268859863281,15.679969787597656,15.244667053222656,15.790168762207031
Correct 14.66600227355957,13.737035751342773,13.901551246643066,15.376450538635254
Wrong 15.118107795715332,15.49122428894043,14.604339599609375,15.267569541931152
Correct 13.923924446105957,14.502220153808594,14.540441513061523,14.126479148864746
Wrong 14.462085723876953,14.112541198730469,13.677998542785645,14.36803913116455
Correct 14.767745018005371,14.066736221313477,13.234516143798828,14.373311996459961
Correct 14.981128692626953,14.466243743896484,14.149006843566895,14.629228591918945
Correct 14.571816444396973,14.452943801879883,15.596636772155762,14.050496101379395
Wrong 14.856616020202637,14.757502555847168,14.225783348083496,14.577640533447266
Correct 15.04960823059082,16.00380516052246,14.876032829284668,15.66259765625
Wrong 15.621636390686035,15.339412689208984,15.081273078918457,15.206414222717285
Wrong 15.106184959411621,14.35718059539795,14.386842727661133,14.652469635009766
Wrong 15.149754524230957,14.45500659942627,14.908170700073242,15.487666130065918
Correct 14.825126647949219,14.135221481323242,14.067672729492188,14.275701522827148
Correct 14.828380584716797,14.246237754821777,13.619220733642578,13.96257209777832
Wrong 15.052213668823242,14.593250274658203,14.410887718200684,14.669265747070312
Correct 14.592596054077148,15.403724670410156,14.1505708694458,14.208722114562988
Correct 14.997872352600098,14.338339805603027,14.143434524536133,14.704131126403809
Correct 14.288461685180664,14.151711463928223,13.969709396362305,14.671395301818848
Wrong 15.554893493652344,14.695510864257812,14.489702224731445,14.884994506835938
Correct 14.514833450317383,14.725505828857422,14.396820068359375,14.657098770141602
Wrong 14.468069076538086,13.796198844909668,13.72542667388916,14.414411544799805
Correct 15.277767181396484,14.720963478088379,14.261162757873535,14.531997680664062
Wrong 15.506661415100098,15.225547790527344,14.792784690856934,15.15800952911377
Correct 14.523133277893066,14.663809776306152,13.966227531433105,14.217306137084961
Wrong 15.221065521240234,14.855914115905762,14.51535415649414,15.039567947387695
Wrong 14.452558517456055,14.194145202636719,14.204230308532715,14.486637115478516
Wrong 15.04507827758789,14.987764358520508,14.488032341003418,14.86230754852295
Correct 14.642633438110352,14.050896644592285,13.966509819030762,14.233759880065918
Correct 14.43713665008545,14.562246322631836,14.28298282623291,15.382662773132324
Correct 15.39521312713623,16.08962631225586,15.471290588378906,15.548633575439453
Correct 15.841012954711914,15.812748908996582,16.216949462890625,14.865957260131836
Wrong 14.247686386108398,13.944592475891113,13.968538284301758,14.596419334411621
Wrong 14.44942855834961,14.186197280883789,13.963744163513184,14.418427467346191
Correct 14.287415504455566,15.045599937438965,14.649576187133789,14.50676441192627
Correct 15.611480712890625,15.120304107666016,15.053221702575684,15.631372451782227
