grade confidence_levels
Wrong -7.445364952087402,-8.61817455291748,-8.38691234588623,-7.143712043762207
Wrong -7.326154708862305,-9.32938003540039,-9.722809791564941,-8.14661693572998
Wrong -7.437143325805664,-8.840237617492676,-8.937028884887695,-7.086939811706543
Wrong -6.579240798950195,-8.496323585510254,-9.134532928466797,-7.587825298309326
Wrong -7.212719917297363,-8.739870071411133,-9.24576187133789,-7.777575969696045
Wrong -7.24780797958374,-9.158288955688477,-9.7607421875,-7.892663955688477
Wrong -6.118901252746582,-7.278972148895264,-7.61893367767334,-6.714537620544434
Wrong -7.923509120941162,-8.80632209777832,-8.991015434265137,-7.826173782348633
Wrong -7.550002098083496,-8.95296859741211,-9.353545188903809,-7.9075608253479
Wrong -7.651761531829834,-8.273933410644531,-8.735615730285645,-7.398745059967041
Wrong -7.476604461669922,-8.881651878356934,-9.32938003540039,-7.947493553161621
Correct -7.596074104309082,-8.747124671936035,-9.021950721740723,-7.357734680175781
Wrong -7.489854335784912,-9.031866073608398,-9.349543571472168,-8.09963321685791
Correct -7.506569862365723,-9.15798282623291,-9.015939712524414,-7.8763108253479
Correct -7.745706081390381,-9.37230110168457,-9.438884735107422,-8.15017032623291
Wrong -7.504392147064209,-8.705107688903809,-8.445627212524414,-6.993204593658447
Wrong -6.7840576171875,-7.817363739013672,-8.43326187133789,-6.847323894500732
Wrong -6.599539279937744,-7.791350841522217,-8.484657287597656,-8.229059219360352
Correct -6.749568462371826,-7.942517280578613,-8.2040376663208,-7.0408453941345215
Wrong -6.560140609741211,-8.098767280578613,-8.507755279541016,-7.4015655517578125
Wrong -7.685884952545166,-8.707083702087402,-8.841543197631836,-7.285096645355225
Correct -6.718597888946533,-7.9571852684021,-8.727255821228027,-7.422568321228027
Correct -7.300769805908203,-9.036266326904297,-9.354381561279297,-7.864488124847412
Wrong -6.455747127532959,-7.572048664093018,-8.23608684539795,-6.511017799377441
Wrong -7.494138717651367,-8.375543594360352,-8.888880729675293,-7.18866491317749
Correct -6.34739875793457,-7.44936990737915,-7.881038188934326,-6.698912620544434
Wrong -6.675636291503906,-7.575363636016846,-8.134363174438477,-6.782800674438477
Wrong -7.35158109664917,-8.393444061279297,-8.873594284057617,-7.376824378967285
Wrong -6.920589447021484,-8.149130821228027,-8.373550415039062,-6.95806884765625
Wrong -6.973711967468262,-8.330306053161621,-8.56838321685791,-7.376255512237549
Correct -6.978601455688477,-8.023172378540039,-8.08194351196289,-6.450474262237549
Wrong -6.715301513671875,-7.831943035125732,-8.372666358947754,-6.791154861450195
Wrong -6.579230785369873,-8.533533096313477,-9.083913803100586,-7.639946937561035
Wrong -6.716882705688477,-8.604805946350098,-9.127117156982422,-7.61919641494751
Wrong -6.565221786499023,-7.910820960998535,-8.944634437561035,-7.269279956817627
Wrong -7.5316667556762695,-8.952653884887695,-9.227992057800293,-8.006325721740723
Correct -7.634145736694336,-9.414678573608398,-10.140359878540039,-8.669856071472168
Correct -7.3900556564331055,-8.947295188903809,-9.451638221740723,-7.440627098083496
Wrong -7.364964485168457,-8.780086517333984,-9.20973014831543,-7.725319862365723
Correct -6.899893760681152,-7.873048782348633,-8.20240306854248,-7.003592491149902
Wrong -7.705163955688477,-9.966946601867676,-10.064538955688477,-8.785648345947266
Wrong -6.51563835144043,-7.025880336761475,-7.323653697967529,-6.607731819152832
Correct -7.590874671936035,-9.022274017333984,-9.139626502990723,-7.7669358253479
Correct -6.766958236694336,-8.05062484741211,-8.6026611328125,-7.535516738891602
Wrong -6.452403545379639,-7.790592193603516,-8.29325008392334,-7.165017604827881
Wrong -7.30669641494751,-8.767345428466797,-8.60575008392334,-7.587087154388428
Correct -6.692943572998047,-8.214873313903809,-8.848469734191895,-7.915285587310791
Wrong -7.359044075012207,-8.744511604309082,-9.061013221740723,-7.577820301055908
Correct -6.817363739013672,-8.16994571685791,-8.2276611328125,-6.471033573150635
Wrong -7.739828586578369,-9.134702682495117,-9.168418884277344,-7.656463623046875
Wrong -7.9388108253479,-9.159725189208984,-9.100399017333984,-7.7958760261535645
Wrong -6.6963958740234375,-7.981579780578613,-8.431835174560547,-7.126224040985107
Wrong -7.5742716789245605,-9.042386054992676,-9.16816234588623,-7.588422775268555
Wrong -6.580970764160156,-7.932819843292236,-8.54163932800293,-7.005207538604736
Wrong -6.967555999755859,-7.9031596183776855,-8.02741527557373,-6.6375346183776855
Correct -7.110068321228027,-9.129863739013672,-10.117229461669922,-8.531106948852539
Wrong -6.7457170486450195,-8.198555946350098,-8.551738739013672,-7.057734966278076
Wrong -7.514418125152588,-9.277807235717773,-9.144082069396973,-7.495274543762207
Wrong -6.164974689483643,-7.537428379058838,-8.115640640258789,-6.732563495635986
Correct -6.591975688934326,-8.00532054901123,-8.364752769470215,-7.261153697967529
Wrong -7.067166328430176,-8.522761344909668,-9.239791870117188,-7.612220764160156
Wrong -7.611415863037109,-9.394100189208984,-9.371195793151855,-8.077126502990723
Wrong -6.94142484664917,-8.401555061340332,-9.026838302612305,-7.6740193367004395
Wrong -6.832988739013672,-8.372827529907227,-8.757378578186035,-7.813455104827881
Correct -5.886250019073486,-7.092453956604004,-7.84792947769165,-6.827439785003662
Wrong -7.651262283325195,-9.054787635803223,-9.326321601867676,-7.817363739013672
Correct -7.255306243896484,-9.05144214630127,-8.87848949432373,-7.346841812133789
Correct -7.702968120574951,-8.899822235107422,-9.01292610168457,-7.7868828773498535
Wrong -6.906722068786621,-8.10513687133789,-8.458541870117188,-7.079845905303955
Wrong -5.928658962249756,-6.54971981048584,-6.842043876647949,-6.565974235534668
Wrong -6.710372447967529,-7.627026557922363,-8.2410306930542,-7.2954254150390625
Wrong -7.464977741241455,-8.954408645629883,-9.110880851745605,-7.291013717651367
Correct -7.384653091430664,-8.56761360168457,-8.856499671936035,-7.433163166046143
Wrong -6.514367580413818,-8.607351303100586,-9.38864803314209,-8.96677303314209
Wrong -6.083942890167236,-7.3766584396362305,-7.8141584396362305,-6.676934719085693
Wrong -6.817450046539307,-7.994909286499023,-8.61195182800293,-7.381639003753662
Correct -6.782759666442871,-7.840398788452148,-8.285073280334473,-7.020061016082764
Correct -7.234734535217285,-9.021418571472168,-9.440917015075684,-7.839969158172607
Wrong -7.469907760620117,-8.807506561279297,-8.849355697631836,-7.283735275268555
Wrong -6.683261394500732,-7.7589111328125,-8.246471405029297,-7.286744594573975
Wrong -6.51483154296875,-7.994025707244873,-8.716133117675781,-7.680834770202637
Wrong -7.87501859664917,-9.430253028869629,-9.700918197631836,-7.992731094360352
Wrong -6.937559604644775,-8.156532287597656,-8.739388465881348,-7.507134437561035
Wrong -7.424502372741699,-9.295711517333984,-9.409768104553223,-7.387130260467529
Wrong -6.664349555969238,-8.329080581665039,-8.916243553161621,-7.552718162536621
Wrong -7.369511604309082,-8.991716384887695,-9.538064002990723,-7.434258460998535
Wrong -6.626887798309326,-7.975884437561035,-8.408537864685059,-7.545392036437988
Wrong -6.2296528816223145,-7.505789279937744,-8.038630485534668,-6.811973571777344
Wrong -6.63869571685791,-8.50903606414795,-9.1964111328125,-7.56647253036499
Wrong -6.866082668304443,-8.49101448059082,-9.069636344909668,-8.38538932800293
Correct -7.200176239013672,-8.9088716506958,-9.245430946350098,-7.781531810760498
Wrong -6.141359806060791,-7.105411052703857,-7.716007232666016,-7.058712959289551
Wrong -7.051010608673096,-8.509526252746582,-8.927645683288574,-7.829390525817871
Wrong -7.092586994171143,-8.560884475708008,-8.955610275268555,-7.407490253448486
Wrong -7.250565528869629,-9.066204071044922,-8.821746826171875,-7.42499303817749
Wrong -7.431728363037109,-8.908574104309082,-9.16862964630127,-7.411079406738281
Wrong -6.863193035125732,-8.880416870117188,-9.430745124816895,-8.060481071472168
Wrong -6.633002281188965,-8.33396053314209,-8.70114803314209,-8.050718307495117
Correct -6.571257591247559,-8.340073585510254,-9.021120071411133,-7.585259437561035
Wrong -7.180001735687256,-9.028374671936035,-9.172029495239258,-7.463123321533203
Wrong -6.56556510925293,-7.801090717315674,-8.319840431213379,-7.082252502441406
Wrong -7.477082252502441,-8.512749671936035,-8.653374671936035,-7.031374931335449
Correct -6.818753242492676,-8.015570640563965,-8.496174812316895,-7.267965316772461
Wrong -7.201188087463379,-8.918985366821289,-9.029794692993164,-7.659341812133789
Correct -8.255598068237305,-9.501310348510742,-9.62831974029541,-7.974813938140869
Wrong -6.917006015777588,-8.886950492858887,-9.55069351196289,-7.804543972015381
Correct -7.330471515655518,-9.149621963500977,-9.397194862365723,-7.739828586578369
Wrong -7.242245197296143,-8.855430603027344,-9.079192161560059,-7.422942161560059
Correct -6.866405963897705,-8.524393081665039,-9.024053573608398,-7.415950298309326
Correct -7.397031784057617,-8.904043197631836,-8.968094825744629,-7.2567853927612305
Wrong -7.429850101470947,-9.226662635803223,-9.634820938110352,-8.433747291564941
Wrong -7.1785359382629395,-8.544668197631836,-8.878183364868164,-7.387383460998535
Correct -6.742247104644775,-8.284905433654785,-8.882134437561035,-7.6495361328125
Wrong -7.288973331451416,-8.843419075012207,-8.99675464630127,-7.2756028175354
Wrong -7.045424938201904,-9.32337760925293,-9.921916961669922,-8.560696601867676
Wrong -7.271332263946533,-8.661187171936035,-8.920711517333984,-7.565627098083496
Correct -6.997981071472168,-8.063009262084961,-8.67851448059082,-7.105698108673096
Wrong -6.7979960441589355,-8.017908096313477,-8.4306001663208,-7.069424152374268
Wrong -7.335635185241699,-8.628457069396973,-9.036855697631836,-7.461060047149658
Wrong -7.761331081390381,-9.42953109741211,-9.62541675567627,-7.690591812133789
Wrong -7.487850666046143,-8.81423282623291,-8.894143104553223,-7.145771503448486
Correct -6.0056891441345215,-7.082058429718018,-7.5237274169921875,-6.551595211029053
Wrong -7.387383460998535,-8.675393104553223,-9.066018104553223,-7.440127372741699
Wrong -6.519200325012207,-7.756465911865234,-8.466577529907227,-7.365704536437988
Correct -6.380022048950195,-7.723696231842041,-8.2471342086792,-6.9713263511657715
Wrong -7.853427886962891,-9.151529312133789,-9.279763221740723,-7.452820301055908
Wrong -7.096837520599365,-8.774393081665039,-9.23563003540039,-7.967576503753662
Wrong -6.575719356536865,-7.757745742797852,-8.310327529907227,-6.957260608673096
Correct -6.53522253036499,-7.748850345611572,-8.220259666442871,-7.304379940032959
Correct -8.118371963500977,-9.609894752502441,-9.387641906738281,-8.072202682495117
Wrong -7.301541328430176,-8.61844253540039,-9.214997291564941,-7.59869384765625
Wrong -7.721074104309082,-9.036882400512695,-9.07796859741211,-7.710606575012207
Wrong -7.49392032623291,-8.822295188903809,-9.258127212524414,-7.885523319244385
Wrong -7.170902252197266,-8.978809356689453,-9.238739967346191,-7.926311016082764
Wrong -7.281160831451416,-8.565591812133789,-8.881649017333984,-6.8543171882629395
Correct -6.697596073150635,-7.792717456817627,-8.015567779541016,-7.081986427307129
Correct -6.432512283325195,-8.005416870117188,-8.445412635803223,-7.066075325012207
Wrong -7.507668972015381,-9.48695182800293,-10.236757278442383,-8.927291870117188
Wrong -7.589261531829834,-9.152396202087402,-9.170682907104492,-7.554216384887695
Wrong -7.698831081390381,-9.09886360168457,-9.458047866821289,-7.810286045074463
Wrong -6.873742580413818,-8.183971405029297,-8.463220596313477,-7.33991003036499
Correct -6.405723571777344,-7.4406280517578125,-7.813723087310791,-6.376736164093018
Wrong -6.777573108673096,-8.402198791503906,-8.927042961120605,-7.6536054611206055
Correct -7.647274494171143,-8.594293594360352,-9.039606094360352,-7.719933986663818
Correct -6.945189476013184,-8.611492156982422,-8.916070938110352,-7.789104461669922
Wrong -6.544830322265625,-7.644386291503906,-8.150934219360352,-7.061350345611572
Wrong -6.922638893127441,-8.125807762145996,-8.42176628112793,-8.253132820129395
Correct -7.370174884796143,-8.714896202087402,-9.097150802612305,-7.580312728881836
Wrong -7.350279331207275,-8.509053230285645,-9.113128662109375,-7.377187728881836
Correct -6.871380805969238,-8.048025131225586,-8.848613739013672,-7.66029691696167
Wrong -6.540045261383057,-7.410185813903809,-7.811649799346924,-6.863223075866699
Wrong -7.210564136505127,-8.839997291564941,-9.345083236694336,-7.722568035125732
Correct -6.8663716316223145,-7.989869594573975,-8.25952434539795,-7.3448486328125
Wrong -7.03431510925293,-8.198967933654785,-8.90427303314209,-7.448782444000244
Wrong -6.231484889984131,-7.178687572479248,-7.6042914390563965,-6.308696746826172
Wrong -7.247997283935547,-8.616716384887695,-8.97386360168457,-7.247997283935547
Wrong -7.49357271194458,-9.22584056854248,-9.56177806854248,-8.472840309143066
Correct -7.0284881591796875,-8.723471641540527,-9.33757209777832,-7.1525373458862305
Wrong -6.711100101470947,-8.37302303314209,-8.939882278442383,-7.121762752532959
Correct -6.558391094207764,-7.590144634246826,-8.252038955688477,-7.046854496002197
Wrong -7.870279312133789,-8.984918594360352,-9.18480110168457,-7.488767147064209
Correct -7.273537635803223,-9.0596342086792,-9.64369010925293,-8.555495262145996
Wrong -7.539606094360352,-8.668362617492676,-8.519715309143066,-7.196463108062744
Wrong -7.269379138946533,-8.636799812316895,-8.489725112915039,-6.717245578765869
Wrong -7.290496349334717,-8.466798782348633,-9.06959056854248,-7.360068321228027
Correct -6.648946285247803,-7.722588539123535,-8.082695960998535,-6.943500995635986
Wrong -7.571596145629883,-9.023383140563965,-9.40552806854248,-8.186050415039062
Wrong -6.715887546539307,-7.981508731842041,-8.629283905029297,-7.426158428192139
Wrong -6.8238420486450195,-8.11063003540039,-8.6768217086792,-7.842588901519775
Correct -6.685103893280029,-8.4190092086792,-9.000807762145996,-7.652720928192139
Wrong -7.442075252532959,-9.085503578186035,-9.63945198059082,-8.32288932800293
Wrong -7.557172775268555,-9.217294692993164,-9.568857192993164,-7.583238124847412
Wrong -6.783862590789795,-8.4033842086792,-8.910387992858887,-7.952930450439453
Correct -7.083730697631836,-8.722207069396973,-9.238675117492676,-7.432011604309082
Correct -7.6552510261535645,-8.82470417022705,-9.37541675567627,-7.680207252502441
Wrong -6.747137546539307,-8.2940092086792,-8.691343307495117,-7.3975443840026855
Wrong -6.794854640960693,-8.44653606414795,-8.656729698181152,-8.16352367401123
Wrong -6.184723377227783,-7.285686016082764,-7.545260906219482,-6.803945541381836
Wrong -7.450918197631836,-8.787318229675293,-8.941590309143066,-7.114290237426758
Wrong -7.1497483253479,-8.26130199432373,-8.46754264831543,-6.730311870574951
Wrong -7.322659015655518,-8.550332069396973,-8.646821975708008,-7.38397741317749
Wrong -7.658862590789795,-9.473613739013672,-9.992046356201172,-8.458967208862305
Correct -7.346930027008057,-9.704458236694336,-10.13949203491211,-8.558894157409668
Correct -7.340105056762695,-9.398957252502441,-9.507481575012207,-7.3047614097595215
Correct -6.297332763671875,-7.703184604644775,-8.438833236694336,-7.308261394500732
Wrong -6.705408573150635,-7.7062530517578125,-8.05967903137207,-7.180021286010742
Wrong -7.539628028869629,-8.830944061279297,-9.126505851745605,-7.522966384887695
Wrong -7.048490047454834,-9.201964378356934,-9.659667015075684,-8.339997291564941
Wrong -8.068089485168457,-9.072498321533203,-8.975319862365723,-7.575141906738281
Wrong -7.014430999755859,-8.603068351745605,-9.002340316772461,-7.5035295486450195
Wrong -6.270488739013672,-7.694155693054199,-8.263452529907227,-7.105802059173584
Wrong -7.235302925109863,-8.971574783325195,-9.474228858947754,-7.531797409057617
Wrong -6.898946285247803,-8.501150131225586,-9.06132698059082,-7.845931053161621
Wrong -7.339832305908203,-8.772966384887695,-9.261136054992676,-7.579238414764404
Correct -6.526381015777588,-7.875616073608398,-8.3799467086792,-7.08217191696167
Correct -7.515677452087402,-8.910003662109375,-9.11347484588623,-7.457183837890625
Correct -6.777332305908203,-8.290346145629883,-8.755605697631836,-7.301245212554932
Wrong -6.617616653442383,-8.732333183288574,-9.226128578186035,-7.583138465881348
Wrong -7.037503242492676,-8.4794921875,-8.617133140563965,-7.1728620529174805
Wrong -7.147154331207275,-9.020023345947266,-9.63379955291748,-7.722024440765381
Wrong -7.456614017486572,-8.721841812133789,-8.68923282623291,-7.292455673217773
Correct -6.93106746673584,-8.383768081665039,-8.97538948059082,-7.658951759338379
Wrong -6.504431247711182,-7.04823112487793,-7.571061611175537,-6.70448112487793
Correct -7.194149494171143,-8.531793594360352,-8.804032325744629,-7.386187553405762
Wrong -6.478850841522217,-7.756000995635986,-8.662196159362793,-7.423786640167236
Wrong -7.0681328773498535,-8.542580604553223,-9.18936538696289,-7.474348545074463
Wrong -7.556117057800293,-8.860615730285645,-9.166547775268555,-7.3349103927612305
Wrong -7.359362602233887,-8.556670188903809,-9.0079345703125,-7.482161045074463
Wrong -6.657505512237549,-8.741753578186035,-9.266134262084961,-7.68557071685791
Wrong -7.015511512756348,-8.480862617492676,-8.957425117492676,-7.248513221740723
Wrong -7.792766094207764,-8.79574203491211,-9.037870407104492,-7.469293594360352
Correct -7.194029331207275,-8.87427806854248,-9.18636703491211,-7.759268760681152
Wrong -6.339344024658203,-7.902873516082764,-8.8447847366333,-7.5287556648254395
Correct -7.295419216156006,-8.967294692993164,-9.421219825744629,-7.774550914764404
Wrong -6.548024654388428,-7.660465717315674,-8.162385940551758,-7.428911209106445
Wrong -7.753518581390381,-9.031268119812012,-8.473766326904297,-7.502187728881836
Correct -7.216810703277588,-9.214354515075684,-9.92350959777832,-8.397265434265137
Wrong -7.248384952545166,-8.628518104553223,-8.716365814208984,-7.362466812133789
Wrong -6.985166549682617,-8.542337417602539,-8.989096641540527,-7.595365047454834
Correct -6.272639751434326,-6.970218181610107,-7.366422653198242,-6.744354724884033
Correct -7.730051517486572,-9.09886360168457,-9.075249671936035,-7.517665863037109
Wrong -7.293255805969238,-8.504059791564941,-9.007912635803223,-7.636719226837158
Wrong -7.394018173217773,-8.84359359741211,-9.27019214630127,-7.491304397583008
Wrong -7.157175064086914,-8.852518081665039,-9.353944778442383,-8.048404693603516
Wrong -7.664376735687256,-8.867341995239258,-8.83780288696289,-7.20510721206665
Wrong -6.668200969696045,-8.433548927307129,-9.311339378356934,-7.719031810760498
Wrong -7.462552547454834,-8.548208236694336,-8.679850578308105,-7.5010576248168945
Correct -7.411165237426758,-9.183144569396973,-9.522966384887695,-7.948788166046143
Wrong -7.362557888031006,-8.857759475708008,-9.04092788696289,-7.408790588378906
Wrong -6.663128852844238,-7.740137577056885,-8.214608192443848,-7.138941287994385
Correct -6.576448917388916,-7.384148597717285,-7.563968181610107,-7.286445617675781
Correct -7.207364559173584,-9.191155433654785,-9.480217933654785,-8.5712251663208
Correct -6.813116073608398,-8.598957061767578,-9.36601448059082,-7.985904693603516
Wrong -7.078932285308838,-8.654800415039062,-9.387356758117676,-8.316343307495117
Correct -7.214029312133789,-8.229654312133789,-8.340860366821289,-6.870279312133789
Wrong -6.765725135803223,-8.132134437561035,-8.643346786499023,-7.463639259338379
Wrong -6.890059947967529,-7.927515029907227,-8.579275131225586,-6.978450298309326
Correct -7.8092546463012695,-8.869373321533203,-8.967751502990723,-7.332504749298096
Correct -6.965144634246826,-7.628906726837158,-8.211553573608398,-7.348711967468262
Correct -7.748836994171143,-9.276620864868164,-9.324682235717773,-8.05907917022705
Wrong -7.434258460998535,-9.089029312133789,-9.13322925567627,-7.601685047149658
Wrong -7.379300594329834,-8.416250228881836,-8.805231094360352,-7.342134952545166
Wrong -6.516575813293457,-7.754863739013672,-8.4658842086792,-7.735330104827881
Correct -6.767667770385742,-8.372976303100586,-8.835742950439453,-7.567446231842041
Wrong -6.461949825286865,-7.52748441696167,-7.938307285308838,-6.695594310760498
Wrong -6.832377910614014,-7.919898509979248,-8.161263465881348,-6.975886344909668
Wrong -6.747149467468262,-7.971471786499023,-8.6354341506958,-7.3533453941345215
Correct -7.0481157302856445,-8.320258140563965,-8.594807624816895,-7.264174938201904
Wrong -7.7044358253479,-9.130598068237305,-9.130598068237305,-7.1920671463012695
Correct -7.29885721206665,-8.788407325744629,-9.000018119812012,-7.506197452545166
Wrong -7.123898983001709,-8.75944709777832,-9.156745910644531,-7.4961652755737305
Correct -6.418071746826172,-7.412134647369385,-7.703999996185303,-6.795100688934326
Wrong -7.156609535217285,-8.066706657409668,-8.533032417297363,-7.122597694396973
Wrong -7.491856575012207,-8.464394569396973,-8.85816764831543,-7.277829647064209
Wrong -6.974611282348633,-8.142407417297363,-8.632547378540039,-7.401050090789795
Wrong -7.565682888031006,-9.278453826904297,-9.507830619812012,-8.069149017333984
Wrong -7.858211994171143,-9.209774017333984,-9.39885425567627,-7.388519763946533
Wrong -7.170682907104492,-8.427285194396973,-8.741015434265137,-7.332183837890625
Wrong -7.555001735687256,-8.687028884887695,-9.242341995239258,-7.325688362121582
Wrong -7.233182907104492,-8.573713302612305,-8.773383140563965,-7.284953594207764
Wrong -6.970751762390137,-8.86294937133789,-9.385637283325195,-8.058104515075684
Correct -6.7255859375,-7.965801239013672,-8.4268217086792,-7.27544641494751
Wrong -7.563043594360352,-9.126429557800293,-9.196596145629883,-7.770738124847412
Correct -6.516054153442383,-7.528881072998047,-7.9760236740112305,-6.967899799346924
Wrong -6.616253852844238,-8.016216278076172,-8.552645683288574,-7.502979755401611
Wrong -7.071496486663818,-8.826638221740723,-9.317437171936035,-7.694429397583008
Correct -6.425136566162109,-7.5574259757995605,-8.112507820129395,-7.357015609741211
Wrong -7.228682041168213,-8.375314712524414,-8.68010425567627,-7.2416181564331055
Wrong -6.758359909057617,-7.889463901519775,-8.142154693603516,-7.155076503753662
Correct -7.726405620574951,-9.33269214630127,-9.368301391601562,-7.905945301055908
Wrong -7.3242716789245605,-9.56647777557373,-10.018948554992676,-8.548158645629883
Wrong -6.322033405303955,-7.605802059173584,-8.066783905029297,-7.023719310760498
Wrong -6.563425064086914,-7.230698108673096,-7.955408573150635,-6.983848571777344
Wrong -7.184610843658447,-8.48327350616455,-8.738465309143066,-7.352564811706543
Correct -7.170424938201904,-8.531413078308105,-8.882854461669922,-7.463984966278076
Wrong -7.978603363037109,-9.509122848510742,-9.309516906738281,-7.523280620574951
Wrong -7.018604755401611,-8.61059856414795,-8.17562484741211,-7.835880279541016
Correct -7.070291996002197,-8.814220428466797,-9.280685424804688,-7.767742156982422
Wrong -7.075918197631836,-8.773314476013184,-9.14730453491211,-7.7824907302856445
Wrong -6.403008460998535,-7.497636795043945,-7.780250072479248,-7.173211097717285
Wrong -7.238745212554932,-8.764009475708008,-9.218094825744629,-7.57985782623291
Wrong -7.218278884887695,-8.63691234588623,-8.654964447021484,-7.1992998123168945
Wrong -7.002824783325195,-8.584776878356934,-8.935696601867676,-7.460372447967529
Correct -6.761447906494141,-8.067707061767578,-8.540212631225586,-7.226844310760498
Wrong -6.1378021240234375,-7.4165239334106445,-7.785820960998535,-6.947460651397705
Wrong -7.206698894500732,-8.701101303100586,-9.152575492858887,-7.649587154388428
Correct -7.264452934265137,-8.343913078308105,-8.847956657409668,-7.673967361450195
Wrong -7.504937171936035,-8.972268104553223,-8.97535514831543,-7.204282760620117
Wrong -7.3660359382629395,-8.63467788696289,-9.014009475708008,-7.42385721206665
Wrong -7.160825252532959,-9.132378578186035,-9.471132278442383,-7.808437824249268
Wrong -6.5159149169921875,-7.910259246826172,-8.343671798706055,-7.42593240737915
Wrong -6.958138465881348,-8.588225364685059,-8.197990417480469,-6.933051109313965
Correct -7.200227737426758,-8.303071975708008,-8.665447235107422,-7.230593681335449
Wrong -7.308206081390381,-8.833553314208984,-9.221235275268555,-7.601405620574951
Wrong -6.730700969696045,-8.031192779541016,-8.669230461120605,-7.118410587310791
Wrong -6.984434604644775,-7.860330104827881,-7.922156810760498,-6.467267036437988
Correct -6.581330299377441,-8.286286354064941,-8.763583183288574,-7.241337299346924
Correct -6.130013465881348,-6.92108154296875,-7.3909149169921875,-6.6891584396362305
Wrong -6.549922466278076,-8.26445198059082,-9.015725135803223,-7.6398091316223145
Wrong -6.769890785217285,-8.351419448852539,-8.603344917297363,-7.214844226837158
Wrong -7.455163955688477,-8.86294937133789,-8.660157203674316,-7.226418972015381
Wrong -7.0704665184021,-8.480316162109375,-8.665346145629883,-7.074352741241455
Wrong -7.295370578765869,-8.859475135803223,-9.224160194396973,-7.585979461669922
Correct -6.690774440765381,-8.178526878356934,-8.513299942016602,-6.97075891494751
Wrong -6.937234878540039,-8.05887508392334,-8.74525260925293,-7.437305450439453
Correct -6.801239013671875,-8.168926239013672,-8.716779708862305,-8.398294448852539
Wrong -7.367030620574951,-8.589394569396973,-8.342344284057617,-6.861074447631836
Wrong -7.308117866516113,-8.7188720703125,-8.715766906738281,-7.340766906738281
Wrong -6.644531726837158,-8.082261085510254,-8.662901878356934,-6.955826759338379
Wrong -6.14427375793457,-7.455567836761475,-8.175932884216309,-7.119562149047852
Wrong -6.9856157302856445,-8.496909141540527,-8.482423782348633,-6.908899307250977
Correct -6.532013893127441,-8.295008659362793,-8.4285306930542,-7.272759437561035
Wrong -6.553430080413818,-8.1339111328125,-8.835742950439453,-7.239582538604736
Correct -6.484537601470947,-7.410377502441406,-8.313424110412598,-7.408276557922363
Wrong -7.190682888031006,-8.667580604553223,-9.007966995239258,-7.260939598083496
Wrong -6.767336845397949,-7.978072166442871,-8.407800674438477,-7.396753787994385
Wrong -6.748742580413818,-8.3541841506958,-8.843317985534668,-7.408951759338379
Wrong -7.6254167556762695,-8.990571975708008,-9.232759475708008,-7.850355625152588
Wrong -7.04802942276001,-7.860299110412598,-8.209253311157227,-7.385255336761475
Wrong -6.773416996002197,-7.929011344909668,-8.549056053161621,-7.250955104827881
Wrong -6.453406810760498,-7.715954780578613,-8.357828140258789,-6.850712299346924
Wrong -6.330970764160156,-7.697048664093018,-8.167823791503906,-7.055296897888184
Correct -7.245761394500732,-8.35575008392334,-8.882340431213379,-7.517913341522217
Wrong -6.708765029907227,-7.829037189483643,-8.546441078186035,-7.114388465881348
Wrong -6.535385608673096,-7.795063495635986,-8.145642280578613,-6.691990852355957
Wrong -7.250785827636719,-9.121146202087402,-9.376429557800293,-7.905117511749268
Correct -7.133970260620117,-8.688884735107422,-8.767054557800293,-7.169938087463379
Wrong -6.268830299377441,-7.304339408874512,-7.7190399169921875,-7.174641132354736
Wrong -6.904226779937744,-8.639278411865234,-9.130946159362793,-7.899349689483643
Wrong -6.611987590789795,-8.252721786499023,-8.78250503540039,-7.461744785308838
Wrong -7.5325608253479,-9.219934463500977,-9.344863891601562,-7.765320301055908
Wrong -7.286266326904297,-9.114391326904297,-9.589394569396973,-7.937622547149658
Wrong -7.255908489227295,-8.894994735717773,-9.269925117492676,-7.535642147064209
Wrong -7.575141906738281,-8.875519752502441,-9.062195777893066,-7.4786057472229
Wrong -7.379857063293457,-9.319151878356934,-9.811050415039062,-8.158292770385742
Wrong -7.184262752532959,-8.4306001663208,-8.628132820129395,-7.211366653442383
Wrong -7.172234535217285,-8.377824783325195,-8.945047378540039,-7.493303298950195
Correct -7.1388044357299805,-8.556970596313477,-8.987096786499023,-7.569424152374268
Correct -7.3441667556762695,-9.086252212524414,-9.455107688903809,-7.677473545074463
Wrong -6.131373882293701,-7.107949256896973,-7.763571739196777,-7.350759983062744
Correct -6.404280662536621,-7.413754940032959,-8.027373313903809,-7.701080322265625
Wrong -6.837277412414551,-8.435823440551758,-8.943862915039062,-7.506878852844238
Correct -7.383604049682617,-8.303129196166992,-8.565900802612305,-7.317927837371826
Wrong -6.97437047958374,-8.421733856201172,-8.945189476013184,-7.63419246673584
Wrong -7.190824031829834,-8.638291358947754,-8.990629196166992,-7.662503719329834
Wrong -6.539546489715576,-7.574883460998535,-7.800810813903809,-6.879720211029053
Wrong -7.601405620574951,-9.031564712524414,-9.148752212524414,-7.229937553405762
Wrong -7.443789482116699,-9.043070793151855,-9.147194862365723,-7.462339878082275
Correct -6.841347694396973,-7.884929656982422,-8.325799942016602,-7.112462520599365
Wrong -7.312735080718994,-8.890666961669922,-9.216946601867676,-8.052884101867676
Wrong -6.971420764923096,-8.60413932800293,-8.955507278442383,-7.714572906494141
Wrong -6.636017799377441,-7.43143367767334,-8.0861177444458,-7.4036359786987305
Wrong -6.524420261383057,-7.642913341522217,-8.09092903137207,-7.468692779541016
Correct -6.665045261383057,-7.983776569366455,-8.540572166442871,-7.528266429901123
Correct -6.56647253036499,-7.477828025817871,-8.381465911865234,-7.693965911865234
Wrong -7.026926517486572,-7.936844825744629,-8.320466995239258,-6.8207292556762695
Wrong -6.31447696685791,-7.479694843292236,-7.916350841522217,-6.846038341522217
Wrong -7.518335819244385,-8.903266906738281,-8.75439167022705,-7.342586994171143
Correct -7.458040237426758,-9.065683364868164,-8.727106094360352,-7.311460494995117
Wrong -6.744889259338379,-8.289986610412598,-8.753655433654785,-7.380507469177246
Wrong -6.805414199829102,-8.137019157409668,-9.047687530517578,-8.14556884765625
Wrong -6.830291271209717,-8.437663078308105,-9.050149917602539,-7.693862438201904
Correct -7.059637546539307,-8.28296184539795,-8.67445182800293,-7.649011135101318
Wrong -6.941075325012207,-8.850112915039062,-9.521413803100586,-8.101128578186035
Wrong -6.511673927307129,-7.444789409637451,-7.966700077056885,-7.1040239334106445
Wrong -6.876529693603516,-8.434855461120605,-9.007134437561035,-7.470776557922363
Correct -7.112832069396973,-8.079365730285645,-8.360809326171875,-7.186216831207275
Wrong -7.644114017486572,-9.127324104309082,-9.442422866821289,-7.904726982116699
Wrong -7.4574809074401855,-8.860045433044434,-9.21550464630127,-7.447203159332275
Wrong -6.428986549377441,-7.5094895362854,-7.998385906219482,-7.600241661071777
Wrong -7.148627281188965,-8.426011085510254,-8.555837631225586,-7.462043285369873
Wrong -6.452178001403809,-8.011948585510254,-8.49576187133789,-7.398627281188965
Wrong -7.3633527755737305,-8.682805061340332,-8.866015434265137,-7.156108856201172
Wrong -6.804877281188965,-8.61707878112793,-9.12093734741211,-7.793606281280518
Correct -7.4532790184021,-8.680231094360352,-8.861860275268555,-7.034237384796143
Wrong -6.532399654388428,-7.529702663421631,-7.810479640960693,-6.4008989334106445
Wrong -7.5977582931518555,-9.053689002990723,-9.298059463500977,-7.820982933044434
Correct -7.387182712554932,-8.534954071044922,-8.90253734588623,-7.511136531829834
Wrong -7.269531726837158,-9.099538803100586,-9.352178573608398,-8.352518081665039
Wrong -7.573769569396973,-8.66816234588623,-9.160237312316895,-7.778374671936035
Wrong -7.691892147064209,-9.024621963500977,-9.279069900512695,-7.562713623046875
Wrong -6.2688679695129395,-7.042194843292236,-7.527092456817627,-6.481027126312256
Correct -6.584764003753662,-8.059231758117676,-8.263758659362793,-7.258421897888184
Wrong -7.267742156982422,-9.01445198059082,-9.468608856201172,-8.14369010925293
Wrong -6.362507343292236,-7.155726909637451,-7.833887577056885,-6.9157395362854
Wrong -6.559551239013672,-7.308823108673096,-7.750429153442383,-6.866030693054199
Correct -7.263479232788086,-8.729979515075684,-9.220792770385742,-7.5352277755737305
Wrong -6.996394634246826,-8.828634262084961,-9.498196601867676,-8.138229370117188
Wrong -6.826867580413818,-8.957988739013672,-9.537092208862305,-8.122981071472168
Wrong -6.598203659057617,-7.801010608673096,-8.0479736328125,-6.8774824142456055
Wrong -7.715766906738281,-9.02675724029541,-9.168891906738281,-7.388693332672119
Wrong -7.009533405303955,-9.0573091506958,-9.49576187133789,-8.033971786499023
Wrong -7.400557041168213,-8.951961517333984,-8.92698860168457,-7.411848545074463
Wrong -6.605095386505127,-8.32156753540039,-8.946645736694336,-7.8478102684021
Correct -7.549285411834717,-9.03895378112793,-9.766580581665039,-8.54858684539795
Wrong -7.6036057472229,-8.880589485168457,-9.264741897583008,-7.344817161560059
Wrong -6.7896528244018555,-8.500509262084961,-9.117696762084961,-8.054009437561035
Wrong -7.314365386962891,-8.916045188903809,-9.191869735717773,-7.431873321533203
Wrong -7.032602310180664,-8.767663955688477,-9.405077934265137,-7.679633140563965
Wrong -7.356419563293457,-9.110432624816895,-9.745012283325195,-8.41900634765625
Correct -7.051158428192139,-8.740640640258789,-9.52927303314209,-8.035794258117676
Correct -7.269942760467529,-8.592134475708008,-9.020641326904297,-7.59548282623291
Wrong -6.221246719360352,-7.684637546539307,-8.200348854064941,-6.807453632354736
Wrong -6.699552059173584,-7.426934719085693,-8.016104698181152,-6.89427375793457
Wrong -7.018248081207275,-7.824748516082764,-8.260499000549316,-8.151966094970703
Wrong -6.967968463897705,-8.19338321685791,-8.767407417297363,-7.392407417297363
Wrong -6.316627502441406,-7.5627899169921875,-8.262532234191895,-6.917998313903809
Correct -7.213608264923096,-8.68567943572998,-9.100997924804688,-7.494040012359619
Correct -7.069211483001709,-8.070354461669922,-8.319140434265137,-6.653977870941162
Wrong -7.041101455688477,-9.105405807495117,-9.252117156982422,-8.11294937133789
Wrong -7.48610782623291,-8.51749038696289,-8.472207069396973,-7.168432712554932
Wrong -7.283137798309326,-8.5260591506958,-8.867696762084961,-7.647792816162109
Wrong -6.543131351470947,-8.198034286499023,-9.066637992858887,-7.571462154388428
Wrong -6.955165863037109,-8.297029495239258,-8.389461517333984,-6.9063239097595215
Correct -6.857356071472168,-8.377721786499023,-8.671442985534668,-7.259993553161621
Wrong -7.321697235107422,-8.922029495239258,-9.325235366821289,-7.7774457931518555
Wrong -6.912111282348633,-8.561738014221191,-8.734233856201172,-7.437600135803223
Wrong -6.690587520599365,-7.9542236328125,-8.579275131225586,-7.00397253036499
Correct -6.68950891494751,-7.760492324829102,-8.571268081665039,-7.200952529907227
Correct -6.136282444000244,-6.959922790527344,-7.86639404296875,-7.393681526184082
Wrong -6.419498443603516,-7.586920261383057,-8.169269561767578,-6.919898509979248
Correct -6.906055450439453,-8.491753578186035,-8.76820182800293,-7.405847549438477
Correct -6.972166538238525,-8.466432571411133,-9.138229370117188,-7.88869571685791
Wrong -6.704137325286865,-7.924257755279541,-8.517345428466797,-7.352178573608398
Correct -7.432774543762207,-9.209193229675293,-9.202469825744629,-7.613767147064209
Correct -6.650984287261963,-8.1494722366333,-8.557744026184082,-7.464785575866699
Wrong -6.575329780578613,-7.958075046539307,-8.780399322509766,-7.4981770515441895
Wrong -7.415547847747803,-8.191590309143066,-8.322652816772461,-7.045773506164551
Correct -6.749237060546875,-7.967135906219482,-8.45063304901123,-7.7240705490112305
Wrong -7.505697727203369,-9.016295433044434,-8.927473068237305,-6.99782657623291
Wrong -7.243142604827881,-8.249321937561035,-9.473957061767578,-10.044851303100586
Wrong -6.434383869171143,-8.284905433654785,-8.605846405029297,-7.269760608673096
Wrong -6.743717193603516,-8.226128578186035,-9.015192985534668,-7.766241073608398
Wrong -7.09779691696167,-8.713220596313477,-9.336893081665039,-7.735524654388428
Wrong -7.454740047454834,-9.335979461669922,-9.655077934265137,-8.380487442016602
Wrong -6.684353828430176,-8.024967193603516,-8.508428573608398,-7.233698844909668
Wrong -7.149130821228027,-8.8877592086792,-9.186935424804688,-8.049056053161621
Wrong -7.347781181335449,-9.049966812133789,-9.299966812133789,-7.469269752502441
Wrong -6.632247447967529,-8.061821937561035,-8.528644561767578,-7.285516738891602
Wrong -7.702794075012207,-9.40300464630127,-9.514626502990723,-7.756569862365723
Wrong -7.347239017486572,-8.876384735107422,-9.146053314208984,-7.727675914764404
Wrong -6.852034568786621,-8.097593307495117,-8.580306053161621,-7.354242324829102
Wrong -6.508767604827881,-7.730690002441406,-8.7432861328125,-7.374321937561035
Wrong -6.724593162536621,-8.069840431213379,-8.294833183288574,-7.003761291503906
Wrong -6.33607816696167,-7.666210651397705,-8.271571159362793,-6.940479755401611
Wrong -6.69813871383667,-8.305643081665039,-8.722593307495117,-7.429011344909668
Wrong -6.892407417297363,-8.028932571411133,-8.769532203674316,-6.998255252838135
Wrong -6.817461967468262,-8.047682762145996,-8.66825008392334,-7.116509437561035
Wrong -6.7432451248168945,-7.3506693840026855,-7.687065601348877,-6.816964626312256
Wrong -6.64345121383667,-8.027573585510254,-8.5573091506958,-7.5219879150390625
Wrong -6.669833183288574,-7.500580787658691,-8.041891098022461,-7.097156524658203
Wrong -7.181193828582764,-8.913797378540039,-9.079182624816895,-8.178515434265137
Wrong -6.363918781280518,-7.357563495635986,-7.871026039123535,-6.597683429718018
Wrong -6.681540012359619,-7.8969879150390625,-8.489582061767578,-8.199856758117676
Wrong -7.1531596183776855,-8.624435424804688,-9.25403118133545,-7.892742156982422
Correct -6.706212520599365,-8.218071937561035,-8.746030807495117,-7.2042083740234375
Wrong -7.575791835784912,-8.736095428466797,-8.993969917297363,-7.574130535125732
Correct -5.879143238067627,-7.573783874511719,-7.848639011383057,-6.222278594970703
Wrong -6.076080322265625,-7.15626335144043,-7.643273830413818,-6.7084431648254395
Wrong -6.311216831207275,-7.640604496002197,-8.182512283325195,-6.882854461669922
Wrong -7.5478620529174805,-8.987194061279297,-9.219315528869629,-7.75198221206665
Wrong -7.701669216156006,-9.072797775268555,-9.140643119812012,-7.3910417556762695
Wrong -7.337050914764404,-8.932779312133789,-9.273591995239258,-7.408435821533203
Wrong -7.786848545074463,-9.434516906738281,-9.561257362365723,-7.970884799957275
Correct -6.425881385803223,-7.568267822265625,-8.436823844909668,-7.076148509979248
Wrong -6.833998203277588,-8.271041870117188,-8.845788955688477,-7.409193515777588
Wrong -6.693267822265625,-7.320903778076172,-7.72280740737915,-6.746035575866699
Wrong -6.743709087371826,-8.123714447021484,-8.470255851745605,-7.053495407104492
Wrong -6.710793972015381,-8.135534286499023,-8.381651878356934,-6.85560941696167
Correct -6.764217853546143,-8.251333236694336,-8.899495124816895,-7.563313007354736
Wrong -6.990657806396484,-8.641775131225586,-9.001782417297363,-7.568293571472168
Wrong -7.161196231842041,-8.773003578186035,-8.985330581665039,-7.623517036437988
Wrong -7.466416835784912,-9.085979461669922,-9.208535194396973,-8.007671356201172
Correct -6.624477386474609,-7.489366054534912,-8.092899322509766,-7.475015163421631
Correct -7.371082305908203,-8.688956260681152,-8.708730697631836,-7.510000228881836
Correct -7.3717546463012695,-8.674199104309082,-8.934610366821289,-7.309993743896484
Wrong -7.136086940765381,-8.035387992858887,-8.685529708862305,-7.268568515777588
Wrong -6.05833625793457,-6.958075046539307,-7.559118747711182,-6.401060581207275
Wrong -6.812234878540039,-8.613218307495117,-8.848613739013672,-7.843606472015381
Wrong -6.999843120574951,-8.459774017333984,-8.75967788696289,-7.080449104309082
Wrong -6.609416961669922,-8.41531753540039,-8.624856948852539,-7.6182708740234375
Wrong -6.6345953941345215,-8.139774322509766,-8.661301612854004,-7.5784149169921875
Wrong -7.6462578773498535,-9.154763221740723,-8.93155288696289,-7.297679424285889
Wrong -7.4769792556762695,-8.97842788696289,-9.063043594360352,-7.520562171936035
Wrong -7.337095260620117,-8.835466384887695,-9.412607192993164,-7.807779312133789
Wrong -6.423214912414551,-7.525173664093018,-7.7438645362854,-7.0541486740112305
Correct -6.890984535217285,-8.419856071472168,-9.092988014221191,-7.628818035125732
Wrong -5.833183288574219,-6.603487968444824,-7.424957275390625,-6.228945255279541
Wrong -6.3106770515441895,-7.458320617675781,-8.07796573638916,-6.920083045959473
Wrong -6.586366653442383,-7.629431247711182,-8.104926109313965,-6.699743747711182
Correct -6.776059627532959,-7.948676109313965,-8.511651039123535,-7.521068572998047
Wrong -6.580747127532959,-8.039986610412598,-8.698676109313965,-7.7527384757995605
Wrong -7.424221515655518,-8.389626502990723,-8.831643104553223,-7.448439598083496
Wrong -6.982656478881836,-8.65788459777832,-9.175862312316895,-7.8137407302856445
Wrong -6.855423927307129,-7.6635236740112305,-8.059407234191895,-7.475799560546875
Wrong -7.1556806564331055,-8.59886360168457,-9.106990814208984,-7.255707263946533
Wrong -6.3206024169921875,-7.962388038635254,-8.353013038635254,-7.671133041381836
Wrong -7.247203826904297,-8.854381561279297,-9.53223705291748,-8.109689712524414
Correct -6.751352310180664,-8.324372291564941,-8.747666358947754,-7.53673791885376
Correct -6.904310703277588,-7.852895736694336,-8.295702934265137,-6.9488420486450195
