grade confidence_levels
Correct 0.0530674122273922,0.02973095513880253,0.03443564102053642,0.025880241766572
Correct 0.03727376088500023,0.060961078852415085,0.03919842466711998,0.0335773304104805
Wrong 0.04939017817378044,0.045537810772657394,0.05958806350827217,0.03811291977763176
Correct 0.056933823972940445,0.03533272445201874,0.05346333608031273,0.03293852135539055
Wrong 0.054887861013412476,0.02592189610004425,0.05215277895331383,0.0332636758685112
Wrong 0.0445830263197422,0.042869970202445984,0.036192141473293304,0.029612692072987556
Wrong 0.05799465626478195,0.027910348027944565,0.06165764853358269,0.05246774107217789
Wrong 0.05807138979434967,0.048867117613554,0.07560860365629196,0.06204027682542801
Wrong 0.06376045942306519,0.03179784491658211,0.07527929544448853,0.046519260853528976
Wrong 0.04801136627793312,0.03716582432389259,0.052859723567962646,0.03499307110905647
Correct 0.050146300345659256,0.03567971661686897,0.055816709995269775,0.0571533739566803
Wrong 0.04699104651808739,0.03216250613331795,0.060524024069309235,0.052107784897089005
Wrong 0.036589812487363815,0.029883798211812973,0.15241310000419617,0.031199980527162552
Correct 0.054194848984479904,0.033563848584890366,0.06440945714712143,0.04139647260308266
Correct 0.05789823457598686,0.04374117776751518,0.05408579483628273,0.045327018946409225
Wrong 0.05138261243700981,0.030267277732491493,0.05852382630109787,0.08465331047773361
Correct 0.056429825723171234,0.03637675195932388,0.0390683077275753,0.03455779701471329
Wrong 0.0612310916185379,0.047445304691791534,0.057475823909044266,0.04644566774368286
Correct 0.03941091150045395,0.02834996022284031,0.11577672511339188,0.04863275587558746
Wrong 0.04683748632669449,0.02542775683104992,0.038150958716869354,0.046180736273527145
Wrong 0.04710346460342407,0.02805863320827484,0.037061113864183426,0.027842504903674126
Correct 0.07060786336660385,0.040126483887434006,0.06304945051670074,0.08206841349601746
Wrong 0.05946742370724678,0.031423404812812805,0.03626299649477005,0.0386248342692852
Correct 0.04101796820759773,0.03066166862845421,0.08384031802415848,0.0476226881146431
Wrong 0.05493248254060745,0.03010782040655613,0.05397540330886841,0.06597843021154404
Correct 0.05739661306142807,0.03304889425635338,0.08230812102556229,0.048040129244327545
Wrong 0.061398327350616455,0.031948793679475784,0.07324337959289551,0.058001089841127396
Correct 0.0722213014960289,0.03719834238290787,0.04340633004903793,0.0362972691655159
Correct 0.04433039575815201,0.02512400597333908,0.05345546454191208,0.08483795821666718
Correct 0.03804250434041023,0.036111246794462204,0.02621510811150074,0.06244815140962601
Wrong 0.06417244672775269,0.04714365676045418,0.06328465044498444,0.04344896972179413
Correct 0.05878695100545883,0.045093562453985214,0.04713646322488785,0.04158611223101616
Wrong 0.044557005167007446,0.023181315511465073,0.022760579362511635,0.05973876267671585
Wrong 0.031193092465400696,0.021823540329933167,0.031067801639437675,0.046108219772577286
Wrong 0.04064462333917618,0.0349203459918499,0.05076739937067032,0.03914555907249451
Wrong 0.06997673213481903,0.0413898266851902,0.06827002018690109,0.04660530760884285
Wrong 0.0632554218173027,0.032723791897296906,0.05635834112763405,0.07271070033311844
Correct 0.051315661519765854,0.03616988658905029,0.07199185341596603,0.049834948033094406
Wrong 0.06875179708003998,0.047399602830410004,0.08986955881118774,0.06759973615407944
Wrong 0.04500090703368187,0.0377909317612648,0.04883233830332756,0.033369746059179306
Correct 0.051984671503305435,0.03821970149874687,0.047882869839668274,0.03739433363080025
Wrong 0.04949158802628517,0.0353209413588047,0.057772718369960785,0.06724191457033157
Wrong 0.07046347111463547,0.05933910980820656,0.08545403927564621,0.056484404951334
Wrong 0.07460113614797592,0.04485546424984932,0.0921192467212677,0.06163616105914116
Correct 0.04933110997080803,0.029668251052498817,0.05114191398024559,0.03119887039065361
Correct 0.04977868124842644,0.034941982477903366,0.08014871180057526,0.044087596237659454
Correct 0.06025299057364464,0.03484540432691574,0.06600262969732285,0.07198446989059448
Correct 0.03362959250807762,0.021178141236305237,0.040327053517103195,0.04568406939506531
Correct 0.05740079656243324,0.031201912090182304,0.04057067632675171,0.03238925710320473
Wrong 0.05371182784438133,0.03460010513663292,0.053946927189826965,0.05002985894680023
Wrong 0.045887574553489685,0.03595242276787758,0.05835029110312462,0.05539917200803757
Correct 0.07687411457300186,0.037222083657979965,0.06479143351316452,0.0854966938495636
Correct 0.0604669563472271,0.04000341147184372,0.048411138355731964,0.05614554136991501
Wrong 0.062201499938964844,0.02746329829096794,0.062327899038791656,0.057818807661533356
Correct 0.03762606158852577,0.02780342474579811,0.045842237770557404,0.029434559866786003
Wrong 0.05779517814517021,0.046878181397914886,0.07279208302497864,0.04943155124783516
Wrong 0.069179005920887,0.0412110760807991,0.0647352859377861,0.04865274578332901
Correct 0.06930429488420486,0.033731140196323395,0.05500473082065582,0.04865889996290207
Wrong 0.05030493438243866,0.031021740287542343,0.04082644358277321,0.032011862844228745
Wrong 0.047413408756256104,0.04690789803862572,0.05214912071824074,0.04215434938669205
Wrong 0.04630197584629059,0.03669856861233711,0.0412682369351387,0.035324759781360626
Wrong 0.05903979390859604,0.0409574955701828,0.05408143252134323,0.04174154996871948
Wrong 0.05085369572043419,0.028440844267606735,0.038011182099580765,0.03064749576151371
Correct 0.06364388018846512,0.037483565509319305,0.05549975484609604,0.07117385417222977
Wrong 0.05890236049890518,0.04996011406183243,0.05321435257792473,0.039249688386917114
Correct 0.039097677916288376,0.030046267434954643,0.04220087081193924,0.03902425989508629
Wrong 0.05004263296723366,0.04508953541517258,0.09409952163696289,0.06972436606884003
Wrong 0.026914704591035843,0.027610458433628082,0.05121966078877449,0.05344259738922119
Wrong 0.04680086299777031,0.0448235422372818,0.05773666501045227,0.04473318159580231
Wrong 0.04595864191651344,0.02981168031692505,0.05895129218697548,0.03237731382250786
Wrong 0.06812300533056259,0.04935518279671669,0.06750578433275223,0.05898338556289673
Wrong 0.04737621545791626,0.03024781495332718,0.046328477561473846,0.03838489577174187
Correct 0.04938264563679695,0.03057131916284561,0.045130372047424316,0.03719916194677353
Wrong 0.04212336987257004,0.02116192691028118,0.042465586215257645,0.029678158462047577
Wrong 0.05902679264545441,0.036843441426754,0.04247690737247467,0.03010709211230278
Wrong 0.05211866647005081,0.02996605448424816,0.05356494337320328,0.05970609188079834
Wrong 0.05804001912474632,0.05080942064523697,0.06006694957613945,0.05180961638689041
Wrong 0.06903943419456482,0.055593304336071014,0.07014595717191696,0.04994513839483261
Correct 0.04340720549225807,0.030136745423078537,0.040138889104127884,0.03784998506307602
Correct 0.04644986614584923,0.022731812670826912,0.04233568534255028,0.048598580062389374
Wrong 0.04370546340942383,0.021509353071451187,0.05887981876730919,0.04025520011782646
Correct 0.05918804183602333,0.032835908234119415,0.050740115344524384,0.04145170375704765
Wrong 0.035351160913705826,0.02180498279631138,0.04477548226714134,0.035589758306741714
Wrong 0.05068272352218628,0.02594054490327835,0.03916649892926216,0.03473637253046036
Wrong 0.0663096234202385,0.03697360306978226,0.047697387635707855,0.04707038030028343
Correct 0.04650998115539551,0.034915391355752945,0.037532661110162735,0.027220692485570908
Wrong 0.05779929831624031,0.05201064795255661,0.06700538843870163,0.061057791113853455
Correct 0.04129071533679962,0.02055266499519348,0.04323062300682068,0.0489940270781517
Wrong 0.044456854462623596,0.028241559863090515,0.10629205405712128,0.04167716205120087
Wrong 0.05065362527966499,0.03463011234998703,0.04643654823303223,0.059623412787914276
Wrong 0.057257723063230515,0.04457767307758331,0.05671382322907448,0.04368312284350395
Wrong 0.04798517003655434,0.021382920444011688,0.03663695231080055,0.022665683180093765
Wrong 0.06190488114953041,0.04324251413345337,0.04907868802547455,0.03757086396217346
Wrong 0.03664328530430794,0.023958083242177963,0.03330647572875023,0.05365535616874695
Wrong 0.036673031747341156,0.027052409946918488,0.03491077199578285,0.03244982287287712
Correct 0.04647752642631531,0.03786745294928551,0.05445300415158272,0.05014056712388992
Correct 0.04674460366368294,0.02766452543437481,0.04951779171824455,0.06387917697429657
Correct 0.05632400140166283,0.038934219628572464,0.04220656305551529,0.03602701425552368
Wrong 0.04900219291448593,0.027849484235048294,0.046856075525283813,0.04056534916162491
Wrong 0.05372817814350128,0.03387104719877243,0.04953516647219658,0.03235121816396713
Correct 0.04809822514653206,0.021331315860152245,0.07016142457723618,0.031494054943323135
Wrong 0.03799854591488838,0.025158241391181946,0.03575022518634796,0.029187094420194626
Wrong 0.05856452137231827,0.030231036245822906,0.04570874199271202,0.042866140604019165
Wrong 0.0808880403637886,0.04256277158856392,0.08573954552412033,0.04946344718337059
Wrong 0.06459136307239532,0.03918513283133507,0.03937011957168579,0.03450761362910271
Wrong 0.057709820568561554,0.03436068817973137,0.050658393651247025,0.03302408382296562
Wrong 0.06552346795797348,0.03654639795422554,0.053287386894226074,0.05645066499710083
Wrong 0.05593591183423996,0.03221816197037697,0.05080533027648926,0.03983186185359955
Wrong 0.047654688358306885,0.041386038064956665,0.048033587634563446,0.032404977828264236
Correct 0.050939105451107025,0.02164507657289505,0.035605136305093765,0.031974777579307556
Correct 0.05742587521672249,0.02801232598721981,0.035425420850515366,0.059763453900814056
Wrong 0.06393991410732269,0.0513259582221508,0.0646476224064827,0.05240229144692421
Wrong 0.0547635443508625,0.03986693173646927,0.05291485786437988,0.030872803181409836
Wrong 0.062191370874643326,0.04280934855341911,0.07561088353395462,0.051106974482536316
Wrong 0.08609800040721893,0.04838563874363899,0.07714791595935822,0.07817552983760834
Correct 0.05598631501197815,0.03656280040740967,0.05514131858944893,0.07457201927900314
Wrong 0.06744767725467682,0.02464876137673855,0.05830250307917595,0.05280597135424614
Correct 0.0709715336561203,0.04266268014907837,0.07188732922077179,0.04729417711496353
Wrong 0.05277121812105179,0.03915269300341606,0.045956384390592575,0.07192865759134293
Wrong 0.03993922472000122,0.022754399105906487,0.03939220681786537,0.03473687916994095
Correct 0.05102362856268883,0.0400034561753273,0.03843212127685547,0.029373811557888985
Wrong 0.05732390284538269,0.037190280854701996,0.06364711374044418,0.0470617450773716
Wrong 0.05647820606827736,0.035473018884658813,0.04882819205522537,0.04205862432718277
Wrong 0.059769127517938614,0.03552078455686569,0.08307581394910812,0.05606881156563759
Wrong 0.06640505790710449,0.035377029329538345,0.058458324521780014,0.06657048314809799
Wrong 0.06191014498472214,0.02811674028635025,0.04617352783679962,0.05905540660023689
Wrong 0.06126898154616356,0.03788554295897484,0.06350145488977432,0.056108057498931885
Wrong 0.05180083587765694,0.030911320820450783,0.06462642550468445,0.051511116325855255
Correct 0.046405911445617676,0.032613832503557205,0.06897889822721481,0.0380699522793293
Wrong 0.041484635323286057,0.025262748822569847,0.04556484520435333,0.03764946013689041
Wrong 0.044792164117097855,0.026510093361139297,0.04710763320326805,0.03723602369427681
Wrong 0.058965906500816345,0.03378821536898613,0.07511887699365616,0.05022421106696129
Correct 0.05932611599564552,0.034675367176532745,0.05833275616168976,0.037137750536203384
Wrong 0.04282333329319954,0.03775039315223694,0.14536574482917786,0.06253353506326675
Wrong 0.061852119863033295,0.05804798752069473,0.07978804409503937,0.057956233620643616
Correct 0.06498965620994568,0.039514582604169846,0.04773302003741264,0.04360459744930267
Wrong 0.078302301466465,0.03879595920443535,0.10254459828138351,0.057919055223464966
Correct 0.047581613063812256,0.02311166189610958,0.03968911990523338,0.04731156304478645
Wrong 0.046222660690546036,0.03436826542019844,0.044416386634111404,0.03351179137825966
Wrong 0.05263016000390053,0.029647117480635643,0.04387390613555908,0.0361056886613369
Wrong 0.03802657872438431,0.04039382562041283,0.11488688737154007,0.03026149608194828
Wrong 0.06954136490821838,0.04349513351917267,0.0611385777592659,0.06958670169115067
Wrong 0.04441092163324356,0.028995366767048836,0.04958626255393028,0.0337807796895504
Wrong 0.05426041781902313,0.04241812601685524,0.0654156506061554,0.051173917949199677
Wrong 0.049749501049518585,0.039731819182634354,0.07091128081083298,0.04376838728785515
Wrong 0.04733312875032425,0.03161785006523132,0.03662028908729553,0.030315808951854706
Correct 0.033814482390880585,0.02620113454759121,0.06320400536060333,0.04859030619263649
Correct 0.04096299037337303,0.03849365562200546,0.047795772552490234,0.038220442831516266
Correct 0.056719060987234116,0.039832159876823425,0.07857128232717514,0.046856172382831573
Wrong 0.05792592838406563,0.04789828881621361,0.049307867884635925,0.03518752381205559
Correct 0.05016613006591797,0.029679743573069572,0.02861061505973339,0.06669154763221741
Wrong 0.06519071757793427,0.041565679013729095,0.056905992329120636,0.04137348756194115
Wrong 0.05120060220360756,0.034165117889642715,0.04165360704064369,0.048130571842193604
Wrong 0.051444150507450104,0.04447907581925392,0.0597849078476429,0.04653275012969971
Wrong 0.04426177963614464,0.025702616199851036,0.045056913048028946,0.052887339144945145
Correct 0.05526576563715935,0.032691795378923416,0.03694383054971695,0.031234046444296837
Wrong 0.05548235401511192,0.03730640560388565,0.05091438442468643,0.04753466323018074
Wrong 0.047319646924734116,0.03691572695970535,0.04707401990890503,0.038545459508895874
Wrong 0.050913721323013306,0.035051994025707245,0.050832558423280716,0.04014962911605835
Wrong 0.05723607912659645,0.03020089864730835,0.042156677693128586,0.03670734167098999
Wrong 0.06545460969209671,0.06578073650598526,0.07793856412172318,0.054616525769233704
Wrong 0.04623444378376007,0.042640045285224915,0.04443768784403801,0.04947478696703911
Wrong 0.05320967733860016,0.04516366124153137,0.09709326922893524,0.06483355164527893
Wrong 0.05331140011548996,0.03701499477028847,0.06589406728744507,0.038725029677152634
Correct 0.055601976811885834,0.03322136029601097,0.07545792311429977,0.04421913996338844
Wrong 0.05255462974309921,0.03899095579981804,0.06406917423009872,0.04772040992975235
Correct 0.04584294557571411,0.040229249745607376,0.06022989749908447,0.03413291648030281
Correct 0.05822311341762543,0.03520536050200462,0.04496045783162117,0.041301973164081573
Wrong 0.057833608239889145,0.05579925701022148,0.04230579733848572,0.056897979229688644
Wrong 0.04449408873915672,0.035747066140174866,0.03407946228981018,0.0691545158624649
Correct 0.06986156851053238,0.03861814737319946,0.0490194670855999,0.0852382630109787
Wrong 0.054529063403606415,0.032237641513347626,0.06674882024526596,0.048498835414648056
Wrong 0.05040237680077553,0.02606615237891674,0.039730001240968704,0.039026640355587006
Correct 0.04146876931190491,0.02536487951874733,0.04017265886068344,0.026076460257172585
Wrong 0.06111631542444229,0.05077856034040451,0.08494091778993607,0.0696067065000534
Wrong 0.04085758700966835,0.0232018381357193,0.026946790516376495,0.02370147965848446
Correct 0.06225055456161499,0.021896369755268097,0.05166585370898247,0.04281235113739967
Correct 0.05638233199715614,0.04123604670166969,0.07639851421117783,0.04234602674841881
Wrong 0.05219303071498871,0.025938475504517555,0.053054653108119965,0.0459769181907177
Correct 0.05363042280077934,0.02455970086157322,0.03621530532836914,0.0276805367320776
Wrong 0.051286738365888596,0.033874548971652985,0.04478960856795311,0.03676171228289604
Correct 0.06236991286277771,0.04313015192747116,0.05118342489004135,0.043986726552248
Wrong 0.051218628883361816,0.024220578372478485,0.04929723963141441,0.03568447008728981
Correct 0.05519096553325653,0.03920827433466911,0.05861843377351761,0.05995241180062294
Wrong 0.044856343418359756,0.024247635155916214,0.025854071602225304,0.022462764754891396
Wrong 0.06400565803050995,0.04931199923157692,0.07952343672513962,0.04661616310477257
Wrong 0.0553898923099041,0.041983600705862045,0.0427497960627079,0.03512643650174141
Wrong 0.06644055992364883,0.0361877977848053,0.0729760080575943,0.06011452153325081
Correct 0.057215895503759384,0.029308440163731575,0.05913938954472542,0.04133031144738197
Wrong 0.05441788211464882,0.032600320875644684,0.06541372835636139,0.048816561698913574
Wrong 0.04821394011378288,0.04077591747045517,0.04554560407996178,0.0342523567378521
Wrong 0.043852828443050385,0.033436041325330734,0.03653372451663017,0.035286542028188705
Correct 0.05723933130502701,0.029811648651957512,0.038796316832304,0.02887127920985222
Wrong 0.047835931181907654,0.03044194169342518,0.03852788731455803,0.02940507046878338
Correct 0.03955313190817833,0.022673211991786957,0.0757436454296112,0.048269059509038925
Correct 0.07101067900657654,0.02427607774734497,0.054350435733795166,0.058109574019908905
Correct 0.048739634454250336,0.025406232103705406,0.06796611100435257,0.041341427713632584
Wrong 0.04556969925761223,0.034144699573516846,0.04599433019757271,0.03811585158109665
Wrong 0.05469556152820587,0.04135022684931755,0.0617319755256176,0.04849275201559067
Wrong 0.029908327385783195,0.01848418451845646,0.05170396715402603,0.024519020691514015
Correct 0.0443144328892231,0.03296584635972977,0.03125378116965294,0.03215843439102173
Wrong 0.04804697632789612,0.018628675490617752,0.04648802801966667,0.04201814904808998
Wrong 0.053927548229694366,0.0381944514811039,0.04949740692973137,0.038056179881095886
Wrong 0.05208764597773552,0.039123453199863434,0.038512181490659714,0.04426879063248634
Wrong 0.05421755090355873,0.04603983461856842,0.04601801186800003,0.03558393940329552
Wrong 0.050384603440761566,0.025048164650797844,0.04311726987361908,0.0375853031873703
Correct 0.051629502326250076,0.042713604867458344,0.05041687935590744,0.03262494504451752
Wrong 0.062168724834918976,0.0334198921918869,0.061468690633773804,0.05081222206354141
Correct 0.07139890640974045,0.03214830160140991,0.04214360937476158,0.03841789811849594
Wrong 0.05642516165971756,0.0433308444917202,0.06458208709955215,0.0454246886074543
Correct 0.06699324399232864,0.03768470138311386,0.05354808643460274,0.0368557833135128
Correct 0.052296727895736694,0.026451388373970985,0.04246591776609421,0.03671726956963539
Wrong 0.06638620048761368,0.0314963273704052,0.05118231475353241,0.04909798502922058
Wrong 0.04701254144310951,0.032761286944150925,0.059455107897520065,0.03950544446706772
Wrong 0.06359607726335526,0.025547489523887634,0.037663716822862625,0.025085855275392532
Correct 0.05719565227627754,0.05263789743185043,0.07940983027219772,0.05918862298130989
Wrong 0.07600882649421692,0.04499072954058647,0.10217712819576263,0.075735904276371
Wrong 0.059938736259937286,0.06176694482564926,0.07192014902830124,0.047834284603595734
Correct 0.03847217559814453,0.03459412604570389,0.05186407268047333,0.03837481141090393
Correct 0.04679252579808235,0.04189711809158325,0.0796591192483902,0.05722976475954056
Correct 0.032621096819639206,0.017113052308559418,0.0224149152636528,0.03695917874574661
Correct 0.046223778277635574,0.03308049216866493,0.058054037392139435,0.05064977705478668
Wrong 0.061300646513700485,0.039947621524333954,0.051669757813215256,0.038681238889694214
Wrong 0.06105727702379227,0.051253173500299454,0.05913647636771202,0.06221947818994522
Correct 0.044613901525735855,0.032422833144664764,0.044725045561790466,0.03644020855426788
Wrong 0.04576011374592781,0.02765176258981228,0.04333634302020073,0.04589274898171425
Wrong 0.04157466068863869,0.030887968838214874,0.04268341884016991,0.042042769491672516
Wrong 0.05360599234700203,0.04013499617576599,0.055828213691711426,0.053793568164110184
Wrong 0.047458067536354065,0.022289259359240532,0.0455818697810173,0.06898868083953857
Wrong 0.05200859159231186,0.039866186678409576,0.04246729984879494,0.038371000438928604
Correct 0.07801039516925812,0.03500673174858093,0.03506630286574364,0.06245533749461174
Wrong 0.051945269107818604,0.033442363142967224,0.03817601501941681,0.030900653451681137
Correct 0.048906344920396805,0.03406570851802826,0.04528263956308365,0.03507044538855553
Wrong 0.04801467806100845,0.027998125180602074,0.031247874721884727,0.03183957189321518
Correct 0.06904080510139465,0.046176500618457794,0.060862135142087936,0.08403228968381882
Wrong 0.04550095275044441,0.06382257491350174,0.0770464688539505,0.036414969712495804
Wrong 0.05353661626577377,0.035706065595149994,0.05035649612545967,0.03085567243397236
Wrong 0.03894371911883354,0.024450665339827538,0.03690081089735031,0.032152239233255386
Wrong 0.052774183452129364,0.022632107138633728,0.03330492600798607,0.0411224402487278
Wrong 0.04724382236599922,0.032288115471601486,0.042463451623916626,0.038406334817409515
Wrong 0.034972183406353,0.02181592397391796,0.03547197952866554,0.04734562709927559
Correct 0.07236514240503311,0.047655198723077774,0.05987098813056946,0.04711533710360527
Correct 0.06577431410551071,0.03798314929008484,0.06422455608844757,0.043520860373973846
Correct 0.06515605747699738,0.047202419489622116,0.06606301665306091,0.04759812727570534
Correct 0.03968135640025139,0.023227354511618614,0.039697401225566864,0.05415353178977966
Wrong 0.05568588897585869,0.039440978318452835,0.04569040611386299,0.03990137577056885
Correct 0.04791562631726265,0.03283701092004776,0.06502325087785721,0.036622192710638046
Wrong 0.04807697981595993,0.026189211755990982,0.03379540517926216,0.029297418892383575
Correct 0.05164317786693573,0.03508800268173218,0.06441681832075119,0.06554924696683884
Wrong 0.0646902471780777,0.03185597062110901,0.054375261068344116,0.031197840347886086
Wrong 0.055197957903146744,0.038964513689279556,0.04901180788874626,0.0498211532831192
Wrong 0.053787942975759506,0.02169460617005825,0.056460484862327576,0.03917314484715462
Correct 0.039597220718860626,0.0328865572810173,0.06024327501654625,0.040738433599472046
Correct 0.044609349220991135,0.028521109372377396,0.06444615870714188,0.041864052414894104
Correct 0.040961772203445435,0.027707062661647797,0.05540827661752701,0.03466591611504555
Wrong 0.05743952840566635,0.043308138847351074,0.07121197879314423,0.03271792456507683
Correct 0.055527735501527786,0.02975843846797943,0.05566423758864403,0.047674670815467834
Wrong 0.04626428708434105,0.03402534872293472,0.050110675394535065,0.03584238514304161
Wrong 0.07336082309484482,0.04241692274808884,0.07174970954656601,0.06681383401155472
Wrong 0.053877562284469604,0.04027349874377251,0.07427456229925156,0.0693429559469223
Wrong 0.03834124282002449,0.025403473526239395,0.02970922738313675,0.0277689378708601
Wrong 0.05394697189331055,0.04128341004252434,0.06229887530207634,0.04121140390634537
Wrong 0.04621639847755432,0.025203974917531013,0.04014614224433899,0.09751798212528229
Wrong 0.06396063417196274,0.041617974638938904,0.09196316450834274,0.057004570960998535
Correct 0.043433383107185364,0.06253929436206818,0.05854727700352669,0.03638556972146034
Correct 0.04676869884133339,0.02739867940545082,0.059290800243616104,0.05835195630788803
Correct 0.049564994871616364,0.03135840594768524,0.0409073643386364,0.0511215440928936
Wrong 0.041339702904224396,0.03058394230902195,0.043201543390750885,0.044421881437301636
Wrong 0.042945921421051025,0.029087241739034653,0.04397420585155487,0.025734171271324158
Correct 0.05472780019044876,0.03831489756703377,0.049634963274002075,0.037213291972875595
Wrong 0.06115943565964699,0.038087427616119385,0.06783529371023178,0.055516064167022705
Correct 0.058721695095300674,0.05977993085980415,0.05146938934922218,0.04959804564714432
Correct 0.05938888341188431,0.026635508984327316,0.05093895643949509,0.039819054305553436
Correct 0.04998654127120972,0.05610112100839615,0.04629533737897873,0.03364383429288864
Correct 0.06571926176548004,0.03376111388206482,0.04462578892707825,0.05722016096115112
Wrong 0.04255746677517891,0.023596718907356262,0.03739326819777489,0.02700285241007805
Wrong 0.058297064155340195,0.04311744496226311,0.054613977670669556,0.04920242726802826
Wrong 0.054696399718523026,0.04165451228618622,0.04730909690260887,0.041002944111824036
Wrong 0.06143787503242493,0.03990308567881584,0.06668639928102493,0.05897090956568718
Wrong 0.039744649082422256,0.029283486306667328,0.04212018474936485,0.03891763463616371
Wrong 0.051717571914196014,0.03375115245580673,0.08285882323980331,0.060103002935647964
Wrong 0.04679514840245247,0.026115957647562027,0.04945524409413338,0.033499881625175476
Wrong 0.04099399968981743,0.02901192009449005,0.04752516373991966,0.04936928302049637
Wrong 0.0587804839015007,0.04985473304986954,0.054743535816669464,0.03767095506191254
Wrong 0.05880312994122505,0.042737387120723724,0.04798361659049988,0.0403410904109478
Correct 0.05198131874203682,0.02720045857131481,0.0387653186917305,0.047872111201286316
Correct 0.05450218915939331,0.03841903433203697,0.07755856215953827,0.053388357162475586
Wrong 0.047931279987096786,0.03795769065618515,0.051130473613739014,0.04496830701828003
Correct 0.06238787993788719,0.048628829419612885,0.04937562346458435,0.03542213514447212
Correct 0.04754989221692085,0.025555741041898727,0.07082177698612213,0.047066837549209595
Correct 0.050876788794994354,0.03724772483110428,0.048462677747011185,0.04014740139245987
Correct 0.051471076905727386,0.032298170030117035,0.06631925702095032,0.07356126606464386
Wrong 0.054596371948719025,0.0559692457318306,0.0627124160528183,0.04935197904706001
Wrong 0.04902956634759903,0.040571194142103195,0.04322250932455063,0.043155040591955185
Correct 0.05597294494509697,0.025986645370721817,0.05473979562520981,0.0737600177526474
Wrong 0.04987023025751114,0.023964691907167435,0.04446055740118027,0.04017465189099312
Correct 0.05709508806467056,0.03852805122733116,0.0677160993218422,0.03467368334531784
Correct 0.05847417935729027,0.03984551876783371,0.07757733017206192,0.04481485113501549
Wrong 0.055258896201848984,0.025746557861566544,0.035620179027318954,0.02280608005821705
Correct 0.056313708424568176,0.027048258110880852,0.03689863905310631,0.05692065507173538
Wrong 0.04073825478553772,0.03254074603319168,0.05539298430085182,0.041373394429683685
Wrong 0.05514790490269661,0.03832661733031273,0.043274860829114914,0.04140038415789604
Correct 0.055736176669597626,0.03627188876271248,0.050715189427137375,0.04577021673321724
Correct 0.05583396553993225,0.08242818713188171,0.0678139477968216,0.03661639615893364
Wrong 0.05826732888817787,0.043484993278980255,0.04198383167386055,0.0403062179684639
Correct 0.07854123413562775,0.04649874567985535,0.07022709399461746,0.07538032531738281
Wrong 0.04437112435698509,0.03254435211420059,0.037798043340444565,0.04651392251253128
Wrong 0.04750068485736847,0.05059652030467987,0.06604867428541183,0.043515171855688095
Correct 0.05886848270893097,0.03164392709732056,0.045464515686035156,0.06528717279434204
Wrong 0.04968041181564331,0.02278643287718296,0.035032741725444794,0.033724091947078705
Wrong 0.06195679306983948,0.029553577303886414,0.04360688105225563,0.07331383228302002
Correct 0.046621810644865036,0.029086071997880936,0.03258492425084114,0.02939136140048504
Wrong 0.0584956593811512,0.03279891237616539,0.04648987576365471,0.038371872156858444
Wrong 0.03913596644997597,0.05324188619852066,0.06141126900911331,0.05700100585818291
Wrong 0.05618557706475258,0.036600831896066666,0.054249439388513565,0.04651898890733719
Wrong 0.07342527061700821,0.028889896348118782,0.05767051503062248,0.07587604224681854
Correct 0.036698080599308014,0.05150643736124039,0.04464541748166084,0.051460135728120804
Correct 0.04759295657277107,0.025324763730168343,0.06259091198444366,0.04205230996012688
Wrong 0.04702652990818024,0.022165704518556595,0.03519345447421074,0.030936190858483315
Wrong 0.047956809401512146,0.026685990393161774,0.04441588744521141,0.07234020531177521
Wrong 0.04544049873948097,0.018085792660713196,0.034593239426612854,0.07238688319921494
Wrong 0.056523267179727554,0.033826932311058044,0.059727031737565994,0.05015356093645096
Correct 0.05358567461371422,0.04164275527000427,0.04694928973913193,0.05271154269576073
Wrong 0.0455806590616703,0.02360766939818859,0.04098578542470932,0.04010560363531113
Wrong 0.05463173985481262,0.04867521673440933,0.05822121351957321,0.04258902370929718
Wrong 0.05621185153722763,0.03754723072052002,0.07489695399999619,0.04803184047341347
Wrong 0.04768216237425804,0.03269879147410393,0.051710523664951324,0.034187495708465576
Wrong 0.05972510576248169,0.037991054356098175,0.04679327830672264,0.05321770906448364
Correct 0.06988408416509628,0.04505802318453789,0.05852486938238144,0.04076049104332924
Wrong 0.03784431517124176,0.0185554176568985,0.02887795865535736,0.026547746732831
Wrong 0.04971280321478844,0.044011190533638,0.0558290034532547,0.041803911328315735
Wrong 0.06523643434047699,0.02393442392349243,0.048595428466796875,0.04287503659725189
Wrong 0.05347038432955742,0.04843980818986893,0.05087711289525032,0.044074129313230515
Wrong 0.054703205823898315,0.035206470638513565,0.04864728823304176,0.040631458163261414
Wrong 0.052949316799640656,0.029850691556930542,0.0464324951171875,0.03276507556438446
Wrong 0.05570390447974205,0.062143802642822266,0.08034747838973999,0.05150093883275986
Wrong 0.02809668332338333,0.01958555541932583,0.044575128704309464,0.04299962520599365
Wrong 0.054159943014383316,0.04198036715388298,0.048652175813913345,0.04871966317296028
Wrong 0.05363311991095543,0.03668607771396637,0.05210455134510994,0.03482256829738617
Wrong 0.04907965287566185,0.052188191562891006,0.061907220631837845,0.042563244700431824
Wrong 0.0553322434425354,0.04203282296657562,0.07591894268989563,0.07502961903810501
Wrong 0.045885514467954636,0.028877679258584976,0.06494767218828201,0.04250684008002281
Wrong 0.04403891786932945,0.028467046096920967,0.04353461042046547,0.04212915524840355
Correct 0.050383310765028,0.036393649876117706,0.05895759537816048,0.036028072237968445
Wrong 0.058031532913446426,0.059074290096759796,0.08390938490629196,0.04904499650001526
Wrong 0.0665801465511322,0.04823440685868263,0.06509631127119064,0.0468403697013855
Wrong 0.043575040996074677,0.039133716374635696,0.034708090126514435,0.05703070014715195
Correct 0.05444745346903801,0.02808198146522045,0.03629353269934654,0.03355381637811661
Wrong 0.04616590961813927,0.026122206822037697,0.05729789286851883,0.05778990313410759
Wrong 0.038815729320049286,0.02512248232960701,0.03687796741724014,0.02777452953159809
Wrong 0.05411061644554138,0.02930610254406929,0.059978216886520386,0.03601420298218727
Correct 0.06501252204179764,0.04392709210515022,0.06221695989370346,0.06251292675733566
Wrong 0.04189535230398178,0.036177363246679306,0.08743743598461151,0.05912097170948982
Wrong 0.0386463925242424,0.02623232826590538,0.03532608598470688,0.028843019157648087
Correct 0.03408988565206528,0.025485944002866745,0.051854558289051056,0.03638077899813652
Correct 0.06327901780605316,0.035478375852108,0.06904890388250351,0.05588941648602486
Wrong 0.053358156234025955,0.043553538620471954,0.06637342274188995,0.03886657580733299
Correct 0.07244911044836044,0.038760408759117126,0.0880834087729454,0.05599886178970337
Correct 0.04489488899707794,0.03058774769306183,0.04427730292081833,0.03359777852892876
Wrong 0.03442402929067612,0.0239191222935915,0.02557002380490303,0.024866830557584763
Correct 0.044672492891550064,0.032151177525520325,0.04372471570968628,0.046965159475803375
Wrong 0.044459156692028046,0.034020502120256424,0.051914967596530914,0.04585155099630356
Wrong 0.05412541329860687,0.04311129078269005,0.06324287503957748,0.0555596686899662
Correct 0.06671718508005142,0.04800335690379143,0.07554808259010315,0.05363508313894272
Correct 0.054546549916267395,0.029248395934700966,0.05487169697880745,0.030468888580799103
Wrong 0.05666569247841835,0.049070894718170166,0.059638310223817825,0.06838659942150116
Correct 0.043934911489486694,0.03253009170293808,0.06926074624061584,0.038281314074993134
Wrong 0.0555993914604187,0.031129328534007072,0.044561583548784256,0.06458529829978943
Wrong 0.05070466175675392,0.030957208946347237,0.06037519499659538,0.05395388603210449
Wrong 0.06475561112165451,0.041641414165496826,0.0436151921749115,0.03926985338330269
Correct 0.04224385693669319,0.02826825901865959,0.0577055998146534,0.034648168832063675
Wrong 0.06326518952846527,0.05043727159500122,0.05990103259682655,0.03408573195338249
Wrong 0.05142606049776077,0.023140963166952133,0.04866287112236023,0.04186782240867615
Wrong 0.05613898113369942,0.03744081035256386,0.051306191831827164,0.036360420286655426
Wrong 0.05319849029183388,0.03453800082206726,0.06541679799556732,0.06302323937416077
Correct 0.04622698202729225,0.040655333548784256,0.051488347351551056,0.041330497711896896
Correct 0.059295427054166794,0.040155574679374695,0.06960251927375793,0.059906233102083206
Correct 0.042733609676361084,0.03141900151968002,0.045841362327337265,0.04534934088587761
Correct 0.06406240165233612,0.02610539272427559,0.03830280154943466,0.048407331109046936
Wrong 0.04237949475646019,0.031566884368658066,0.05431167408823967,0.05904707312583923
Wrong 0.056151192635297775,0.03273598104715347,0.055390555411577225,0.043433062732219696
Correct 0.07433893531560898,0.04504669830203056,0.05099478363990784,0.04058145731687546
Wrong 0.054848868399858475,0.04486723989248276,0.055976949632167816,0.04579908028244972
Correct 0.048546332865953445,0.0334162637591362,0.07668213546276093,0.02999396063387394
Correct 0.05187573283910751,0.03770482540130615,0.058439917862415314,0.03605354577302933
Correct 0.047833509743213654,0.03366390988230705,0.04331201687455177,0.02788635715842247
Wrong 0.05010100081562996,0.02916349284350872,0.04935377463698387,0.05503946542739868
Correct 0.050635553896427155,0.029731228947639465,0.03809873387217522,0.03436994180083275
Wrong 0.051592953503131866,0.034034308046102524,0.08952365070581436,0.05802563577890396
Wrong 0.032157618552446365,0.04395671188831329,0.06934695690870285,0.026308616623282433
Wrong 0.04413473606109619,0.036495886743068695,0.055617544800043106,0.04811844229698181
Correct 0.06364848464727402,0.03876836970448494,0.05219903960824013,0.05507037043571472
Wrong 0.043822187930345535,0.029414759948849678,0.06137688830494881,0.03806087002158165
Correct 0.056644927710294724,0.04438457638025284,0.0647880882024765,0.04259701073169708
Correct 0.05194460228085518,0.03610656410455704,0.046181995421648026,0.05694318935275078
Wrong 0.05200948193669319,0.03576553612947464,0.06386248767375946,0.04411190003156662
Wrong 0.06522131711244583,0.03131597861647606,0.04194317013025284,0.0306652020663023
Wrong 0.051191095262765884,0.04941802844405174,0.0662180632352829,0.047925643622875214
Wrong 0.05451011657714844,0.03764331713318825,0.05049235746264458,0.06675098091363907
Correct 0.05653401464223862,0.032413825392723083,0.05890825763344765,0.053372226655483246
Wrong 0.05420141667127609,0.02048022858798504,0.0353013277053833,0.050620801746845245
Wrong 0.061733271926641464,0.05281972885131836,0.06831064075231552,0.046271391212940216
Wrong 0.04938611760735512,0.03376508876681328,0.050026535987854004,0.035681940615177155
Correct 0.06726210564374924,0.03692752495408058,0.05202587693929672,0.046736713498830795
Correct 0.04712103307247162,0.039674676954746246,0.05607526749372482,0.04046500474214554
Wrong 0.0598437637090683,0.029916714876890182,0.0648561492562294,0.04768864065408707
Wrong 0.0589774064719677,0.044400837272405624,0.07940317690372467,0.05502567067742348
Wrong 0.05218278616666794,0.032842110842466354,0.04475522041320801,0.03226699307560921
Wrong 0.04414006695151329,0.03529539704322815,0.056248847395181656,0.03192834556102753
Wrong 0.05292590707540512,0.036068640649318695,0.06271375715732574,0.03696335852146149
Correct 0.05069030076265335,0.036737870424985886,0.04241718724370003,0.034697193652391434
Wrong 0.056105781346559525,0.04525110498070717,0.04628174006938934,0.04486958310008049
Wrong 0.05288863554596901,0.026881707832217216,0.0357496477663517,0.047852978110313416
Correct 0.0634922981262207,0.030066587030887604,0.05020332708954811,0.04293126240372658
Wrong 0.04325094819068909,0.033866457641124725,0.04912994056940079,0.03647999092936516
Wrong 0.05498988926410675,0.04040266573429108,0.06650547683238983,0.05654045566916466
Wrong 0.07068631052970886,0.0374893918633461,0.04625910520553589,0.05329429730772972
Correct 0.06898695975542068,0.04704183340072632,0.06621221452951431,0.043822236359119415
Wrong 0.05197669565677643,0.04054255411028862,0.05435064062476158,0.038003090769052505
Correct 0.0323064848780632,0.03332037851214409,0.03299987316131592,0.026387488469481468
Wrong 0.050723519176244736,0.03921978920698166,0.048679422587156296,0.0313037671148777
Wrong 0.05628330633044243,0.0336843803524971,0.04934783652424812,0.03189535439014435
Correct 0.061598725616931915,0.0345015786588192,0.04770173504948616,0.032604314386844635
Correct 0.04726768657565117,0.03913628309965134,0.05169222131371498,0.04185403510928154
Correct 0.056526172906160355,0.026858149096369743,0.049262840300798416,0.07681293040513992
Correct 0.07467153668403625,0.041967205703258514,0.055296845734119415,0.04248983785510063
Correct 0.048490963876247406,0.027361219748854637,0.06579850614070892,0.04280655458569527
Correct 0.04573660343885422,0.024435311555862427,0.03802665323019028,0.05132455751299858
Correct 0.05224372074007988,0.035543762147426605,0.05899186432361603,0.04610486701130867
Correct 0.05152761936187744,0.027379686012864113,0.05367753654718399,0.05946686118841171
Correct 0.07105255126953125,0.04617401957511902,0.06599441915750504,0.043619874864816666
Correct 0.05446380749344826,0.040123797953128815,0.047072552144527435,0.034543026238679886
Correct 0.05726473033428192,0.03121018409729004,0.051654472947120667,0.0430031456053257
Correct 0.04049621894955635,0.021028516814112663,0.02973978966474533,0.0337224043905735
Correct 0.061250951141119,0.05247936397790909,0.08428241312503815,0.0445065014064312
Wrong 0.04989754781126976,0.03917364031076431,0.05381808802485466,0.053584061563014984
Wrong 0.062062010169029236,0.04484903812408447,0.037786275148391724,0.030373651534318924
Wrong 0.06399109214544296,0.04741258919239044,0.0734754428267479,0.045560322701931
Correct 0.06323330104351044,0.04594072699546814,0.047096602618694305,0.03747743368148804
Correct 0.06763818860054016,0.024631427600979805,0.059502504765987396,0.06920737028121948
Wrong 0.05257788300514221,0.0335417166352272,0.039405979216098785,0.025151187554001808
Wrong 0.06314530223608017,0.04558521509170532,0.0616367906332016,0.04363162815570831
Wrong 0.07394393533468246,0.04151963070034981,0.06413964182138443,0.06083281338214874
Wrong 0.05753031745553017,0.03789965808391571,0.05773824825882912,0.044075433164834976
Wrong 0.058327265083789825,0.0410136952996254,0.06028953194618225,0.05141935497522354
Wrong 0.0440182164311409,0.02159230224788189,0.0355275496840477,0.030837470665574074
Wrong 0.062106676399707794,0.04140262305736542,0.04724165424704552,0.03717600926756859
Wrong 0.06585961580276489,0.029946234077215195,0.057370420545339584,0.03523606061935425
Correct 0.0606163889169693,0.03495565056800842,0.0509502999484539,0.06230554357171059
Correct 0.045908112078905106,0.028282692655920982,0.03762754425406456,0.02659137360751629
Wrong 0.041245218366384506,0.04517971724271774,0.045028552412986755,0.041477952152490616
Wrong 0.051419153809547424,0.04485711082816124,0.06378576904535294,0.04340970143675804
Correct 0.05298946425318718,0.0375930592417717,0.06706320494413376,0.05319763720035553
Wrong 0.0742790549993515,0.03596029430627823,0.05533634498715401,0.08244848996400833
Correct 0.04848932474851608,0.031152188777923584,0.045424457639455795,0.030878564342856407
Correct 0.06564799696207047,0.049517516046762466,0.05471143499016762,0.049138039350509644
Wrong 0.04031108319759369,0.042752064764499664,0.05655629560351372,0.04263412579894066
Wrong 0.0628025010228157,0.058967962861061096,0.05232873558998108,0.0377013273537159
Wrong 0.06731877475976944,0.03957415372133255,0.0696922168135643,0.06070847809314728
Wrong 0.054542459547519684,0.04083198681473732,0.0637984648346901,0.04213381186127663
Wrong 0.058625344187021255,0.04306058585643768,0.05998625233769417,0.04017975181341171
Wrong 0.04557742550969124,0.03897418826818466,0.052511073648929596,0.0374809131026268
Correct 0.04650368541479111,0.025853822007775307,0.044040579348802567,0.04476802796125412
Wrong 0.04791761189699173,0.027115454897284508,0.037529680877923965,0.050076235085725784
Wrong 0.04881149157881737,0.026676416397094727,0.03674647957086563,0.0311272032558918
Correct 0.03237925097346306,0.025813410058617592,0.03880015388131142,0.10138741135597229
Wrong 0.0676700621843338,0.03117062710225582,0.05146288871765137,0.04820521920919418
Wrong 0.05120166763663292,0.028739362955093384,0.03908904269337654,0.03284416347742081
Correct 0.05128335952758789,0.073748379945755,0.05461479350924492,0.05500882863998413
Wrong 0.05044177547097206,0.032018668949604034,0.04938909411430359,0.046626944094896317
Correct 0.03642242029309273,0.025339245796203613,0.07360406219959259,0.05253086984157562
Wrong 0.06276427954435349,0.0360216461122036,0.048020392656326294,0.04513360932469368
Correct 0.035916734486818314,0.018335513770580292,0.04676414281129837,0.02840561233460903
Wrong 0.05383884534239769,0.03188299015164375,0.06259505450725555,0.032804809510707855
Wrong 0.05764773115515709,0.04031454026699066,0.07770664989948273,0.043510496616363525
Wrong 0.060631174594163895,0.03181068226695061,0.08039946854114532,0.05538863688707352
Wrong 0.04543181508779526,0.03712110221385956,0.04417860880494118,0.03239830583333969
Correct 0.05597501993179321,0.028850894421339035,0.03993368148803711,0.03145122528076172
Wrong 0.05884286388754845,0.024675166234374046,0.05637572333216667,0.0509115494787693
Correct 0.06881553679704666,0.040418561547994614,0.06593844294548035,0.04334160313010216
Wrong 0.05786816030740738,0.03518670052289963,0.06400550156831741,0.05560764670372009
Correct 0.05054309219121933,0.03756844997406006,0.06741990894079208,0.04083743691444397
Correct 0.06413868069648743,0.03195076808333397,0.09014619141817093,0.06512729078531265
Correct 0.04968378692865372,0.029352616518735886,0.10486352443695068,0.0573764368891716
Wrong 0.04968980327248573,0.03247862681746483,0.060500819236040115,0.045317865908145905
Wrong 0.06123707443475723,0.03585132956504822,0.05682751163840294,0.05081118643283844
Correct 0.06437195092439651,0.03034001588821411,0.03144761919975281,0.030012862756848335
Correct 0.05755050852894783,0.051735714077949524,0.07395359128713608,0.04650149494409561
Wrong 0.07582864910364151,0.03467738255858421,0.058577414602041245,0.08081219345331192
Wrong 0.054624345153570175,0.03982819616794586,0.053861744701862335,0.04774753749370575
Wrong 0.05514883995056152,0.028086921200156212,0.045446041971445084,0.034846965223550797
Correct 0.06669661402702332,0.03360176831483841,0.0798363909125328,0.03272577375173569
Wrong 0.052222032099962234,0.04096673056483269,0.05726674944162369,0.04474368691444397
Wrong 0.0635497123003006,0.045501694083213806,0.06071591004729271,0.042102254927158356
Correct 0.04238811507821083,0.02933458797633648,0.04409165307879448,0.03633666783571243
Wrong 0.05852368846535683,0.03857104852795601,0.055320754647254944,0.041708849370479584
Wrong 0.04314368963241577,0.03591521456837654,0.06344497948884964,0.04398978129029274
Correct 0.04917255789041519,0.03954286873340607,0.03891078382730484,0.032597385346889496
Wrong 0.07239247858524323,0.042497213929891586,0.06784042716026306,0.05483357235789299
Wrong 0.05705181136727333,0.0393955372273922,0.07794972509145737,0.04577327147126198
