grade confidence_levels
Correct 15.087099075317383,13.204415321350098,11.508665084838867,12.453948974609375
Correct 17.813615798950195,13.610204696655273,11.837089538574219,15.875726699829102
Wrong 15.340630531311035,13.183004379272461,12.0888090133667,12.564497947692871
Correct 13.485173225402832,17.53174591064453,12.891029357910156,14.625298500061035
Correct 13.063365936279297,13.352755546569824,15.977165222167969,12.906755447387695
Wrong 14.806143760681152,11.712067604064941,12.094976425170898,11.805885314941406
Correct 16.550256729125977,14.142685890197754,12.87067699432373,15.704736709594727
Wrong 15.306225776672363,13.087428092956543,12.92340087890625,14.422740936279297
Correct 13.151145935058594,17.126989364624023,11.438765525817871,14.587247848510742
Correct 14.391956329345703,13.665337562561035,16.688329696655273,16.594573974609375
Correct 18.611738204956055,16.079206466674805,12.563697814941406,16.4231014251709
Wrong 14.75808334350586,17.281463623046875,14.226807594299316,18.015758514404297
Correct 12.957763671875,15.823161125183105,12.198321342468262,14.228798866271973
Correct 14.531956672668457,17.984968185424805,12.516098022460938,15.14885139465332
Correct 13.953874588012695,17.48491096496582,11.578431129455566,14.633140563964844
Correct 14.831429481506348,12.424562454223633,10.93178939819336,13.44699478149414
Correct 13.058222770690918,12.903529167175293,12.507493019104004,16.994054794311523
Wrong 14.774794578552246,16.485563278198242,14.181077003479004,16.907024383544922
Wrong 14.676319122314453,12.550447463989258,10.917013168334961,13.767669677734375
Wrong 15.06541633605957,12.510120391845703,12.252466201782227,12.181676864624023
Wrong 14.665082931518555,11.844934463500977,11.649466514587402,11.30547046661377
Correct 14.589190483093262,14.417071342468262,15.909076690673828,14.745570182800293
Correct 15.195574760437012,15.35171890258789,14.078363418579102,19.1251163482666
Correct 14.923672676086426,14.313665390014648,12.102888107299805,18.39132308959961
Wrong 15.369193077087402,13.510193824768066,12.204736709594727,13.086986541748047
Correct 14.219364166259766,14.227094650268555,12.375332832336426,18.82832908630371
Correct 14.777678489685059,17.19024085998535,13.830833435058594,15.603490829467773
Correct 14.781494140625,14.219016075134277,17.32829475402832,15.375163078308105
Correct 17.674768447875977,13.907824516296387,11.642388343811035,15.446962356567383
Correct 14.479666709899902,17.049745559692383,12.392987251281738,16.298927307128906
Wrong 15.845117568969727,13.626702308654785,11.868074417114258,12.711609840393066
Correct 14.125659942626953,13.73820686340332,10.980830192565918,16.61734390258789
Correct 13.446345329284668,16.344736099243164,15.360124588012695,15.492727279663086
Wrong 14.118462562561035,13.955169677734375,10.727495193481445,11.196152687072754
Correct 13.814347267150879,14.672860145568848,15.024663925170898,18.094390869140625
Wrong 9.257396697998047,8.097445487976074,6.876160621643066,7.937029838562012
Wrong 14.762654304504395,12.208317756652832,11.448954582214355,12.340558052062988
Correct 14.556166648864746,13.860518455505371,16.50129508972168,15.446268081665039
Correct 15.445748329162598,14.125205993652344,14.109618186950684,19.156389236450195
Wrong 9.529385566711426,7.656129837036133,6.691507339477539,8.105585098266602
Correct 13.540513038635254,14.196420669555664,14.50112533569336,17.578771591186523
Correct 16.525611877441406,13.489253997802734,11.742438316345215,16.269865036010742
Correct 13.876073837280273,13.821403503417969,12.704061508178711,17.734819412231445
Correct 13.13772964477539,16.925153732299805,10.626742362976074,14.400365829467773
Correct 14.645777702331543,13.354324340820312,16.752761840820312,14.651446342468262
Correct 16.980146408081055,13.620930671691895,12.341819763183594,16.22344207763672
Wrong 14.855107307434082,12.65205192565918,11.471806526184082,13.229815483093262
Wrong 14.914809226989746,14.290196418762207,12.164867401123047,12.922234535217285
Wrong 15.386091232299805,13.23005199432373,12.441030502319336,13.158557891845703
Correct 15.349364280700684,14.485889434814453,11.330649375915527,16.252037048339844
Correct 18.21898651123047,14.390812873840332,13.84407901763916,16.60958480834961
Wrong 14.669255256652832,11.996281623840332,12.552380561828613,10.958061218261719
Wrong 15.27635383605957,13.026253700256348,11.38572883605957,12.986468315124512
Correct 15.098544120788574,13.771461486816406,15.561046600341797,14.30303955078125
Wrong 14.79357624053955,11.479957580566406,10.855277061462402,11.503984451293945
Wrong 14.85716438293457,14.540205955505371,15.127569198608398,15.406659126281738
Wrong 14.948490142822266,11.885396957397461,12.736356735229492,11.196785926818848
Correct 13.699114799499512,16.924814224243164,12.939702033996582,14.728476524353027
Wrong 9.420446395874023,7.687446594238281,7.058989524841309,7.691715240478516
Correct 14.51726245880127,13.595107078552246,16.92308235168457,15.376065254211426
Wrong 14.9937744140625,12.464228630065918,11.360344886779785,12.813291549682617
Correct 17.218894958496094,17.65642547607422,14.586082458496094,17.296974182128906
Correct 13.76819896697998,16.987051010131836,12.04840087890625,15.485974311828613
Correct 14.391474723815918,14.320791244506836,13.42248249053955,19.03156280517578
Wrong 14.623697280883789,16.004077911376953,13.770940780639648,16.815935134887695
Correct 13.876355171203613,13.184547424316406,15.42052173614502,14.739104270935059
Correct 13.605079650878906,16.67479133605957,13.174713134765625,14.931556701660156
Correct 13.737136840820312,13.727765083312988,12.181528091430664,17.953994750976562
Correct 14.071451187133789,13.524426460266113,17.313167572021484,15.813226699829102
Correct 14.897185325622559,14.886614799499512,13.004207611083984,17.143239974975586
Correct 14.94643783569336,14.102438926696777,16.688297271728516,14.711738586425781
Wrong 14.901900291442871,13.449085235595703,12.815935134887695,12.417202949523926
Wrong 15.746362686157227,12.94934368133545,11.362314224243164,12.026342391967773
Correct 17.532913208007812,13.579410552978516,12.75185489654541,14.657393455505371
Wrong 14.986244201660156,12.502167701721191,11.555932998657227,11.91517448425293
Wrong 16.315532684326172,14.736831665039062,14.815855979919434,16.720287322998047
Wrong 16.45369529724121,15.75043773651123,15.383203506469727,16.797189712524414
Correct 12.845288276672363,12.845070838928223,16.454015731811523,13.391565322875977
Correct 13.637886047363281,14.1434965133667,12.715145111083984,17.939617156982422
Correct 13.906886100769043,16.766231536865234,13.211444854736328,16.437801361083984
Wrong 15.042777061462402,12.94112777709961,10.971879005432129,11.534592628479004
Correct 17.846599578857422,13.439118385314941,12.025411605834961,14.705487251281738
Correct 15.489141464233398,11.979642868041992,10.315728187561035,12.089523315429688
Wrong 14.863716125488281,11.855364799499512,12.777037620544434,12.589798927307129
Correct 14.344473838806152,14.172698974609375,12.516206741333008,18.656539916992188
Correct 15.588471412658691,15.047957420349121,12.876439094543457,19.51664924621582
Wrong 14.806389808654785,12.369138717651367,11.5484619140625,11.931120872497559
Correct 9.454612731933594,7.694077014923096,6.920044898986816,8.073015213012695
Correct 13.598023414611816,15.768043518066406,13.854047775268555,17.017080307006836
Correct 13.847434997558594,17.175392150878906,13.018564224243164,15.252514839172363
Correct 15.026845932006836,12.800270080566406,11.870279312133789,12.174009323120117
Correct 14.104116439819336,12.885066986083984,16.73586654663086,13.3531494140625
Wrong 14.5797119140625,12.634138107299805,10.931060791015625,11.743749618530273
Correct 15.851892471313477,19.390953063964844,14.437719345092773,17.515810012817383
Wrong 14.362431526184082,13.088071823120117,11.892156600952148,11.743091583251953
Wrong 14.604019165039062,14.551249504089355,11.417923927307129,13.463030815124512
Correct 13.774945259094238,13.602788925170898,16.453922271728516,14.141454696655273
Correct 13.356715202331543,12.598280906677246,15.940053939819336,12.409354209899902
Wrong 15.20539665222168,13.64598274230957,11.494522094726562,11.923577308654785
Wrong 14.889171600341797,12.911206245422363,11.810479164123535,12.200248718261719
Correct 13.787271499633789,16.940961837768555,12.494949340820312,15.28372573852539
Wrong 15.207891464233398,12.480120658874512,11.518209457397461,12.455985069274902
Correct 16.97210693359375,12.689781188964844,11.080658912658691,14.111611366271973
Wrong 14.462045669555664,16.719541549682617,13.399205207824707,17.469223022460938
Wrong 9.743379592895508,7.979404449462891,7.017376899719238,8.117067337036133
Correct 15.570533752441406,15.390791893005371,17.000152587890625,16.3751277923584
Correct 15.908417701721191,13.41512393951416,12.641956329345703,15.719579696655273
Wrong 14.137768745422363,13.347990989685059,12.27001667022705,11.543237686157227
Wrong 15.057889938354492,12.198150634765625,11.518280982971191,12.479445457458496
Wrong 14.956868171691895,12.46496868133545,12.87833023071289,13.151082992553711
Correct 14.829005241394043,14.625720977783203,13.438238143920898,19.18781089782715
Correct 13.565604209899902,13.39319896697998,12.768473625183105,17.688955307006836
Wrong 15.247934341430664,11.926641464233398,11.355988502502441,11.878802299499512
Correct 13.852812767028809,13.77446174621582,12.64949893951416,17.750532150268555
Correct 13.811084747314453,16.05478286743164,13.329551696777344,15.327978134155273
Correct 13.97831916809082,13.868462562561035,14.540328025817871,18.75067710876465
Correct 17.892614364624023,13.447566986083984,12.54922866821289,16.110809326171875
Correct 13.1959810256958,13.651832580566406,12.192456245422363,17.018680572509766
Correct 15.456642150878906,12.401590347290039,11.479177474975586,12.345619201660156
Wrong 15.418205261230469,11.886027336120605,11.753304481506348,13.244522094726562
Wrong 14.497934341430664,12.193005561828613,10.987325668334961,12.05711555480957
Correct 13.737783432006836,14.159554481506348,12.987892150878906,16.860889434814453
Wrong 16.517236709594727,12.581972122192383,11.384138107299805,11.883825302124023
Correct 13.993135452270508,14.695850372314453,12.555329322814941,18.578407287597656
Correct 15.70425033569336,14.539875984191895,13.235334396362305,15.586530685424805
Wrong 14.519999504089355,13.223443031311035,11.847015380859375,12.151728630065918
Correct 14.164938926696777,13.83656120300293,13.570882797241211,18.984657287597656
Correct 15.066422462463379,12.307416915893555,11.346566200256348,12.159235000610352
Correct 12.70743179321289,16.84737777709961,12.002584457397461,14.181821823120117
Wrong 14.830469131469727,12.377729415893555,12.517809867858887,12.095582962036133
Correct 13.126395225524902,12.719554901123047,16.68808364868164,13.59425163269043
Correct 13.591379165649414,16.692733764648438,13.01975154876709,14.690935134887695
Wrong 15.173928260803223,12.21243953704834,11.60303020477295,11.829536437988281
Correct 17.081613540649414,13.532855033874512,12.212686538696289,15.127289772033691
Correct 14.563979148864746,13.688310623168945,12.235286712646484,18.39107894897461
Correct 14.926353454589844,14.870267868041992,12.37121868133545,17.720901489257812
Correct 14.602848052978516,13.571648597717285,15.938608169555664,14.875758171081543
Correct 13.506133079528809,16.805761337280273,13.251283645629883,16.30257797241211
Correct 14.172164916992188,13.711182594299316,12.664344787597656,18.562618255615234
Correct 13.680309295654297,13.484874725341797,17.422199249267578,14.179948806762695
Wrong 15.176353454589844,12.472611427307129,12.511541366577148,12.18338680267334
Correct 14.1334810256958,13.824265480041504,13.029184341430664,18.127635955810547
Correct 14.189807891845703,13.844786643981934,13.759387016296387,18.391380310058594
Correct 13.518451690673828,13.697439193725586,12.651832580566406,17.813661575317383
Correct 13.495014190673828,12.377687454223633,16.4388370513916,14.228130340576172
Correct 18.203845977783203,13.03957748413086,11.961535453796387,15.703554153442383
Correct 14.627254486083984,12.15054702758789,10.978076934814453,11.84529972076416
Correct 13.665201187133789,13.642388343811035,16.15703010559082,13.946033477783203
Correct 18.422624588012695,13.422402381896973,11.664786338806152,15.445832252502441
Correct 14.473862648010254,13.707818031311035,16.67502784729004,16.034793853759766
Correct 15.234655380249023,14.843964576721191,14.320606231689453,19.281375885009766
Correct 17.5174503326416,12.5402193069458,11.158156394958496,13.688846588134766
Correct 15.214165687561035,17.408946990966797,14.111452102661133,15.072349548339844
Correct 13.572124481201172,14.430394172668457,13.21210765838623,18.39116859436035
Wrong 15.173912048339844,13.408434867858887,11.517606735229492,12.415409088134766
Correct 18.173263549804688,14.094502449035645,12.423308372497559,15.946175575256348
Correct 14.242880821228027,13.719284057617188,16.922348022460938,14.461280822753906
Correct 13.932840347290039,14.283193588256836,12.79944896697998,17.157331466674805
Correct 13.868929862976074,14.407992362976074,11.626906394958496,17.797578811645508
Wrong 9.534762382507324,7.918448448181152,6.758355140686035,8.046890258789062
Correct 19.437759399414062,14.476835250854492,14.890960693359375,17.39081382751465
Correct 12.961773872375488,16.969499588012695,12.07076358795166,15.476933479309082
Correct 14.524003982543945,17.20363998413086,13.078557014465332,14.719062805175781
Correct 12.74300765991211,17.89115333557129,12.375375747680664,14.656593322753906
Correct 14.340346336364746,17.284767150878906,12.159605979919434,15.955259323120117
Correct 17.93777847290039,15.109633445739746,14.234724044799805,16.875186920166016
Correct 16.79764175415039,14.070959091186523,13.719593048095703,16.187976837158203
Correct 15.601783752441406,14.633035659790039,18.062652587890625,15.468911170959473
Wrong 15.028021812438965,12.683232307434082,11.683082580566406,12.80063247680664
Correct 14.599234580993652,11.917166709899902,11.456480979919434,11.518587112426758
Correct 15.77347183227539,13.87218189239502,13.28677749633789,15.004878997802734
Correct 15.149017333984375,15.273944854736328,16.750656127929688,16.703542709350586
Wrong 14.760705947875977,13.667418479919434,11.846610069274902,13.494123458862305
Correct 14.067303657531738,16.331132888793945,13.58942699432373,15.642614364624023
Correct 13.44741439819336,13.306615829467773,16.626142501831055,13.595133781433105
Correct 14.649120330810547,17.953792572021484,12.586418151855469,14.773843765258789
Wrong 14.731636047363281,12.472566604614258,10.847119331359863,11.925985336303711
Correct 14.977724075317383,13.578935623168945,16.9851131439209,15.539655685424805
Correct 15.51925277709961,12.574114799499512,10.994853973388672,12.42449951171875
Correct 17.157119750976562,14.133620262145996,12.821192741394043,16.563011169433594
Correct 14.117344856262207,15.629803657531738,12.504495620727539,15.480484962463379
Correct 13.881260871887207,14.480971336364746,12.238582611083984,17.580276489257812
Wrong 14.751742362976074,13.064881324768066,11.133574485778809,11.055523872375488
Wrong 15.244606018066406,12.635763168334961,11.77570915222168,12.556780815124512
Correct 14.020899772644043,12.769267082214355,16.14436912536621,13.675766944885254
Correct 16.1578369140625,14.78237533569336,14.04069995880127,16.110204696655273
Wrong 14.942229270935059,11.55048942565918,12.316452980041504,11.839359283447266
Correct 13.221187591552734,16.627037048339844,11.5714693069458,14.212130546569824
Correct 17.564228057861328,13.321892738342285,12.056608200073242,15.18870735168457
Correct 14.34548568725586,13.291728973388672,17.017175674438477,14.259638786315918
Wrong 14.330414772033691,12.793386459350586,12.064651489257812,13.00910758972168
Correct 15.014209747314453,16.23135757446289,13.972877502441406,15.845846176147461
Correct 17.424129486083984,13.962536811828613,12.955145835876465,15.579514503479004
Correct 14.75936222076416,14.915518760681152,12.805821418762207,18.766357421875
Correct 14.651114463806152,14.377134323120117,16.048715591430664,14.907812118530273
Correct 13.813307762145996,14.359904289245605,14.336535453796387,19.12530517578125
Wrong 15.471076011657715,12.181693077087402,11.02511978149414,12.947089195251465
Correct 14.961514472961426,13.156896591186523,13.359878540039062,17.922143936157227
Correct 14.285728454589844,13.637256622314453,16.5648250579834,14.38528823852539
Correct 17.051830291748047,14.042718887329102,12.76333999633789,15.862407684326172
Correct 14.322256088256836,14.457603454589844,16.503713607788086,14.91076374053955
Correct 13.440187454223633,17.220693588256836,14.41569995880127,15.876411437988281
Wrong 14.434840202331543,12.364013671875,11.270069122314453,12.04405689239502
Correct 17.066272735595703,13.541646957397461,12.479918479919434,15.237072944641113
Correct 15.477330207824707,14.594146728515625,13.258296966552734,18.593996047973633
Wrong 15.246665954589844,12.988251686096191,13.183358192443848,13.034515380859375
Correct 14.971447944641113,13.072310447692871,11.095526695251465,11.541090965270996
Wrong 8.92768669128418,7.636512756347656,7.247555732727051,7.7093939781188965
Correct 13.486419677734375,13.12652587890625,14.49335765838623,17.625715255737305
Correct 14.719067573547363,14.039297103881836,14.078445434570312,19.593875885009766
Correct 17.068157196044922,13.416677474975586,12.527881622314453,15.667119026184082
Correct 13.899763107299805,13.290307998657227,16.704002380371094,14.000738143920898
Wrong 14.784452438354492,13.1441011428833,12.549768447875977,12.767599105834961
Correct 14.14936351776123,13.438215255737305,11.813055038452148,18.14089012145996
Wrong 9.356101036071777,7.688734531402588,7.7600884437561035,8.14836597442627
Correct 13.813401222229004,13.89123249053955,12.52391242980957,17.828445434570312
Wrong 15.034452438354492,12.612223625183105,12.6278715133667,11.916824340820312
Correct 17.847028732299805,12.75146770477295,11.33809757232666,14.463281631469727
Correct 14.110536575317383,13.08690357208252,16.235042572021484,14.344352722167969
Correct 14.056631088256836,14.282729148864746,11.947233200073242,17.45408058166504
Correct 15.205780982971191,12.792923927307129,11.447656631469727,11.84529972076416
Correct 17.719619750976562,13.438329696655273,12.063215255737305,14.078704833984375
Correct 17.23826789855957,13.119372367858887,11.416770935058594,15.30654239654541
Correct 14.13644027709961,17.6583194732666,13.573195457458496,15.571911811828613
Correct 13.677108764648438,13.285852432250977,16.128177642822266,14.174979209899902
Correct 14.524213790893555,14.01625919342041,13.281806945800781,18.125307083129883
Correct 13.47258186340332,13.267809867858887,13.151365280151367,17.32953643798828
Correct 13.110913276672363,17.485424041748047,12.54761028289795,15.438177108764648
Correct 15.015801429748535,13.679885864257812,18.156360626220703,14.148568153381348
Correct 14.506927490234375,15.81633186340332,12.989178657531738,15.237201690673828
Wrong 14.87833023071289,13.831927299499512,12.033905982971191,13.025875091552734
Wrong 15.17372989654541,12.666044235229492,10.852995872497559,12.001265525817871
Correct 14.18790340423584,17.42229652404785,12.711261749267578,16.094018936157227
Correct 14.912224769592285,12.616012573242188,12.575818061828613,12.604879379272461
Wrong 15.119338989257812,12.658097267150879,11.548467636108398,12.376165390014648
Wrong 14.923563957214355,13.095293998718262,11.712422370910645,13.290352821350098
Correct 17.830129623413086,13.813815116882324,12.24368953704834,14.704492568969727
Correct 15.016291618347168,13.969338417053223,16.32861328125,15.906667709350586
Correct 14.019142150878906,11.527210235595703,10.698240280151367,10.861908912658691
Correct 13.419356346130371,13.071114540100098,13.415781021118164,17.33304214477539
Correct 8.734357833862305,7.146767616271973,6.34468412399292,7.517378330230713
Wrong 13.854126930236816,14.423524856567383,16.126445770263672,16.516759872436523
Correct 15.254341125488281,12.64441204071045,11.503228187561035,12.487577438354492
Wrong 14.652210235595703,13.425859451293945,11.471274375915527,12.377514839172363
Wrong 14.754803657531738,14.612136840820312,14.879207611083984,16.815093994140625
Correct 15.266304969787598,17.641199111938477,13.781789779663086,16.640960693359375
Correct 14.634488105773926,13.439889907836914,11.852653503417969,13.532424926757812
Correct 14.399651527404785,13.522236824035645,16.35089683532715,15.569111824035645
Correct 14.017326354980469,13.439443588256836,13.130293846130371,17.06926727294922
Wrong 9.178232192993164,7.560370445251465,6.717092037200928,7.9704742431640625
Correct 13.292909622192383,16.800052642822266,11.446768760681152,13.040558815002441
Wrong 14.588994026184082,12.776541709899902,12.245340347290039,13.323217391967773
Correct 14.650763511657715,12.017693519592285,11.033208847045898,10.978506088256836
Wrong 16.42582893371582,14.237730979919434,12.503907203674316,16.611011505126953
Correct 14.94416332244873,13.51333999633789,12.602264404296875,16.862863540649414
Correct 14.017669677734375,14.025179862976074,12.197138786315918,17.4226131439209
Correct 13.917579650878906,12.088030815124512,13.40882396697998,16.814189910888672
Wrong 9.267130851745605,7.280806064605713,6.528548240661621,7.801371097564697
Wrong 15.19285774230957,12.708257675170898,11.933640480041504,12.918773651123047
Correct 15.54944896697998,12.588775634765625,11.908368110656738,12.399635314941406
Correct 13.516435623168945,13.1646089553833,12.508463859558105,17.812816619873047
Wrong 14.899502754211426,13.298068046569824,11.391674041748047,12.672822952270508
Wrong 14.988059997558594,12.346588134765625,11.111629486083984,11.947866439819336
Correct 16.986427307128906,13.290446281433105,12.634528160095215,14.165513038635254
Correct 15.36982250213623,12.979866981506348,11.45454216003418,12.149558067321777
Correct 14.500469207763672,13.664562225341797,17.015962600708008,14.906511306762695
Wrong 15.075587272644043,12.122934341430664,11.160694122314453,13.160870552062988
Correct 12.662365913391113,11.987640380859375,15.565556526184082,12.26144027709961
Wrong 15.027180671691895,12.245315551757812,10.573161125183105,11.48798942565918
Wrong 15.01280689239502,12.629374504089355,12.098535537719727,12.730079650878906
Wrong 14.815628051757812,11.549164772033691,10.650328636169434,11.330469131469727
Correct 17.16195297241211,13.324721336364746,11.974452018737793,14.301459312438965
Correct 13.087076187133789,18.000688552856445,11.797359466552734,15.437949180603027
Correct 13.776845932006836,12.510499954223633,16.204627990722656,13.329351425170898
Correct 13.432013511657715,13.07143783569336,14.860831260681152,17.813501358032227
Correct 8.922531127929688,7.5791096687316895,6.6279168128967285,7.646765232086182
Wrong 14.236737251281738,13.657817840576172,16.345075607299805,17.29773712158203
Correct 14.701148986816406,13.645940780639648,11.42853832244873,13.042327880859375
Wrong 15.82091999053955,13.282383918762207,11.46140193939209,12.476922035217285
Correct 15.449074745178223,16.506458282470703,14.842549324035645,15.824969291687012
Wrong 15.407048225402832,13.282402038574219,11.469609260559082,12.891297340393066
Correct 15.088263511657715,13.877068519592285,17.470693588256836,15.822480201721191
Correct 15.817266464233398,14.075425148010254,13.044175148010254,14.940393447875977
Correct 13.922860145568848,13.828974723815918,13.367939949035645,18.20351791381836
Wrong 14.658649444580078,12.51810073852539,12.947357177734375,11.39204216003418
Wrong 14.816302299499512,12.62067699432373,11.362419128417969,11.651481628417969
Correct 13.867831230163574,14.000666618347168,13.695992469787598,18.84402847290039
Correct 13.431183815002441,14.157255172729492,16.251081466674805,15.360330581665039
Wrong 9.667916297912598,8.444864273071289,7.262811660766602,8.443148612976074
Wrong 14.252184867858887,11.672768592834473,11.24395751953125,11.50210189819336
Correct 15.017987251281738,13.931356430053711,16.829322814941406,14.400113105773926
Correct 14.845035552978516,14.048160552978516,17.18859100341797,13.961852073669434
Wrong 9.45030689239502,7.740148544311523,6.6951704025268555,8.448344230651855
Correct 14.9000244140625,12.525443077087402,11.337187767028809,12.009005546569824
Correct 13.948345184326172,16.674129486083984,12.369232177734375,15.22027587890625
Correct 13.607264518737793,16.674745559692383,13.166812896728516,14.557049751281738
Correct 13.85802173614502,15.435434341430664,13.004094123840332,17.940881729125977
Correct 18.875667572021484,14.609840393066406,13.899030685424805,16.85982894897461
Wrong 14.91583251953125,12.527314186096191,11.267030715942383,12.313212394714355
Wrong 15.703948974609375,16.15683937072754,13.016307830810547,16.406618118286133
Correct 14.055146217346191,13.422300338745117,17.156570434570312,16.781543731689453
Wrong 15.025336265563965,12.510102272033691,11.399682998657227,12.079404830932617
Wrong 15.681724548339844,13.595678329467773,11.759405136108398,12.649768829345703
Correct 13.581927299499512,13.791352272033691,12.784223556518555,17.5958194732666
Wrong 9.260688781738281,7.725167274475098,6.928892612457275,8.2371187210083
Wrong 15.152152061462402,12.268777847290039,12.087749481201172,13.134175300598145
Correct 13.728409767150879,13.344633102416992,12.634098052978516,17.766380310058594
Correct 14.182385444641113,14.197397232055664,16.0330753326416,15.197001457214355
Wrong 8.701260566711426,7.344735145568848,6.7466139793396,7.588338375091553
Correct 15.399430274963379,14.071442604064941,17.485107421875,14.11019229888916
Correct 17.3184757232666,15.018753051757812,12.09129524230957,16.377574920654297
Correct 17.438642501831055,16.125890731811523,13.524293899536133,16.531803131103516
Wrong 9.179533958435059,7.637177467346191,6.983898162841797,7.935178756713867
Wrong 14.938356399536133,14.438206672668457,15.79748249053955,16.50045394897461
Correct 13.540624618530273,17.891870498657227,12.313469886779785,15.414794921875
Wrong 15.047521591186523,14.516237258911133,16.59438133239746,17.765962600708008
Wrong 15.424657821655273,12.885639190673828,11.095526695251465,12.587555885314941
Correct 13.37416934967041,13.909934997558594,13.138087272644043,17.017969131469727
Correct 16.084735870361328,15.277812004089355,13.183460235595703,15.807720184326172
Correct 9.621023178100586,7.932936668395996,6.896107196807861,7.749902248382568
Correct 14.602852821350098,14.610371589660645,13.751456260681152,18.87553596496582
Correct 18.78179931640625,15.187870025634766,14.05512523651123,17.390968322753906
Correct 15.065508842468262,12.471031188964844,11.142776489257812,11.478631019592285
Wrong 15.407861709594727,12.798145294189453,12.180909156799316,12.258894920349121
Correct 17.531965255737305,15.086517333984375,14.336675643920898,17.359769821166992
Correct 14.064297676086426,13.634005546569824,16.78234100341797,15.040071487426758
Correct 17.689340591430664,13.040246963500977,11.657817840576172,15.298120498657227
Correct 14.883974075317383,17.156938552856445,12.797513961791992,15.805240631103516
Wrong 14.925475120544434,13.986989974975586,11.57199478149414,12.056748390197754
Wrong 15.533119201660156,13.61929702758789,11.322041511535645,13.118837356567383
Correct 14.995080947875977,12.275571823120117,10.830327033996582,11.509424209594727
Correct 14.907341003417969,17.672679901123047,12.055108070373535,13.469139099121094
Wrong 14.729841232299805,12.736899375915527,11.158343315124512,12.064618110656738
Wrong 14.908334732055664,12.30678939819336,11.665693283081055,12.00180435180664
Correct 18.032764434814453,14.016488075256348,11.946500778198242,15.172568321228027
Correct 15.211556434631348,13.50830078125,16.89104652404785,14.922215461730957
Correct 14.000865936279297,14.657005310058594,15.2196683883667,18.65674591064453
Wrong 14.666131019592285,13.126928329467773,13.111005783081055,12.087327003479004
Wrong 15.017827033996582,12.447989463806152,12.087457656860352,12.258946418762207
Correct 18.253381729125977,13.572548866271973,11.433150291442871,14.8687744140625
Correct 14.659478187561035,14.946757316589355,16.580068588256836,15.42340087890625
Correct 14.13780689239502,16.73826789855957,13.065935134887695,14.690855979919434
Wrong 15.188990592956543,12.564568519592285,11.923274993896484,11.501188278198242
Correct 17.8613338470459,12.87652587890625,11.376742362976074,14.51704216003418
Correct 15.260193824768066,13.400530815124512,12.181880950927734,13.056740760803223
Wrong 14.920989990234375,13.40464973449707,11.53487777709961,12.627544403076172
Correct 18.1107120513916,13.344599723815918,12.63377857208252,14.852213859558105
Correct 14.75227165222168,16.70500946044922,12.79084587097168,16.235679626464844
Correct 14.206087112426758,17.893518447875977,14.190393447875977,16.06441307067871
Wrong 9.469406127929688,7.661139965057373,6.618351459503174,8.043425559997559
Correct 17.31391143798828,13.953970909118652,13.829216003417969,15.899273872375488
Correct 14.10993480682373,14.578603744506836,16.5472412109375,15.047203063964844
Correct 14.017014503479004,17.250940322875977,12.579087257385254,15.539794921875
Wrong 14.635468482971191,11.29914665222168,10.603476524353027,11.174625396728516
Correct 16.8138370513916,15.258610725402832,14.282415390014648,16.81328582763672
Correct 13.276793479919434,13.158594131469727,16.87678337097168,14.306889533996582
Correct 15.112892150878906,12.473942756652832,12.378802299499512,12.735986709594727
Correct 13.533495903015137,13.135462760925293,15.554021835327148,13.89708423614502
Correct 14.029412269592285,16.831809997558594,13.02722454071045,15.32294750213623
Wrong 15.697226524353027,13.009645462036133,13.322181701660156,12.290398597717285
Wrong 15.338471412658691,13.230454444885254,11.923789024353027,12.282788276672363
Correct 17.876434326171875,12.829241752624512,11.118295669555664,15.423008918762207
Correct 15.011614799499512,11.831642150878906,11.166889190673828,12.120161056518555
Wrong 15.291247367858887,12.227807998657227,10.939156532287598,14.180967330932617
Correct 17.001550674438477,14.899349212646484,15.641900062561035,16.188425064086914
Wrong 15.33311939239502,12.903166770935059,12.019486427307129,12.277093887329102
Correct 13.58549976348877,13.927666664123535,12.914219856262207,17.082300186157227
Correct 15.402359962463379,12.519183158874512,10.987479209899902,12.46442699432373
Correct 13.747300148010254,14.292166709899902,13.010786056518555,17.8297119140625
Correct 13.479970932006836,15.10383415222168,12.127381324768066,17.391698837280273
Correct 15.332928657531738,11.909794807434082,10.729879379272461,11.59001636505127
Wrong 15.175257682800293,13.034427642822266,11.924872398376465,13.322866439819336
Correct 14.203407287597656,15.779051780700684,14.497421264648438,14.660906791687012
Correct 17.786283493041992,13.900941848754883,12.05844497680664,15.924389839172363
Correct 15.055962562561035,17.125810623168945,13.805527687072754,16.406906127929688
Correct 13.885416984558105,14.228212356567383,16.56428337097168,15.595096588134766
Wrong 15.83779239654541,13.033486366271973,12.861251831054688,12.532238960266113
Wrong 9.46203899383545,7.7139716148376465,6.728318214416504,8.331156730651855
Correct 15.774837493896484,13.66568660736084,11.14960765838623,12.836885452270508
Wrong 14.697693824768066,12.971158981323242,11.42414665222168,12.29857063293457
Correct 15.34737777709961,12.386922836303711,11.331018447875977,11.946962356567383
Correct 18.1572208404541,13.34438419342041,12.242829322814941,14.7192964553833
Wrong 15.089320182800293,12.096632957458496,12.807459831237793,12.010346412658691
Wrong 16.253177642822266,16.830886840820312,15.36300277709961,17.252254486083984
Correct 9.805859565734863,7.921213626861572,6.90602445602417,8.230369567871094
Correct 15.266822814941406,14.336807250976562,13.392115592956543,17.703628540039062
Correct 13.251032829284668,13.250595092773438,12.344371795654297,18.281606674194336
Correct 15.403279304504395,14.440053939819336,12.473902702331543,18.658103942871094
Correct 14.95386028289795,17.625492095947266,12.625532150268555,17.45340347290039
Wrong 9.293171882629395,7.227547645568848,6.4313154220581055,7.920475006103516
Correct 16.81407356262207,12.798195838928223,11.790541648864746,14.633845329284668
Correct 14.977919578552246,14.141961097717285,13.477985382080078,18.62557029724121
Correct 15.252307891845703,14.923538208007812,14.354019165039062,18.063671112060547
Correct 14.033417701721191,13.947397232055664,16.42328643798828,13.36079216003418
Wrong 14.605737686157227,11.878600120544434,13.144033432006836,11.651741981506348
Correct 17.112810134887695,12.955973625183105,11.526517868041992,15.025991439819336
Wrong 15.059566497802734,12.136065483093262,11.6284761428833,11.56530475616455
Correct 9.23233699798584,7.558475971221924,6.733241558074951,7.832566261291504
Correct 17.2678279876709,15.15755558013916,14.712778091430664,17.094858169555664
Correct 13.884681701660156,16.87641143798828,14.24360466003418,15.704057693481445
Correct 14.133662223815918,13.305290222167969,16.96926498413086,15.445728302001953
Correct 18.251514434814453,14.032194137573242,11.813990592956543,16.485376358032227
Wrong 15.175392150878906,12.245304107666016,11.510740280151367,13.42451000213623
Correct 15.172053337097168,14.875144958496094,12.961100578308105,19.640708923339844
Correct 15.00227165222168,12.15079116821289,10.798486709594727,11.806255340576172
Wrong 16.312795639038086,16.359642028808594,14.008140563964844,17.265806198120117
Correct 16.92523193359375,13.823775291442871,12.39571762084961,15.447381019592285
Correct 14.610039710998535,14.469473838806152,13.227453231811523,18.35965919494629
Correct 9.70875072479248,7.980415344238281,7.241732120513916,8.084630012512207
Wrong 15.088139533996582,12.509833335876465,11.251275062561035,12.78998851776123
Correct 17.438432693481445,14.258536338806152,13.477306365966797,15.680344581604004
Correct 9.205588340759277,8.07396125793457,7.098766326904297,8.381031036376953
Correct 15.65019416809082,12.940024375915527,11.938933372497559,12.407729148864746
Correct 13.362235069274902,17.236738204956055,12.314332962036133,14.603388786315918
Correct 16.15546226501465,12.961806297302246,11.481356620788574,13.7125825881958
Wrong 13.815702438354492,11.50263500213623,10.776124954223633,10.557978630065918
Correct 15.202080726623535,11.950191497802734,10.707985877990723,11.762654304504395
Wrong 14.598228454589844,13.049691200256348,11.300191879272461,12.355379104614258
Correct 14.876826286315918,14.5557279586792,14.055973052978516,17.360063552856445
Correct 14.790576934814453,17.6419620513916,13.37620735168457,17.37578010559082
Wrong 15.13689136505127,12.737975120544434,11.3941011428833,11.713764190673828
Correct 13.817899703979492,14.292470932006836,12.996808052062988,17.800647735595703
Wrong 14.587549209594727,12.173686981201172,11.74360466003418,13.353041648864746
Correct 17.813867568969727,13.321548461914062,12.204936981201172,14.204047203063965
Correct 14.524635314941406,14.876049041748047,13.219557762145996,17.969148635864258
Wrong 15.396109580993652,12.637748718261719,11.643729209899902,11.682353973388672
Wrong 15.151517868041992,12.982154846191406,11.697226524353027,13.002381324768066
Correct 14.883099555969238,15.156667709350586,14.812935829162598,18.60956382751465
Correct 18.953981399536133,14.289710998535156,12.555367469787598,16.09428596496582
Wrong 9.36514949798584,8.274439811706543,7.350067138671875,8.365286827087402
Wrong 15.331327438354492,13.135250091552734,11.212679862976074,12.111090660095215
Wrong 15.34487533569336,13.274300575256348,12.360474586486816,14.094738960266113
Correct 14.844782829284668,17.641416549682617,14.532099723815918,16.250507354736328
Wrong 14.667315483093262,13.362093925476074,10.447866439819336,11.080854415893555
Correct 14.423894882202148,13.887221336364746,16.286907196044922,13.897552490234375
Correct 14.526590347290039,14.128080368041992,17.470426559448242,14.783557891845703
Wrong 14.113297462463379,11.9644136428833,11.36999225616455,12.01028823852539
Correct 14.016569137573242,13.453910827636719,17.20372200012207,14.516334533691406
Correct 14.126538276672363,14.789956092834473,13.993367195129395,18.40684700012207
Wrong 15.510250091552734,11.455406188964844,11.28303337097168,12.657452583312988
Wrong 14.492660522460938,14.324455261230469,15.121048927307129,15.487975120544434
Correct 14.031771659851074,14.305200576782227,12.359878540039062,18.00020408630371
Correct 14.554990768432617,13.89871883392334,13.273746490478516,18.890783309936523
Correct 14.369389533996582,12.797927856445312,12.649999618530273,17.204008102416992
Wrong 15.229455947875977,12.370466232299805,11.57247257232666,11.900875091552734
Correct 14.564789772033691,12.860931396484375,11.02496337890625,11.603521347045898
Correct 14.104764938354492,12.345868110656738,11.174625396728516,11.588501930236816
Correct 16.97185516357422,14.032938957214355,12.877381324768066,16.43875503540039
Correct 15.110536575317383,15.446361541748047,16.579044342041016,15.750588417053223
Wrong 15.291264533996582,11.994330406188965,11.243929862976074,12.79865837097168
Wrong 15.238089561462402,13.190855979919434,11.964454650878906,12.026517868041992
Wrong 17.083358764648438,15.198095321655273,13.027421951293945,17.127363204956055
Wrong 14.854764938354492,13.111908912658691,12.408334732055664,11.892293930053711
Correct 14.353360176086426,13.532315254211426,13.313825607299805,18.828781127929688
Wrong 15.10286808013916,12.6807279586792,11.321125984191895,12.90697956085205
Wrong 15.566272735595703,12.057840347290039,10.893777847290039,13.221197128295898
Correct 14.987757682800293,13.276253700256348,11.861831665039062,12.674408912658691
Correct 13.238836288452148,12.948062896728516,13.331725120544434,17.110809326171875
Wrong 9.610660552978516,7.7693400382995605,7.037640571594238,8.095561981201172
Correct 14.790860176086426,14.009127616882324,16.62603187561035,14.415063858032227
Correct 18.440326690673828,14.532586097717285,12.971149444580078,16.313922882080078
Correct 14.533178329467773,13.32990837097168,17.001134872436523,13.774454116821289
Correct 14.665485382080078,14.337037086486816,13.571975708007812,17.766246795654297
Wrong 15.572693824768066,12.713113784790039,12.251847267150879,12.35324478149414
Wrong 14.879693031311035,13.613716125488281,12.645879745483398,13.41739273071289
Wrong 14.173286437988281,12.68123722076416,11.883841514587402,13.211926460266113
Wrong 15.331697463989258,12.495595932006836,12.010904312133789,13.260845184326172
Wrong 14.994702339172363,12.89305305480957,11.666060447692871,12.337858200073242
Correct 14.594548225402832,15.211627960205078,13.414624214172363,18.531530380249023
Correct 15.128032684326172,12.565044403076172,11.884771347045898,12.806429862976074
Correct 15.263311386108398,14.107872009277344,13.028943061828613,14.395737648010254
Wrong 14.952800750732422,12.20150089263916,12.42916202545166,11.989487648010254
Correct 14.89215087890625,17.59470558166504,13.60253620147705,16.281875610351562
Correct 13.86603832244873,17.36236000061035,12.471468925476074,15.470884323120117
Wrong 15.447620391845703,13.283594131469727,11.837814331054688,13.376450538635254
Correct 13.06166934967041,13.237933158874512,13.347199440002441,17.299388885498047
Correct 14.918303489685059,12.503165245056152,11.831683158874512,13.003600120544434
Correct 17.927108764648438,13.909189224243164,11.832745552062988,14.728852272033691
Correct 16.86326789855957,15.2450590133667,14.145103454589844,16.690034866333008
Correct 14.954840660095215,17.68902587890625,13.258951187133789,15.211710929870605
Wrong 15.15192699432373,13.050517082214355,10.557281494140625,11.291083335876465
Correct 17.741249084472656,13.136454582214355,11.43351936340332,14.911565780639648
Correct 13.963346481323242,14.03487777709961,14.724149703979492,17.050559997558594
Correct 14.689215660095215,17.892478942871094,12.048022270202637,15.860601425170898
Wrong 9.387107849121094,7.701729774475098,6.692698001861572,8.012873649597168
Correct 14.517343521118164,13.937060356140137,11.840585708618164,17.00430679321289
Correct 14.78300666809082,12.439229011535645,10.954117774963379,11.383793830871582
Wrong 15.691908836364746,14.88817024230957,13.866521835327148,15.068291664123535
Wrong 15.274537086486816,12.836896896362305,11.008447647094727,11.641321182250977
Correct 14.587653160095215,13.610980033874512,16.422956466674805,14.665209770202637
Correct 13.538975715637207,12.668420791625977,16.23767852783203,13.08926773071289
Wrong 9.177705764770508,7.556215286254883,6.753432273864746,8.06053352355957
Correct 17.579504013061523,13.211699485778809,11.681071281433105,14.774399757385254
Wrong 14.181805610656738,12.907438278198242,11.884207725524902,12.845418930053711
Wrong 9.243321418762207,7.794782638549805,6.781242847442627,8.071111679077148
Wrong 14.93317699432373,13.112268447875977,13.315895080566406,12.346500396728516
Wrong 17.41729736328125,16.893587112426758,14.221482276916504,17.756610870361328
Correct 14.888470649719238,16.456809997558594,14.800475120544434,16.11185073852539
Wrong 14.661649703979492,13.50535774230957,10.864216804504395,11.309062004089355
Correct 14.782661437988281,14.188740730285645,14.399617195129395,17.875856399536133
