grade confidence_levels
Correct 0.22593456506729126,0.25643104314804077,0.1251157820224762,0.247201070189476
Wrong 0.03190891817212105,0.01680782623589039,0.024196583777666092,0.040287379175424576
Wrong 0.15967941284179688,0.18622684478759766,0.1742926985025406,0.20621417462825775
Wrong 0.01917979307472706,0.010740077123045921,0.011569504626095295,0.025004707276821136
Wrong 0.02225370891392231,0.010420694947242737,0.01031755842268467,0.017322082072496414
Wrong 0.01972079649567604,0.0106074633076787,0.007982790470123291,0.014753930270671844
Wrong 0.0199583750218153,0.006602763198316097,0.0064268559217453,0.013181679882109165
Wrong 0.1994808465242386,0.18850183486938477,0.2339157909154892,0.24938540160655975
Wrong 0.05978222191333771,0.06742263585329056,0.20284610986709595,0.21982410550117493
Wrong 0.20543532073497772,0.17487704753875732,0.12653754651546478,0.28852763772010803
Correct 0.0024960674345493317,0.0011844628024846315,0.0017188998172059655,0.003135918639600277
Correct 0.12292718887329102,0.14289399981498718,0.2668408751487732,0.32089048624038696
Correct 0.01029111072421074,0.007088981568813324,0.0035430104471743107,0.011060074903070927
Wrong 0.24568195641040802,0.10955300182104111,0.24952729046344757,0.2069045454263687
Wrong 0.18622957170009613,0.16920174658298492,0.2543165981769562,0.20422159135341644
Wrong 0.19303785264492035,0.20148585736751556,0.1094275638461113,0.3094766438007355
Wrong 0.016830112785100937,0.008201305754482746,0.005383685696870089,0.012972314842045307
Wrong 0.01140383817255497,0.005237753968685865,0.0037850099615752697,0.009156223386526108
Correct 0.026548301801085472,0.00970696285367012,0.010109991766512394,0.015402467921376228
Correct 0.011360461823642254,0.007725193165242672,0.008241376839578152,0.016970088705420494
Wrong 0.08974404633045197,0.08385591953992844,0.17546585202217102,0.21580925583839417
Wrong 0.011560695245862007,0.006373223848640919,0.0045341080985963345,0.015171356499195099
Wrong 0.11874555796384811,0.15162891149520874,0.18044015765190125,0.27562659978866577
Wrong 0.012585760094225407,0.009676695801317692,0.01399808470159769,0.025478174909949303
Wrong 0.14196786284446716,0.17445749044418335,0.2541682720184326,0.29252201318740845
Correct 0.02665441483259201,0.012238368391990662,0.011994958855211735,0.016692399978637695
Correct 0.03903992101550102,0.025478919968008995,0.023702895268797874,0.04328019544482231
Wrong 0.19331546127796173,0.2143932431936264,0.18052305281162262,0.23117126524448395
Wrong 0.011426232755184174,0.007427674252539873,0.007138149347156286,0.015725430101156235
Wrong 0.01629526913166046,0.00687277689576149,0.007448595482856035,0.013391800224781036
Correct 0.13230130076408386,0.16362535953521729,0.1905619353055954,0.3122917115688324
Wrong 0.02376800775527954,0.019439786672592163,0.013646305538713932,0.022631604224443436
Correct 0.03277577832341194,0.014332282356917858,0.015780728310346603,0.035502370446920395
Wrong 0.027332346886396408,0.009744449518620968,0.010415851138532162,0.016388701274991035
Wrong 0.013243063353002071,0.007058576215058565,0.007985266856849194,0.015596779994666576
Correct 0.10909403860569,0.12138281017541885,0.36102136969566345,0.1935148984193802
Correct 0.018319368362426758,0.007684935815632343,0.006041596177965403,0.009532708674669266
Wrong 0.15225689113140106,0.17314641177654266,0.19841085374355316,0.29050108790397644
Correct 0.08247346431016922,0.1569545716047287,0.29691562056541443,0.22935467958450317
Correct 0.24538207054138184,0.12969593703746796,0.19001710414886475,0.2232212871313095
Wrong 0.0043148500844836235,0.0023134404327720404,0.0012322867987677455,0.004317745566368103
Wrong 0.02116158790886402,0.009774948470294476,0.008297796361148357,0.013509219512343407
Wrong 0.15158067643642426,0.200112447142601,0.10101626813411713,0.3680357336997986
Correct 0.011428575962781906,0.004794670734554529,0.003760528052225709,0.007218996994197369
Wrong 0.009649681858718395,0.007355485111474991,0.003931391518563032,0.008349178358912468
Wrong 0.018621211871504784,0.006995738483965397,0.00706141721457243,0.013367661274969578
Correct 0.015382356010377407,0.006187284365296364,0.007299368269741535,0.014558960683643818
Wrong 0.0968438908457756,0.09318426996469498,0.2165517508983612,0.2645083963871002
Correct 0.1176905706524849,0.13722072541713715,0.2153702676296234,0.3404999375343323
Wrong 0.18550193309783936,0.1882154941558838,0.08811043202877045,0.25719383358955383
Wrong 0.09941674768924713,0.12053091078996658,0.2345554679632187,0.24434040486812592
Wrong 0.025892673060297966,0.01602352224290371,0.015120391733944416,0.020893631502985954
Correct 0.13294219970703125,0.12038339674472809,0.23881450295448303,0.28701648116111755
Wrong 0.01466955803334713,0.01180064957588911,0.012701575644314289,0.021895814687013626
Wrong 0.1414717733860016,0.14135493338108063,0.21830222010612488,0.3220597505569458
Correct 0.02750197798013687,0.009553705342113972,0.0078081912361085415,0.014987683854997158
Wrong 0.00939918588846922,0.0052408622577786446,0.006353259086608887,0.014071137644350529
Correct 0.16965852677822113,0.13330048322677612,0.17767319083213806,0.17049092054367065
Wrong 0.02428423799574375,0.010314512066543102,0.01939970627427101,0.023954693228006363
Correct 0.025274895131587982,0.014698797836899757,0.010765098966658115,0.023927932605147362
Wrong 0.015124671161174774,0.009196003898978233,0.006594441365450621,0.01502370834350586
Correct 0.11788327991962433,0.13930194079875946,0.1490863561630249,0.2834106385707855
Wrong 0.02669871598482132,0.009710864163935184,0.010532124899327755,0.022676387801766396
Wrong 0.006918179336935282,0.0037502432242035866,0.0029975336510688066,0.00920304749161005
Wrong 0.019418440759181976,0.009830267168581486,0.014434322714805603,0.02531697228550911
Wrong 0.01630588248372078,0.012339347042143345,0.009516522288322449,0.019832950085401535
Wrong 0.15374448895454407,0.14195898175239563,0.1791190356016159,0.26274818181991577
Wrong 0.19222784042358398,0.16293923556804657,0.07959643751382828,0.23618105053901672
Wrong 0.012545857578516006,0.006608901079744101,0.007953773252665997,0.016136297956109047
Wrong 0.01985127478837967,0.009104862809181213,0.007105362135916948,0.014323328621685505
Wrong 0.01278487965464592,0.006414447445422411,0.004977100528776646,0.010456494987010956
Wrong 0.09992843121290207,0.16025970876216888,0.3065922260284424,0.2733341157436371
Wrong 0.13971194624900818,0.15586820244789124,0.22698859870433807,0.29020583629608154
Wrong 0.014826688915491104,0.003757413476705551,0.003687802702188492,0.007226740941405296
Wrong 0.03702044114470482,0.013625333085656166,0.0171183031052351,0.02832585573196411
Wrong 0.024598626419901848,0.009961657226085663,0.013933018781244755,0.018518488854169846
Wrong 0.013684825040400028,0.007223363965749741,0.009253191761672497,0.014893760904669762
Wrong 0.024241000413894653,0.018148042261600494,0.013132145628333092,0.02576257288455963
Wrong 0.12721315026283264,0.11684717983007431,0.20100902020931244,0.24574242532253265
Wrong 0.01648843102157116,0.008968391455709934,0.012883285991847515,0.024605944752693176
Wrong 0.02380911447107792,0.008158408105373383,0.008734592236578465,0.01709296554327011
Correct 0.10037984699010849,0.1989629566669464,0.26168084144592285,0.26731517910957336
Correct 0.00460265576839447,0.0027605409268289804,0.005057033617049456,0.011001933366060257
Wrong 0.1365855187177658,0.16951774060726166,0.24248720705509186,0.24198967218399048
Wrong 0.019062671810388565,0.009825204499065876,0.006791871506720781,0.013938484713435173
Wrong 0.10095059126615524,0.1535104215145111,0.13868878781795502,0.2948775887489319
Wrong 0.0336826853454113,0.012413756921887398,0.009266428649425507,0.016590656712651253
Wrong 0.015511324629187584,0.009220556356012821,0.005285416729748249,0.014315949752926826
Wrong 0.011680437251925468,0.004621569067239761,0.004455365240573883,0.008648373186588287
Wrong 0.013552576303482056,0.005327113438397646,0.004156149923801422,0.007193650584667921
Correct 0.003739068051800132,0.000957139243837446,0.0010498982155695558,0.003252181923016906
Wrong 0.012721002101898193,0.008680567145347595,0.009097372181713581,0.017086070030927658
Wrong 0.01335279643535614,0.007915710099041462,0.006123044062405825,0.016299279406666756
Correct 0.13905103504657745,0.25730136036872864,0.13943490386009216,0.2548591196537018
Wrong 0.13459710776805878,0.19005045294761658,0.12061133980751038,0.24200540781021118
Wrong 0.08912558853626251,0.19663794338703156,0.19360116124153137,0.22719433903694153
Wrong 0.013428093865513802,0.0051833251491189,0.004509040620177984,0.007175401784479618
Wrong 0.024937674403190613,0.010657777078449726,0.008669930510222912,0.014472037553787231
Correct 0.012369038537144661,0.0031983889639377594,0.0022189754527062178,0.005920370575040579
Wrong 0.1066906750202179,0.1268557906150818,0.24417470395565033,0.25858214497566223
Wrong 0.031837400048971176,0.011546647176146507,0.014713911339640617,0.01989978365600109
Correct 0.2104547768831253,0.14532437920570374,0.1632760614156723,0.1992286741733551
Wrong 0.015329966321587563,0.007094128988683224,0.0068673924542963505,0.0166242066770792
Wrong 0.13852794468402863,0.11795450001955032,0.3052499294281006,0.2015392780303955
Correct 0.10392966866493225,0.14456947147846222,0.2054993212223053,0.32279035449028015
Wrong 0.020552827045321465,0.008064628578722477,0.01076880656182766,0.01771724224090576
Wrong 0.10209921002388,0.11567962169647217,0.24100369215011597,0.28301480412483215
Correct 0.0888083428144455,0.09295880049467087,0.3687043786048889,0.22821590304374695
Correct 0.012932132929563522,0.006522743962705135,0.004545795731246471,0.011755730956792831
Correct 0.15854714810848236,0.19674721360206604,0.16836883127689362,0.3212072551250458
Wrong 0.03710451349616051,0.013685593381524086,0.015302300453186035,0.022331833839416504
Correct 0.14677399396896362,0.21767127513885498,0.1931028813123703,0.2561022937297821
Correct 0.028483930975198746,0.014018724672496319,0.012235107831656933,0.019707579165697098
Correct 0.14206163585186005,0.1685793101787567,0.2556685209274292,0.2294408679008484
Wrong 0.012880390509963036,0.0064250631257891655,0.005130875390022993,0.011433964595198631
Wrong 0.2131461799144745,0.19168347120285034,0.17075636982917786,0.26880374550819397
Wrong 0.015860849991440773,0.011784971691668034,0.006188991945236921,0.016945865005254745
Wrong 0.02296259254217148,0.010831700637936592,0.015143056400120258,0.01753869093954563
Wrong 0.14784154295921326,0.16591306030750275,0.16486510634422302,0.3667258620262146
Wrong 0.12209803611040115,0.17868773639202118,0.19307030737400055,0.17396864295005798
Wrong 0.1523730605840683,0.11971975862979889,0.13494828343391418,0.20563483238220215
Correct 0.01613330841064453,0.00836801528930664,0.006532488390803337,0.014862564392387867
Wrong 0.13017363846302032,0.1680210828781128,0.28376448154449463,0.275295227766037
Wrong 0.028981134295463562,0.00858240481466055,0.006232894491404295,0.018195660784840584
Correct 0.011225474998354912,0.007364449091255665,0.005340565461665392,0.010273434221744537
Wrong 0.08381546288728714,0.12695527076721191,0.29795965552330017,0.2791541814804077
Wrong 0.013768985867500305,0.006817148067057133,0.005047688260674477,0.014338698238134384
Wrong 0.008611185476183891,0.0030935071408748627,0.0031270822510123253,0.0043825069442391396
Correct 0.019860541447997093,0.01147525291889906,0.01307621318846941,0.01981639862060547
Wrong 0.10367202013731003,0.10940191894769669,0.40755024552345276,0.1919872760772705
Wrong 0.05342165380716324,0.017019035294651985,0.017146628350019455,0.030272213742136955
Wrong 0.1316467970609665,0.23636581003665924,0.20476923882961273,0.20014050602912903
Wrong 0.11629241704940796,0.16454553604125977,0.2989535629749298,0.19616273045539856
Wrong 0.006144288927316666,0.004377723205834627,0.0040682461112737656,0.011832947842776775
Wrong 0.13299499452114105,0.19396020472049713,0.24561940133571625,0.2818274199962616
Correct 0.018620116636157036,0.011815735138952732,0.010732508264482021,0.0159611739218235
Wrong 0.020485784858465195,0.01031343825161457,0.011469235643744469,0.022247692570090294
Correct 0.00803482998162508,0.003759771818295121,0.00255249603651464,0.010023782961070538
Wrong 0.09720298647880554,0.14770717918872833,0.2179202139377594,0.30047738552093506
Wrong 0.09981156140565872,0.10699232667684555,0.24638333916664124,0.3163454532623291
Wrong 0.012242116034030914,0.006390429567545652,0.006802907679229975,0.010226820595562458
Wrong 0.021966367959976196,0.009570874273777008,0.011224422603845596,0.01452567894011736
Wrong 0.008802859112620354,0.00480711180716753,0.004349065478891134,0.009400974959135056
Wrong 0.1677013486623764,0.17534847557544708,0.236041858792305,0.26585882902145386
Wrong 0.007269296329468489,0.0037256311625242233,0.006698969751596451,0.011132090352475643
Wrong 0.01571616157889366,0.006337301805615425,0.0042800153605639935,0.00795289408415556
Wrong 0.014049388468265533,0.004060992505401373,0.0025856897700577974,0.005242866929620504
Wrong 0.13005590438842773,0.15891782939434052,0.22208130359649658,0.24840623140335083
Correct 0.14783413708209991,0.1698390543460846,0.16473019123077393,0.3209517300128937
Correct 0.03758184611797333,0.017033951357007027,0.01534455455839634,0.03285735845565796
Wrong 0.01062407810240984,0.0050694081000983715,0.003960138186812401,0.0067613013088703156
Wrong 0.038205668330192566,0.017425868660211563,0.023311937227845192,0.028269605711102486
Correct 0.01400305051356554,0.004963729064911604,0.0036492208018898964,0.01147137675434351
Wrong 0.02579568326473236,0.010669262148439884,0.01158406212925911,0.017771035432815552
Wrong 0.013188017532229424,0.009884746745228767,0.008711238391697407,0.01589743234217167
Correct 0.10476013273000717,0.13729524612426758,0.22628463804721832,0.26707878708839417
Wrong 0.006066679023206234,0.004102347884327173,0.005263969302177429,0.010315874591469765
Wrong 0.15448305010795593,0.1712220013141632,0.20729079842567444,0.2916918992996216
Correct 0.01415847335010767,0.006255658343434334,0.005913524888455868,0.015345555730164051
Wrong 0.00596574367955327,0.0029771728441119194,0.0037842944730073214,0.009311962872743607
Wrong 0.16805359721183777,0.14764194190502167,0.12123645097017288,0.35369130969047546
Correct 0.007048214785754681,0.002353646792471409,0.0017100421246141195,0.00428416533395648
Correct 0.14378966391086578,0.14926575124263763,0.3302498459815979,0.20836585760116577
Correct 0.15006497502326965,0.12232326716184616,0.2315456122159958,0.207865372300148
Wrong 0.020161304622888565,0.0112501485273242,0.00621693953871727,0.0169936865568161
Wrong 0.017408637329936028,0.01046235952526331,0.014554303139448166,0.021890342235565186
Correct 0.00561823695898056,0.003361718961969018,0.003034016815945506,0.008005829527974129
Wrong 0.017221493646502495,0.010167657397687435,0.008223483338952065,0.01611572876572609
Wrong 0.03932533785700798,0.01579125225543976,0.018136782571673393,0.02707999013364315
Correct 0.03080444224178791,0.015109283849596977,0.019335830584168434,0.02702312357723713
Correct 0.0081937862560153,0.004948922898620367,0.006722630932927132,0.012875914573669434
Correct 0.118071548640728,0.13207507133483887,0.12594079971313477,0.27156883478164673
Wrong 0.026762675493955612,0.01065799780189991,0.0109711280092597,0.011960094794631004
Wrong 0.05897584557533264,0.10857655853033066,0.2692793905735016,0.3604467213153839
Wrong 0.10486379265785217,0.11246294528245926,0.20876730978488922,0.3427196145057678
Correct 0.011244092136621475,0.00767652690410614,0.008762296289205551,0.014075135812163353
Wrong 0.008652829565107822,0.006185326725244522,0.0029103225097060204,0.007843468338251114
Wrong 0.010194573551416397,0.005868866108357906,0.0027690851129591465,0.004998908843845129
Wrong 0.16037219762802124,0.1776440590620041,0.17798054218292236,0.304165244102478
Wrong 0.18949468433856964,0.1678503304719925,0.18368782103061676,0.23792262375354767
Correct 0.20653702318668365,0.2883240282535553,0.16120195388793945,0.20348285138607025
Wrong 0.013346671126782894,0.005384883843362331,0.008084296248853207,0.013151470571756363
Wrong 0.009706418961286545,0.00500465277582407,0.005202667787671089,0.01263781264424324
Correct 0.07984517514705658,0.15409161150455475,0.2145203799009323,0.29246190190315247
Correct 0.04063238576054573,0.020911235362291336,0.02111697569489479,0.023811308667063713
Wrong 0.022528283298015594,0.01508408971130848,0.009278245270252228,0.016498036682605743
Wrong 0.11938019096851349,0.184784397482872,0.2763439416885376,0.25791820883750916
Wrong 0.015798015519976616,0.007371101062744856,0.006348698399960995,0.011178132146596909
Wrong 0.13717800378799438,0.21776968240737915,0.18927624821662903,0.2368614375591278
Correct 0.0841793417930603,0.1225530207157135,0.22202205657958984,0.4559665322303772
Correct 0.007583032362163067,0.004460531286895275,0.004019084852188826,0.008991505950689316
Wrong 0.010750471614301205,0.0053750621154904366,0.004525361116975546,0.008772789500653744
Wrong 0.010483168996870518,0.005549507215619087,0.00874132476747036,0.015350967645645142
Wrong 0.0632195696234703,0.11903891712427139,0.3110730051994324,0.33323463797569275
Correct 0.02587428316473961,0.014584353193640709,0.011126100085675716,0.020122690126299858
Correct 0.16065213084220886,0.20705345273017883,0.12835267186164856,0.2720330059528351
Wrong 0.19794151186943054,0.1630350947380066,0.21131975948810577,0.2694094777107239
Wrong 0.00807128194719553,0.004352201707661152,0.007187319919466972,0.0139624560251832
Wrong 0.18662422895431519,0.21289077401161194,0.1917521059513092,0.24374434351921082
Correct 0.016361990943551064,0.011488028801977634,0.009105912409722805,0.01997537352144718
Wrong 0.16475100815296173,0.22273336350917816,0.1332588642835617,0.29947853088378906
Correct 0.023127242922782898,0.010681224055588245,0.008275513537228107,0.01609107293188572
Wrong 0.01536642387509346,0.007032020483165979,0.006686314940452576,0.009582876227796078
Wrong 0.12901780009269714,0.12152226269245148,0.22895586490631104,0.29566705226898193
Wrong 0.009532374329864979,0.004669885616749525,0.004016917198896408,0.007182059809565544
Correct 0.10136225074529648,0.18934044241905212,0.26252633333206177,0.2691757380962372
Wrong 0.15286898612976074,0.17450273036956787,0.125965878367424,0.3122793734073639
Correct 0.10782046616077423,0.14754743874073029,0.14646248519420624,0.33123478293418884
Wrong 0.00810338370501995,0.0035027151461690664,0.0031754167284816504,0.00656463485211134
Correct 0.07207286357879639,0.12970805168151855,0.3826008439064026,0.22229111194610596
Wrong 0.19593188166618347,0.1824047863483429,0.1923288106918335,0.25941741466522217
Wrong 0.11275292187929153,0.15014000236988068,0.2850379943847656,0.28520825505256653
Wrong 0.013349661603569984,0.004794346634298563,0.005182810593396425,0.010741806589066982
Wrong 0.19716930389404297,0.1308096945285797,0.2166045755147934,0.2720644772052765
Wrong 0.011699789203703403,0.006275017745792866,0.007159047294408083,0.015240548178553581
Wrong 0.19837819039821625,0.1655581295490265,0.17928192019462585,0.20984014868736267
Correct 0.00787515938282013,0.0028977536130696535,0.0023204884491860867,0.007222998421639204
Correct 0.07323987782001495,0.1399041712284088,0.2692476809024811,0.2653019428253174
Wrong 0.018496094271540642,0.006469876039773226,0.005378509871661663,0.01872723363339901
Wrong 0.012730295769870281,0.008335721679031849,0.008467057719826698,0.016161687672138214
Correct 0.1175663098692894,0.14683298766613007,0.21507304906845093,0.3464740812778473
Wrong 0.029545405879616737,0.014976994134485722,0.012557167559862137,0.027001570910215378
Correct 0.044632866978645325,0.09748075157403946,0.4195762276649475,0.2650299072265625
Correct 0.009530799463391304,0.00681051192805171,0.004056499805301428,0.009589724242687225
Wrong 0.10378807038068771,0.06632735580205917,0.3435204327106476,0.2503064274787903
Wrong 0.03938001021742821,0.012772277928888798,0.013269376941025257,0.02730584517121315
Wrong 0.14078499376773834,0.12529991567134857,0.3076872229576111,0.2661568820476532
Wrong 0.1140366718173027,0.14760689437389374,0.18055611848831177,0.2944015860557556
Correct 0.22390422224998474,0.22071629762649536,0.1024593934416771,0.25553035736083984
Wrong 0.016980700194835663,0.007519055623561144,0.010454694740474224,0.01653861440718174
Correct 0.012826384976506233,0.007071726024150848,0.00551180262118578,0.00979943759739399
Wrong 0.005989321507513523,0.004236150532960892,0.0027692511212080717,0.008489140309393406
Correct 0.01354602538049221,0.004670090042054653,0.0039434111677110195,0.007544825319200754
Wrong 0.014731253497302532,0.007070926949381828,0.007251097820699215,0.011212045326828957
Correct 0.18544277548789978,0.1714954376220703,0.18226760625839233,0.2543005347251892
Wrong 0.007966469042003155,0.003406089497730136,0.002692676382139325,0.005501834210008383
Wrong 0.01412865612655878,0.005743576679378748,0.006197313312441111,0.011161074973642826
Correct 0.1333218663930893,0.14650028944015503,0.2324446588754654,0.26067912578582764
Wrong 0.0076035987585783005,0.004764670971781015,0.0065632411278784275,0.01006405521184206
Wrong 0.15940308570861816,0.17302963137626648,0.17650040984153748,0.23995888233184814
Wrong 0.1454267054796219,0.12463986128568649,0.18553465604782104,0.23340804874897003
Wrong 0.18346092104911804,0.19721619784832,0.21434421837329865,0.2267487794160843
Wrong 0.012952460907399654,0.005486732814460993,0.003339621005579829,0.007125158328562975
Wrong 0.018796663731336594,0.010486187413334846,0.014047909528017044,0.024019895121455193
Correct 0.15986458957195282,0.15892021358013153,0.2459893375635147,0.2438097894191742
Correct 0.13838918507099152,0.11213759332895279,0.21107491850852966,0.26694127917289734
Correct 0.013114931993186474,0.01014015730470419,0.007320219650864601,0.018321502953767776
Wrong 0.010485981591045856,0.007323068100959063,0.005356200039386749,0.013705926947295666
Wrong 0.21561869978904724,0.15989962220191956,0.19008702039718628,0.205581933259964
Wrong 0.2295575886964798,0.1604893058538437,0.12978413701057434,0.2547072768211365
Wrong 0.021713465452194214,0.012397895567119122,0.01259359810501337,0.020919309929013252
Correct 0.024158574640750885,0.014287727884948254,0.01572513021528721,0.022588467225432396
Wrong 0.14287739992141724,0.2100677490234375,0.2240387350320816,0.2703871428966522
Wrong 0.13352084159851074,0.18803738057613373,0.2339393049478531,0.26903852820396423
Wrong 0.020687850192189217,0.008020448498427868,0.006559209432452917,0.011222658678889275
Correct 0.1170143261551857,0.10886025428771973,0.18877118825912476,0.3562341332435608
Wrong 0.09917644411325455,0.1210891529917717,0.21243833005428314,0.2891685664653778
Wrong 0.17160727083683014,0.177496999502182,0.21808825433254242,0.25909778475761414
Wrong 0.1408616602420807,0.17218641936779022,0.2587834596633911,0.2682996392250061
Correct 0.09528236836194992,0.2132682055234909,0.1828652024269104,0.33004534244537354
Correct 0.013150514103472233,0.008370371535420418,0.01069516409188509,0.02643083967268467
Wrong 0.01412872038781643,0.013237381353974342,0.010810515843331814,0.02730342000722885
Wrong 0.12320864200592041,0.12073642760515213,0.26843926310539246,0.27864301204681396
Wrong 0.01749766618013382,0.009440059773623943,0.009029708802700043,0.018139559775590897
Wrong 0.034927256405353546,0.011669987812638283,0.012249596416950226,0.02471158839762211
Correct 0.08296336233615875,0.06340311467647552,0.3453429937362671,0.3102805018424988
Wrong 0.016370167955756187,0.007385701406747103,0.011764762923121452,0.02325955405831337
Wrong 0.1348537653684616,0.19919630885124207,0.21080844104290009,0.23430077731609344
Wrong 0.038467541337013245,0.011829537339508533,0.008810452185571194,0.019153278321027756
Wrong 0.09770490974187851,0.15979456901550293,0.21989966928958893,0.27481651306152344
Wrong 0.028573131188750267,0.011046205647289753,0.008822205476462841,0.020113954320549965
Wrong 0.021419674158096313,0.007160010747611523,0.007891207002103329,0.013178370893001556
Wrong 0.0220548864454031,0.010820502415299416,0.012697441503405571,0.02184627577662468
Correct 0.1637052446603775,0.11692292988300323,0.30283093452453613,0.24661505222320557
Wrong 0.003047037636861205,0.0009246490080840886,0.0007295809336937964,0.0035522955004125834
Wrong 0.12170005589723587,0.13477708399295807,0.1308131366968155,0.1913571059703827
Wrong 0.016685178503394127,0.005800262559205294,0.004539748653769493,0.007265834137797356
Wrong 0.016315650194883347,0.008933430537581444,0.008162347599864006,0.0183020681142807
Wrong 0.015191666781902313,0.008720217272639275,0.007791082840412855,0.018245810642838478
Wrong 0.020787237212061882,0.0094993831589818,0.010323408991098404,0.019811837002635002
Wrong 0.0776330828666687,0.18485179543495178,0.30959364771842957,0.2725551426410675
Wrong 0.11053355038166046,0.2711835205554962,0.15864981710910797,0.2847956418991089
Wrong 0.01540796272456646,0.0056051230058074,0.005032226908951998,0.011548429727554321
Correct 0.010373258963227272,0.0062032053247094154,0.003519790479913354,0.010057883337140083
Wrong 0.017845725640654564,0.010715453885495663,0.01118587888777256,0.025473419576883316
Wrong 0.0162441935390234,0.005073262378573418,0.005209705792367458,0.009332776069641113
Correct 0.03352809697389603,0.011731747537851334,0.010029986500740051,0.02327139861881733
Wrong 0.12313628941774368,0.12639674544334412,0.23086796700954437,0.2331414818763733
Wrong 0.1471012532711029,0.11775290966033936,0.1978624314069748,0.2417619824409485
Wrong 0.004160511307418346,0.00197099382057786,0.004179759416729212,0.00814721081405878
Wrong 0.02956618368625641,0.010940779000520706,0.01269353274255991,0.020858077332377434
Wrong 0.13369180262088776,0.13720278441905975,0.18361562490463257,0.3000495433807373
Wrong 0.16000904142856598,0.1623096913099289,0.1695760190486908,0.3518235683441162
Correct 0.1049199178814888,0.11406342685222626,0.2821110785007477,0.239524707198143
Wrong 0.009044870734214783,0.005509382579475641,0.0076064555905759335,0.0128140514716506
Wrong 0.16246449947357178,0.12533354759216309,0.15411867201328278,0.21037399768829346
Wrong 0.012827214784920216,0.005912771914154291,0.008094347082078457,0.013432984240353107
Wrong 0.012646474875509739,0.006773967761546373,0.007636137772351503,0.01288717519491911
Correct 0.015244261361658573,0.007988354191184044,0.00861393567174673,0.021212762221693993
Wrong 0.012641986832022667,0.00741167739033699,0.006385344080626965,0.014586377888917923
Correct 0.2721470594406128,0.18182608485221863,0.13594485819339752,0.23644202947616577
Wrong 0.14658741652965546,0.28189733624458313,0.133236825466156,0.2682677209377289
Wrong 0.012316836975514889,0.009621530771255493,0.012206868268549442,0.018223030492663383
Correct 0.010421870276331902,0.005299149546772242,0.001745505491271615,0.006791186984628439
Wrong 0.015305429697036743,0.011593411676585674,0.010297163389623165,0.016875214874744415
Correct 0.013111832551658154,0.006648484151810408,0.004725656006485224,0.009423421695828438
Wrong 0.16694247722625732,0.15667606890201569,0.18920797109603882,0.28865447640419006
Correct 0.19127768278121948,0.20803609490394592,0.2225738912820816,0.2127307951450348
Wrong 0.018972689285874367,0.014154267497360706,0.010881072841584682,0.025013811886310577
Correct 0.012906303629279137,0.01196143589913845,0.008974680677056313,0.013684647157788277
Wrong 0.19194598495960236,0.23780974745750427,0.19601589441299438,0.2650344669818878
Wrong 0.011335950344800949,0.007252340670675039,0.006523246876895428,0.014709859155118465
Wrong 0.05372442305088043,0.024400653317570686,0.02447461150586605,0.04798489063978195
Correct 0.014594092965126038,0.0062019419856369495,0.004150264896452427,0.010149533860385418
Correct 0.15370889008045197,0.17818115651607513,0.16363853216171265,0.36999374628067017
Correct 0.011829722672700882,0.0093723488971591,0.008295110426843166,0.01896585151553154
Wrong 0.012237077578902245,0.0076927789486944675,0.005011394619941711,0.015082026831805706
Wrong 0.1062377318739891,0.18233875930309296,0.15092910826206207,0.3833511471748352
Wrong 0.025612004101276398,0.0125935273244977,0.00873873382806778,0.015200681984424591
Wrong 0.012941248714923859,0.008145847357809544,0.009047867730259895,0.014225823804736137
Wrong 0.00766659714281559,0.006222755182534456,0.004096750635653734,0.010366695933043957
Correct 0.005498275626450777,0.003945317585021257,0.003367263125255704,0.008086541667580605
Correct 0.01947321556508541,0.010432026349008083,0.006517562083899975,0.013986747711896896
Wrong 0.029607966542243958,0.01943058893084526,0.024871859699487686,0.03276745229959488
Wrong 0.018149008974432945,0.00457808468490839,0.003738207509741187,0.009207325987517834
Wrong 0.023531006649136543,0.012762701138854027,0.014462520368397236,0.0239140335470438
Wrong 0.16912318766117096,0.19245441257953644,0.3341807723045349,0.22410066425800323
Wrong 0.027022816240787506,0.01454013492912054,0.015311375260353088,0.030150016769766808
Correct 0.02157260663807392,0.013190999627113342,0.016885191202163696,0.023268206045031548
Wrong 0.003951511811465025,0.00256006745621562,0.0024827944580465555,0.006292946171015501
Wrong 0.0672786682844162,0.1476934403181076,0.1799970120191574,0.37298908829689026
Wrong 0.12374012917280197,0.09519853442907333,0.18476220965385437,0.3129834234714508
Correct 0.10191528499126434,0.11251643300056458,0.32215678691864014,0.2452489286661148
Wrong 0.1365129053592682,0.17293477058410645,0.20957493782043457,0.2809814512729645
Wrong 0.017829783260822296,0.009302965365350246,0.007380499970167875,0.01531102042645216
Wrong 0.007163936737924814,0.004216752480715513,0.0035183841828256845,0.009484224021434784
Wrong 0.018244195729494095,0.005220010410994291,0.005106322001665831,0.010746598243713379
Wrong 0.009192803874611855,0.006128163542598486,0.0026854800526052713,0.009689386934041977
Wrong 0.12803635001182556,0.1263619363307953,0.2993848919868469,0.2465481013059616
Wrong 0.009408176876604557,0.005257386714220047,0.0034083120990544558,0.004620719701051712
Correct 0.012792538851499557,0.008306276053190231,0.006593921221792698,0.009338277392089367
Wrong 0.018752453848719597,0.0087636923417449,0.017090454697608948,0.01871982216835022
Correct 0.11646898835897446,0.1689671128988266,0.216234490275383,0.33384808897972107
Wrong 0.024235062301158905,0.009340725839138031,0.007287770975381136,0.014152681455016136
Wrong 0.00929265096783638,0.0035588282626122236,0.0038288941141217947,0.009980591014027596
Wrong 0.013967962004244328,0.005066476762294769,0.004096337128430605,0.008321736939251423
Wrong 0.13523009419441223,0.15045885741710663,0.23707085847854614,0.252580463886261
Correct 0.17152178287506104,0.22421251237392426,0.19497714936733246,0.23708271980285645
Correct 0.012662108056247234,0.005222658161073923,0.003958213143050671,0.009346788749098778
Wrong 0.007539042271673679,0.0036291019059717655,0.0047897594049572945,0.006219450384378433
Wrong 0.013390331529080868,0.006887681782245636,0.006815812084823847,0.011783787980675697
Correct 0.017342519015073776,0.009694577194750309,0.010619418695569038,0.01856141723692417
Wrong 0.018463455140590668,0.0061299800872802734,0.00408734567463398,0.008379313163459301
Correct 0.013291755691170692,0.00767242768779397,0.005516976583749056,0.010296699590981007
Correct 0.015769630670547485,0.00620162021368742,0.006828248966485262,0.013875551521778107
Wrong 0.1456965208053589,0.17891421914100647,0.22453831136226654,0.295640766620636
Wrong 0.01710529997944832,0.004153140354901552,0.003055210690945387,0.005499711260199547
Wrong 0.10217011719942093,0.24845656752586365,0.2068992704153061,0.22576108574867249
Correct 0.19633489847183228,0.24760639667510986,0.09939008206129074,0.26818597316741943
Wrong 0.00990899745374918,0.00590057298541069,0.005952656734734774,0.010222457349300385
Wrong 0.02562655881047249,0.007080621086061001,0.005948909092694521,0.01411743275821209
Wrong 0.020777050405740738,0.008959297090768814,0.007980654947459698,0.017815468832850456
Wrong 0.016184987500309944,0.010668979957699776,0.011859203688800335,0.02367500029504299
Wrong 0.019003408029675484,0.008894759230315685,0.00922608282417059,0.01631818152964115
Correct 0.01818724535405636,0.011968723498284817,0.009563435800373554,0.022689469158649445
Correct 0.007930184714496136,0.006366567686200142,0.008742347359657288,0.013443056493997574
Wrong 0.17725691199302673,0.17557944357395172,0.1902037113904953,0.2717336118221283
Wrong 0.060807205736637115,0.09725593030452728,0.17198467254638672,0.3998631536960602
Wrong 0.11212847381830215,0.13099975883960724,0.20070359110832214,0.2376241683959961
Wrong 0.024891609326004982,0.010510983876883984,0.00943459291011095,0.018268799409270287
Wrong 0.012072719633579254,0.005242928396910429,0.006780262105166912,0.012047643773257732
Wrong 0.02312236651778221,0.012406373396515846,0.012564615346491337,0.02534611150622368
Correct 0.3121892213821411,0.17634034156799316,0.0962078794836998,0.2467082142829895
Wrong 0.02797798439860344,0.010752459056675434,0.006843632087111473,0.017965437844395638
Correct 0.13187871873378754,0.16229182481765747,0.20132841169834137,0.29087767004966736
Wrong 0.03041010908782482,0.015754511579871178,0.013241644017398357,0.04705209285020828
Wrong 0.15507736802101135,0.19851727783679962,0.36101171374320984,0.14238713681697845
Wrong 0.12589490413665771,0.12094643712043762,0.19100314378738403,0.3361952006816864
Wrong 0.018070103600621223,0.00626298738643527,0.009922323748469353,0.01674814149737358
Wrong 0.0886797308921814,0.21903549134731293,0.3418249487876892,0.23606707155704498
Wrong 0.11790931969881058,0.1619163304567337,0.20667093992233276,0.3252016603946686
Wrong 0.02340291067957878,0.015126107260584831,0.012492007575929165,0.024673890322446823
Correct 0.015567504800856113,0.006264259107410908,0.009348482824862003,0.013714403845369816
Wrong 0.03226333484053612,0.021697942167520523,0.030732247978448868,0.03497830778360367
Wrong 0.015158220194280148,0.005845429841428995,0.004734341986477375,0.009988078847527504
Wrong 0.036236055195331573,0.022189119830727577,0.021599087864160538,0.026729533448815346
Wrong 0.11781971156597137,0.11635786294937134,0.244874969124794,0.28218188881874084
Wrong 0.00822270754724741,0.004659755155444145,0.004119986202567816,0.00896663498133421
Wrong 0.008627326227724552,0.005456569138914347,0.004869586322456598,0.0081051429733634
Correct 0.01582247018814087,0.009734554216265678,0.011643377132713795,0.016938401386141777
Wrong 0.14849206805229187,0.11562739312648773,0.2414279282093048,0.2591436207294464
Correct 0.02579065039753914,0.01545374933630228,0.013954829424619675,0.031904082745313644
Correct 0.08821981400251389,0.11595088988542557,0.20572787523269653,0.3864430785179138
Wrong 0.02776501700282097,0.007597712334245443,0.005965671967715025,0.013481690548360348
Wrong 0.008086180314421654,0.004693947732448578,0.006903104484081268,0.01302282977849245
Wrong 0.07953868061304092,0.09083021432161331,0.11632281541824341,0.5224034190177917
Wrong 0.03460337221622467,0.011419562622904778,0.011612133122980595,0.020398739725351334
Wrong 0.07679149508476257,0.15810927748680115,0.21577346324920654,0.3260430693626404
Wrong 0.009681581519544125,0.0047053382731974125,0.005561778321862221,0.011336409486830235
Wrong 0.012772183865308762,0.00392347015440464,0.0036249172408133745,0.012227985076606274
Correct 0.027529790997505188,0.012446853332221508,0.010499403811991215,0.023591725155711174
Wrong 0.11054365336894989,0.11452752351760864,0.15382705628871918,0.43779659271240234
Wrong 0.0107827577739954,0.003542160615324974,0.005528570618480444,0.011912153102457523
Wrong 0.024482233449816704,0.00957384705543518,0.009195948019623756,0.015059799887239933
Wrong 0.03894912451505661,0.018939951434731483,0.017159132286906242,0.024029269814491272
Wrong 0.028926720842719078,0.011637534946203232,0.021182235330343246,0.022582223638892174
Wrong 0.015658849850296974,0.010793798603117466,0.0071213021874427795,0.022723857313394547
Correct 0.01728777587413788,0.00889630988240242,0.0064639444462955,0.012299112044274807
Correct 0.18009594082832336,0.16684842109680176,0.20489440858364105,0.2666633129119873
Correct 0.009073661640286446,0.005060967989265919,0.006387399975210428,0.012893336825072765
Wrong 0.14895273745059967,0.20953269302845,0.22677333652973175,0.18941044807434082
Correct 0.008649194613099098,0.00705662090331316,0.005484406836330891,0.010928486473858356
Wrong 0.028655987232923508,0.015099700540304184,0.012856215238571167,0.025098146870732307
Correct 0.16165053844451904,0.16307593882083893,0.23718474805355072,0.19821171462535858
Correct 0.01873513124883175,0.010866976343095303,0.010302303358912468,0.017243973910808563
Wrong 0.10336777567863464,0.14407941699028015,0.1348554491996765,0.3260030150413513
Wrong 0.009023211896419525,0.004463838413357735,0.00601611565798521,0.011580189689993858
Correct 0.004474535584449768,0.0013795590493828058,0.0017008462455123663,0.005247549619525671
Correct 0.0084264250472188,0.0030820530373603106,0.0024360143579542637,0.005764375906437635
Correct 0.015818288549780846,0.007400401867926121,0.004279646091163158,0.008421847596764565
Wrong 0.02686353772878647,0.007435652427375317,0.0055355471558868885,0.009549965150654316
Correct 0.026909159496426582,0.013802013359963894,0.010451587848365307,0.017180420458316803
Correct 0.021038321778178215,0.011012747883796692,0.010322120040655136,0.015133674256503582
Wrong 0.018970446661114693,0.0061309016309678555,0.005758288316428661,0.01060288306325674
Wrong 0.162493497133255,0.16766035556793213,0.22594386339187622,0.2743932604789734
Correct 0.024008801206946373,0.010316217318177223,0.010959078557789326,0.01650944910943508
Wrong 0.019809920340776443,0.006223696283996105,0.008109183050692081,0.015119518153369427
Wrong 0.14028054475784302,0.12959550321102142,0.21454107761383057,0.18136802315711975
Correct 0.01534966565668583,0.007811462040990591,0.005770562216639519,0.014224514365196228
Wrong 0.11132468283176422,0.15368136763572693,0.18448971211910248,0.30221182107925415
Wrong 0.009129930287599564,0.0023167680483311415,0.0018881469732150435,0.0023362934589385986
Wrong 0.010092774406075478,0.003970504272729158,0.003361050272360444,0.007758151739835739
Wrong 0.007674243301153183,0.0038468684069812298,0.0037617464549839497,0.009258437901735306
Wrong 0.009412791579961777,0.007688596844673157,0.011950808577239513,0.01795150153338909
Correct 0.01216357946395874,0.005365072283893824,0.00490207364782691,0.014853940345346928
Wrong 0.018023541197180748,0.006769606377929449,0.004627276677638292,0.009802362881600857
Wrong 0.0234878771007061,0.011524897068738937,0.012685162015259266,0.019317466765642166
Correct 0.13730773329734802,0.17242690920829773,0.20254944264888763,0.3213191032409668
Wrong 0.0357406884431839,0.018288161605596542,0.013192427344620228,0.02042042836546898
Wrong 0.147481307387352,0.17164283990859985,0.1106472909450531,0.2995700240135193
Correct 0.17186550796031952,0.24156519770622253,0.23524631559848785,0.1921752244234085
Correct 0.006420186720788479,0.00529117789119482,0.011575581505894661,0.011334358714520931
Wrong 0.0059807877987623215,0.0033025252632796764,0.004691498354077339,0.008657469414174557
Wrong 0.018467765301465988,0.012814683839678764,0.01551723387092352,0.020653827115893364
Wrong 0.01533331349492073,0.008016587235033512,0.010932554490864277,0.01670006662607193
Correct 0.012352784164249897,0.007618248462677002,0.009916195645928383,0.015987150371074677
Wrong 0.027774058282375336,0.011802459135651588,0.011229858733713627,0.03280116245150566
Wrong 0.011032018810510635,0.008646742440760136,0.008525097742676735,0.017714520916342735
Wrong 0.031878404319286346,0.018390122801065445,0.01896209456026554,0.028508175164461136
Wrong 0.01566719077527523,0.006772813852876425,0.0063295201398432255,0.014015606604516506
Correct 0.015235531143844128,0.005955344066023827,0.011248666793107986,0.01544877141714096
Wrong 0.018888482823967934,0.011903833597898483,0.009853189811110497,0.01807914301753044
Wrong 0.009267960675060749,0.004620248451828957,0.005338361952453852,0.01276795007288456
Wrong 0.014820612035691738,0.003042947966605425,0.0052674273028969765,0.007133525796234608
Wrong 0.00807039812207222,0.005171416327357292,0.006064488086849451,0.014408832415938377
Wrong 0.014731602743268013,0.009939164854586124,0.012573384679853916,0.018622741103172302
Wrong 0.004128867760300636,0.0018968669464811683,0.0020777385216206312,0.005339215975254774
Wrong 0.16892899572849274,0.11697667092084885,0.24349947273731232,0.2519097924232483
Wrong 0.01762055605649948,0.00955312792211771,0.008759411051869392,0.015542937442660332
Wrong 0.018077850341796875,0.00972760934382677,0.008836912922561169,0.01797303929924965
Correct 0.05870713293552399,0.10399553179740906,0.40277278423309326,0.2361920326948166
Wrong 0.07773415744304657,0.14502471685409546,0.34254494309425354,0.28814437985420227
Correct 0.12609687447547913,0.11615950614213943,0.1732860952615738,0.3456742763519287
Wrong 0.1538042575120926,0.1160266324877739,0.26548153162002563,0.2576514482498169
Wrong 0.010693985037505627,0.006194934248924255,0.006894262041896582,0.012981321662664413
Wrong 0.02044120989739895,0.013971530832350254,0.0074057974852621555,0.021676862612366676
Wrong 0.021495025604963303,0.011356941424310207,0.013518253341317177,0.017552727833390236
Correct 0.017676224932074547,0.009407714009284973,0.01483072154223919,0.02776971645653248
Wrong 0.012055558152496815,0.004991009831428528,0.005858577787876129,0.012766740284860134
Wrong 0.011674640700221062,0.005641836207360029,0.005859998520463705,0.013422967866063118
Wrong 0.018719399347901344,0.010755578055977821,0.0186875332146883,0.024394502863287926
Wrong 0.013305414468050003,0.004170885309576988,0.004494111984968185,0.007910779677331448
Wrong 0.023707276210188866,0.01300556119531393,0.017784839496016502,0.021593689918518066
Wrong 0.012033982202410698,0.009097316302359104,0.009221667423844337,0.016406754031777382
Wrong 0.21125410497188568,0.21345452964305878,0.1746629774570465,0.2066468745470047
Wrong 0.12785008549690247,0.16707903146743774,0.26298338174819946,0.22726713120937347
Correct 0.020241564139723778,0.01064007543027401,0.01330968551337719,0.021164439618587494
Wrong 0.019526418298482895,0.021129408851265907,0.011297672055661678,0.03174138814210892
Wrong 0.015382155776023865,0.00301519688218832,0.0025327864568680525,0.00608640955761075
Wrong 0.12389543652534485,0.15873081982135773,0.17853021621704102,0.2683694362640381
Wrong 0.00503635685890913,0.0012732715113088489,0.0015062378952279687,0.001997428946197033
Wrong 0.020268037915229797,0.017966054379940033,0.02049621194601059,0.03376384451985359
Wrong 0.09760476648807526,0.1352960616350174,0.21036477386951447,0.27020663022994995
Wrong 0.10810737311840057,0.13697102665901184,0.22770380973815918,0.2726237177848816
Correct 0.1280590295791626,0.18918700516223907,0.27794384956359863,0.20256365835666656
Wrong 0.021880999207496643,0.011773846112191677,0.007112606894224882,0.022429967299103737
Wrong 0.009479646570980549,0.006625796668231487,0.005354559049010277,0.009728440083563328
Wrong 0.010415618307888508,0.007328099571168423,0.006596467923372984,0.017109200358390808
Correct 0.015234159305691719,0.00875198096036911,0.008605457842350006,0.019365502521395683
Wrong 0.025624778121709824,0.010011186823248863,0.009951040148735046,0.021640071645379066
Correct 0.016880447044968605,0.00978853553533554,0.007175851613283157,0.014920770190656185
Wrong 0.024969635531306267,0.010393892414867878,0.009573424234986305,0.01572306454181671
Wrong 0.08013200759887695,0.2105313390493393,0.14444419741630554,0.30347391963005066
Wrong 0.015130351297557354,0.01036902330815792,0.011357602663338184,0.014316274784505367
Wrong 0.018239323049783707,0.007428449112921953,0.00811817403882742,0.01176739763468504
Wrong 0.08791893720626831,0.16022610664367676,0.3090289831161499,0.2875877618789673
Wrong 0.022831032052636147,0.011591825634241104,0.011977159418165684,0.023080330342054367
Wrong 0.07732285559177399,0.06562463939189911,0.34862399101257324,0.3024699091911316
Wrong 0.010904609225690365,0.007513054180890322,0.007279749494045973,0.012565742246806622
Correct 0.017459018155932426,0.006027631927281618,0.007730579003691673,0.013411454856395721
