grade confidence_levels
Correct 15.481255531311035,14.395383834838867,12.756025314331055,13.888106346130371
Correct 15.597294807434082,15.848830223083496,14.466231346130371,14.722158432006836
Wrong 5.939447402954102,5.0507588386535645,4.5039801597595215,3.9548840522766113
Correct 15.613615989685059,14.19331169128418,13.780984878540039,12.85645580291748
Wrong 14.80695915222168,12.720995903015137,13.222464561462402,12.403671264648438
Wrong 15.605364799499512,15.083361625671387,14.201019287109375,14.80766773223877
Correct 15.57186222076416,13.572430610656738,12.12097454071045,13.300433158874512
Wrong 15.056201934814453,13.903241157531738,12.48228645324707,12.309983253479004
Correct 14.713432312011719,12.82293701171875,13.232176780700684,13.01404857635498
Wrong 7.200389862060547,5.876012325286865,5.542021751403809,5.557176113128662
Wrong 14.714482307434082,13.420746803283691,12.359198570251465,14.008094787597656
Wrong 14.181138038635254,12.838394165039062,12.713934898376465,13.572656631469727
Wrong 14.852193832397461,13.407238960266113,13.892987251281738,13.525314331054688
Wrong 15.855079650878906,15.03685188293457,15.119596481323242,14.947256088256836
Correct 15.152483940124512,14.258221626281738,13.923301696777344,14.524721145629883
Wrong 14.90006160736084,14.259865760803223,12.5581636428833,14.222892761230469
Correct 15.285799026489258,14.39776611328125,14.047478675842285,14.483765602111816
Wrong 15.02751636505127,14.068418502807617,13.383350372314453,14.1422700881958
Wrong 14.814163208007812,14.010120391845703,13.769516944885254,14.160870552062988
Wrong 15.243473052978516,13.509191513061523,12.338666915893555,13.292418479919434
Wrong 14.176115989685059,13.691083908081055,11.97659683227539,11.813643455505371
Wrong 15.22866439819336,14.00854778289795,12.895281791687012,12.632146835327148
Wrong 14.761922836303711,13.653629302978516,12.851326942443848,13.328166007995605
Wrong 14.641423225402832,13.164984703063965,13.50956916809082,13.009786605834961
Correct 15.228137016296387,13.158178329467773,12.066407203674316,12.863469123840332
Wrong 15.782694816589355,14.230672836303711,13.136541366577148,12.963946342468262
Wrong 14.720149993896484,13.28271198272705,13.581697463989258,14.089400291442871
Correct 15.146646499633789,14.182958602905273,13.750913619995117,13.873760223388672
Wrong 15.439340591430664,13.30665397644043,11.667805671691895,13.159464836120605
Wrong 14.860721588134766,14.06427001953125,11.730439186096191,14.284794807434082
Wrong 15.408649444580078,14.341644287109375,13.828927040100098,14.203407287597656
Correct 15.534478187561035,14.5960111618042,14.27978801727295,14.538982391357422
Correct 14.790276527404785,13.975293159484863,13.324604034423828,14.163743019104004
Correct 15.42588996887207,13.612616539001465,14.516980171203613,14.813643455505371
Correct 14.750629425048828,12.836588859558105,11.99329948425293,12.219929695129395
Wrong 14.895698547363281,14.576337814331055,13.184879302978516,13.763519287109375
Correct 14.844976425170898,13.907849311828613,13.143967628479004,14.15958023071289
Wrong 15.11229133605957,13.7819185256958,13.098823547363281,13.513787269592285
Wrong 15.186508178710938,14.321792602539062,13.917646408081055,14.561713218688965
Wrong 15.16905689239502,13.888896942138672,12.767191886901855,13.474641799926758
Correct 15.70522689819336,14.933271408081055,14.402812004089355,14.715486526489258
Correct 14.758898735046387,13.118672370910645,11.690093994140625,12.080068588256836
Wrong 15.518473625183105,14.3287935256958,13.646283149719238,13.346647262573242
Wrong 14.454951286315918,13.087998390197754,12.316790580749512,12.456853866577148
Wrong 15.909658432006836,14.628387451171875,14.96280574798584,15.001214027404785
Wrong 14.799468994140625,14.271024703979492,14.1500825881958,13.010626792907715
Wrong 15.423818588256836,13.588656425476074,12.482847213745117,13.817692756652832
Wrong 14.477709770202637,13.095189094543457,12.588775634765625,12.869937896728516
Correct 15.364608764648438,14.42695140838623,13.041006088256836,14.30783748626709
Correct 14.36999225616455,12.928409576416016,13.443291664123535,15.491466522216797
Wrong 15.360610961914062,13.735700607299805,12.291557312011719,12.65916633605957
Wrong 14.807427406311035,13.541955947875977,12.482921600341797,14.02183723449707
Correct 14.939584732055664,13.658937454223633,13.224724769592285,13.982047080993652
Wrong 14.79834270477295,13.18930435180664,11.792484283447266,12.565921783447266
Wrong 14.973228454589844,13.858105659484863,13.353506088256836,12.594409942626953
Wrong 15.213105201721191,14.040067672729492,13.097908973693848,14.426831245422363
Wrong 14.946887016296387,13.84200668334961,13.018343925476074,12.979619026184082
Correct 15.837749481201172,13.377553939819336,13.12149429321289,13.24649429321289
Wrong 15.620491981506348,14.145716667175293,13.571526527404785,14.001943588256836
Wrong 15.082047462463379,15.009783744812012,14.033042907714844,15.133221626281738
Wrong 15.067193031311035,14.210036277770996,13.210216522216797,13.801966667175293
Wrong 14.94939136505127,13.623760223388672,13.417646408081055,13.14697551727295
Wrong 15.088699340820312,14.200504302978516,13.216958999633789,13.420421600341797
Wrong 14.126562118530273,12.97828483581543,12.128190040588379,13.315250396728516
Wrong 15.222957611083984,13.352222442626953,12.612189292907715,13.33811092376709
Wrong 14.60772705078125,14.094922065734863,12.766427040100098,13.633955955505371
Correct 15.048331260681152,13.720755577087402,11.894800186157227,13.112770080566406
Wrong 14.68879508972168,13.73613166809082,12.745902061462402,14.744802474975586
Wrong 16.360563278198242,15.406469345092773,14.278316497802734,15.300766944885254
Wrong 15.52570915222168,13.784317970275879,12.364945411682129,13.099170684814453
Wrong 15.3778715133667,14.56103801727295,13.458961486816406,14.794462203979492
Wrong 14.567456245422363,13.611760139465332,12.541044235229492,12.238666534423828
Correct 15.627399444580078,14.862272262573242,13.91160774230957,14.68376636505127
Wrong 14.602737426757812,13.283068656921387,11.924848556518555,13.330591201782227
Wrong 14.874390602111816,13.482195854187012,12.777751922607422,12.61572551727295
Correct 15.002118110656738,13.526177406311035,13.490349769592285,14.55186939239502
Correct 15.417315483093262,15.465158462524414,14.060434341430664,14.60772705078125
Wrong 15.431376457214355,13.537810325622559,13.144532203674316,13.08597183227539
Correct 14.540205955505371,14.42365837097168,12.674779891967773,13.354281425476074
Wrong 14.579724311828613,13.478816986083984,13.223609924316406,14.465558052062988
Correct 15.21995735168457,13.32183837890625,13.135904312133789,13.776590347290039
Correct 15.240396499633789,14.193584442138672,13.080650329589844,13.16795825958252
Wrong 14.595194816589355,13.189149856567383,13.191058158874512,13.48786449432373
Wrong 14.415332794189453,13.571735382080078,12.06497573852539,11.939642906188965
Wrong 15.363485336303711,14.796683311462402,13.713587760925293,14.370595932006836
Correct 16.06680679321289,14.745665550231934,14.366059303283691,14.569072723388672
Wrong 15.125863075256348,14.970324516296387,13.10447883605957,14.548849105834961
Correct 14.894060134887695,14.38530158996582,13.787759780883789,15.005658149719238
Correct 15.244372367858887,13.284490585327148,13.342497825622559,13.716130256652832
Wrong 14.524805068969727,13.26704216003418,12.464054107666016,12.432978630065918
Wrong 15.302849769592285,14.595423698425293,13.880395889282227,15.178447723388672
Wrong 14.964454650878906,12.875219345092773,11.922316551208496,12.372686386108398
Wrong 15.197846412658691,13.485801696777344,12.896909713745117,12.415855407714844
Wrong 14.493192672729492,13.454445838928223,12.2372465133667,12.494568824768066
Wrong 14.800827980041504,14.545304298400879,13.932584762573242,14.116868019104004
Wrong 15.182865142822266,13.339216232299805,12.82583999633789,12.889171600341797
Wrong 15.579569816589355,13.033318519592285,13.018463134765625,13.988031387329102
Correct 15.457928657531738,14.574297904968262,13.72123908996582,14.050196647644043
Wrong 14.110685348510742,13.486151695251465,12.8941011428833,12.979595184326172
Wrong 15.785022735595703,14.699604034423828,14.259756088256836,14.35523509979248
Wrong 15.126574516296387,13.471216201782227,12.323695182800293,12.62170124053955
Wrong 14.695225715637207,12.860502243041992,12.164596557617188,12.479628562927246
Wrong 15.526845932006836,15.015782356262207,13.99710464477539,13.773656845092773
Wrong 14.853647232055664,13.674551963806152,12.723706245422363,13.067962646484375
Wrong 15.613783836364746,15.317736625671387,14.856356620788574,14.876214027404785
Wrong 15.168403625488281,14.891913414001465,13.8875093460083,13.839972496032715
Wrong 6.902811050415039,5.364084243774414,5.05000638961792,5.218156337738037
Wrong 14.165983200073242,14.049636840820312,11.692322731018066,12.566361427307129
Wrong 15.389073371887207,14.648104667663574,13.13514232635498,13.52658748626709
Correct 15.526031494140625,13.568859100341797,12.987223625183105,13.078344345092773
Wrong 14.879341125488281,14.237272262573242,12.623620986938477,13.96280574798584
Correct 14.814149856567383,12.895698547363281,12.825567245483398,13.184662818908691
Wrong 14.524239540100098,13.256739616394043,12.317793846130371,12.86674976348877
Wrong 15.12848949432373,13.282422065734863,13.368124961853027,13.361626625061035
Wrong 14.32942008972168,12.80638313293457,11.963764190673828,12.260552406311035
Correct 14.409306526184082,14.09673023223877,13.476297378540039,14.771327018737793
Wrong 14.907740592956543,13.25172233581543,12.761673927307129,13.90987777709961
Wrong 15.409767150878906,14.345184326171875,15.011396408081055,14.492847442626953
Wrong 14.64973258972168,13.07954216003418,12.026187896728516,12.82322883605957
Wrong 14.438376426696777,13.649454116821289,12.533334732055664,13.462784767150879
Correct 16.09622573852539,15.633726119995117,13.860589027404785,14.48511028289795
Correct 15.158706665039062,13.99771499633789,13.08175277709961,13.428486824035645
Wrong 15.044898986816406,14.340473175048828,14.146758079528809,14.60112476348877
Wrong 15.275622367858887,14.116195678710938,13.770318031311035,13.23946762084961
Wrong 16.063966751098633,13.64242935180664,12.76993179321289,14.01963996887207
Wrong 14.618534088134766,12.626811981201172,11.799991607666016,12.510809898376465
Correct 16.407617568969727,14.476971626281738,13.53404426574707,15.105608940124512
Wrong 14.69643783569336,14.048474311828613,12.580985069274902,13.120389938354492
Wrong 15.137020111083984,14.0984468460083,13.640185356140137,13.908501625061035
Wrong 15.199520111083984,14.455370903015137,13.39279842376709,14.36967658996582
Wrong 15.211870193481445,14.040624618530273,12.698052406311035,13.541802406311035
Wrong 14.665441513061523,13.783141136169434,13.418286323547363,13.706986427307129
Wrong 14.999503135681152,15.172411918640137,13.480058670043945,13.791314125061035
Wrong 14.845952033996582,13.471206665039062,13.771553993225098,14.786323547363281
Wrong 15.419095993041992,14.447376251220703,13.317898750305176,14.313802719116211
Correct 15.131611824035645,14.667508125305176,13.660470962524414,14.282422065734863
Wrong 14.923538208007812,13.92397689819336,13.356366157531738,13.81633186340332
Correct 15.36849308013916,13.00954818725586,13.222171783447266,13.738059997558594
Wrong 15.17853832244873,14.390055656433105,13.936148643493652,14.06028938293457
Wrong 15.938591003417969,13.80020523071289,13.081110000610352,13.410624504089355
Correct 15.000969886779785,13.837279319763184,13.455379486083984,13.346468925476074
Wrong 14.72785758972168,13.916247367858887,13.605277061462402,13.909850120544434
Correct 15.316642761230469,14.185746192932129,12.980783462524414,14.195594787597656
Correct 14.33478832244873,13.744023323059082,12.024408340454102,12.551283836364746
Wrong 15.17280101776123,13.821723937988281,13.401297569274902,14.010327339172363
Wrong 16.454513549804688,15.17184829711914,13.753572463989258,14.660523414611816
Wrong 14.431060791015625,13.908061981201172,11.88544750213623,12.612020492553711
Wrong 15.364408493041992,14.021186828613281,13.8562593460083,13.99932861328125
Wrong 15.284502983093262,13.726007461547852,14.15076732635498,13.748429298400879
Wrong 15.949756622314453,15.150575637817383,14.592510223388672,14.525822639465332
Wrong 14.665518760681152,13.165674209594727,11.72276496887207,14.253517150878906
Wrong 15.526031494140625,15.060606002807617,13.80353832244873,15.06004524230957
Wrong 15.637616157531738,14.896516799926758,13.03423023223877,14.18186092376709
Wrong 15.058402061462402,14.321615219116211,13.659746170043945,14.463189125061035
Correct 15.57914924621582,13.126331329345703,12.432281494140625,13.744169235229492
Correct 15.44157886505127,14.12991714477539,13.219159126281738,14.390970230102539
Wrong 14.666298866271973,13.475518226623535,12.866690635681152,12.740616798400879
Wrong 14.709999084472656,14.23624324798584,13.743621826171875,14.499799728393555
Correct 14.915860176086426,15.322105407714844,13.958198547363281,14.66857624053955
Wrong 15.005836486816406,13.773426055908203,13.482587814331055,14.724775314331055
Wrong 15.100518226623535,14.270705223083496,13.313286781311035,14.376172065734863
Wrong 14.75117015838623,13.720803260803223,12.65222454071045,12.963656425476074
Wrong 14.064038276672363,13.48614501953125,12.034699440002441,12.862653732299805
Correct 15.286402702331543,14.44210147857666,14.22189998626709,14.450504302978516
Wrong 14.431055068969727,13.408041000366211,12.964468002319336,14.276716232299805
Wrong 14.907596588134766,12.680839538574219,11.572240829467773,12.033278465270996
Wrong 15.852837562561035,14.641427040100098,14.879729270935059,14.535523414611816
Correct 15.84527587890625,15.087151527404785,13.738716125488281,14.11388874053955
Wrong 14.611215591430664,13.095634460449219,11.41031265258789,13.081927299499512
Correct 15.024341583251953,12.876367568969727,11.916500091552734,13.26772689819336
Wrong 14.822271347045898,12.986869812011719,12.39501667022705,12.707077980041504
Correct 14.801424026489258,13.672677040100098,12.568615913391113,12.897262573242188
Wrong 15.16814136505127,14.313159942626953,14.07218074798584,14.49436092376709
Correct 16.01732635498047,13.963552474975586,12.488251686096191,13.864141464233398
Wrong 14.447381019592285,13.260138511657715,12.535834312438965,13.254975318908691
Wrong 14.532187461853027,13.908645629882812,14.349311828613281,13.7510986328125
Correct 14.852985382080078,13.329781532287598,12.784341812133789,12.870636940002441
Wrong 14.712348937988281,13.259462356567383,13.29239273071289,13.64412784576416
Wrong 14.721112251281738,13.729270935058594,12.341337203979492,13.73155689239502
Correct 15.62126636505127,15.049970626831055,13.400381088256836,14.94837760925293
Wrong 14.794504165649414,13.883726119995117,13.163070678710938,13.948896408081055
Correct 15.581133842468262,14.516098022460938,13.79522705078125,14.289471626281738
Wrong 15.191072463989258,13.916794776916504,13.007091522216797,12.810083389282227
Wrong 14.802803993225098,14.015788078308105,13.298230171203613,14.43363094329834
Wrong 15.362757682800293,14.378095626831055,13.712151527404785,14.334146499633789
Wrong 15.705344200134277,15.258350372314453,14.145103454589844,14.911091804504395
Wrong 14.571702003479004,13.322455406188965,11.93248176574707,12.315250396728516
Wrong 14.197638511657715,12.574189186096191,11.554844856262207,10.835850715637207
Wrong 14.611038208007812,13.17408561706543,13.254158973693848,13.04357624053955
Correct 14.510346412658691,13.411996841430664,13.65489673614502,15.350953102111816
Wrong 14.848516464233398,13.649725914001465,13.10550594329834,13.431388854980469
Wrong 15.256309509277344,14.434223175048828,15.155121803283691,13.922284126281738
Correct 15.73064136505127,14.394610404968262,14.083831787109375,14.511574745178223
Wrong 15.302190780639648,14.372586250305176,14.074347496032715,13.407816886901855
Wrong 14.383623123168945,13.071763038635254,13.713471412658691,12.869272232055664
Correct 15.384245872497559,12.720240592956543,11.596978187561035,12.995291709899902
Wrong 15.095129013061523,13.119028091430664,12.573416709899902,12.39411449432373
Wrong 15.254956245422363,14.554487228393555,13.962656021118164,15.056480407714844
Wrong 15.045936584472656,13.255188941955566,11.93458080291748,12.531049728393555
Correct 14.853053092956543,13.494086265563965,13.862919807434082,13.175475120544434
Correct 15.123069763183594,14.544920921325684,13.732695579528809,14.371788024902344
Wrong 14.932125091552734,12.971610069274902,12.522472381591797,13.36544418334961
Wrong 15.128462791442871,14.187180519104004,14.55478286743164,14.568336486816406
Correct 14.971187591552734,15.635544776916504,13.193158149719238,13.769609451293945
Wrong 15.79053020477295,14.610177040100098,14.035172462463379,13.620478630065918
Wrong 14.634268760681152,13.36090087890625,12.83963680267334,13.604841232299805
Correct 15.487653732299805,13.705370903015137,12.702656745910645,12.233588218688965
Wrong 14.830581665039062,13.29527473449707,13.284712791442871,12.914407730102539
Correct 15.551353454589844,14.8604736328125,13.970468521118164,14.01795482635498
Wrong 15.268158912658691,13.679540634155273,13.418506622314453,14.693336486816406
Correct 15.285022735595703,14.297788619995117,14.026334762573242,13.62210464477539
Correct 15.49482250213623,14.119283676147461,12.903297424316406,14.381260871887207
Wrong 14.852837562561035,13.775249481201172,12.612235069274902,13.229501724243164
Wrong 14.82943058013916,13.322233200073242,12.096522331237793,12.463461875915527
Wrong 15.511220932006836,14.119433403015137,13.479294776916504,14.169458389282227
Wrong 14.644169807434082,13.618542671203613,12.811614990234375,12.72962760925293
Wrong 14.59585189819336,12.799102783203125,12.46456527709961,11.793773651123047
Wrong 15.337203025817871,13.933489799499512,13.432406425476074,13.011689186096191
Wrong 14.916616439819336,13.398656845092773,12.622442245483398,12.928258895874023
Wrong 14.766276359558105,13.680540084838867,13.83746337890625,13.243743896484375
Wrong 14.764322280883789,14.387348175048828,12.775546073913574,14.49932861328125
Wrong 14.540079116821289,13.688933372497559,11.729116439819336,12.877020835876465
Correct 15.337851524353027,15.351847648620605,14.609532356262207,13.654095649719238
Wrong 15.406784057617188,14.141340255737305,13.001250267028809,14.423027038574219
Wrong 15.216253280639648,14.119251251220703,13.585857391357422,13.953534126281738
Correct 14.861172676086426,13.963113784790039,11.729866981506348,12.971878051757812
Wrong 14.689175605773926,13.650665283203125,12.675722122192383,12.48770523071289
Correct 14.641401290893555,13.844844818115234,12.166090965270996,12.501943588256836
Wrong 14.376399993896484,13.665630340576172,11.785425186157227,14.15176773071289
Wrong 14.635892868041992,13.73434829711914,12.897185325622559,12.360623359680176
Correct 14.736756324768066,13.041646957397461,12.373303413391113,13.568202018737793
Wrong 15.213922500610352,15.033775329589844,14.284571647644043,13.741521835327148
Correct 15.259818077087402,13.41116714477539,13.683671951293945,13.029073715209961
Wrong 15.013254165649414,14.11905574798584,13.45166301727295,13.619853973388672
Wrong 14.64247989654541,13.68195915222168,12.473211288452148,13.832891464233398
Wrong 15.055804252624512,13.94700813293457,14.104841232299805,13.760628700256348
Wrong 14.651982307434082,14.511054039001465,13.23752498626709,13.535012245178223
Wrong 15.175531387329102,13.51280403137207,13.320850372314453,14.557584762573242
Wrong 14.532629013061523,13.18891716003418,11.70591926574707,13.206169128417969
Wrong 15.52061939239502,14.561600685119629,14.315996170043945,14.75367259979248
Wrong 15.20315933227539,13.675811767578125,13.755891799926758,14.250722885131836
Correct 15.612527847290039,14.711979866027832,14.625282287597656,13.727166175842285
Correct 15.055680274963379,14.04842472076416,12.362268447875977,13.573052406311035
Wrong 15.471927642822266,15.012571334838867,14.554600715637207,13.946114540100098
Wrong 15.135102272033691,13.662041664123535,12.872010231018066,13.357309341430664
Wrong 15.161362648010254,14.214208602905273,14.20561408996582,14.39360523223877
Wrong 15.169175148010254,13.703911781311035,13.8444185256958,14.2116060256958
Wrong 15.612730979919434,15.005091667175293,14.711156845092773,15.00621223449707
Wrong 15.438785552978516,14.00943660736084,12.51895523071289,13.80760383605957
Wrong 15.423365592956543,13.90628433227539,13.379693031311035,13.30308723449707
Wrong 14.743081092834473,13.555672645568848,12.423722267150879,12.884521484375
Correct 15.612947463989258,13.073898315429688,12.96884536743164,13.40141773223877
Wrong 15.988059997558594,15.142059326171875,14.73936653137207,14.891908645629883
Wrong 14.566707611083984,13.971275329589844,13.83667278289795,13.56436824798584
Wrong 14.982872009277344,14.006773948669434,13.893866539001465,13.295459747314453
Correct 15.125985145568848,13.884000778198242,12.59606647491455,12.751928329467773
Wrong 14.420372009277344,13.76164722442627,13.36426830291748,13.941083908081055
Correct 6.509792327880859,6.543883323669434,5.2739057540893555,4.516594409942627
Wrong 14.805707931518555,13.54834270477295,13.35436725616455,13.440145492553711
Wrong 14.759169578552246,14.142509460449219,13.426198959350586,14.308343887329102
Wrong 14.219870567321777,13.32183837890625,11.158270835876465,11.681299209594727
Wrong 16.01710319519043,15.391839027404785,14.608072280883789,15.05179214477539
Wrong 14.839372634887695,13.603134155273438,13.491634368896484,15.14847183227539
Wrong 15.659330368041992,14.069072723388672,13.056480407714844,13.587957382202148
Wrong 15.084434509277344,14.724608421325684,13.92686653137207,14.693525314331055
Wrong 14.78250503540039,13.423280715942383,12.471598625183105,13.424955368041992
Wrong 15.301948547363281,14.909058570861816,14.112189292907715,14.790276527404785
Correct 14.86778736114502,13.407005310058594,12.51736068725586,13.798027038574219
Wrong 15.736908912658691,14.16085147857666,13.453282356262207,13.976971626281738
Correct 15.3213529586792,13.673297882080078,13.183070182800293,13.455886840820312
Wrong 14.908178329467773,13.299129486083984,12.084007263183594,13.949790954589844
Wrong 14.745149612426758,14.211874961853027,12.880882263183594,12.616863250732422
Correct 14.792525291442871,13.093603134155273,12.74839973449707,12.447408676147461
Wrong 15.074358940124512,14.54295825958252,13.407393455505371,14.092734336853027
Correct 15.438285827636719,13.188712120056152,11.736919403076172,13.361364364624023
Wrong 15.07380199432373,13.690150260925293,12.39954662322998,12.69837760925293
Wrong 14.616981506347656,12.990876197814941,12.733246803283691,12.758535385131836
Wrong 7.664802551269531,6.2448296546936035,6.422271728515625,6.8379950523376465
Wrong 14.627437591552734,12.779870986938477,11.86048412322998,12.073896408081055
Wrong 14.594870567321777,13.149893760681152,11.893218994140625,12.502334594726562
Wrong 14.657123565673828,13.165127754211426,13.04863166809082,12.993786811828613
Correct 14.637085914611816,13.084183692932129,12.33135986328125,13.004408836364746
Correct 14.702859878540039,13.521483421325684,13.878535270690918,13.814201354980469
Correct 15.52506160736084,16.180971145629883,14.630702018737793,15.292190551757812
Wrong 6.467358589172363,5.735286235809326,5.386119842529297,5.300779342651367
Correct 15.36068058013916,13.82186222076416,11.987279891967773,13.065404891967773
Wrong 15.134849548339844,13.201573371887207,12.857377052307129,13.259384155273438
Wrong 14.603506088256836,13.42844295501709,11.881133079528809,12.192898750305176
Correct 14.990211486816406,14.269103050231934,13.192691802978516,14.185820579528809
Wrong 15.087512016296387,13.09560489654541,13.832267761230469,13.753891944885254
Correct 14.973124504089355,14.779898643493652,13.92436408996582,14.470542907714844
Wrong 14.547907829284668,13.243610382080078,11.96373176574707,13.103798866271973
Wrong 14.766971588134766,14.611244201660156,13.348007202148438,13.776665687561035
Wrong 14.858654022216797,14.682342529296875,13.260058403015137,13.88995361328125
Wrong 14.78245735168457,13.368502616882324,12.182416915893555,13.986435890197754
Wrong 15.322001457214355,13.127816200256348,12.201081275939941,14.332533836364746
Wrong 15.667290687561035,14.426012992858887,13.96091079711914,14.641562461853027
Wrong 14.525588989257812,13.393189430236816,12.676066398620605,13.08304214477539
Wrong 15.222990989685059,14.662793159484863,13.311299324035645,14.024374961853027
Wrong 15.766768455505371,14.482309341430664,13.635639190673828,15.09585189819336
Wrong 14.407179832458496,13.329130172729492,12.087587356567383,12.064276695251465
Wrong 15.947548866271973,15.177803993225098,12.87833023071289,14.15274429321289
Correct 15.580581665039062,14.55542278289795,14.161402702331543,14.583609580993652
Wrong 14.75959587097168,14.627962112426758,12.340178489685059,12.89501667022705
Wrong 15.277483940124512,13.767876625061035,13.519752502441406,13.627808570861816
Correct 14.962316513061523,13.923803329467773,12.07392692565918,12.581122398376465
Wrong 14.431066513061523,13.72841739654541,12.04185676574707,12.799530982971191
Wrong 15.924389839172363,15.089790344238281,13.529319763183594,14.18575668334961
Wrong 15.040452003479004,14.095770835876465,12.10526180267334,13.160097122192383
Wrong 14.93132495880127,13.392702102661133,12.589814186096191,13.519767761230469
Wrong 15.063633918762207,13.219947814941406,12.142969131469727,13.705451011657715
Correct 15.161734580993652,14.124988555908203,12.192998886108398,13.102349281311035
Wrong 15.340666770935059,14.69210147857666,14.574913024902344,14.223941802978516
Wrong 14.526177406311035,14.335052490234375,13.183671951293945,13.966639518737793
Wrong 14.751898765563965,13.486822128295898,12.598211288452148,13.72276496887207
Correct 15.228374481201172,13.21290397644043,12.13711929321289,13.418488502502441
Wrong 15.430643081665039,14.775506019592285,12.940450668334961,13.9091215133667
Wrong 15.344454765319824,13.375985145568848,14.017583847045898,13.681685447692871
Wrong 14.777210235595703,13.24613094329834,13.644659996032715,13.280694961547852
Correct 15.197181701660156,13.231735229492188,12.012290954589844,11.694009780883789
Wrong 14.588105201721191,12.799156188964844,13.630399703979492,13.716337203979492
Correct 15.368037223815918,12.883771896362305,11.88458251953125,13.048248291015625
Correct 15.243632316589355,13.033047676086426,12.801098823547363,14.159964561462402
Wrong 14.672883987426758,12.579145431518555,11.377068519592285,12.134980201721191
Wrong 15.197906494140625,14.30002498626709,13.53903579711914,14.243124961853027
Wrong 14.564807891845703,12.877037048339844,11.651793479919434,12.10531997680664
Wrong 14.750937461853027,13.478022575378418,13.414599418640137,14.014900207519531
Correct 15.113550186157227,14.303786277770996,13.805971145629883,15.116466522216797
Correct 15.402812004089355,14.327754020690918,13.50232982635498,13.8532075881958
Wrong 15.232537269592285,14.140076637268066,13.593913078308105,14.899351119995117
Wrong 14.646461486816406,14.463800430297852,13.567691802978516,13.75298023223877
Wrong 15.204258918762207,13.15779972076416,13.15091323852539,13.244832992553711
Wrong 14.751336097717285,13.47824478149414,13.261483192443848,13.940556526184082
Wrong 15.682696342468262,15.536486625671387,13.944320678710938,14.58365249633789
Wrong 14.719995498657227,13.673590660095215,11.628032684326172,12.361611366271973
Correct 6.991000175476074,7.180707931518555,5.660254001617432,4.830398082733154
Wrong 15.438879013061523,13.846168518066406,13.223245620727539,14.61338996887207
Wrong 15.526399612426758,14.193615913391113,13.129323959350586,14.378922462463379
Wrong 15.691484451293945,14.46553897857666,13.521984100341797,14.231219291687012
Wrong 15.230770111083984,14.172788619995117,12.681783676147461,14.377650260925293
Wrong 14.735764503479004,13.696969032287598,13.629046440124512,14.34737777709961
Wrong 14.922651290893555,14.297907829284668,13.126891136169434,13.525249481201172
Wrong 15.12120246887207,14.206076622009277,13.932584762573242,13.887221336364746
Wrong 14.848334312438965,13.846405029296875,12.795859336853027,13.27738094329834
Wrong 14.865121841430664,14.598544120788574,12.524651527404785,13.002251625061035
Wrong 15.40787410736084,13.80186939239502,12.675447463989258,12.385650634765625
Wrong 14.688867568969727,14.072138786315918,12.526505470275879,13.119625091552734
Correct 15.597434997558594,14.432212829589844,13.774864196777344,14.41639232635498
Wrong 15.243269920349121,14.103161811828613,13.49580192565918,14.690114974975586
Wrong 15.753891944885254,14.614770889282227,14.275457382202148,15.592447280883789
Correct 15.283843994140625,13.140907287597656,12.474149703979492,13.015782356262207
Correct 15.181337356567383,13.627060890197754,12.66915512084961,14.355546951293945
Wrong 15.516910552978516,14.509849548339844,14.167777061462402,14.737975120544434
Wrong 15.752739906311035,14.507853507995605,13.413856506347656,13.58597183227539
Wrong 13.736326217651367,12.48617935180664,11.104595184326172,11.191243171691895
Wrong 14.620902061462402,13.669769287109375,14.499503135681152,13.788856506347656
Wrong 15.09776496887207,13.666171073913574,13.418097496032715,13.203166007995605
Wrong 14.814062118530273,13.15802001953125,13.33942699432373,13.050691604614258
Correct 16.422712326049805,15.169898986816406,14.323074340820312,15.78303337097168
Wrong 15.240033149719238,14.503271102905273,13.998760223388672,14.137126922607422
Wrong 14.467705726623535,13.519103050231934,12.306707382202148,13.886396408081055
Wrong 15.441773414611816,14.142326354980469,14.09092903137207,14.806783676147461
Correct 16.048511505126953,14.890242576599121,13.613485336303711,14.587763786315918
Wrong 14.67467975616455,14.146123886108398,13.341551780700684,13.912965774536133
Wrong 15.855770111083984,14.469536781311035,14.118906021118164,15.055971145629883
Wrong 15.173242568969727,13.603304862976074,12.830897331237793,14.081533432006836
Wrong 15.400932312011719,14.139904022216797,13.850361824035645,14.86553955078125
Wrong 14.594554901123047,13.297924041748047,12.275482177734375,13.267472267150879
Correct 15.549026489257812,13.199569702148438,12.255614280700684,11.842705726623535
Wrong 14.861928939819336,14.183402061462402,12.302643775939941,13.099865913391113
Wrong 15.176604270935059,13.871939659118652,14.568206787109375,14.483359336853027
Wrong 15.900166511535645,15.69331169128418,14.359109878540039,14.279095649719238
Wrong 14.690628051757812,13.93458080291748,13.601122856140137,13.880293846130371
Wrong 14.79442024230957,13.9776611328125,13.317591667175293,13.466029167175293
Correct 14.978304862976074,13.775991439819336,12.231023788452148,13.574520111083984
Wrong 14.670037269592285,13.671150207519531,12.613409996032715,12.067742347717285
Wrong 14.651565551757812,12.69098949432373,11.317102432250977,11.803258895874023
Wrong 14.065532684326172,12.596405982971191,10.91897964477539,11.488533973693848
Correct 15.157672882080078,13.040518760681152,12.104126930236816,12.471598625183105
Wrong 14.360645294189453,12.876479148864746,12.51923942565918,13.237515449523926
Wrong 14.282415390014648,13.61080265045166,12.502005577087402,11.97913646697998
Correct 15.119305610656738,13.960052490234375,13.513559341430664,13.336475372314453
Wrong 6.7499895095825195,5.909142971038818,5.436896324157715,5.636744976043701
Wrong 14.806350708007812,13.705138206481934,13.402661323547363,12.738801002502441
Wrong 15.069320678710938,14.323583602905273,14.215075492858887,14.347434043884277
Correct 14.83433723449707,13.256739616394043,12.188159942626953,14.063034057617188
Correct 14.938899993896484,13.165661811828613,12.979815483093262,13.096915245056152
Correct 15.658947944641113,14.426283836364746,13.615303993225098,14.444111824035645
Wrong 14.68121337890625,13.728238105773926,13.011002540588379,13.346964836120605
Wrong 14.556528091430664,14.18249225616455,12.606328964233398,13.176370620727539
Wrong 14.571104049682617,13.774712562561035,12.790661811828613,13.36881160736084
Correct 15.449585914611816,14.675860404968262,14.048446655273438,14.494596481323242
Correct 15.115211486816406,13.991022109985352,13.443418502807617,14.189608573913574
Wrong 15.41686725616455,14.189201354980469,13.063926696777344,13.361626625061035
Wrong 14.799701690673828,13.711094856262207,13.318428993225098,13.7428560256958
Correct 15.050027847290039,13.844035148620605,12.9547700881958,13.816262245178223
Wrong 15.277812004089355,14.801166534423828,14.120001792907715,13.904356002807617
Wrong 14.996562004089355,13.869296073913574,13.142644882202148,13.901251792907715
Wrong 14.96967601776123,13.024682998657227,11.853870391845703,13.658318519592285
Wrong 14.244028091430664,13.361509323120117,12.964537620544434,13.39423942565918
Wrong 14.876599311828613,13.361266136169434,11.933640480041504,13.066156387329102
Correct 14.565033912658691,13.476356506347656,12.69478702545166,13.09384536743164
Correct 15.565485000610352,14.848986625671387,14.407393455505371,14.000219345092773
Correct 14.872421264648438,14.325874328613281,12.91729736328125,13.23050594329834
Wrong 15.410202980041504,14.56266975402832,14.020816802978516,15.1178560256958
Wrong 15.339798927307129,13.810606002807617,13.439519882202148,12.764385223388672
Wrong 14.99348258972168,13.634297370910645,12.932815551757812,13.464041709899902
Wrong 15.425736427307129,13.978533744812012,13.085613250732422,12.90842342376709
Correct 7.846482753753662,6.385234355926514,6.199475288391113,5.901430130004883
Wrong 15.541718482971191,14.62042236328125,13.756359100341797,14.241249084472656
Correct 15.035870552062988,13.96910285949707,12.759384155273438,14.073896408081055
Wrong 14.900799751281738,14.71026611328125,13.421435356140137,13.797478675842285
Wrong 15.141416549682617,13.118078231811523,11.767064094543457,13.001514434814453
Correct 15.501091003417969,13.102930068969727,12.565326690673828,13.307744026184082
Wrong 14.654997825622559,13.86124324798584,12.888837814331055,13.443633079528809
Wrong 14.573345184326172,13.291082382202148,12.38106918334961,13.023719787597656
Wrong 14.712364196777344,13.946348190307617,12.68936824798584,13.508349418640137
Correct 15.394169807434082,14.456076622009277,13.953728675842285,14.87573528289795
Correct 15.229389190673828,13.642196655273438,13.01559829711914,12.676002502441406
Wrong 14.196587562561035,12.48614501953125,11.791889190673828,12.323020935058594
Wrong 15.238359451293945,14.40581226348877,13.5709810256958,14.477499961853027
Wrong 14.102842330932617,12.337223052978516,11.096235275268555,11.978843688964844
Correct 15.386765480041504,14.549260139465332,14.24451732635498,14.080939292907715
Wrong 15.64354133605957,14.392596244812012,14.055160522460938,14.633681297302246
Wrong 14.985337257385254,13.548027038574219,12.541230201721191,13.799209594726562
Correct 15.051678657531738,14.359294891357422,13.44718074798584,13.318206787109375
Wrong 15.346364974975586,13.74368667602539,13.107921600341797,14.020899772644043
Wrong 15.073912620544434,13.558449745178223,12.901933670043945,14.151006698608398
Wrong 15.322497367858887,13.921265602111816,13.598902702331543,13.77417278289795
Wrong 14.90788745880127,13.119123458862305,12.135809898376465,13.019353866577148
Correct 15.969690322875977,15.131715774536133,13.815104484558105,14.947602272033691
Correct 15.409850120544434,14.638945579528809,13.427359580993652,14.296209335327148
Correct 14.986831665039062,13.110380172729492,12.460761070251465,12.403629302978516
Correct 14.783208847045898,13.552621841430664,12.770838737487793,12.47447395324707
Wrong 14.67570686340332,13.702805519104004,14.05686092376709,14.384756088256836
Correct 15.05138874053955,14.261347770690918,13.67485523223877,14.355146408081055
Wrong 16.08142852783203,15.655694961547852,15.0397310256958,15.247934341430664
Correct 15.541370391845703,14.13780403137207,14.52203369140625,13.781407356262207
Correct 15.768407821655273,15.351191520690918,14.163975715637207,14.553695678710938
Correct 14.525166511535645,12.908239364624023,12.449843406677246,14.675859451293945
Wrong 15.964537620544434,15.293821334838867,14.019752502441406,14.368056297302246
Wrong 15.138559341430664,14.105246543884277,13.387126922607422,14.062419891357422
Wrong 15.478490829467773,14.367596626281738,13.379803657531738,14.496991157531738
Wrong 16.017810821533203,14.6500825881958,14.192193031311035,14.621631622314453
Correct 15.227952003479004,13.68930435180664,13.30037784576416,13.402437210083008
Wrong 14.992532730102539,14.496170043945312,14.269160270690918,14.271516799926758
Wrong 15.581927299499512,14.553336143493652,13.32329273223877,14.959634780883789
Wrong 14.807086944580078,13.5653715133667,13.342653274536133,13.26422119140625
Wrong 15.338394165039062,13.213624954223633,12.264097213745117,14.16231918334961
Correct 15.793205261230469,14.968025207519531,13.48145580291748,14.043566703796387
Correct 15.625962257385254,13.821962356567383,12.620231628417969,13.119702339172363
Wrong 15.461800575256348,14.28271198272705,12.892751693725586,12.838183403015137
Wrong 14.581781387329102,13.17978286743164,12.171492576599121,12.187657356262207
Correct 15.532899856567383,13.705267906188965,12.699756622314453,14.488236427307129
Correct 15.729715347290039,14.375786781311035,13.195785522460938,13.71400260925293
Correct 15.450005531311035,14.44718074798584,13.40141773223877,14.017568588256836
Correct 7.514486789703369,5.955865859985352,5.032505035400391,5.495292663574219
Wrong 14.715666770935059,13.82538890838623,12.300592422485352,13.8093843460083
Correct 14.899454116821289,12.751065254211426,11.322124481201172,12.12669563293457
Wrong 15.31583023071289,14.307256698608398,13.60802173614502,14.523172378540039
Wrong 15.07522964477539,14.134486198425293,13.336979866027832,14.140788078308105
Wrong 15.003202438354492,13.68275260925293,12.620509147644043,12.166631698608398
Correct 14.962203025817871,13.032689094543457,11.963531494140625,11.986928939819336
Correct 14.446309089660645,13.14193058013916,12.58047866821289,13.017751693725586
Wrong 15.324027061462402,13.4812593460083,13.322105407714844,14.235946655273438
Wrong 14.603506088256836,12.64200210571289,12.033018112182617,14.066607475280762
Wrong 15.314537048339844,13.581122398376465,12.347860336303711,11.951847076416016
Wrong 15.995440483093262,14.743754386901855,14.37033748626709,15.532052040100098
Wrong 14.391674041748047,13.868620872497559,11.307172775268555,12.322866439819336
Wrong 14.940508842468262,13.612272262573242,13.335672378540039,13.13431167602539
Wrong 14.767662048339844,12.900932312011719,13.005274772644043,13.754620552062988
Wrong 14.987455368041992,14.401251792907715,12.960672378540039,13.514073371887207
Wrong 14.893610000610352,12.979884147644043,12.379841804504395,12.53041934967041
Wrong 14.779412269592285,13.653196334838867,12.984784126281738,13.436944961547852
Wrong 14.751389503479004,13.345413208007812,13.370428085327148,13.39411449432373
Wrong 15.048018455505371,13.689163208007812,12.839077949523926,13.89354133605957
Wrong 15.361244201660156,14.257606506347656,13.690187454223633,13.582603454589844
Correct 15.518980979919434,14.16655158996582,13.747143745422363,13.866090774536133
Wrong 14.043303489685059,12.609538078308105,11.781853675842285,11.42721939086914
Correct 14.58145523071289,13.635221481323242,12.63318920135498,13.101907730102539
Correct 14.761116981506348,13.80542278289795,12.247934341430664,12.16160774230957
Wrong 14.791247367858887,12.981128692626953,12.006637573242188,11.696739196777344
Wrong 14.78237533569336,13.438879013061523,12.729536056518555,13.713173866271973
Wrong 14.852607727050781,12.64179515838623,13.361468315124512,13.064862251281738
Wrong 15.151494026184082,13.702109336853027,12.92554759979248,13.307584762573242
Wrong 14.853631019592285,13.77591323852539,13.105737686157227,13.098406791687012
Correct 14.838720321655273,14.461100578308105,12.929021835327148,12.902661323547363
Wrong 15.269007682800293,14.264039993286133,14.840346336364746,13.704167366027832
Wrong 14.80594253540039,12.501543998718262,12.564798355102539,12.463088989257812
Wrong 14.775894165039062,13.055624961853027,12.347908973693848,12.543960571289062
Wrong 15.479389190673828,13.84623908996582,13.614859580993652,13.772445678710938
Wrong 14.574074745178223,14.408334732055664,13.843379020690918,11.797534942626953
Correct 14.908178329467773,13.299369812011719,12.731023788452148,13.215312004089355
Wrong 15.123546600341797,14.366458892822266,12.677900314331055,13.928447723388672
Wrong 14.488648414611816,13.45020580291748,13.352431297302246,13.580775260925293
Correct 15.027037620544434,13.786441802978516,13.580694198608398,15.3991060256958
Wrong 15.284354209899902,13.540629386901855,13.540489196777344,14.440314292907715
Correct 15.377962112426758,14.246788024902344,13.395354270935059,13.632091522216797
Wrong 14.784794807434082,13.828344345092773,12.99083423614502,13.47806167602539
Wrong 14.829390525817871,13.963272094726562,13.371545791625977,14.136168479919434
