grade confidence_levels
Correct 0.07292938977479935,0.09890374541282654,0.027038466185331345,0.02855781838297844
Wrong 0.08094315230846405,0.11414133012294769,0.1560189574956894,0.07255158573389053
Wrong 0.15707701444625854,0.09601797163486481,0.08212775737047195,0.12425547093153
Correct 0.06800039112567902,0.08937941491603851,0.0852888897061348,0.1193389818072319
Wrong 0.07458959519863129,0.05993318930268288,0.03899878263473511,0.0549965463578701
Correct 0.11330082267522812,0.11780937016010284,0.06712565571069717,0.08353931456804276
Wrong 0.14431805908679962,0.12636074423789978,0.10557957738637924,0.13451072573661804
Correct 0.06870714575052261,0.04102589562535286,0.03145504742860794,0.035642996430397034
Wrong 0.09499732404947281,0.07814083993434906,0.0438331663608551,0.058524783700704575
Wrong 0.0430949330329895,0.03600642457604408,0.08842376619577408,0.06172844395041466
Wrong 0.0990007072687149,0.08207376301288605,0.07020043581724167,0.08336511999368668
Correct 0.08926615864038467,0.050860434770584106,0.07228761911392212,0.08996240794658661
Wrong 0.11818131804466248,0.14254575967788696,0.19790887832641602,0.16279184818267822
Wrong 0.11162608116865158,0.1245245635509491,0.12069299072027206,0.14672578871250153
Wrong 0.06817103177309036,0.0742863118648529,0.06711193174123764,0.0917309820652008
Correct 0.07759936153888702,0.07520762830972672,0.06138155236840248,0.11739587783813477
Wrong 0.14666183292865753,0.15013433992862701,0.1973491758108139,0.16879966855049133
Wrong 0.12135244160890579,0.08672536164522171,0.05643339455127716,0.0840568020939827
Correct 0.07095230370759964,0.07095139473676682,0.06510687619447708,0.10485658794641495
Correct 0.21077071130275726,0.044179514050483704,0.04085838422179222,0.09135866165161133
Wrong 0.11256232112646103,0.1170441284775734,0.08299725502729416,0.0666893944144249
Correct 0.13492919504642487,0.16791114211082458,0.15529502928256989,0.16660456359386444
Wrong 0.09770748019218445,0.06259079277515411,0.04874412715435028,0.059721775352954865
Wrong 0.11935457587242126,0.06001456826925278,0.05337817221879959,0.05133289098739624
Correct 0.08787813782691956,0.19344469904899597,0.059460289776325226,0.0995764285326004
Correct 0.10650254786014557,0.14670903980731964,0.1455683559179306,0.19588281214237213
Wrong 0.12361840903759003,0.07615838199853897,0.046919357031583786,0.0607181191444397
Correct 0.12222019582986832,0.12317734956741333,0.12609826028347015,0.1474226862192154
Correct 0.08626667410135269,0.0849229022860527,0.08426584303379059,0.094741091132164
Wrong 0.12758250534534454,0.07798730581998825,0.04548920691013336,0.06670552492141724
Wrong 0.029160164296627045,0.06726886332035065,0.04551689699292183,0.046233128756284714
Correct 0.1288893073797226,0.0825677439570427,0.058548226952552795,0.06738818436861038
Wrong 0.07633236795663834,0.06377671658992767,0.057617153972387314,0.07753222435712814
Wrong 0.12433139979839325,0.15352435410022736,0.1205030158162117,0.19407249987125397
Wrong 0.1307774931192398,0.1787458211183548,0.11631136387586594,0.16274771094322205
Correct 0.14157889783382416,0.1604221910238266,0.07697150111198425,0.13508820533752441
Correct 0.029958322644233704,0.028363371267914772,0.01774938404560089,0.02157747559249401
Correct 0.12804870307445526,0.10615333914756775,0.07410665601491928,0.10450677573680878
Correct 0.15500889718532562,0.08493706583976746,0.05613958090543747,0.0791691243648529
Correct 0.0896526649594307,0.0917775109410286,0.06507901102304459,0.15611834824085236
Correct 0.2243451625108719,0.10432945191860199,0.10848500579595566,0.07514487206935883
Wrong 0.13284726440906525,0.11362189799547195,0.10841844975948334,0.11907374858856201
Wrong 0.09945167601108551,0.049229297786951065,0.10752721130847931,0.1190200075507164
Wrong 0.10159020870923996,0.15013624727725983,0.16880422830581665,0.27614283561706543
Correct 0.18101397156715393,0.08753105252981186,0.0630454570055008,0.07785047590732574
Correct 0.12643614411354065,0.19278623163700104,0.11157692223787308,0.16619236767292023
Correct 0.07917844504117966,0.064118891954422,0.059764787554740906,0.12167437374591827
Correct 0.06390020251274109,0.106175996363163,0.040932781994342804,0.06963071972131729
Correct 0.08893686532974243,0.037073832005262375,0.14101152122020721,0.08097431808710098
Wrong 0.13144409656524658,0.08289864659309387,0.06017723307013512,0.09320353716611862
Wrong 0.09062616527080536,0.06787484884262085,0.048888079822063446,0.06179995462298393
Correct 0.05096867308020592,0.16581444442272186,0.05958680436015129,0.08468911051750183
Correct 0.14213261008262634,0.12062142044305801,0.19887124001979828,0.220130056142807
Wrong 0.14239802956581116,0.09559859335422516,0.060765959322452545,0.07159891724586487
Wrong 0.13802535831928253,0.11898207664489746,0.06368709355592728,0.09266407042741776
Wrong 0.1343589723110199,0.07304741442203522,0.06396206468343735,0.07775744795799255
Correct 0.116548091173172,0.0973779708147049,0.0658893808722496,0.07350420951843262
Wrong 0.1162705272436142,0.08309217542409897,0.07448367029428482,0.06728936731815338
Correct 0.11630851775407791,0.09641838073730469,0.05080728232860565,0.07109241187572479
Correct 0.039589814841747284,0.04214246943593025,0.03867168352007866,0.0739610493183136
Correct 0.09205155074596405,0.16798438131809235,0.04181434586644173,0.10349181294441223
Correct 0.048110660165548325,0.026987895369529724,0.026157168671488762,0.5420616865158081
Correct 0.06493895500898361,0.10057384520769119,0.12419642508029938,0.1710839420557022
Wrong 0.07485178112983704,0.05349208042025566,0.046838704496622086,0.04400048777461052
Correct 0.1904243379831314,0.1350252479314804,0.08253971487283707,0.15181319415569305
Wrong 0.10284653306007385,0.13000328838825226,0.13205388188362122,0.16306264698505402
Wrong 0.10453318804502487,0.10210724920034409,0.16063985228538513,0.1778099238872528
Wrong 0.02142951637506485,0.18951068818569183,0.12046116590499878,0.06056962162256241
Wrong 0.11911547183990479,0.16028200089931488,0.1615424007177353,0.23504017293453217
Wrong 0.22708125412464142,0.19883307814598083,0.1324514001607895,0.24744966626167297
Correct 0.1184498518705368,0.152086541056633,0.10131281614303589,0.11570149660110474
Wrong 0.12984782457351685,0.1494479924440384,0.11281004548072815,0.2091159224510193
Wrong 0.08510833233594894,0.10591459274291992,0.15653611719608307,0.17876429855823517
Correct 0.05827183276414871,0.03372505307197571,0.3799799382686615,0.2049812525510788
Correct 0.0819941833615303,0.07762809097766876,0.2505922019481659,0.1555909365415573
Wrong 0.08193537592887878,0.156700998544693,0.14836393296718597,0.1748136729001999
Wrong 0.1337517499923706,0.09862152487039566,0.06417419761419296,0.0884035974740982
Wrong 0.14259298145771027,0.1258317530155182,0.13499771058559418,0.12006846070289612
Correct 0.09672891348600388,0.12714403867721558,0.1607273519039154,0.2320346236228943
Correct 0.06803987920284271,0.0429115854203701,0.032900869846343994,0.04824565723538399
Correct 0.13027988374233246,0.09457147866487503,0.05871923640370369,0.06349039822816849
Correct 0.1390840709209442,0.21710361540317535,0.04622373729944229,0.07444442063570023
Wrong 0.08214442431926727,0.1105332225561142,0.10465429723262787,0.1558794379234314
Wrong 0.08018071204423904,0.06392509490251541,0.03816937282681465,0.06442349404096603
Correct 0.09997838735580444,0.13244596123695374,0.14320948719978333,0.2436075061559677
Wrong 0.09485276788473129,0.12467920035123825,0.205563023686409,0.22753611207008362
Correct 0.06402213126420975,0.28692343831062317,0.0506446436047554,0.10150884091854095
Wrong 0.18153713643550873,0.15406256914138794,0.11448894441127777,0.17871496081352234
Wrong 0.0714050829410553,0.07903505861759186,0.04538515955209732,0.05919376015663147
Correct 0.0875316858291626,0.06255362182855606,0.05607113242149353,0.09995879977941513
Wrong 0.15123361349105835,0.13036847114562988,0.16871024668216705,0.21662645041942596
Correct 0.07792562991380692,0.069306381046772,0.06212544068694115,0.09399112313985825
Correct 0.12919510900974274,0.10710462182760239,0.08539129793643951,0.10061540454626083
Wrong 0.19359707832336426,0.17904695868492126,0.07348068803548813,0.0988784059882164
Wrong 0.14396056532859802,0.09441062808036804,0.06853476911783218,0.09894087165594101
Wrong 0.059679415076971054,0.036197662353515625,0.020304862409830093,0.02863410674035549
Wrong 0.0902036651968956,0.05261433497071266,0.02485392615199089,0.03616098687052727
Correct 0.10253721475601196,0.10415119677782059,0.25979945063591003,0.12760807573795319
Wrong 0.2188321053981781,0.03329780325293541,0.02436051145195961,0.04242092743515968
Wrong 0.1386886090040207,0.12431852519512177,0.0725138857960701,0.09383957833051682
Wrong 0.1037309542298317,0.16968536376953125,0.13423410058021545,0.20308803021907806
Wrong 0.1414005160331726,0.16530422866344452,0.13386821746826172,0.1577335000038147
Correct 0.0681484118103981,0.0655367374420166,0.33282342553138733,0.08547446876764297
Wrong 0.13302820920944214,0.11648006737232208,0.05250151455402374,0.11647970229387283
Wrong 0.1024438664317131,0.09254926443099976,0.04726847633719444,0.07378565520048141
Correct 0.13244196772575378,0.17005077004432678,0.12936986982822418,0.16481837630271912
Correct 0.12124533951282501,0.1363150179386139,0.13212256133556366,0.2586809992790222
Wrong 0.11401203274726868,0.10964179039001465,0.2589440941810608,0.16203948855400085
Wrong 0.17598854005336761,0.11631473898887634,0.12675316631793976,0.12675170600414276
Correct 0.11273645609617233,0.03229822590947151,0.02101624198257923,0.041469357907772064
Correct 0.09441320598125458,0.1352376788854599,0.1998705416917801,0.19986829161643982
Wrong 0.06980372220277786,0.06208415701985359,0.041356366127729416,0.0400836355984211
Wrong 0.08462915569543839,0.06642238050699234,0.04092090204358101,0.06906700879335403
Correct 0.10700439661741257,0.06389357149600983,0.05338386818766594,0.06695715337991714
Correct 0.18580694496631622,0.08984912931919098,0.06835313141345978,0.07448653876781464
Correct 0.1220274567604065,0.14604461193084717,0.18034246563911438,0.23705443739891052
Correct 0.10594671964645386,0.04701302573084831,0.032311297953128815,0.040526844561100006
Wrong 0.08414942771196365,0.07310736179351807,0.03852405026555061,0.04610714316368103
Correct 0.13103218376636505,0.08135812729597092,0.03287151828408241,0.05635485425591469
Wrong 0.18560828268527985,0.15999767184257507,0.14682242274284363,0.1265677958726883
Wrong 0.1499931663274765,0.11321969330310822,0.05737676844000816,0.07309972494840622
Correct 0.10387351363897324,0.10633505880832672,0.050228551030159,0.05263905227184296
Wrong 0.09266908466815948,0.05982944741845131,0.0427582822740078,0.07049643993377686
Correct 0.19584712386131287,0.10900158435106277,0.12351517379283905,0.13565289974212646
Wrong 0.1243334487080574,0.07029120624065399,0.05264519155025482,0.05872967094182968
Wrong 0.06368603557348251,0.10097529739141464,0.17176970839500427,0.19463562965393066
Correct 0.10277088731527328,0.14157044887542725,0.05631249397993088,0.08387649804353714
Wrong 0.10286606848239899,0.07181116938591003,0.09738945960998535,0.13002926111221313
Wrong 0.10732723027467728,0.1649274080991745,0.12256630510091782,0.17973017692565918
Correct 0.049219585955142975,0.03202774375677109,0.05621035024523735,0.4780530333518982
Wrong 0.10860744118690491,0.11927708238363266,0.06690750271081924,0.10945389419794083
Wrong 0.1510072499513626,0.13965584337711334,0.20004957914352417,0.23388023674488068
Correct 0.06839244067668915,0.1051010861992836,0.1436573565006256,0.2313617765903473
Wrong 0.10641586035490036,0.10476405173540115,0.05830908939242363,0.07487011700868607
Wrong 0.08340666443109512,0.18075257539749146,0.21298260986804962,0.18503913283348083
Correct 0.16208839416503906,0.09831021726131439,0.09454289823770523,0.0847478061914444
Correct 0.09110643714666367,0.050312262028455734,0.12259359657764435,0.12747488915920258
Wrong 0.14305859804153442,0.13025222718715668,0.06810274720191956,0.101438008248806
Wrong 0.06093646213412285,0.07947444915771484,0.04528231546282768,0.06692275404930115
Correct 0.12919779121875763,0.13752584159374237,0.17936797440052032,0.22851881384849548
Wrong 0.12807893753051758,0.15090598165988922,0.13956694304943085,0.19681894779205322
Wrong 0.050854552537202835,0.04739920049905777,0.022216269746422768,0.03749661520123482
Wrong 0.10016428679227829,0.13063310086727142,0.16005773842334747,0.17305977642536163
Wrong 0.12238307297229767,0.19103212654590607,0.17530275881290436,0.18954649567604065
Wrong 0.07847140729427338,0.07487650960683823,0.045060884207487106,0.06817496567964554
Wrong 0.177994042634964,0.23579803109169006,0.13754042983055115,0.1766050010919571
Wrong 0.14595343172550201,0.10430704057216644,0.03867330402135849,0.03867318481206894
Correct 0.08739237487316132,0.059595514088869095,0.05383975803852081,0.12715250253677368
Correct 0.10347209125757217,0.08058159798383713,0.05243493989109993,0.07000914961099625
Correct 0.08735401183366776,0.11939320713281631,0.2230609804391861,0.16319191455841064
Wrong 0.08996394276618958,0.047036781907081604,0.050858497619628906,0.056736141443252563
Wrong 0.15102414786815643,0.0659761056303978,0.08808892965316772,0.06444671750068665
Wrong 0.14400185644626617,0.12126003950834274,0.12609094381332397,0.24304600059986115
Wrong 0.08593270927667618,0.08072445541620255,0.06588487327098846,0.08072295039892197
Wrong 0.15375731885433197,0.15863452851772308,0.17422664165496826,0.2418888658285141
Wrong 0.11784341186285019,0.09542999416589737,0.04724118858575821,0.06065839156508446
Wrong 0.08899000287055969,0.08359731733798981,0.19589439034461975,0.18986503779888153
Wrong 0.07215780019760132,0.06569964438676834,0.04844382405281067,0.06778432428836823
Wrong 0.1495540291070938,0.17079028487205505,0.14838629961013794,0.1567261517047882
Wrong 0.16333286464214325,0.1620587557554245,0.175228089094162,0.2032671868801117
Wrong 0.1415194571018219,0.14041638374328613,0.07228023558855057,0.1268540918827057
Correct 0.03217906132340431,0.03821299597620964,0.05826720967888832,0.1302851438522339
Correct 0.12397752702236176,0.06635907292366028,0.05416034162044525,0.0643165186047554
Correct 0.13574139773845673,0.16372865438461304,0.16630922257900238,0.21521824598312378
Wrong 0.06037972494959831,0.050448670983314514,0.3584900498390198,0.19797395169734955
Correct 0.09192026406526566,0.09708374738693237,0.037137288600206375,0.0732809379696846
Wrong 0.12598493695259094,0.11560845375061035,0.1052628681063652,0.14164596796035767
Correct 0.13708306849002838,0.10187015682458878,0.03603971749544144,0.05495377257466316
Correct 0.12733785808086395,0.09028948098421097,0.06709542870521545,0.07198203355073929
Correct 0.09120124578475952,0.09048952907323837,0.06416705995798111,0.08368894457817078
Wrong 0.10536180436611176,0.07891066372394562,0.19078290462493896,0.23929345607757568
Correct 0.12021062523126602,0.15077254176139832,0.11030834168195724,0.17904679477214813
Wrong 0.12250958383083344,0.16102884709835052,0.13990569114685059,0.1957622915506363
Wrong 0.10198890417814255,0.19968116283416748,0.14159554243087769,0.29975804686546326
Wrong 0.14493650197982788,0.10357965528964996,0.03993319347500801,0.04525009170174599
Wrong 0.0348752923309803,0.025916777551174164,0.03460337221622467,0.02936709299683571
Wrong 0.041374921798706055,0.11159268766641617,0.08292878419160843,0.13887757062911987
Wrong 0.08164365589618683,0.07609821856021881,0.08100570738315582,0.1073148101568222
Correct 0.15393127501010895,0.11439014971256256,0.0444469191133976,0.05237121507525444
Wrong 0.10337928682565689,0.25189539790153503,0.0362887904047966,0.18573346734046936
Correct 0.14384837448596954,0.15921875834465027,0.13407719135284424,0.16556233167648315
Correct 0.11495961248874664,0.08883288502693176,0.10224590450525284,0.15590597689151764
Correct 0.21891745924949646,0.02514415793120861,0.020682087168097496,0.025738874450325966
Correct 0.126986563205719,0.10609924048185349,0.08198753744363785,0.13946528732776642
Wrong 0.08513446897268295,0.0705762729048729,0.061316367238759995,0.06425948441028595
Wrong 0.1369876116514206,0.11093422025442123,0.08505517244338989,0.10421078652143478
Correct 0.04664824157953262,0.037190552800893784,0.03807264566421509,0.043141551315784454
Wrong 0.09374181181192398,0.07187306135892868,0.14747469127178192,0.12515929341316223
Wrong 0.05119383707642555,0.04210959002375603,0.03203514963388443,0.03687158226966858
Wrong 0.11846169829368591,0.10870307683944702,0.08872002363204956,0.11571315675973892
Correct 0.05096304416656494,0.09014305472373962,0.2628897726535797,0.15096046030521393
Correct 0.07177397608757019,0.06586093455553055,0.09360747039318085,0.09964284300804138
Wrong 0.11549200117588043,0.11548957228660583,0.06896188110113144,0.06683992594480515
Wrong 0.11421171575784683,0.10237763822078705,0.07911093533039093,0.1039891317486763
Wrong 0.0391436405479908,0.036771249026060104,0.0252725537866354,0.031946826726198196
Wrong 0.12357178330421448,0.09699056297540665,0.09851774573326111,0.14334122836589813
Wrong 0.12101950496435165,0.14038191735744476,0.1788533627986908,0.1859765350818634
Correct 0.14552836120128632,0.08099706470966339,0.07549750059843063,0.11157801002264023
Wrong 0.07332152128219604,0.06519961357116699,0.06940532475709915,0.05198115482926369
Wrong 0.10724999010562897,0.15006396174430847,0.1398777961730957,0.19572243094444275
Wrong 0.1453576385974884,0.0968291163444519,0.09835188090801239,0.15839813649654388
Wrong 0.08260700106620789,0.048942290246486664,0.025590064004063606,0.029917554929852486
Wrong 0.13210313022136688,0.13523268699645996,0.14283592998981476,0.18484199047088623
Wrong 0.061965323984622955,0.06493726372718811,0.05641866847872734,0.05730550363659859
Wrong 0.1301431655883789,0.11306478083133698,0.1429295539855957,0.167100191116333
Wrong 0.04924013838171959,0.050801265984773636,0.03129836916923523,0.03956441208720207
Wrong 0.17177273333072662,0.1563907265663147,0.1690998375415802,0.16517974436283112
Wrong 0.04793625324964523,0.04433303326368332,0.03704192861914635,0.036183468997478485
Wrong 0.1002746969461441,0.08780261874198914,0.058946311473846436,0.06524751335382462
Wrong 0.0633896142244339,0.048982758074998856,0.04222517088055611,0.07705927640199661
Wrong 0.03758012130856514,0.04939672723412514,0.04939626529812813,0.041595228016376495
Wrong 0.07884616404771805,0.053347788751125336,0.03553731366991997,0.06335175037384033
Wrong 0.1883905529975891,0.12647366523742676,0.18691718578338623,0.1098814383149147
Wrong 0.10196048021316528,0.09211218357086182,0.05586874485015869,0.0858573392033577
Wrong 0.15285581350326538,0.15165990591049194,0.1493101716041565,0.22066469490528107
Wrong 0.07278737425804138,0.03204759582877159,0.025154350325465202,0.037175506353378296
Correct 0.045195817947387695,0.05366858094930649,0.030818888917565346,0.03659798577427864
Correct 0.10942672193050385,0.1211223378777504,0.16816410422325134,0.17486006021499634
Wrong 0.13075773417949677,0.17733007669448853,0.13490670919418335,0.17458099126815796
Wrong 0.1437034159898758,0.15177690982818604,0.14370030164718628,0.11104196310043335
Wrong 0.17163759469985962,0.14795726537704468,0.10740602761507034,0.12075907737016678
Correct 0.09566264599561691,0.09417759627103806,0.15167580544948578,0.32109782099723816
Correct 0.09817314147949219,0.12122071534395218,0.15934526920318604,0.1439516544342041
Wrong 0.10381294041872025,0.12521857023239136,0.21636150777339935,0.17658717930316925
Wrong 0.09407525509595871,0.13475371897220612,0.15754468739032745,0.19003386795520782
Correct 0.15625615417957306,0.13157342374324799,0.07323145866394043,0.09777650237083435
Wrong 0.08931691199541092,0.13618774712085724,0.19356459379196167,0.2485392540693283
Wrong 0.0636078268289566,0.12260367721319199,0.09698794782161713,0.13153350353240967
Correct 0.16988493502140045,0.09755546599626541,0.062009554356336594,0.0802459642291069
Correct 0.14244195818901062,0.10339923202991486,0.06572350114583969,0.08571945875883102
Wrong 0.04859590530395508,0.03555326163768768,0.02580859325826168,0.031620997935533524
Correct 0.10270162671804428,0.061325062066316605,0.033867187798023224,0.04665340483188629
Wrong 0.1716613620519638,0.15387021005153656,0.14342257380485535,0.16507713496685028
Correct 0.0625816360116005,0.11156015843153,0.10983087867498398,0.1187552735209465
Wrong 0.11710460484027863,0.12176696956157684,0.21039648354053497,0.2328847348690033
Wrong 0.15098002552986145,0.0873788371682167,0.0713154524564743,0.08272691071033478
Wrong 0.11180799454450607,0.1458171308040619,0.10259595513343811,0.1481141597032547
Wrong 0.1308145523071289,0.13183386623859406,0.15056036412715912,0.18019546568393707
Wrong 0.1486225426197052,0.1271195113658905,0.09300243854522705,0.13013224303722382
Wrong 0.11743711680173874,0.12500719726085663,0.19820882380008698,0.2317274659872055
Correct 0.1380622535943985,0.09563037753105164,0.09638001024723053,0.15281571447849274
Wrong 0.08986372500658035,0.2172587364912033,0.15406115353107452,0.18295030295848846
Wrong 0.046774283051490784,0.044980667531490326,0.03758217766880989,0.03969429433345795
Wrong 0.17532362043857574,0.12431938201189041,0.1794784516096115,0.16469544172286987
Wrong 0.062380123883485794,0.11119997501373291,0.05679452419281006,0.09585873037576675
Wrong 0.14586791396141052,0.15771391987800598,0.1639985740184784,0.13918158411979675
Wrong 0.07477007806301117,0.07023865729570389,0.054701950401067734,0.07476794719696045
Correct 0.10691241919994354,0.11650268733501434,0.16429635882377625,0.14386123418807983
Correct 0.13853800296783447,0.12417880445718765,0.24889884889125824,0.1429285705089569
Wrong 0.09769473224878311,0.08825821429491043,0.057881008833646774,0.08825747668743134
Wrong 0.16393792629241943,0.0934075340628624,0.057997822761535645,0.06727826595306396
Wrong 0.11054804921150208,0.17391261458396912,0.13438890874385834,0.25904157757759094
Correct 0.11725043505430222,0.055817700922489166,0.045914120972156525,0.06892503052949905
Wrong 0.12621594965457916,0.1062810868024826,0.19396166503429413,0.22853991389274597
Correct 0.06407931447029114,0.19431594014167786,0.0848894715309143,0.16109274327754974
Wrong 0.17571747303009033,0.12266533821821213,0.09331868588924408,0.12655827403068542
Wrong 0.15714651346206665,0.11496937274932861,0.06398992985486984,0.09237953275442123
Wrong 0.14831939339637756,0.10193775594234467,0.07634767144918442,0.12489574402570724
Correct 0.01904749870300293,0.031159022822976112,0.008585218340158463,0.014377365820109844
Correct 0.018477533012628555,0.3029036223888397,0.024670299142599106,0.03345759958028793
Wrong 0.12039109319448471,0.14296583831310272,0.05686785653233528,0.11134149134159088
Wrong 0.14574094116687775,0.09191311150789261,0.09707947075366974,0.11349718272686005
Correct 0.09718674421310425,0.07509908080101013,0.04554871842265129,0.0678451880812645
Wrong 0.1358930915594101,0.13910536468029022,0.09941548854112625,0.15640389919281006
Wrong 0.0889226645231247,0.06924928724765778,0.05066300928592682,0.06556298583745956
Wrong 0.10183398425579071,0.05001671612262726,0.05001608654856682,0.07108612358570099
Wrong 0.07350291311740875,0.07236160337924957,0.2335897535085678,0.2730913758277893
Wrong 0.11418909579515457,0.12060312181711197,0.07034765183925629,0.10315662622451782
Wrong 0.10575373470783234,0.10825811326503754,0.06314558535814285,0.08835746347904205
Wrong 0.10520747303962708,0.07460176199674606,0.062332212924957275,0.08453472703695297
Wrong 0.15908843278884888,0.12293204665184021,0.11280790716409683,0.10933689028024673
Correct 0.2942788898944855,0.15147770941257477,0.10657709836959839,0.12656331062316895
Wrong 0.10898296535015106,0.07973282039165497,0.05188267305493355,0.054372306913137436
Correct 0.09702093154191971,0.1400616616010666,0.11254329979419708,0.2169339954853058
Wrong 0.10164821147918701,0.11251114308834076,0.10990341007709503,0.12649768590927124
Wrong 0.13377943634986877,0.1391030251979828,0.08503150939941406,0.19463887810707092
Wrong 0.09844489395618439,0.09033643454313278,0.01429335679858923,0.03510071709752083
Correct 0.09697657823562622,0.1160641610622406,0.2290278822183609,0.2254740297794342
Correct 0.08889773488044739,0.09763028472661972,0.06254429370164871,0.06254445016384125
Wrong 0.14576955139636993,0.08240991085767746,0.08772512525320053,0.08569217473268509
Wrong 0.11589395999908447,0.15964597463607788,0.15964819490909576,0.10886625200510025
Wrong 0.11705896258354187,0.1798872947692871,0.15386773645877838,0.21362265944480896
Correct 0.11854394525289536,0.11311035603284836,0.14410677552223206,0.2394551783800125
Wrong 0.10996394604444504,0.09934161603450775,0.028684565797448158,0.05704540014266968
Correct 0.05874011665582657,0.03822235018014908,0.01982879638671875,0.021948061883449554
Wrong 0.11369646340608597,0.09064538776874542,0.05045156553387642,0.07283495366573334
Wrong 0.1410606950521469,0.11878131330013275,0.24372926354408264,0.15133008360862732
Wrong 0.06049373745918274,0.11569508910179138,0.06489907950162888,0.1175163984298706
Correct 0.19136527180671692,0.1490301787853241,0.15019911527633667,0.21016477048397064
Wrong 0.18836036324501038,0.11424071341753006,0.1325220763683319,0.11423936486244202
Wrong 0.07297946512699127,0.1157100573182106,0.07470802962779999,0.11661669611930847
Correct 0.10728558897972107,0.07849057763814926,0.10812503844499588,0.09248322248458862
Wrong 0.12288051843643188,0.0837959349155426,0.06130623817443848,0.11014757305383682
Correct 0.04143696650862694,0.08049538731575012,0.08771871030330658,0.1551593542098999
Wrong 0.11805105954408646,0.07863660156726837,0.042090561240911484,0.05532638356089592
Wrong 0.14884217083454132,0.13657942414283752,0.11959298700094223,0.16219256818294525
Wrong 0.09795656055212021,0.09795433282852173,0.06423943489789963,0.07336355745792389
Wrong 0.10291507095098495,0.16190490126609802,0.06241941079497337,0.08014794439077377
Correct 0.03760089725255966,0.1452670693397522,0.067555733025074,0.13434970378875732
Correct 0.1210859939455986,0.17344440519809723,0.15306538343429565,0.21085502207279205
Correct 0.08542201668024063,0.07716986536979675,0.054295558482408524,0.10547807067632675
Wrong 0.1724824458360672,0.16202446818351746,0.16716895997524261,0.18359744548797607
Correct 0.056571029126644135,0.1225963681936264,0.05150569975376129,0.08558598160743713
Correct 0.03797405958175659,0.13254229724407196,0.0340396948158741,0.2698436379432678
Correct 0.06674011051654816,0.05362547188997269,0.08305695652961731,0.06220574676990509
Correct 0.10085512697696686,0.13892725110054016,0.14333894848823547,0.1811952143907547
Wrong 0.12933997809886932,0.13448978960514069,0.08548718690872192,0.17134413123130798
Correct 0.06879015266895294,0.04107515141367912,0.08168739080429077,0.07322351634502411
Wrong 0.08739218860864639,0.10875841230154037,0.07474924623966217,0.09825455397367477
Wrong 0.11150902509689331,0.29149433970451355,0.09316795319318771,0.18099327385425568
Wrong 0.05991916358470917,0.22089128196239471,0.11020713299512863,0.19341883063316345
Wrong 0.1218906044960022,0.15528717637062073,0.13282495737075806,0.22594131529331207
Correct 0.12297210097312927,0.07400447875261307,0.06951994448900223,0.06790904700756073
Correct 0.10062499344348907,0.09233665466308594,0.2980700135231018,0.22853396832942963
Wrong 0.07616261392831802,0.07796811312437057,0.17029991745948792,0.21360133588314056
Correct 0.11766131222248077,0.13023334741592407,0.08812162280082703,0.09678135067224503
Correct 0.08518727123737335,0.06898418068885803,0.07878097891807556,0.1460379809141159
Wrong 0.06496189534664154,0.06496242433786392,0.040969353169202805,0.050987038761377335
Wrong 0.05856189876794815,0.03722395747900009,0.019769612699747086,0.02766219712793827
Correct 0.13036035001277924,0.07427623867988586,0.05739543214440346,0.1754135936498642
Wrong 0.14303918182849884,0.12233767658472061,0.09602449089288712,0.12044168263673782
Wrong 0.12149634212255478,0.1159292683005333,0.14315393567085266,0.3054346740245819
Correct 0.15805742144584656,0.11563602089881897,0.05051743611693382,0.10365460067987442
Correct 0.25873157382011414,0.05818343907594681,0.04675106704235077,0.04256709665060043
Correct 0.14432184398174286,0.14659026265144348,0.1293664276599884,0.1972590982913971
Correct 0.18702416121959686,0.11887824535369873,0.083640456199646,0.13470537960529327
Correct 0.09525498747825623,0.07418365031480789,0.0610218346118927,0.09904783964157104
Correct 0.06882494688034058,0.060263726860284805,0.04014391079545021,0.05617145821452141
Wrong 0.10774435102939606,0.0723339170217514,0.2353331744670868,0.2210700511932373
Wrong 0.09612952172756195,0.06304290890693665,0.040703218430280685,0.06304214149713516
Wrong 0.12165065109729767,0.07207334041595459,0.07792824506759644,0.09110697358846664
Correct 0.1287897825241089,0.09570115059614182,0.132870614528656,0.16927915811538696
Correct 0.09033989906311035,0.1727762669324875,0.18536357581615448,0.22358916699886322
Wrong 0.10098494589328766,0.09122888743877411,0.05077729746699333,0.06779563426971436
Correct 0.13649044930934906,0.10967213660478592,0.08150091767311096,0.15832936763763428
Wrong 0.1263924390077591,0.08619119226932526,0.07201474905014038,0.07847630977630615
Correct 0.12264632433652878,0.0804300457239151,0.09043014049530029,0.22034424543380737
Wrong 0.11251650750637054,0.061652738600969315,0.15259157121181488,0.29643553495407104
Wrong 0.0981568992137909,0.12603366374969482,0.2127247154712677,0.19217801094055176
Correct 0.039108965545892715,0.04195554926991463,0.04607946798205376,0.08278913050889969
Correct 0.05684180557727814,0.054662104696035385,0.24498774111270905,0.169690802693367
Correct 0.05377080664038658,0.0845915898680687,0.09889833629131317,0.08592332899570465
Wrong 0.17626653611660004,0.17352934181690216,0.17084051668643951,0.1876295506954193
Correct 0.07034613192081451,0.09920262545347214,0.22707901895046234,0.32782500982284546
Wrong 0.17739996314048767,0.10676011443138123,0.08850645273923874,0.10592778772115707
Wrong 0.1631748527288437,0.17100204527378082,0.12807482481002808,0.2301080971956253
Correct 0.05535617470741272,0.044477272778749466,0.046249162405729294,0.07107347995042801
Correct 0.12592759728431702,0.14158277213573456,0.11922499537467957,0.15428762137889862
Correct 0.18188488483428955,0.10444612056016922,0.047446515411138535,0.07701320946216583
Correct 0.10721083730459213,0.13033150136470795,0.15968716144561768,0.2132067233324051
Correct 0.07792363315820694,0.08102592080831528,0.07320119440555573,0.11074896156787872
Wrong 0.0937194898724556,0.09975971281528473,0.13635797798633575,0.1606655865907669
Wrong 0.11269736289978027,0.10341305285692215,0.08374596387147903,0.07565832883119583
Wrong 0.22365956008434296,0.1081526130437851,0.10239620506763458,0.13459669053554535
Wrong 0.15213635563850403,0.21622473001480103,0.17925776541233063,0.2015438824892044
Wrong 0.09071653336286545,0.3292408287525177,0.09071554243564606,0.18324939906597137
Wrong 0.1400926262140274,0.17987275123596191,0.12362556159496307,0.17570620775222778
Correct 0.03103235550224781,0.13167154788970947,0.022880492731928825,0.053615931421518326
Correct 0.06512413173913956,0.08627433329820633,0.1367931216955185,0.3385676443576813
Wrong 0.10209992527961731,0.0893983468413353,0.06192392855882645,0.07071905583143234
Correct 0.1444605588912964,0.08426199853420258,0.05231910198926926,0.05031459033489227
Correct 0.07278035581111908,0.1101100966334343,0.15650013089179993,0.25204572081565857
Wrong 0.11496402323246002,0.09165503829717636,0.05263311415910721,0.0655023455619812
Correct 0.08924476057291031,0.05852651968598366,0.036624278873205185,0.05672469362616539
Correct 0.07974987477064133,0.06663164496421814,0.0969482809305191,0.06715341657400131
Correct 0.06942777335643768,0.09638810157775879,0.06624658405780792,0.07866930216550827
Wrong 0.1145494133234024,0.07168273627758026,0.0668150782585144,0.0769033282995224
Wrong 0.12461809068918228,0.1033109575510025,0.07499536871910095,0.07383215427398682
Wrong 0.129938006401062,0.17484480142593384,0.13939963281154633,0.17348429560661316
Wrong 0.0754571333527565,0.07428595423698425,0.048338741064071655,0.06924184411764145
Wrong 0.11652573198080063,0.11118710786104202,0.2126546949148178,0.19362029433250427
Wrong 0.16538752615451813,0.15780991315841675,0.16668033599853516,0.1578092724084854
Correct 0.074077308177948,0.07702606171369553,0.03695766627788544,0.04782640188932419
Wrong 0.09618381410837173,0.08291363716125488,0.05523170903325081,0.10481154173612595
Wrong 0.06829292327165604,0.04880619794130325,0.03251168131828308,0.05661538243293762
Wrong 0.13419608771800995,0.23005908727645874,0.12218380719423294,0.1568862646818161
Wrong 0.089255191385746,0.07284507900476456,0.07115692645311356,0.10353203862905502
Wrong 0.127341628074646,0.14656402170658112,0.15724174678325653,0.2512708008289337
Correct 0.024436354637145996,0.22122284770011902,0.02090081200003624,0.04710078239440918
Correct 0.06271873414516449,0.0408109650015831,0.034906934946775436,0.045172467827796936
Wrong 0.133384570479393,0.11319869011640549,0.04868576303124428,0.07540499418973923
Wrong 0.06388393044471741,0.20783299207687378,0.08800242096185684,0.2111060619354248
Wrong 0.11833604425191879,0.08325754106044769,0.059967443346977234,0.10121411830186844
Correct 0.1334732174873352,0.07907835394144058,0.04721985384821892,0.06403911858797073
Correct 0.065544992685318,0.11776089668273926,0.3030768036842346,0.19415442645549774
Wrong 0.11930729448795319,0.17631861567497253,0.1221335306763649,0.15805064141750336
Wrong 0.09853287786245346,0.1207205280661583,0.05702423304319382,0.0823240727186203
Correct 0.16807596385478973,0.14948275685310364,0.15302836894989014,0.16546154022216797
Correct 0.12481866031885147,0.11453340202569962,0.08781617879867554,0.1602623015642166
Wrong 0.12184979766607285,0.1286928951740265,0.11902302503585815,0.12473275512456894
Correct 0.11137308180332184,0.12521794438362122,0.09305302053689957,0.15462130308151245
Wrong 0.1570485234260559,0.21298550069332123,0.04678644612431526,0.06701816618442535
Wrong 0.09653458744287491,0.07696253061294556,0.043851979076862335,0.06040848419070244
Wrong 0.06087441369891167,0.0576324425637722,0.0477779395878315,0.06581681966781616
Wrong 0.08607809245586395,0.07655757665634155,0.0719197615981102,0.09527707099914551
Correct 0.10175039619207382,0.07158941775560379,0.04806291684508324,0.07801322638988495
Wrong 0.11674662679433823,0.0854121521115303,0.07080882787704468,0.08608095347881317
Correct 0.11478883028030396,0.11568468064069748,0.048982519656419754,0.059548694640398026
Correct 0.08458639681339264,0.06796563416719437,0.04492190480232239,0.057231973856687546
Wrong 0.11222901940345764,0.08808791637420654,0.06597348302602768,0.09750191122293472
Correct 0.16947470605373383,0.09286107122898102,0.12692534923553467,0.13095319271087646
Wrong 0.10082904249429703,0.10817069560289383,0.10004318505525589,0.14901304244995117
Wrong 0.10527786612510681,0.08795750886201859,0.05461372807621956,0.07762189209461212
Correct 0.014450709335505962,0.011079337447881699,0.008363085798919201,0.010654785670340061
Wrong 0.0690097063779831,0.11113959550857544,0.056322433054447174,0.0879172533750534
Wrong 0.03777503967285156,0.02458025887608528,0.021523062139749527,0.0366106852889061
Correct 0.17014306783676147,0.14104893803596497,0.13354253768920898,0.143269345164299
Correct 0.10576231777667999,0.10170643776655197,0.14798367023468018,0.12077957391738892
Correct 0.1472139209508896,0.21756118535995483,0.13299228250980377,0.17618407309055328
Wrong 0.07864436507225037,0.09486088156700134,0.07562917470932007,0.09194082021713257
Correct 0.1382634937763214,0.1471702754497528,0.1155167743563652,0.13933850824832916
Wrong 0.09559611231088638,0.059820756316185,0.037434469908475876,0.05279014632105827
Correct 0.0888800323009491,0.08750046044588089,0.09837783128023148,0.10554227232933044
Wrong 0.1081819012761116,0.07611392438411713,0.04991631582379341,0.07039293646812439
Wrong 0.05432860180735588,0.09914617240428925,0.07367901504039764,0.06401264667510986
Wrong 0.13452906906604767,0.1253926008939743,0.0946517065167427,0.1324411928653717
Correct 0.17794473469257355,0.08947508782148361,0.08604665845632553,0.10138733685016632
Wrong 0.1217036172747612,0.1188826933503151,0.05748799815773964,0.06826800853013992
Correct 0.11362595856189728,0.06474097818136215,0.06034446507692337,0.06473995000123978
Wrong 0.11866683512926102,0.0841461792588234,0.06656515598297119,0.11774077266454697
Correct 0.05549313500523567,0.07886636257171631,0.077644482254982,0.1183936670422554
Correct 0.1053154319524765,0.13003970682621002,0.15203392505645752,0.16697411239147186
Wrong 0.09532444179058075,0.05305461958050728,0.04609401896595955,0.05023017153143883
Wrong 0.10339677333831787,0.07683246582746506,0.054057762026786804,0.0786541998386383
Wrong 0.13678045570850372,0.09851829707622528,0.046901214867830276,0.0682404637336731
Correct 0.09644418209791183,0.055815793573856354,0.14820553362369537,0.12001796811819077
Wrong 0.08842382580041885,0.08241560310125351,0.058440450578927994,0.05238649994134903
Wrong 0.10168811678886414,0.12556354701519012,0.19909065961837769,0.22037029266357422
Wrong 0.09679152071475983,0.05514707416296005,0.06916949152946472,0.058246027678251266
Correct 0.11766744405031204,0.07961704581975937,0.061043549329042435,0.07537803798913956
Wrong 0.10188371688127518,0.2090446949005127,0.1459382176399231,0.1679718941450119
Wrong 0.08629201352596283,0.08628695458173752,0.057477716356515884,0.07438292354345322
Correct 0.09328220039606094,0.07436979562044144,0.06986354291439056,0.10736408084630966
Wrong 0.14574114978313446,0.14573587477207184,0.15036270022392273,0.2153846174478531
Correct 0.07517445087432861,0.04523908346891403,0.038694340735673904,0.03809472918510437
Correct 0.04288804158568382,0.2078249454498291,0.042221732437610626,0.09589545428752899
Wrong 0.10171932727098465,0.09481150656938553,0.06723129004240036,0.0849883034825325
Wrong 0.09130233526229858,0.11273143440485,0.07568609714508057,0.13077159225940704
Correct 0.019727492704987526,0.025929681956768036,0.0357193797826767,0.02738693542778492
Wrong 0.09537920355796814,0.17406073212623596,0.08031605184078217,0.14206406474113464
Correct 0.07499262690544128,0.09188185632228851,0.11797910928726196,0.09260102361440659
Correct 0.12164796143770218,0.10734952986240387,0.1611519753932953,0.23083791136741638
Wrong 0.12858518958091736,0.16254378855228424,0.13687671720981598,0.18563003838062286
Correct 0.1615646779537201,0.13927064836025238,0.10189324617385864,0.14709915220737457
Correct 0.018204081803560257,0.21663029491901398,0.021116718649864197,0.037060774862766266
Wrong 0.06459055095911026,0.02016504853963852,0.02032216638326645,0.05029707029461861
Correct 0.1817929744720459,0.0706360787153244,0.03014213778078556,0.06532435864210129
Wrong 0.11301929503679276,0.0649009570479393,0.023322267457842827,0.03419935330748558
Correct 0.12328381091356277,0.07959563285112381,0.06547316908836365,0.12620237469673157
Wrong 0.09022048860788345,0.0624922551214695,0.04328534007072449,0.06809845566749573
Wrong 0.1452043354511261,0.08144845068454742,0.09748046845197678,0.1251661777496338
Correct 0.18620193004608154,0.055040519684553146,0.04671194404363632,0.09735529869794846
Correct 0.06673207134008408,0.09939133375883102,0.040472134947776794,0.04843904450535774
Wrong 0.10289034992456436,0.0685383751988411,0.05550369992852211,0.08012844622135162
Correct 0.06721267104148865,0.07381345331668854,0.07615553587675095,0.11343258619308472
Wrong 0.1170920804142952,0.06517002731561661,0.04479058086872101,0.05706409737467766
Correct 0.09864890575408936,0.13802677392959595,0.09635969251394272,0.16011519730091095
Correct 0.23352760076522827,0.09435229003429413,0.045625362545251846,0.06902874261140823
Wrong 0.11981726437807083,0.0911504328250885,0.0672091469168663,0.06514156609773636
Wrong 0.06739649176597595,0.05631013959646225,0.03551507368683815,0.04024313762784004
Wrong 0.04026060178875923,0.05721638351678848,0.037817154079675674,0.05049562454223633
Wrong 0.11835913360118866,0.1240362823009491,0.0764155313372612,0.1299874633550644
Correct 0.07759065926074982,0.10856448858976364,0.0781967043876648,0.11377712339162827
Correct 0.09955594688653946,0.07398185133934021,0.05084635689854622,0.06327921897172928
Wrong 0.10769311338663101,0.07286754995584488,0.07517892122268677,0.09959510713815689
Wrong 0.11872575432062149,0.07908749580383301,0.06712035089731216,0.0855133906006813
Wrong 0.14939981698989868,0.10760479420423508,0.20580153167247772,0.20741279423236847
Correct 0.1268172413110733,0.0987628623843193,0.05627290904521942,0.07874015718698502
Wrong 0.08893562108278275,0.061122484505176544,0.03195803984999657,0.04300442710518837
Wrong 0.11522172391414642,0.07043289393186569,0.055283140391111374,0.06668409705162048
Wrong 0.08886118978261948,0.1866512894630432,0.13132691383361816,0.263222873210907
Wrong 0.11838504672050476,0.08072991669178009,0.0604635626077652,0.09147746115922928
Correct 0.061616189777851105,0.05028768256306648,0.03510655090212822,0.043350718915462494
Wrong 0.11294909566640854,0.11929592490196228,0.06691888719797134,0.11294684559106827
Wrong 0.1329706907272339,0.10036952048540115,0.06379847973585129,0.08518160879611969
Wrong 0.1187831237912178,0.16235332190990448,0.20048175752162933,0.14898307621479034
Correct 0.16734111309051514,0.06656260788440704,0.0991436243057251,0.09684667736291885
Correct 0.12198080122470856,0.08515430986881256,0.03868239000439644,0.07999376952648163
Correct 0.1393001228570938,0.13291752338409424,0.21240340173244476,0.15179523825645447
Correct 0.10831920057535172,0.11351615190505981,0.0926491841673851,0.10663775354623795
Wrong 0.08236023038625717,0.03890346363186836,0.04108984395861626,0.05194121599197388
Wrong 0.13113835453987122,0.09821556508541107,0.07769449800252914,0.12610992789268494
Correct 0.0710061714053154,0.06774897873401642,0.04013926908373833,0.0476667545735836
Correct 0.12424393743276596,0.0802169218659401,0.05914779007434845,0.08084511011838913
Wrong 0.14634191989898682,0.10057561844587326,0.06805337220430374,0.09015502780675888
Correct 0.10672357678413391,0.11720737814903259,0.11905577778816223,0.1402783989906311
Correct 0.027706176042556763,0.2955540418624878,0.03213954716920853,0.04787111282348633
Correct 0.05649009719491005,0.10553576052188873,0.06552804261445999,0.11590682715177536
Correct 0.048786185681819916,0.05571425333619118,0.24391472339630127,0.20700259506702423
Wrong 0.10638587921857834,0.06554140895605087,0.03647932410240173,0.06303023546934128
Wrong 0.08708145469427109,0.05119127407670021,0.043444398790597916,0.05240386351943016
Wrong 0.12323708832263947,0.10706894844770432,0.09748625010251999,0.1533677726984024
Correct 0.13064439594745636,0.1412564516067505,0.07271318882703781,0.11619396507740021
Wrong 0.14959461987018585,0.0788300409913063,0.09887459874153137,0.09734121710062027
Correct 0.11938457936048508,0.08334165066480637,0.03612517938017845,0.06145058572292328
Wrong 0.06139257177710533,0.03135601803660393,0.021889956668019295,0.0257924422621727
Wrong 0.19910459220409393,0.12955549359321594,0.11888711899518967,0.1265537142753601
Correct 0.11498049646615982,0.10971144586801529,0.06551142781972885,0.0821695476770401
Wrong 0.11457731574773788,0.10190394520759583,0.06682930886745453,0.09134452044963837
Correct 0.11609786003828049,0.12552806735038757,0.1798131912946701,0.24577385187149048
