grade confidence_levels
Correct 0.04216601327061653,0.03969145566225052,0.024531381204724312,0.07822020351886749
Wrong 0.056566379964351654,0.026344943791627884,0.02177145518362522,0.03303026407957077
Wrong 0.14624178409576416,0.06519685685634613,0.10221455246210098,0.07046771049499512
Wrong 0.03976663947105408,0.023792337626218796,0.017201576381921768,0.031108826398849487
Correct 0.06797797977924347,0.05425623059272766,0.04813544824719429,0.0615110881626606
Correct 0.04112251102924347,0.037797268480062485,0.06258858740329742,0.0402541346848011
Correct 0.08874884247779846,0.03903735429048538,0.03588765859603882,0.034927502274513245
Correct 0.07823876291513443,0.05489719659090042,0.0315869115293026,0.05259925499558449
Wrong 0.03841468691825867,0.02280334010720253,0.01590697653591633,0.02741018868982792
Wrong 0.027491282671689987,0.017918240278959274,0.015568999573588371,0.024447757750749588
Wrong 0.057533957064151764,0.030938662588596344,0.0269429050385952,0.03630214184522629
Wrong 0.05312851071357727,0.032494883984327316,0.025131823495030403,0.03287680074572563
Correct 0.07322270423173904,0.04243886470794678,0.0330357663333416,0.05090072751045227
Wrong 0.062230564653873444,0.06220157817006111,0.04364849627017975,0.080693319439888
Correct 0.030698521062731743,0.029031075537204742,0.01860409788787365,0.03825955465435982
Wrong 0.027967125177383423,0.0210203118622303,0.012462016195058823,0.017879750579595566
Wrong 0.056617140769958496,0.03482609987258911,0.027215680107474327,0.04570005089044571
Wrong 0.050673484802246094,0.02887483313679695,0.022642482072114944,0.03745214641094208
Correct 0.07674749195575714,0.05586645379662514,0.04196642339229584,0.058976463973522186
Correct 0.035905882716178894,0.12346170097589493,0.026168836280703545,0.03157610073685646
Wrong 0.036185648292303085,0.04831990599632263,0.024260925129055977,0.04131501540541649
Wrong 0.052562080323696136,0.09246593713760376,0.032990168780088425,0.0510309636592865
Correct 0.0603250116109848,0.032644204795360565,0.024016376584768295,0.05818431079387665
Correct 0.04258386045694351,0.014932112768292427,0.07619605958461761,0.018803950399160385
Correct 0.10008059442043304,0.06639787554740906,0.04990110173821449,0.10650140047073364
Correct 0.08511225879192352,0.07158402353525162,0.04692678898572922,0.12362886965274811
Wrong 0.037653543055057526,0.01491586584597826,0.013070385903120041,0.01895037852227688
Wrong 0.044395845383405685,0.05572808161377907,0.06652608513832092,0.05897441878914833
Correct 0.04565250873565674,0.022828012704849243,0.019617315381765366,0.02616831287741661
Wrong 0.02568528614938259,0.018367115408182144,0.018642345443367958,0.027136389166116714
Correct 0.03985285013914108,0.10438019037246704,0.02879934199154377,0.026747455820441246
Correct 0.036673590540885925,0.012122353538870811,0.00851812120527029,0.015675492584705353
Correct 0.08060012757778168,0.08883930742740631,0.05153606832027435,0.10656293481588364
Correct 0.04579431563615799,0.02614380046725273,0.02196546271443367,0.033459827303886414
Correct 0.05718376114964485,0.026060111820697784,0.016720514744520187,0.02364364266395569
Correct 0.030203290283679962,0.01571241393685341,0.012620516121387482,0.016050532460212708
Wrong 0.06423129141330719,0.037006884813308716,0.026182075962424278,0.052441298961639404
Correct 0.0860026553273201,0.023604029789566994,0.0247942004352808,0.071007639169693
Correct 0.08223788440227509,0.10749873518943787,0.0866427794098854,0.11542970687150955
Correct 0.04009111970663071,0.02444794774055481,0.09807569533586502,0.08370855450630188
Wrong 0.07011198252439499,0.04707637056708336,0.03933189436793327,0.07248331606388092
Wrong 0.03338775038719177,0.09060187637805939,0.029202286154031754,0.11503185331821442
Wrong 0.07414993643760681,0.06471100449562073,0.03227124735713005,0.0826985090970993
Wrong 0.036389365792274475,0.02049032598733902,0.02199106104671955,0.029429340735077858
Wrong 0.0511372871696949,0.03582077473402023,0.03944709897041321,0.08372528851032257
Wrong 0.011045519262552261,0.013399908319115639,0.006014436017721891,0.015271687880158424
Wrong 0.10536839067935944,0.04511436074972153,0.059321701526641846,0.09116454422473907
Correct 0.05652008578181267,0.042637042701244354,0.0358608141541481,0.06519993394613266
Correct 0.03659582883119583,0.024193571880459785,0.01835733838379383,0.06565679609775543
Wrong 0.07942138612270355,0.03142230212688446,0.031433653086423874,0.05009816959500313
Correct 0.11365027725696564,0.04875890910625458,0.036630332469940186,0.060364075005054474
Wrong 0.04313502833247185,0.03705838322639465,0.03399447724223137,0.0398595854640007
Correct 0.05713386833667755,0.076292023062706,0.054274071007966995,0.061472102999687195
Wrong 0.062039054930210114,0.02147640287876129,0.030002593994140625,0.05359041690826416
Correct 0.05166754871606827,0.02794109471142292,0.030952218919992447,0.06591677665710449
Correct 0.04600740224123001,0.03049425780773163,0.0289924256503582,0.09031576663255692
Wrong 0.06865361332893372,0.039571262896060944,0.03985753282904625,0.052591994404792786
Wrong 0.03313285857439041,0.02336590364575386,0.02088399976491928,0.02524690330028534
Wrong 0.019884901121258736,0.012325234711170197,0.012401605024933815,0.01739691197872162
Correct 0.034706972539424896,0.058698732405900955,0.02952593006193638,0.1938442885875702
Wrong 0.05818767845630646,0.04210371524095535,0.030178410932421684,0.05697333812713623
Wrong 0.08000656217336655,0.05584099143743515,0.034850455820560455,0.0448724627494812
Wrong 0.03420254588127136,0.016061753034591675,0.020248349756002426,0.021216243505477905
Wrong 0.0646526888012886,0.04719353839755058,0.03098754957318306,0.049274615943431854
Correct 0.040387846529483795,0.025975603610277176,0.01754513569176197,0.03145882487297058
Correct 0.03159615769982338,0.016297297552227974,0.01593739725649357,0.02167697250843048
Wrong 0.03969192877411842,0.055979255586862564,0.051688339561223984,0.043523240834474564
Correct 0.046020474284887314,0.0778537392616272,0.06550635397434235,0.11398425698280334
Correct 0.03280364349484444,0.02398023009300232,0.02185138501226902,0.0609055832028389
Wrong 0.04275312274694443,0.02414698526263237,0.019276689738035202,0.03332870826125145
Wrong 0.054532404989004135,0.028765227645635605,0.02531110681593418,0.039911314845085144
Correct 0.02420235052704811,0.009569540619850159,0.05427069216966629,0.031087573617696762
Wrong 0.04644061625003815,0.025309674441814423,0.024208255112171173,0.03218112140893936
Wrong 0.026191528886556625,0.013698536902666092,0.00960451364517212,0.01657812111079693
Wrong 0.09319573640823364,0.021359534934163094,0.018826553598046303,0.05737511068582535
Wrong 0.04586569964885712,0.034615032374858856,0.029390033334493637,0.0399312824010849
Correct 0.0753105953335762,0.07996425777673721,0.030434848740696907,0.05682329833507538
Wrong 0.0248536579310894,0.01664767973124981,0.014317510649561882,0.018185948953032494
Wrong 0.05703207850456238,0.0448356531560421,0.02475428208708763,0.04450879618525505
Wrong 0.05540318042039871,0.018702782690525055,0.012019697576761246,0.03464733809232712
Wrong 0.025649353861808777,0.015659604221582413,0.010604084469377995,0.015378315933048725
Wrong 0.021174881607294083,0.010319594293832779,0.010846210643649101,0.013382322154939175
Wrong 0.04147838428616524,0.03529130294919014,0.025537537410855293,0.035615552216768265
Wrong 0.05342801287770271,0.05441698431968689,0.02780856192111969,0.056547604501247406
Wrong 0.03539302200078964,0.05523979291319847,0.06498797237873077,0.04488898813724518
Wrong 0.03744404390454292,0.019865848124027252,0.020420702174305916,0.02240941859781742
Wrong 0.027616363018751144,0.014851352199912071,0.009959766641259193,0.019667623564600945
Correct 0.054404180496931076,0.021689116954803467,0.015540300868451595,0.12733681499958038
Wrong 0.09699872136116028,0.1487647294998169,0.0612383633852005,0.11048134416341782
Correct 0.06972398608922958,0.03361523896455765,0.03903918340802193,0.08524439483880997
Correct 0.04634249955415726,0.029944591224193573,0.019806668162345886,0.04105478525161743
Correct 0.035033293068408966,0.018778640776872635,0.01370718888938427,0.06616664677858353
Correct 0.03667660430073738,0.01511220820248127,0.01044918317347765,0.015490977093577385
Wrong 0.015219047665596008,0.009195900522172451,0.007010976783931255,0.009654218330979347
Correct 0.03842344880104065,0.028699345886707306,0.019943933933973312,0.05189242213964462
Wrong 0.03750597685575485,0.023253168910741806,0.020580299198627472,0.028434516862034798
Wrong 0.03883549943566322,0.060968250036239624,0.03575044497847557,0.035673290491104126
Wrong 0.07603588700294495,0.048302844166755676,0.05499829351902008,0.05609074980020523
Wrong 0.04693260043859482,0.07011266052722931,0.034575071185827255,0.03498407080769539
Wrong 0.03333711624145508,0.01953490450978279,0.017398258671164513,0.02364046685397625
Correct 0.029704531654715538,0.02207428216934204,0.016647327691316605,0.02212567813694477
Correct 0.03157059848308563,0.017912380397319794,0.012884832918643951,0.019217653200030327
Correct 0.0553264282643795,0.03057423047721386,0.024303771555423737,0.06163567304611206
Wrong 0.0730283185839653,0.05159132927656174,0.02594468742609024,0.04422968626022339
Wrong 0.045670293271541595,0.030254047363996506,0.02134675532579422,0.034499652683734894
Correct 0.021167751401662827,0.012823885306715965,0.010883918032050133,0.016080209985375404
Wrong 0.024127012118697166,0.014345772564411163,0.012483821250498295,0.01691456511616707
Correct 0.05182143673300743,0.08106076717376709,0.023543812334537506,0.038646820932626724
Correct 0.08782422542572021,0.10081472247838974,0.03474601358175278,0.05438455566763878
Wrong 0.05549173802137375,0.0430113859474659,0.03650517389178276,0.027530528604984283
Wrong 0.012345828115940094,0.006910752039402723,0.006522712763398886,0.008213330060243607
Wrong 0.050035156309604645,0.04073036462068558,0.03909536451101303,0.05565304309129715
Wrong 0.06282081454992294,0.05552878603339195,0.08228348940610886,0.04594065621495247
Correct 0.08949977159500122,0.05897456035017967,0.05235834792256355,0.17585992813110352
Wrong 0.028197862207889557,0.021489232778549194,0.015911279246211052,0.027659762650728226
Correct 0.028267497196793556,0.019146062433719635,0.02107951231300831,0.027475014328956604
Wrong 0.030154667794704437,0.015433568507432938,0.015245120972394943,0.01954348385334015
Wrong 0.02117086574435234,0.011698063462972641,0.00772195216268301,0.011556258425116539
Wrong 0.06265620142221451,0.035154521465301514,0.035877205431461334,0.04986252263188362
Wrong 0.03422456234693527,0.022492917254567146,0.019406326115131378,0.026065118610858917
Wrong 0.03988829255104065,0.0399780347943306,0.024228038266301155,0.04369836300611496
Correct 0.03203020617365837,0.04717158526182175,0.06960716843605042,0.04617289453744888
Correct 0.04828261211514473,0.0317041277885437,0.0203265268355608,0.062445253133773804
Correct 0.0849291980266571,0.05673772841691971,0.07085755467414856,0.06941551715135574
Correct 0.01887483522295952,0.1740250587463379,0.02072419971227646,0.06834542751312256
Correct 0.03596743568778038,0.07395118474960327,0.016516709700226784,0.026847267523407936
Wrong 0.05226622521877289,0.03189675882458687,0.02705894410610199,0.03055247664451599
Wrong 0.034571655094623566,0.024685777723789215,0.021986445412039757,0.045498788356781006
Correct 0.03538213297724724,0.17516183853149414,0.026271330192685127,0.07158908247947693
Wrong 0.06291557848453522,0.03356197103857994,0.035770706832408905,0.04348767548799515
Wrong 0.007732749916613102,0.003082037903368473,0.00342421792447567,0.0034249546006321907
Wrong 0.013996973633766174,0.00835753045976162,0.006940968334674835,0.009375523775815964
Correct 0.02615237608551979,0.017466140910983086,0.012466571293771267,0.020822908729314804
Correct 0.05249479413032532,0.04203902557492256,0.022361064329743385,0.028913356363773346
Wrong 0.05449744686484337,0.0389731302857399,0.03301379084587097,0.036976736038923264
Wrong 0.03829463571310043,0.02127297967672348,0.0227833092212677,0.025746986269950867
Correct 0.032017722725868225,0.01784053072333336,0.012387645430862904,0.019133511930704117
Correct 0.07288739085197449,0.04162625968456268,0.02963990718126297,0.05039278417825699
Wrong 0.03719755634665489,0.029079094529151917,0.016429657116532326,0.03179675340652466
Correct 0.23782843351364136,0.020671837031841278,0.027570601552724838,0.02981964498758316
Wrong 0.07094268500804901,0.022184059023857117,0.007334316615015268,0.04051315784454346
Wrong 0.041834063827991486,0.02645988017320633,0.018909860402345657,0.03639435023069382
Wrong 0.02543671801686287,0.01239694468677044,0.007926850579679012,0.015514334663748741
Wrong 0.020869186148047447,0.011270002461969852,0.00745674641802907,0.012213656678795815
Wrong 0.03589591756463051,0.021562878042459488,0.019930817186832428,0.03426666930317879
Wrong 0.024356115609407425,0.01058010384440422,0.007159722037613392,0.011189925484359264
Correct 0.08338932693004608,0.03876097500324249,0.02664857916533947,0.036838918924331665
Wrong 0.033040955662727356,0.03080572932958603,0.02321675792336464,0.030130162835121155
Wrong 0.053093865513801575,0.030449528247117996,0.017440974712371826,0.02872234210371971
Wrong 0.051796168088912964,0.029944300651550293,0.041499339044094086,0.057904258370399475
Wrong 0.044468823820352554,0.024607999250292778,0.01694372482597828,0.01990010216832161
Wrong 0.02829231694340706,0.0157335102558136,0.009857740253210068,0.012866416946053505
Wrong 0.05793996900320053,0.03708651661872864,0.047500696033239365,0.04001529887318611
Wrong 0.05141580104827881,0.033808790147304535,0.026419056579470634,0.03662460669875145
Wrong 0.04243098199367523,0.06587193161249161,0.029697569087147713,0.03781050816178322
Wrong 0.047873735427856445,0.03181939199566841,0.02707093581557274,0.03398772329092026
Correct 0.03702327609062195,0.02138330601155758,0.01561539527028799,0.030732348561286926
Wrong 0.07320079207420349,0.08357423543930054,0.04007988050580025,0.07880401611328125
Correct 0.029835274443030357,0.01950514316558838,0.009100737050175667,0.017270199954509735
Wrong 0.05959751829504967,0.0334777869284153,0.03825407847762108,0.04811961576342583
Wrong 0.05297258123755455,0.029724925756454468,0.02204342558979988,0.026955047622323036
Correct 0.028101585805416107,0.01371205598115921,0.009889323264360428,0.01883242279291153
Wrong 0.02623213827610016,0.016160789877176285,0.017461461946368217,0.019297055900096893
Wrong 0.025377389043569565,0.012278629466891289,0.010884909890592098,0.01703408919274807
Correct 0.10998234897851944,0.051905304193496704,0.04094967991113663,0.08756434172391891
Correct 0.05639783665537834,0.04065842181444168,0.041417356580495834,0.06049463897943497
Correct 0.06859955191612244,0.09177735447883606,0.0205918587744236,0.0359891876578331
Wrong 0.05903349816799164,0.02152673900127411,0.03333538398146629,0.03864528611302376
Wrong 0.01960284635424614,0.011120385490357876,0.010137166827917099,0.01916227489709854
Wrong 0.029217150062322617,0.01881500892341137,0.014156975783407688,0.01689409464597702
Wrong 0.038289811462163925,0.025313545018434525,0.018441909924149513,0.024049725383520126
Wrong 0.04584669694304466,0.025798460468649864,0.03422333300113678,0.0423380583524704
Wrong 0.058502618223428726,0.034183841198682785,0.03881881386041641,0.037450551986694336
Correct 0.042390305548906326,0.24847963452339172,0.015518472529947758,0.023843009024858475
Correct 0.10501746833324432,0.030762771144509315,0.030317075550556183,0.04907190054655075
Correct 0.03616045415401459,0.03876376152038574,0.11901023983955383,0.04899412766098976
Wrong 0.04443102329969406,0.02508055418729782,0.018252722918987274,0.03627477586269379
Wrong 0.04803595691919327,0.025555498898029327,0.025079481303691864,0.0337371751666069
Wrong 0.019960328936576843,0.009245108813047409,0.007141639478504658,0.012221546843647957
Wrong 0.06269657611846924,0.06008441373705864,0.08093225955963135,0.08126098662614822
Wrong 0.06016942858695984,0.055869828909635544,0.052589721977710724,0.0537150502204895
Wrong 0.1279219388961792,0.07512590289115906,0.07362555712461472,0.09223051369190216
Wrong 0.02859814651310444,0.0176815427839756,0.015238214284181595,0.02474774420261383
Correct 0.0656944289803505,0.05636310949921608,0.05582813918590546,0.06259201467037201
Wrong 0.03499757871031761,0.02288736030459404,0.018156426027417183,0.03019489347934723
Correct 0.04023737087845802,0.022526482120156288,0.022285621613264084,0.08376466482877731
Correct 0.052922606468200684,0.05498252436518669,0.03746066242456436,0.05333835631608963
Wrong 0.04279915243387222,0.023600896820425987,0.023619305342435837,0.0283060260117054
Correct 0.05495727062225342,0.049753688275814056,0.03485209494829178,0.20050550997257233
Wrong 0.036930784583091736,0.057287029922008514,0.02573765441775322,0.08270259946584702
Correct 0.058112844824790955,0.05394352599978447,0.05655846372246742,0.04659212753176689
Wrong 0.072346530854702,0.03546237200498581,0.02886803261935711,0.038092900067567825
Correct 0.028518233448266983,0.019973797723650932,0.018227197229862213,0.026711199432611465
Wrong 0.028591474518179893,0.01713985577225685,0.012319519184529781,0.019063077867031097
Correct 0.04595087096095085,0.02333199605345726,0.017795830965042114,0.029261890798807144
Wrong 0.07845121622085571,0.06433483958244324,0.04484637826681137,0.047455329447984695
Correct 0.06529811769723892,0.06493082642555237,0.039794012904167175,0.12064637243747711
Wrong 0.04187282547354698,0.0341881588101387,0.025914257392287254,0.035614024847745895
Correct 0.012106498703360558,0.006791591178625822,0.0054869018495082855,0.008782930672168732
Wrong 0.039830222725868225,0.021778594702482224,0.022857531905174255,0.026474887505173683
Wrong 0.01871977373957634,0.00885491631925106,0.008176704868674278,0.01403459720313549
Correct 0.056568749248981476,0.06736390292644501,0.03483383730053902,0.08348043262958527
Wrong 0.017456848174333572,0.010265322402119637,0.007959289476275444,0.009780827909708023
Wrong 0.04339129850268364,0.04033656418323517,0.02434297278523445,0.04442618787288666
Correct 0.031106796115636826,0.02008272521197796,0.01846349611878395,0.02630249597132206
Correct 0.031146876513957977,0.018652059137821198,0.015202822163701057,0.019025981426239014
Correct 0.04414922744035721,0.07127102464437485,0.03763124346733093,0.042120661586523056
Wrong 0.07419637590646744,0.04815741628408432,0.03467698022723198,0.06265397369861603
Correct 0.03589378297328949,0.024235351011157036,0.01419033668935299,0.04738166928291321
Wrong 0.045954227447509766,0.02799997478723526,0.029375474900007248,0.04646039381623268
Correct 0.08147134631872177,0.04865449666976929,0.04939240217208862,0.21095497906208038
Wrong 0.03829140216112137,0.02385532669723034,0.017876867204904556,0.022576019167900085
Wrong 0.07593604922294617,0.036139823496341705,0.027707044035196304,0.05018217861652374
Wrong 0.03699168562889099,0.02305714413523674,0.02058427408337593,0.03408333286643028
Wrong 0.03395434468984604,0.024478400126099586,0.0164474006742239,0.036462731659412384
Wrong 0.03660941123962402,0.022280219942331314,0.018147990107536316,0.027799692004919052
Wrong 0.07640565931797028,0.048289261758327484,0.027691267430782318,0.04415995255112648
Wrong 0.07732619345188141,0.04498272389173508,0.02913283370435238,0.07467402517795563
Correct 0.03125316649675369,0.028564710170030594,0.02249443158507347,0.1600349396467209
Wrong 0.05652645230293274,0.0455484464764595,0.06592981517314911,0.051312025636434555
Correct 0.062056705355644226,0.05669553950428963,0.03419779986143112,0.16647103428840637
Wrong 0.04819142818450928,0.03374033421278,0.03162642568349838,0.03858068585395813
Correct 0.021774597465991974,0.010286920703947544,0.011252771131694317,0.012846664525568485
Wrong 0.05556546896696091,0.030713174492120743,0.0750114917755127,0.05542578175663948
Correct 0.015331704169511795,0.006825976073741913,0.006574936211109161,0.01060703955590725
Wrong 0.06875401735305786,0.054191358387470245,0.03858359903097153,0.07443185895681381
Wrong 0.04804128035902977,0.028648145496845245,0.05377160385251045,0.06326843798160553
Wrong 0.06456948071718216,0.039251167327165604,0.027233634144067764,0.0541662871837616
Wrong 0.07112910598516464,0.033535830676555634,0.0373869426548481,0.05667655169963837
Wrong 0.03461180999875069,0.020023291930556297,0.016066649928689003,0.023549936711788177
Wrong 0.045456454157829285,0.033483922481536865,0.026414988562464714,0.04040496051311493
Wrong 0.009453695267438889,0.005356868728995323,0.0044333115220069885,0.006950149778276682
Correct 0.02967754751443863,0.03549918532371521,0.03553420677781105,0.054890625178813934
Wrong 0.04683779925107956,0.020733729004859924,0.01866278424859047,0.02920437976717949
Wrong 0.0699208602309227,0.07020334154367447,0.059438418596982956,0.03930118307471275
Wrong 0.02299346961081028,0.021040059626102448,0.013972904533147812,0.02575143426656723
Wrong 0.03131142631173134,0.03245650231838226,0.028127580881118774,0.028142329305410385
Correct 0.037735845893621445,0.07444079220294952,0.02928842045366764,0.02866283804178238
Correct 0.049185819923877716,0.0339970737695694,0.024070220068097115,0.11030749976634979
Wrong 0.06769383698701859,0.0507953017950058,0.051251623779535294,0.05965397506952286
Correct 0.050307393074035645,0.09037156403064728,0.054242491722106934,0.11768186092376709
Wrong 0.05008488893508911,0.036559686064720154,0.04158906638622284,0.05938516929745674
Correct 0.03479338437318802,0.04332474619150162,0.02124359831213951,0.04851524531841278
Correct 0.043243102729320526,0.04859550669789314,0.05536040663719177,0.06056782975792885
Correct 0.10267043113708496,0.054520703852176666,0.049915652722120285,0.09128077328205109
Wrong 0.019509702920913696,0.0176958329975605,0.016503363847732544,0.020180724561214447
Correct 0.06825315952301025,0.03757229819893837,0.11733975261449814,0.04606156051158905
Correct 0.01934494636952877,0.013826124370098114,0.02703414484858513,0.027620717883110046
Correct 0.02527312934398651,0.011764805763959885,0.010777749121189117,0.015349261462688446
Correct 0.05322384089231491,0.022413328289985657,0.014428015798330307,0.024251090362668037
Correct 0.009607506915926933,0.006562180817127228,0.005819728597998619,0.00887912604957819
Correct 0.08058994263410568,0.07008588314056396,0.035057175904512405,0.0956781655550003
Correct 0.03419072926044464,0.02099030092358589,0.019717054441571236,0.035762958228588104
Correct 0.07329536974430084,0.02286345139145851,0.022707907482981682,0.03160246089100838
Correct 0.04122346639633179,0.025427494198083878,0.02072439342737198,0.02757655456662178
Correct 0.03780432790517807,0.052305541932582855,0.01619795337319374,0.033238232135772705
Wrong 0.04937371239066124,0.030327077955007553,0.028076045215129852,0.06967800855636597
Wrong 0.026705551892518997,0.016336150467395782,0.017058955505490303,0.0206206813454628
Wrong 0.02662705071270466,0.017535869032144547,0.020010696724057198,0.03578917682170868
Correct 0.05562097579240799,0.01416365522891283,0.015271366573870182,0.02369746007025242
Correct 0.048007767647504807,0.03201586380600929,0.09795854985713959,0.04309234768152237
Wrong 0.027552008628845215,0.015870580449700356,0.01299644261598587,0.018783506006002426
Wrong 0.06029735878109932,0.021970005705952644,0.04880301654338837,0.04826211929321289
Wrong 0.04343048110604286,0.03502575308084488,0.039641305804252625,0.04331803321838379
Wrong 0.06062591075897217,0.026539191603660583,0.020323149859905243,0.029547730460762978
Correct 0.03283017501235008,0.012306269258260727,0.010287146084010601,0.01970495469868183
Correct 0.0852445587515831,0.019801484420895576,0.021142810583114624,0.02678418904542923
Correct 0.06590370088815689,0.04810735210776329,0.04535287618637085,0.05682232975959778
Correct 0.07822488993406296,0.024590399116277695,0.07945135235786438,0.06440286338329315
Correct 0.020634111016988754,0.08941737562417984,0.013151723891496658,0.015137791633605957
Wrong 0.058589547872543335,0.026211144402623177,0.020859338343143463,0.04153217375278473
Correct 0.019837481901049614,0.011437653563916683,0.023069895803928375,0.02076001837849617
Wrong 0.07322487235069275,0.03801504522562027,0.052684564143419266,0.0936456099152565
Correct 0.05822667479515076,0.05379238352179527,0.02352091670036316,0.05643469840288162
Correct 0.047283608466386795,0.12585557997226715,0.03582671284675598,0.04468396306037903
Correct 0.05256200581789017,0.08927661180496216,0.03415433689951897,0.04081088677048683
Correct 0.03857966512441635,0.05327000468969345,0.03685535490512848,0.09910360723733902
Wrong 0.030271977186203003,0.029641669243574142,0.01978083699941635,0.0725475400686264
Wrong 0.04239947721362114,0.022988175973296165,0.021587716415524483,0.02908182330429554
Correct 0.05370359867811203,0.02378489263355732,0.019690535962581635,0.021023737266659737
Correct 0.13394157588481903,0.05451660230755806,0.10317974537611008,0.12338708341121674
Wrong 0.10937938839197159,0.06367537379264832,0.03472088649868965,0.22388461232185364
Wrong 0.044075410813093185,0.034384243190288544,0.028866630047559738,0.0337345153093338
Correct 0.06533698737621307,0.0742926076054573,0.05268259346485138,0.09432637691497803
Correct 0.06036818027496338,0.02861175686120987,0.02490440383553505,0.12581506371498108
Wrong 0.062358103692531586,0.07409940659999847,0.04516366869211197,0.06460892409086227
Wrong 0.04856190085411072,0.036219414323568344,0.028459543362259865,0.03800727054476738
Correct 0.06050273776054382,0.04119253158569336,0.022674288600683212,0.043470196425914764
Wrong 0.028453009203076363,0.080312579870224,0.02226395159959793,0.04745654761791229
Correct 0.09146644920110703,0.054163649678230286,0.04522721469402313,0.06678348034620285
Wrong 0.10427088290452957,0.06315271556377411,0.0418010950088501,0.06044717878103256
Wrong 0.061525534838438034,0.02692493610084057,0.022328171879053116,0.04486655443906784
Wrong 0.03569605574011803,0.09084491431713104,0.034351885318756104,0.06978388875722885
Correct 0.11842204630374908,0.05034571886062622,0.03979242593050003,0.046696797013282776
Wrong 0.03938992694020271,0.02092965692281723,0.01501990295946598,0.02320149913430214
Wrong 0.05214497447013855,0.03751801326870918,0.01686042547225952,0.04697033762931824
Wrong 0.05215901508927345,0.04810617119073868,0.03083791211247444,0.05285526439547539
Correct 0.06915275007486343,0.0485650971531868,0.03222523629665375,0.04535455256700516
Correct 0.05225900933146477,0.01879051886498928,0.012530221603810787,0.01894911378622055
Wrong 0.04327227175235748,0.048710644245147705,0.0435057058930397,0.05918608605861664
Wrong 0.0770556628704071,0.05006949603557587,0.061965469270944595,0.05684669688344002
Correct 0.05765674635767937,0.14473827183246613,0.015923848375678062,0.033454302698373795
Correct 0.05904325097799301,0.0409969724714756,0.027657408267259598,0.0772668868303299
Wrong 0.05730274319648743,0.06089385598897934,0.03177640959620476,0.05489683896303177
Wrong 0.04628405347466469,0.027378659695386887,0.07023463398218155,0.0833134651184082
Correct 0.03364935889840126,0.016490109264850616,0.01904371567070484,0.02697662264108658
Wrong 0.03820706903934479,0.024166302755475044,0.014441615901887417,0.025861255824565887
Wrong 0.04051237925887108,0.03793904930353165,0.022801414132118225,0.023365309461951256
Wrong 0.05151796340942383,0.047523658722639084,0.08454388380050659,0.07305275648832321
Wrong 0.03655967488884926,0.015596851706504822,0.015179045498371124,0.019822178408503532
Correct 0.045827046036720276,0.056745000183582306,0.034831903874874115,0.033272720873355865
Wrong 0.02138938382267952,0.016830023378133774,0.019943637773394585,0.017658133059740067
Wrong 0.04577314481139183,0.02662830799818039,0.02513028122484684,0.029121896252036095
Wrong 0.0336143784224987,0.07742390781641006,0.042907267808914185,0.030217234045267105
Wrong 0.037389494478702545,0.012562691234052181,0.008822361938655376,0.01491469144821167
Correct 0.04624159634113312,0.035510506480932236,0.019927628338336945,0.04269387945532799
Correct 0.06567896902561188,0.10729672014713287,0.057234346866607666,0.09771276265382767
Wrong 0.07033678144216537,0.03938014805316925,0.05826510488986969,0.05210423842072487
Correct 0.017497217282652855,0.009947473183274269,0.010089514777064323,0.012408317998051643
Wrong 0.03339546173810959,0.021047886461019516,0.012558422051370144,0.024938181042671204
Wrong 0.05097390338778496,0.06020441651344299,0.03343749791383743,0.040995363146066666
Wrong 0.03547351807355881,0.01908528432250023,0.010044656693935394,0.022591061890125275
Wrong 0.04276728630065918,0.024398379027843475,0.05219487100839615,0.03511534258723259
Wrong 0.013163810595870018,0.0060891443863511086,0.006014032755047083,0.00753684202209115
Correct 0.06428755819797516,0.04481515660881996,0.03893188014626503,0.06528052687644958
Correct 0.08043111115694046,0.03854174166917801,0.023378964513540268,0.2176530659198761
Correct 0.022305261343717575,0.0186547189950943,0.10371367633342743,0.019186943769454956
Wrong 0.050033435225486755,0.03663141652941704,0.021961957216262817,0.07547956705093384
Wrong 0.05763041228055954,0.03449246659874916,0.02953910455107689,0.03096761927008629
Wrong 0.08739626407623291,0.04826823249459267,0.02888980507850647,0.04195129871368408
Wrong 0.03599528595805168,0.0209585502743721,0.01587841287255287,0.02704739384353161
Wrong 0.02439725585281849,0.011463621631264687,0.009302294813096523,0.015014035627245903
Wrong 0.03725748509168625,0.020795445889234543,0.02978288009762764,0.02260059490799904
Wrong 0.032645970582962036,0.04445265978574753,0.030665826052427292,0.025523772463202477
Wrong 0.049736954271793365,0.027606945484876633,0.02609935589134693,0.04843902587890625
Correct 0.06169017404317856,0.09292818605899811,0.04035721346735954,0.057545531541109085
Correct 0.042926136404275894,0.034033894538879395,0.027161866426467896,0.08577083051204681
Wrong 0.05965045094490051,0.04139771685004234,0.030504757538437843,0.035167042165994644
Correct 0.03446287661790848,0.06315051019191742,0.03623241186141968,0.07013770192861557
Correct 0.06695941835641861,0.040326256304979324,0.03515244647860527,0.04833913967013359
Correct 0.06979414075613022,0.0302862711250782,0.04612511768937111,0.17426276206970215
Correct 0.051650818437337875,0.028107278048992157,0.060459449887275696,0.04890985041856766
Wrong 0.04807165265083313,0.0384933203458786,0.02863171696662903,0.026147108525037766
Wrong 0.0409611277282238,0.030559098348021507,0.024169081822037697,0.04673648998141289
Correct 0.057106561958789825,0.031054440885782242,0.0182785727083683,0.030034136027097702
Correct 0.038854096084833145,0.041734080761671066,0.042086411267519,0.059514276683330536
Correct 0.05694737657904625,0.05495600402355194,0.03462645411491394,0.05288428068161011
Correct 0.022507373243570328,0.012031331658363342,0.009846784174442291,0.013570955023169518
Correct 0.044522855430841446,0.018370969220995903,0.020883070304989815,0.0254976786673069
Correct 0.06331335008144379,0.038303639739751816,0.04697011783719063,0.06467986106872559
Wrong 0.017651069909334183,0.007690597791224718,0.007983059622347355,0.010323096066713333
Correct 0.03725889325141907,0.019589316099882126,0.01900407485663891,0.024303248152136803
Wrong 0.0429546944797039,0.03630700707435608,0.04230713099241257,0.03318110108375549
Correct 0.03576408326625824,0.027493402361869812,0.0703466609120369,0.08575406670570374
Correct 0.06131570786237717,0.039219796657562256,0.029094774276018143,0.09324716031551361
Correct 0.038277409970760345,0.024573633447289467,0.021254710853099823,0.02473093941807747
Wrong 0.01788165792822838,0.010770267806947231,0.008300021290779114,0.015916218981146812
Correct 0.038263510912656784,0.0347188338637352,0.049406904727220535,0.05294356495141983
Correct 0.043964121490716934,0.05930647999048233,0.029095981270074844,0.25696390867233276
Wrong 0.05191304162144661,0.05891763046383858,0.03948618844151497,0.0659940093755722
Wrong 0.028753437101840973,0.013943001627922058,0.013809196650981903,0.02085365355014801
Wrong 0.02244328148663044,0.010566387325525284,0.011095985770225525,0.01022573933005333
Wrong 0.040618814527988434,0.09495934844017029,0.09326234459877014,0.06237827613949776
Wrong 0.037514280527830124,0.037971507757902145,0.020935364067554474,0.039082594215869904
Wrong 0.06557092815637589,0.03981295973062515,0.02283252589404583,0.051375411450862885
Wrong 0.07078820466995239,0.05659464746713638,0.05342380702495575,0.051465511322021484
Wrong 0.04291496053338051,0.048379234969615936,0.03674529492855072,0.07847994565963745
Correct 0.04113432392477989,0.07895522564649582,0.02930951490998268,0.046271197497844696
Wrong 0.017436612397432327,0.016773302108049393,0.01018955372273922,0.018547188490629196
Correct 0.03267607092857361,0.06699203699827194,0.03300166875123978,0.02875720150768757
Correct 0.050602737814188004,0.030416475608944893,0.03711108863353729,0.04911066219210625
Correct 0.12952937185764313,0.04813239723443985,0.03998440131545067,0.05232511833310127
Correct 0.029810842126607895,0.024070005863904953,0.016203077509999275,0.047686174511909485
Wrong 0.051795486360788345,0.0550549291074276,0.042615462094545364,0.06671847403049469
Correct 0.041893862187862396,0.046835679560899734,0.01511638704687357,0.043576858937740326
Wrong 0.06787527352571487,0.0179730411618948,0.014520101249217987,0.06421859562397003
Correct 0.048331476747989655,0.018279265612363815,0.0383283831179142,0.035577040165662766
Wrong 0.062328774482011795,0.037626396864652634,0.04249277710914612,0.048937808722257614
Correct 0.020201250910758972,0.011595573276281357,0.011054185219109058,0.01763208769261837
Correct 0.03132510930299759,0.02043784223496914,0.014311416074633598,0.023629996925592422
Wrong 0.09274179488420486,0.03655877709388733,0.051338858902454376,0.06265820562839508
Correct 0.043155718594789505,0.06501556187868118,0.028109557926654816,0.04059205204248428
Wrong 0.0427871011197567,0.054240524768829346,0.016141947358846664,0.023743601515889168
Wrong 0.01921367086470127,0.01342887245118618,0.015765227377414703,0.02326689288020134
Correct 0.018157964572310448,0.025866949930787086,0.012959945015609264,0.02235998399555683
Wrong 0.033097393810749054,0.017797119915485382,0.018207965418696404,0.01590719260275364
Wrong 0.056632496416568756,0.03712986409664154,0.03843367472290993,0.0322866290807724
Correct 0.03161044046282768,0.02365654893219471,0.014539147727191448,0.022002840414643288
Wrong 0.03405104577541351,0.03925589472055435,0.024845894426107407,0.03228452056646347
Correct 0.12128859013319016,0.04417738318443298,0.04082798585295677,0.04761176556348801
Wrong 0.01519077830016613,0.006715929601341486,0.007430370897054672,0.008596835657954216
Correct 0.040048398077487946,0.0664801150560379,0.036909423768520355,0.04945629835128784
Wrong 0.05255630239844322,0.028787648305296898,0.020683348178863525,0.032590173184871674
Wrong 0.05556432157754898,0.05370936915278435,0.03803592920303345,0.08572933077812195
Wrong 0.031172197312116623,0.024889085441827774,0.020216289907693863,0.02398352138698101
Wrong 0.07934167236089706,0.06043488159775734,0.033075280487537384,0.046104975044727325
Wrong 0.05806323513388634,0.030656106770038605,0.025527043268084526,0.051038723438978195
Wrong 0.04982621222734451,0.04386498034000397,0.02912507951259613,0.03582622483372688
Wrong 0.0383480042219162,0.05036259442567825,0.04472719505429268,0.050548579543828964
Correct 0.05264630541205406,0.06866148859262466,0.020394358783960342,0.05092649906873703
Wrong 0.05431506782770157,0.02421928569674492,0.06663621962070465,0.04869306832551956
Correct 0.03797789663076401,0.01988046243786812,0.015915513038635254,0.023049157112836838
Wrong 0.012731662020087242,0.006646377965807915,0.004822068847715855,0.008987373672425747
Wrong 0.06661903113126755,0.04544961079955101,0.06762400269508362,0.07048694789409637
Correct 0.030602626502513885,0.04139776900410652,0.07673459500074387,0.028856441378593445
Wrong 0.05545265972614288,0.062333524227142334,0.04062492400407791,0.05933544039726257
Correct 0.06053848937153816,0.03521648049354553,0.04735656827688217,0.03960936516523361
Wrong 0.06626761704683304,0.04711164906620979,0.031408026814460754,0.039982233196496964
Correct 0.05404571071267128,0.03878136724233627,0.0774252861738205,0.06714499741792679
Wrong 0.03549639880657196,0.018479084596037865,0.013237953186035156,0.019536830484867096
Correct 0.07393354922533035,0.0633726641535759,0.06535270065069199,0.09159945696592331
Wrong 0.029060110449790955,0.014264160767197609,0.01185961626470089,0.016548553481698036
Correct 0.04224873334169388,0.019893644377589226,0.021009279415011406,0.0267893485724926
Wrong 0.060171812772750854,0.03760967403650284,0.032267164438962936,0.04071749374270439
Wrong 0.028425024822354317,0.025195248425006866,0.010273505002260208,0.015049999579787254
Wrong 0.017059024423360825,0.013009797781705856,0.0068995277397334576,0.0106137590482831
Correct 0.03886199742555618,0.020043665543198586,0.016384392976760864,0.025830630213022232
Wrong 0.04340536892414093,0.04719253256917,0.05188470706343651,0.05841352418065071
Wrong 0.006999031640589237,0.003619781229645014,0.003034439403563738,0.003682538401335478
Correct 0.06593821197748184,0.06649880111217499,0.0446949303150177,0.10820913314819336
Wrong 0.08096903562545776,0.07887183129787445,0.05454719811677933,0.0939660370349884
Wrong 0.030946603044867516,0.024223249405622482,0.019236955791711807,0.020385855808854103
Correct 0.0365985706448555,0.013869144022464752,0.011363609693944454,0.015353765338659286
Correct 0.0388113372027874,0.03875088691711426,0.035305704921483994,0.038560137152671814
Wrong 0.06392110884189606,0.047154009342193604,0.07028032094240189,0.07502728700637817
Wrong 0.055673278868198395,0.0367312952876091,0.032684504985809326,0.04158489778637886
Wrong 0.042278923094272614,0.0440952442586422,0.1429925560951233,0.17754358053207397
Wrong 0.026171574369072914,0.09349813312292099,0.14585930109024048,0.04217807203531265
Wrong 0.07411222159862518,0.0288139209151268,0.02140234224498272,0.027314063161611557
Correct 0.019406452775001526,0.04615205526351929,0.052411653101444244,0.04148169979453087
Correct 0.04129078611731529,0.040562424808740616,0.21385711431503296,0.08773685991764069
Wrong 0.022782398387789726,0.032391536980867386,0.016256023198366165,0.02463601529598236
Wrong 0.043798305094242096,0.030920978635549545,0.01882903091609478,0.03338828310370445
Wrong 0.03364111855626106,0.028579114004969597,0.022498704493045807,0.0403359979391098
Wrong 0.0819384902715683,0.043011970818042755,0.03100886382162571,0.05475291609764099
Correct 0.0430213138461113,0.10160236060619354,0.04662565141916275,0.04984058439731598
Wrong 0.026452619582414627,0.010233025997877121,0.010369908064603806,0.01336527056992054
Correct 0.042890764772892,0.041353918612003326,0.024112075567245483,0.05941341072320938
Correct 0.05413202941417694,0.021193381398916245,0.014808891341090202,0.02139802649617195
Wrong 0.05200154334306717,0.02500796690583229,0.04548048973083496,0.06079993396997452
Wrong 0.05004841461777687,0.01627739705145359,0.02750115841627121,0.023916814476251602
Wrong 0.08174048364162445,0.040198732167482376,0.04369838535785675,0.061294328421354294
Wrong 0.07357016205787659,0.08184761554002762,0.04522889479994774,0.12355923652648926
Correct 0.01716141402721405,0.024879487231373787,0.017495959997177124,0.02964063361287117
Wrong 0.04169394075870514,0.03951123356819153,0.024343296885490417,0.036102503538131714
Correct 0.046792007982730865,0.029541485011577606,0.01670653000473976,0.12447147071361542
Wrong 0.0203761775046587,0.010159224271774292,0.010390517301857471,0.01063506305217743
Correct 0.03695850074291229,0.0589795745909214,0.03689411282539368,0.12941059470176697
Wrong 0.04252752661705017,0.04272889345884323,0.04947110638022423,0.04472169280052185
Wrong 0.03636457026004791,0.017579875886440277,0.02054128795862198,0.03068796917796135
Wrong 0.027253158390522003,0.017690520733594894,0.015003175474703312,0.020539570599794388
Correct 0.05090563744306564,0.06122907996177673,0.034324560314416885,0.04004329442977905
Wrong 0.03393300622701645,0.03517642244696617,0.021725473925471306,0.03284619376063347
Wrong 0.05628468468785286,0.07647210359573364,0.024594556540250778,0.06321172416210175
Wrong 0.0765800029039383,0.030310645699501038,0.033845204859972,0.046642497181892395
Correct 0.039687544107437134,0.015708565711975098,0.015290230512619019,0.017478374764323235
Wrong 0.06940361857414246,0.06312771886587143,0.03388109803199768,0.05601901188492775
Correct 0.08845540136098862,0.04544038325548172,0.052206896245479584,0.0959547907114029
Wrong 0.04476393759250641,0.0455375611782074,0.04107688367366791,0.03151736408472061
Correct 0.033710502088069916,0.03273015841841698,0.018365586176514626,0.037367504090070724
Wrong 0.050833702087402344,0.031579628586769104,0.026609400287270546,0.04641509801149368
Correct 0.04934798181056976,0.03392712026834488,0.028373822569847107,0.04207783564925194
Wrong 0.04074791818857193,0.01761406660079956,0.015867134556174278,0.01901061460375786
Wrong 0.05358322709798813,0.04624026268720627,0.03615756705403328,0.03850766271352768
Correct 0.012795647606253624,0.007701176218688488,0.006896007340401411,0.009427390061318874
Correct 0.052751872688531876,0.021613340824842453,0.03697560355067253,0.04407116770744324
Wrong 0.047922760248184204,0.01672247052192688,0.022799551486968994,0.04549843817949295
Correct 0.016617510467767715,0.011943448334932327,0.008923733606934547,0.01261026132851839
Correct 0.04442819207906723,0.0389779657125473,0.040057115256786346,0.054671045392751694
Correct 0.05908183753490448,0.05313429608941078,0.03755911439657211,0.18577814102172852
Wrong 0.05450858175754547,0.029397472739219666,0.024324197322130203,0.05748404562473297
Correct 0.025908637791872025,0.004645456559956074,0.00443881144747138,0.00689115934073925
Correct 0.04413757100701332,0.03716331347823143,0.019396062940359116,0.04150199890136719
Correct 0.017997225746512413,0.01972547359764576,0.12535811960697174,0.03161264583468437
Wrong 0.06642162054777145,0.07692787051200867,0.024920765310525894,0.05383700877428055
Wrong 0.06682835519313812,0.039645567536354065,0.034689124673604965,0.04827357456088066
Wrong 0.027526747435331345,0.02380627766251564,0.016763631254434586,0.027655037119984627
Correct 0.014697665348649025,0.006372787058353424,0.00639094365760684,0.006225242279469967
Wrong 0.029246974736452103,0.017082881182432175,0.030919494107365608,0.021868979558348656
Correct 0.05814257264137268,0.06537359952926636,0.03660611808300018,0.0688348338007927
Correct 0.05669592320919037,0.04404095560312271,0.025929149240255356,0.03719836473464966
Wrong 0.059143923223018646,0.043620191514492035,0.03808097168803215,0.03835086524486542
Wrong 0.07350421696901321,0.07053567469120026,0.051845863461494446,0.045420046895742416
Wrong 0.05849137157201767,0.03407961502671242,0.018281960859894753,0.02807040512561798
Wrong 0.02498626336455345,0.012198830023407936,0.010173328220844269,0.017045941203832626
Wrong 0.0704704076051712,0.06168242543935776,0.028134532272815704,0.0678369402885437
Correct 0.01784578710794449,0.04122123867273331,0.013788707554340363,0.020321127027273178
Correct 0.05644428730010986,0.02294834330677986,0.015613263472914696,0.02126593142747879
Wrong 0.04328136891126633,0.04053180664777756,0.04258488118648529,0.04905188828706741
Wrong 0.07369992136955261,0.05836007744073868,0.04614292085170746,0.07230240106582642
Correct 0.0811227411031723,0.053122326731681824,0.03888912871479988,0.07243187725543976
Correct 0.08498840034008026,0.04579778388142586,0.030488383024930954,0.05887037515640259
Correct 0.025144945830106735,0.010475476272404194,0.008194070309400558,0.011426531709730625
Correct 0.04838056117296219,0.040045082569122314,0.017116334289312363,0.029706720262765884
Wrong 0.048842787742614746,0.021336372941732407,0.016571801155805588,0.023101121187210083
Correct 0.06516170501708984,0.049387380480766296,0.03220483660697937,0.1002403199672699
Wrong 0.06434111297130585,0.019271086901426315,0.03767312318086624,0.0703280121088028
Correct 0.02561911940574646,0.24448713660240173,0.04673729091882706,0.04234275966882706
Correct 0.06395334005355835,0.036230526864528656,0.03538383170962334,0.035006240010261536
Correct 0.041919413954019547,0.01974361389875412,0.01100055780261755,0.025668319314718246
