grade confidence_levels
Wrong 20.875,20.75,20.234375,20.234375
Wrong 19.40625,18.875,18.625,18.703125
Wrong 18.0625,17.453125,16.984375,16.96875
Wrong 21.84375,22.390625,22.5625,21.5
Wrong 19.21875,18.546875,18.3125,18.109375
Wrong 21.453125,21.546875,21.140625,21.265625
Wrong 17.765625,17.03125,16.6875,16.40625
Correct 19.25,19.21875,18.796875,19.0625
Wrong 22.953125,23.0625,22.90625,21.984375
Correct 23.265625,23.171875,23.15625,22.90625
Wrong 21.21875,20.625,20.703125,20.5625
Wrong 20.96875,20.296875,20.09375,20.265625
Wrong 21.984375,21.75,21.5,21.109375
Correct 19.734375,19.90625,19.578125,19.359375
Correct 22.25,22.71875,21.875,22.09375
Wrong 22.234375,22.546875,22.546875,22.09375
Correct 22.453125,22.03125,22.03125,21.875
Correct 19.796875,19.4375,19.578125,20.65625
Wrong 18.484375,17.78125,17.84375,17.96875
Correct 21.296875,21.578125,21.640625,21.21875
Wrong 21.328125,22.25,21.234375,21.71875
Wrong 21.359375,20.875,21.1875,20.875
Wrong 19.6875,19.734375,19.421875,19.578125
Correct 21.28125,20.84375,22.28125,21.515625
Correct 21.578125,21.03125,20.6875,21.015625
Correct 19.21875,21.3125,21.328125,19.109375
Wrong 15.843750953674316,15.3046875,15.2109375,15.125
Wrong 19.421875,18.71875,18.8125,19.15625
Wrong 18.625,18.609375,18.046875,18.09375
Correct 19.96875,19.046875,19.125,19.25
Correct 22.5625,23.234375,22.6875,22.6875
Wrong 21.03125,20.375,20.671875,20.484375
Wrong 19.71875,19.59375,19.578125,18.984375
Correct 18.171875,17.578125,17.125,16.90625
Correct 23.28125,23.390625,23.296875,23.140625
Wrong 19.0625,18.8125,18.875,18.546875
Correct 19.0,19.1875,18.953125,18.578125
Wrong 22.71875,22.796875,23.40625,22.21875
Correct 17.671875,17.28125,17.234375,17.625
Wrong 22.703125,23.265625,23.171875,23.40625
Wrong 20.75,21.75,23.359375,21.859375
Correct 22.1875,22.25,22.125,21.9375
Wrong 19.84375,19.828125,19.515625,19.125
Correct 18.515625,17.8125,17.53125,17.5
Correct 24.0625,23.375,23.375,23.4375
Wrong 23.578125,22.890625,23.765625,23.1875
Wrong 22.125,21.84375,21.484375,21.640625
Correct 19.0625,19.328125,19.34375,19.28125
Correct 22.875,23.78125,23.03125,22.515625
Wrong 21.578125,23.8125,22.09375,21.1875
Wrong 20.296875,19.109375,18.65625,18.78125
Correct 21.265625,22.9375,21.5,22.0
Wrong 18.265625,17.84375,17.40625,17.375
Wrong 18.28125,18.171875,17.875,17.734375
Wrong 22.375,21.828125,21.796875,21.90625
Correct 20.546875,18.5,18.265625,19.53125
Wrong 21.609375,21.671875,21.328125,21.515625
Correct 21.734375,21.703125,21.9375,21.703125
Wrong 20.859375,20.390625,20.609375,20.28125
Wrong 22.875,21.765625,22.78125,22.140625
Wrong 23.84375,24.515625,22.8125,23.171875
Wrong 19.609375,19.125,18.875,18.921875
Correct 21.53125,20.625,20.59375,20.34375
Correct 23.765625,23.171875,23.578125,23.265625
Wrong 20.515625,19.96875,19.9375,19.859375
Wrong 17.25,16.796875,16.734375,16.234375
Wrong 20.421875,19.625,19.625,19.25
Wrong 18.140625,18.109375,17.796875,17.90625
Correct 21.640626907348633,22.4375,21.125,21.421875
Correct 20.671875,20.359375,20.21875,20.25
Wrong 17.21875,16.953125,16.875,16.734375
Wrong 18.84375,18.265625,18.65625,18.75
Wrong 17.65625,17.3125,17.5625,17.21875
Correct 17.46875,16.46875,16.328125,16.234375
Wrong 20.328125,19.921875,19.53125,20.109375
Correct 23.015625,23.15625,23.609375,22.734375
Correct 20.0,19.5625,19.203125,18.984375
Correct 20.21875,19.546875,19.578125,19.578125
Correct 18.9375,21.65625,20.0625,17.5625
Wrong 19.4375,19.15625,18.859375,18.65625
Wrong 20.0,19.296875,19.546875,19.734375
Wrong 19.765625,19.125,18.765625,18.734375
Correct 21.15625,21.34375,22.15625,23.34375
Correct 17.296875,17.203125,18.1875,17.4375
Correct 18.921875,19.734375,19.1875,19.0625
Correct 19.71875,19.265625,19.78125,18.875
Correct 17.75,17.984375,17.15625,17.25
Wrong 20.25,19.53125,19.859375,20.03125
Correct 20.453125,20.0625,20.5,20.484375
Correct 18.890625,17.90625,17.90625,17.703125
Correct 21.234375,21.078125,21.890625,20.984375
Correct 20.421875,20.234375,20.828125,20.515625
Wrong 20.9375,20.90625,20.390625,20.59375
Wrong 19.015625,18.578125,18.09375,17.671875
Wrong 19.921875,19.203125,18.984375,19.078125
Correct 20.984375,21.015625,20.765625,20.765625
Wrong 19.046875,18.640625,18.609375,18.515625
Wrong 18.6875,18.3125,18.09375,18.265625
Wrong 20.84375,20.859375,20.0625,20.09375
Correct 21.625,21.515625,21.75,22.3125
Wrong 18.640625,18.859375,18.15625,18.046875
Wrong 19.5625,18.953125,19.046875,19.546875
Wrong 19.65625,18.59375,18.953125,18.890625
Correct 18.6875,18.4375,17.828125,18.015625
Correct 20.703125,20.1875,20.953125,20.328125
Correct 19.734375,19.1875,18.828125,18.71875
Correct 19.25,18.90625,18.78125,18.328125
Correct 18.046875,18.546875,18.109375,18.34375
Wrong 19.171875,19.390625,19.125,18.671875
Correct 23.015626907348633,22.859375,23.421875,22.765625
Wrong 20.156251907348633,20.671875,20.328125,20.3125
Wrong 20.765625,20.453125,20.390625,20.21875
Wrong 19.34375,18.625,18.484375,18.8125
Wrong 19.859375,19.59375,19.40625,19.796875
Correct 23.15625,21.953125,22.3125,21.875
Wrong 19.65625,19.171875,18.75,18.59375
Wrong 20.15625,19.90625,19.75,20.015625
Wrong 18.890625,19.3125,19.46875,19.3125
Correct 18.765625,18.28125,17.828125,17.921875
Correct 18.75,17.4375,17.1875,17.25
Wrong 23.28125,23.734375,23.578125,23.28125
Wrong 17.9375,17.65625,16.875,17.265625
Wrong 20.625,20.296875,20.703125,19.78125
Wrong 22.187501907348633,23.046875,23.703125,21.828125
Correct 21.96875,20.984375,23.875,21.625
Correct 21.265625,20.59375,20.546875,20.3125
Wrong 22.390625,22.515625,21.890625,21.984375
Correct 20.90625,20.1875,19.578125,19.234375
Wrong 19.359375,18.953125,18.890625,18.71875
Wrong 20.546875,20.15625,19.453125,19.328125
Wrong 17.875,17.359375,16.890625,17.109375
Correct 18.703125,18.265625,19.171875,18.859375
Correct 18.484375,18.515625,18.46875,18.75
Wrong 20.890625,20.46875,20.515625,20.4375
Wrong 21.171876907348633,21.484375,20.90625,21.609375
Correct 19.3125,18.6875,18.46875,18.359375
Wrong 22.296875,22.40625,22.1875,22.171875
Correct 19.25,18.359375,18.265625,17.921875
Wrong 23.0625,22.765625,22.90625,22.9375
Wrong 18.390625,18.28125,17.78125,17.453125
Wrong 17.1875,16.3125,16.390625,16.671875
Correct 19.25,19.078125,18.703125,18.921875
Correct 20.125,19.234375,19.0625,18.984375
Wrong 17.453125,17.5625,17.0,16.4375
Correct 18.703125,18.65625,19.109375,18.03125
Wrong 18.796875,19.390625,19.171875,19.28125
Correct 20.421875,20.296875,20.28125,19.609375
Wrong 18.25,17.625,17.375,17.578125
Wrong 21.0,22.328125,21.046875,21.171875
Wrong 21.625,21.578125,22.0,21.453125
Wrong 20.8125,20.875,21.578125,22.296875
Wrong 17.421875,17.875,17.046875,16.625
Wrong 21.875,21.84375,21.796875,21.75
Correct 21.65625,21.296875,21.15625,20.9375
Correct 21.859375,21.359375,21.0,21.1875
Wrong 20.046875,19.25,19.125,18.828125
Correct 22.03125,21.875,21.46875,21.328125
Wrong 15.6640625,15.3671875,15.3046875,15.125
Correct 19.3125,18.625,18.515625,18.484375
Correct 19.5625,19.0,18.640625,18.71875
Correct 19.09375,19.09375,20.234375,19.296875
Correct 20.84375,20.359375,20.984375,20.265625
Correct 21.4375,20.125,20.4375,22.6875
Wrong 19.578125,19.296875,19.734375,19.203125
Correct 22.796875,23.6875,23.21875,21.765625
Correct 21.984375,22.015625,21.734375,22.03125
Correct 19.28125,18.78125,18.265625,18.28125
Wrong 22.687501907348633,22.5,22.296875,22.25
Wrong 21.28125,21.234375,21.265625,21.109375
Wrong 21.15625,20.484375,20.40625,20.484375
Wrong 20.359375,19.765625,19.765625,19.90625
Correct 18.625,18.828125,18.578125,19.875
Wrong 23.078125,23.015625,22.9375,22.484375
Wrong 16.953125,17.5625,16.8125,16.625
Wrong 21.3125,21.390625,20.453125,20.40625
Correct 22.359375,22.515625,21.796875,21.71875
Correct 21.625,21.28125,20.046875,20.65625
Wrong 18.671875,17.875,17.578125,17.5
Correct 17.203125,16.6875,16.234375,16.15625
Wrong 23.75,23.484375,24.125,23.453125
Correct 18.328125,18.484375,18.1875,17.921875
Wrong 20.40625,20.140625,20.0625,19.671875
Wrong 19.125,18.765625,18.890625,19.0
Correct 21.390625,23.015625,24.640625,21.015625
Correct 21.875,21.328125,21.265625,21.625
Wrong 23.578125,23.21875,25.109375,23.15625
Wrong 18.4375,18.375,17.96875,17.890625
Correct 21.984375,22.609375,21.34375,21.40625
Wrong 22.65625,21.96875,22.5,22.1875
Correct 17.140625,16.21875,15.7578125,15.46875
Correct 20.859375,20.625,20.421875,20.53125
Wrong 20.015625,19.78125,19.515625,19.28125
Correct 20.8125,19.609375,19.5,19.375
Correct 19.765625,19.890625,19.71875,19.671875
Wrong 21.59375,20.390625,20.671875,21.5
Correct 20.3125,20.671875,19.25,19.75
Wrong 23.125,22.515625,23.671875,22.796875
Wrong 18.203125,17.640625,17.375,17.421875
Wrong 19.0,19.046875,18.859375,18.375
Wrong 19.328125,19.203125,18.90625,19.03125
Wrong 20.265625,19.8125,19.5,19.5625
Wrong 21.40625,20.984375,20.765625,20.828125
Wrong 20.828125,20.453125,19.890625,20.078125
Correct 18.953125,18.53125,20.046875,19.03125
Wrong 18.90625,18.65625,18.28125,18.515625
Wrong 21.140625,20.734375,20.296875,20.140625
Correct 22.203125,22.09375,21.421875,21.78125
Correct 19.84375,19.921875,19.1875,19.25
Wrong 19.6875,19.125,18.625,18.90625
Wrong 22.375,23.484375,23.21875,23.328125
Correct 20.1875,20.453125,20.34375,19.75
Wrong 19.890625,19.265625,19.140625,19.28125
Correct 19.796875,18.96875,18.890625,18.90625
Wrong 19.75,19.109375,19.03125,18.9375
Wrong 18.906251907348633,18.703125,18.515625,19.234375
Wrong 18.109375,17.515625,17.890625,17.71875
Wrong 22.765625,22.796875,21.53125,22.3125
Wrong 19.906251907348633,19.3125,19.90625,19.609375
Wrong 22.421875,22.328125,21.734375,21.390625
Correct 18.109375,17.359375,16.984375,16.9375
Correct 21.109375,21.015625,22.046875,21.296875
Correct 21.484375,21.984375,21.578125,21.34375
Correct 17.71875,18.03125,17.34375,17.3125
Wrong 19.84375,19.640625,19.53125,19.078125
Wrong 20.984375,19.84375,20.96875,20.21875
Wrong 18.921875,18.09375,17.953125,17.953125
Wrong 18.640625,18.578125,18.3125,18.375
Correct 16.84375,16.046875,15.703125,15.6640625
Wrong 20.140625,19.75,19.625,19.625
Correct 18.953125,18.65625,17.875,17.671875
Wrong 20.265625,19.703125,19.625,19.578125
Correct 20.96875,20.5,20.203125,20.1875
Wrong 20.09375,19.484375,19.640625,19.65625
Wrong 22.46875,22.4375,23.03125,21.75
Correct 22.640626907348633,22.203125,22.234375,22.71875
Correct 20.375,20.65625,20.0,20.203125
Correct 22.078125,21.5625,21.71875,21.5625
Correct 21.09375,20.375,20.421875,20.28125
Wrong 23.328125,24.40625,24.703125,24.375
Wrong 21.578125,21.09375,20.875,21.046875
Wrong 21.03125,21.546875,20.96875,20.546875
Wrong 21.296875,21.5625,21.421875,21.3125
Correct 23.343751907348633,23.8125,22.140625,23.796875
Correct 16.15625,15.7265625,15.109375,15.15625
Wrong 20.40625,19.9375,20.5625,19.921875
Correct 19.09375,18.8125,19.953125,19.03125
Correct 19.25,20.765625,18.953125,18.8125
Wrong 19.375,19.09375,18.40625,18.125
Wrong 20.828125,21.0,20.625,20.515625
Wrong 22.796875,22.0,22.609375,22.90625
Wrong 21.15625,20.921875,20.84375,20.53125
Wrong 20.5,20.484375,19.921875,20.546875
Wrong 17.953125,17.46875,17.640625,17.078125
Wrong 21.421875,20.8125,20.5625,20.46875
Correct 21.03125,21.859375,21.0625,21.6875
Wrong 20.984375,20.25,20.71875,22.0
Wrong 20.265625,20.0,19.46875,19.5
Correct 21.125,21.171875,20.734375,21.109375
Wrong 16.75,17.0,17.328125,15.4140625
Wrong 21.796875,21.921875,22.21875,21.03125
Correct 20.5625,21.640625,21.171875,22.40625
Wrong 16.828125,16.640625,16.125,16.59375
Wrong 20.359375,20.25,20.5,20.453125
Correct 22.234375,22.1875,22.296875,21.953125
Wrong 19.359375,18.984375,19.328125,18.765625
Wrong 19.671875,19.328125,19.0625,19.0625
Correct 20.640625,20.03125,19.734375,19.78125
Wrong 23.328125,23.28125,22.46875,22.0
Wrong 19.90625,19.09375,19.375,19.5
Correct 20.296875,20.03125,19.265625,20.640625
Correct 15.9765625,15.609375,17.53125,15.84375
Wrong 23.640625,23.3125,22.984375,22.984375
Wrong 19.96875,20.203125,19.6875,19.515625
Wrong 19.34375,18.90625,18.96875,18.984375
Wrong 17.671875,17.265625,17.015625,17.015625
Wrong 20.765625,20.640625,20.375,20.734375
Correct 20.4375,20.59375,19.671875,19.78125
Wrong 20.515625,20.09375,20.28125,19.75
Correct 21.359375,20.234375,20.234375,20.0
Correct 20.640625,20.4375,20.84375,20.0
Wrong 18.28125,17.921875,17.5625,17.609375
Wrong 18.234375,17.453125,17.078125,17.25
Correct 23.140625,23.265625,23.140625,22.75
Correct 18.03125,17.890625,17.34375,17.125
Wrong 23.218751907348633,23.359375,23.078125,23.34375
Wrong 20.4375,19.875,20.875,20.9375
Wrong 20.9375,21.109375,20.5625,20.515625
Wrong 24.578125,24.125,24.4375,24.25
Wrong 19.609375,19.390625,19.546875,19.125
Wrong 18.40625,18.625,17.828125,18.0
Wrong 19.9375,18.546875,18.984375,19.0625
Correct 19.03125,20.09375,18.25,18.28125
Wrong 18.484375,18.390625,19.078125,18.140625
Correct 17.625001907348633,18.734375,17.046875,17.25
Wrong 22.375,21.84375,21.75,22.0625
Wrong 20.812501907348633,20.546875,20.125,19.8125
Wrong 19.359375,18.984375,18.984375,18.984375
Wrong 22.796875,22.328125,23.109375,21.9375
Correct 23.140625,23.015625,23.390625,23.015625
Correct 18.312501907348633,17.953126907348633,17.15625,16.59375
Correct 19.546875,19.03125,18.546875,18.734375
Wrong 20.65625,20.25,20.34375,19.796875
Correct 19.171875,19.21875,18.703125,18.53125
Correct 19.046875,20.0,18.34375,18.578125
Wrong 17.859375,17.765625,16.828125,16.609375
Wrong 20.09375,19.71875,19.421875,19.46875
Wrong 22.046875,22.03125,22.140625,21.703125
Correct 20.0625,19.8125,19.453125,19.0625
Correct 20.90625,22.0625,21.65625,21.34375
Wrong 23.671875,22.96875,22.1875,22.515625
Wrong 13.9921875,13.8046875,13.421875,13.234375
Correct 23.0625,23.28125,24.0,23.25
Wrong 22.84375,22.9375,22.359375,22.234375
Wrong 18.34375,17.4375,17.25,17.03125
Correct 21.140625,20.890625,19.828125,19.609375
Wrong 23.78125,23.453125,22.953125,22.875
Wrong 19.671875,19.609375,19.28125,19.21875
Correct 21.734375,22.03125,22.703125,22.03125
Wrong 23.671875,23.453125,23.25,22.90625
Correct 20.390625,19.609375,19.625,19.515625
Correct 22.765625,21.921875,22.546875,22.078125
Correct 22.78125,22.78125,22.71875,24.09375
Correct 19.296875,18.84375,18.59375,18.359375
Wrong 22.40625,21.96875,21.671875,21.546875
Wrong 19.640625,19.265625,19.015625,19.140625
Correct 20.109375,20.265625,19.859375,20.125
Wrong 21.484375,21.3125,21.46875,20.9375
Wrong 20.9375,20.4375,21.015625,20.625
Wrong 17.109375,16.078125,15.8984375,15.9609375
Correct 19.96875,19.203125,19.0625,19.03125
Wrong 20.125,19.640625,19.96875,19.609375
Wrong 18.328125,17.890625,17.703125,17.46875
Correct 19.03125,18.578125,18.28125,18.421875
Wrong 15.21875,14.4375,14.0703125,14.3671875
Correct 19.0,19.5,20.5,19.28125
Wrong 18.84375,18.71875,18.328125,18.203125
Correct 21.25,20.765625,20.8125,20.40625
Wrong 20.90625,20.578125,20.265625,20.328125
Correct 19.578125,19.34375,18.953125,18.984375
Wrong 19.65625,20.765625,19.65625,20.078125
Correct 18.96875,18.5,18.359375,18.421875
Wrong 19.5625,19.328125,19.1875,19.15625
Correct 20.109375,19.765625,19.8125,19.75
Wrong 19.015625,18.484375,18.359375,18.1875
Correct 20.765625,20.125,19.765625,19.703125
Wrong 22.4375,22.234375,22.328125,22.3125
Wrong 23.4375,24.0,23.328125,23.34375
Wrong 22.203125,21.84375,21.734375,21.890625
Wrong 17.5625,17.203125,17.09375,17.03125
Wrong 19.15625,18.828125,18.40625,18.125
Correct 19.0625,18.28125,18.484375,18.4375
Wrong 15.757813453674316,15.515625,14.921875,14.921875
Wrong 20.453125,20.390625,20.515625,20.484375
Wrong 20.390625,19.75,19.84375,19.375
Wrong 18.78125,17.890625,18.1875,18.03125
Correct 18.375,18.546875,18.140625,17.953125
Wrong 21.140625,20.453125,20.359375,20.15625
Correct 22.171875,21.90625,21.984375,21.875
Wrong 17.0,16.65625,16.328125,16.046875
Correct 21.296875,21.953125,21.4375,22.453125
Wrong 20.09375,19.8125,19.765625,19.734375
Correct 19.265625,18.890625,18.984375,18.53125
Correct 18.15625,18.09375,18.25,17.90625
Wrong 19.375,19.03125,18.796875,18.859375
Wrong 18.96875,18.6875,18.359375,18.0
Correct 19.515625,19.421875,19.765625,19.8125
Correct 20.390625,20.15625,21.203125,20.578125
Wrong 20.15625,19.71875,19.609375,19.59375
Correct 21.890625,21.234375,21.734375,21.546875
Wrong 21.5,20.921875,21.078125,20.671875
Wrong 22.5,22.34375,22.34375,22.15625
Wrong 20.4375,20.203125,19.53125,19.6875
Correct 20.46875,19.671875,19.3125,19.265625
Wrong 21.953125,21.609375,21.984375,21.578125
Wrong 23.28125,23.21875,23.453125,21.390625
Correct 21.796875,22.34375,22.0625,22.53125
Correct 18.734375,18.25,17.65625,18.921875
Correct 22.421875,22.859375,23.84375,21.578125
Correct 22.53125,22.328125,22.875,22.4375
Correct 20.75,20.15625,20.515625,20.671875
Wrong 17.78125,17.171875,16.90625,17.34375
Wrong 18.875,18.234375,17.90625,17.40625
Wrong 20.1875,19.6875,19.484375,19.53125
Wrong 19.234375,19.015625,19.0,19.015625
Wrong 19.078125,18.796875,18.921875,18.96875
Correct 19.78125,19.265625,18.96875,18.875
Correct 18.484375,18.515625,18.421875,18.03125
Correct 20.234375,19.953125,19.40625,19.328125
Correct 19.40625,19.34375,19.078125,19.265625
Wrong 19.4375,19.03125,18.625,19.078125
Wrong 18.484375,17.9375,17.890625,17.75
Wrong 22.4375,22.203125,22.09375,22.15625
Wrong 22.875001907348633,23.0,22.4375,22.296875
Wrong 16.71875,17.0,17.0,17.15625
Wrong 20.859375,20.546875,20.53125,20.78125
Correct 21.875,21.296875,21.328125,21.375
Wrong 20.171875,19.96875,19.4375,19.6875
Wrong 20.4375,20.234375,20.078125,19.953125
Wrong 19.78125,19.234375,19.09375,19.359375
Wrong 19.515625,19.21875,18.921875,18.46875
Wrong 22.375,22.015625,22.0625,22.109375
Correct 22.843751907348633,21.921875,21.75,22.078125
Wrong 22.78125,23.484375,23.6875,23.390625
Correct 20.390625,20.375,20.234375,21.109375
Wrong 15.34375,14.859375,14.3515625,14.375
Wrong 19.4375,18.8125,18.609375,18.921875
Correct 20.296875,20.078125,20.03125,19.9375
Correct 20.328125,19.296875,18.984375,19.140625
Wrong 22.40625,23.421875,23.03125,22.484375
Wrong 23.1875,22.71875,23.640625,23.328125
Correct 21.203125,20.03125,20.65625,20.640625
Correct 21.671875,21.9375,21.96875,21.828125
Wrong 19.703125,18.546875,18.796875,18.9375
Wrong 21.09375,20.890625,20.65625,20.71875
Correct 23.15625,23.46875,23.328125,22.671875
Correct 20.90625,20.453125,20.21875,19.96875
Wrong 23.859375,23.5,23.375,23.375
Correct 19.109375,18.65625,18.609375,18.703125
Correct 21.375,20.296875,20.40625,22.21875
Wrong 18.8125,18.828125,18.71875,18.296875
Correct 22.875,22.921875,24.734375,23.203125
Wrong 19.90625,19.15625,19.171875,19.171875
Wrong 21.5,21.609375,21.25,21.359375
Correct 19.609375,18.953125,18.578125,18.3125
Wrong 23.0,22.734375,23.15625,21.921875
Wrong 19.203125,18.46875,18.453125,18.171875
Wrong 18.8125,18.359375,18.5625,18.25
Wrong 22.21875,21.40625,21.25,21.78125
Correct 18.96875,18.640625,19.4375,18.5625
Wrong 20.5,19.75,19.34375,19.203125
Correct 20.78125,22.578125,20.53125,20.9375
Wrong 18.796875,18.03125,18.109375,18.15625
Wrong 21.8125,21.625,22.0625,20.8125
Correct 19.4375,20.46875,19.640625,20.546875
Correct 19.46875,19.203125,18.625,18.3125
Wrong 19.90625,19.9375,19.875,19.703125
Correct 17.5625,17.234375,16.671875,16.75
Wrong 21.34375,21.265625,22.03125,21.625
Correct 21.625,20.734375,20.640625,20.625
Correct 19.109375,18.40625,18.296875,18.0625
Wrong 20.265625,19.328125,18.828125,18.734375
Wrong 22.578125,22.90625,21.78125,21.984375
Wrong 22.546875,22.171875,22.28125,21.859375
Wrong 18.328125,18.1875,17.90625,17.484375
Correct 19.03125,20.015625,18.890625,18.96875
Correct 17.28125,18.25,16.765625,17.078125
Correct 21.859375,21.21875,24.046875,22.21875
Correct 19.953125,19.40625,19.171875,19.125
Correct 20.015625,19.921875,20.0625,20.171875
Wrong 18.453125,18.140625,18.109375,18.40625
Correct 19.15625,18.890625,18.1875,18.453125
Correct 18.75,18.78125,18.140625,18.3125
Wrong 23.140625,23.4375,23.265625,23.546875
Wrong 21.140625,20.46875,20.453125,20.296875
Wrong 19.296875,19.21875,18.734375,18.46875
Wrong 21.0,21.09375,22.09375,21.9375
Correct 19.015625,19.734375,19.421875,19.046875
Wrong 22.765625,22.625,22.34375,22.53125
Correct 20.9375,20.46875,20.578125,20.671875
Correct 17.734375,18.359375,20.234375,17.765625
Correct 20.734375,21.171875,20.6875,22.25
Wrong 18.890625,18.671875,18.75,18.1875
Wrong 21.078125,20.609375,20.421875,20.296875
Wrong 21.578125,21.203125,21.421875,21.4375
Correct 16.140625,17.5625,15.984375,16.609375
Wrong 18.734375,18.078125,18.0,18.296875
Wrong 21.9375,22.015625,22.03125,21.484375
Wrong 20.53125,20.0625,20.0,19.90625
Wrong 22.25,21.953125,22.390625,21.640625
Wrong 17.59375,17.3125,16.921875,16.984375
Correct 20.03125,19.609375,18.734375,18.75
Correct 21.953125,21.828125,22.375,21.71875
Correct 23.328125,22.796875,23.46875,23.109375
Correct 18.78125,18.140625,18.046875,17.84375
Wrong 19.625,19.328125,19.484375,19.15625
Wrong 19.21875,18.65625,19.09375,18.265625
Correct 18.59375,18.859375,18.21875,18.421875
Wrong 19.296875,18.75,18.296875,18.359375
Wrong 19.671875,18.703125,18.828125,19.3125
Correct 21.71875,21.21875,21.078125,20.859375
Correct 23.1875,23.296875,23.40625,23.671875
Wrong 15.140625,14.5859375,14.171875,14.0625
Wrong 20.96875,20.765625,20.578125,20.109375
Wrong 19.578125,19.421875,18.90625,18.75
Correct 20.640625,20.453125,20.015625,19.65625
Correct 23.359375,23.484375,23.640625,22.953125
Wrong 17.28125,16.890625,16.75,16.515625
Correct 19.09375,18.375,19.734375,19.0625
Wrong 22.5625,23.4375,22.9375,22.359375
Wrong 19.984375,21.015625,19.6875,20.46875
Correct 19.203125,19.09375,18.4375,18.421875
Wrong 22.734375,22.625,22.8125,22.984375
Wrong 18.828125,18.359375,18.0625,17.90625
Wrong 19.65625,19.375,18.96875,19.140625
Wrong 19.96875,18.828125,19.0,19.046875
Correct 21.703126907348633,21.5,21.546875,21.6875
Wrong 19.484375,18.828125,18.5,18.609375
Wrong 19.015625,20.234375,19.8125,19.375
Wrong 19.46875,20.171875,20.6875,20.75
Correct 22.6875,22.671875,24.9375,23.1875
