grade confidence_levels
Wrong 0.08189328014850616,0.011356872506439686,0.01912059634923935,0.022152813151478767
Wrong 0.07825235277414322,0.009843780659139156,0.021901443600654602,0.031058885157108307
Wrong 0.08504350483417511,0.035659682005643845,0.05124618485569954,0.033098433166742325
Wrong 0.07110708206892014,0.01880582794547081,0.04442749544978142,0.03265273943543434
Correct 0.10803505778312683,0.014480134472250938,0.020423633977770805,0.02601299248635769
Wrong 0.08044707775115967,0.07582416385412216,0.08393736183643341,0.03485701233148575
Wrong 0.09062770754098892,0.013337511569261551,0.028214598074555397,0.023720037192106247
Wrong 0.0813661515712738,0.023889383301138878,0.0372794009745121,0.035117559134960175
Wrong 0.08880013972520828,0.013064258731901646,0.03843680024147034,0.025021281093358994
Wrong 0.10860748589038849,0.03513076528906822,0.06956520676612854,0.029839714989066124
Correct 0.11127964407205582,0.015783607959747314,0.03084206022322178,0.03164222463965416
Wrong 0.07238151878118515,0.021738842129707336,0.036361340433359146,0.02819856069982052
Wrong 0.1139364019036293,0.013931101188063622,0.04259753227233887,0.017457537353038788
Correct 0.12359694391489029,0.025065705180168152,0.03370702266693115,0.02694905549287796
Wrong 0.14138302206993103,0.023358436301350594,0.04717510938644409,0.03996486961841583
Wrong 0.1434682011604309,0.021268576383590698,0.037337929010391235,0.04631219059228897
Wrong 0.08407454192638397,0.020653024315834045,0.039937615394592285,0.02957150526344776
Wrong 0.09983264654874802,0.01908831298351288,0.0402575358748436,0.02604116126894951
Correct 0.0927431657910347,0.016833340749144554,0.0414867103099823,0.016171710565686226
Wrong 0.07982483506202698,0.025792263448238373,0.07045017182826996,0.03624119982123375
Wrong 0.06821891665458679,0.01496871281415224,0.02409214712679386,0.03736137971282005
Wrong 0.05839909613132477,0.048877693712711334,0.02530677430331707,0.02338230609893799
Correct 0.10265335440635681,0.04790792614221573,0.0598861463367939,0.0447990745306015
Wrong 0.09679973125457764,0.016830014064908028,0.023273207247257233,0.035039857029914856
Wrong 0.0892905592918396,0.017992928624153137,0.03541257232427597,0.023266568779945374
Wrong 0.07175609469413757,0.02749689668416977,0.11268956959247589,0.05159129574894905
Wrong 0.11968594789505005,0.031041353940963745,0.05479011312127113,0.04232392832636833
Wrong 0.11536475270986557,0.023556843400001526,0.04366103932261467,0.03128458932042122
Wrong 0.07070452719926834,0.0333564318716526,0.08732015639543533,0.016767822206020355
Correct 0.11602955311536789,0.01739458739757538,0.026673220098018646,0.023853417485952377
Correct 0.07820560783147812,0.028092971071600914,0.05998121201992035,0.07647152990102768
Wrong 0.109481081366539,0.022666338831186295,0.05994889512658119,0.0408882237970829
Correct 0.11081012338399887,0.018337978050112724,0.029313817620277405,0.031898241490125656
Correct 0.09913792461156845,0.012411373667418957,0.0319271981716156,0.028408415615558624
Correct 0.1237233430147171,0.015550416894257069,0.03364836797118187,0.02175627462565899
Wrong 0.10981447994709015,0.01541920006275177,0.039236295968294144,0.03667905181646347
Wrong 0.1235048919916153,0.026813270524144173,0.10315880924463272,0.03751985356211662
Correct 0.08781207352876663,0.03000061772763729,0.05578167364001274,0.02915382944047451
Wrong 0.10113522410392761,0.019198989495635033,0.05625855177640915,0.03336012363433838
Wrong 0.1097893938422203,0.023297594860196114,0.057045597583055496,0.037097398191690445
Wrong 0.0942072719335556,0.011788545176386833,0.04514419659972191,0.03807520493865013
Wrong 0.08677802234888077,0.01764574460685253,0.05911429598927498,0.02622259221971035
Wrong 0.10772304236888885,0.0358695313334465,0.04419560730457306,0.04472126066684723
Wrong 0.09646952897310257,0.011666838079690933,0.030685195699334145,0.02741936966776848
Wrong 0.09516533464193344,0.027718640863895416,0.08186604827642441,0.04381602630019188
Wrong 0.11911064386367798,0.01634979248046875,0.021257905289530754,0.021934840828180313
Correct 0.136143296957016,0.02737283892929554,0.04780319333076477,0.03263692930340767
Wrong 0.1197880282998085,0.020219668745994568,0.045523177832365036,0.02381948009133339
Correct 0.12270805984735489,0.013253703713417053,0.02778276987373829,0.02346092090010643
Correct 0.12458294630050659,0.01769254170358181,0.03709708899259567,0.037932995706796646
Wrong 0.08474570512771606,0.03818466514348984,0.037295058369636536,0.02467748522758484
Correct 0.11052549630403519,0.03519655764102936,0.07199150323867798,0.034313052892684937
Wrong 0.10819223523139954,0.023991763591766357,0.06287742406129837,0.055729854851961136
Wrong 0.09092707931995392,0.01840672269463539,0.049082785844802856,0.02362929657101631
Wrong 0.12892340123653412,0.017144188284873962,0.03556594252586365,0.03477497026324272
Wrong 0.07661252468824387,0.015142791904509068,0.022734245285391808,0.024204785004258156
Wrong 0.09631705284118652,0.028782304376363754,0.03593737259507179,0.044578004628419876
Wrong 0.11274554580450058,0.01701028272509575,0.05668935552239418,0.0563691183924675
Correct 0.09450867772102356,0.01788737066090107,0.03089441917836666,0.020560545846819878
Wrong 0.11246653646230698,0.01719379797577858,0.030996300280094147,0.021521352231502533
Wrong 0.10651948302984238,0.016714630648493767,0.02627912349998951,0.018798336386680603
Correct 0.10655451565980911,0.028011679649353027,0.06008042022585869,0.04547766596078873
Wrong 0.09840207546949387,0.01686820201575756,0.04068512097001076,0.02004343830049038
Wrong 0.08439269661903381,0.018549703061580658,0.03136282414197922,0.022571105509996414
Correct 0.07397154718637466,0.020538315176963806,0.040500033646821976,0.021713638678193092
Correct 0.15036675333976746,0.036318663507699966,0.044345080852508545,0.033569950610399246
Wrong 0.11292262375354767,0.014085261151194572,0.02847173623740673,0.025697076693177223
Correct 0.11445725709199905,0.012402113527059555,0.032446082681417465,0.023960422724485397
Wrong 0.08897427469491959,0.037444595247507095,0.04913407191634178,0.024201147258281708
Wrong 0.08152551203966141,0.034721970558166504,0.08467905223369598,0.04307073354721069
Correct 0.13532565534114838,0.020401660352945328,0.04524071142077446,0.030850060284137726
Wrong 0.09641923010349274,0.014368419535458088,0.035621918737888336,0.03206362575292587
Wrong 0.08148257434368134,0.015225706622004509,0.03239861875772476,0.02109602652490139
Wrong 0.0903467983007431,0.021359112113714218,0.04807485267519951,0.05117376148700714
Wrong 0.08697062730789185,0.020040102303028107,0.033745475113391876,0.04776079207658768
Correct 0.1147996261715889,0.02400912344455719,0.04078055918216705,0.030934900045394897
Wrong 0.09475837647914886,0.01897847279906273,0.03296675533056259,0.027746552601456642
Correct 0.07310134917497635,0.021756937727332115,0.07362222671508789,0.01952378824353218
Correct 0.054269563406705856,0.04002068191766739,0.07113730907440186,0.052725546061992645
Wrong 0.0950155258178711,0.01949606090784073,0.03746423497796059,0.034385569393634796
Wrong 0.09910829365253448,0.021398168057203293,0.028990697115659714,0.0265944991260767
Correct 0.1487874835729599,0.02011130377650261,0.036499153822660446,0.02973555028438568
Wrong 0.12249304354190826,0.021829523146152496,0.04752114787697792,0.04238133504986763
Correct 0.10373199731111526,0.014857408590614796,0.023324672132730484,0.023675529286265373
Wrong 0.08964027464389801,0.021067611873149872,0.038788922131061554,0.028194861486554146
Wrong 0.07818735390901566,0.03422119468450546,0.03529050573706627,0.029450461268424988
Wrong 0.11103290319442749,0.03474084287881851,0.04738597199320793,0.023732880130410194
Wrong 0.115348219871521,0.016040591523051262,0.04134294018149376,0.043686795979738235
Wrong 0.12545889616012573,0.04181530699133873,0.06563273817300797,0.026903126388788223
Correct 0.07108737528324127,0.026009084656834602,0.08836713433265686,0.036618851125240326
Wrong 0.054280444979667664,0.02358241192996502,0.04070718213915825,0.0454789400100708
Correct 0.104808010160923,0.02033700980246067,0.04539884254336357,0.04502953961491585
Wrong 0.08567698299884796,0.0172861460596323,0.02178674004971981,0.01998714543879032
Wrong 0.07693501561880112,0.025473352521657944,0.06630288809537888,0.04383554682135582
Wrong 0.05393322929739952,0.026729388162493706,0.07603541761636734,0.06790582835674286
Wrong 0.11127777397632599,0.015969926491379738,0.035741470754146576,0.027012698352336884
Correct 0.09313143789768219,0.012384709902107716,0.025856155902147293,0.023610519245266914
Wrong 0.0844019204378128,0.013208293356001377,0.028210384771227837,0.02114550583064556
Wrong 0.11086013168096542,0.01622466929256916,0.03676707670092583,0.04856128618121147
Correct 0.0890510082244873,0.018207259476184845,0.026848701760172844,0.024103030562400818
Wrong 0.090096116065979,0.012607398442924023,0.03668544068932533,0.023626580834388733
Wrong 0.08257818967103958,0.06216495856642723,0.056822728365659714,0.055938057601451874
Wrong 0.0871167704463005,0.021510763093829155,0.03005851060152054,0.024612518027424812
Correct 0.061836790293455124,0.06598315387964249,0.05249573662877083,0.034331437200307846
Correct 0.11970430612564087,0.021617647260427475,0.038117315620183945,0.03832981362938881
Wrong 0.0698414295911789,0.021911846473813057,0.07493021339178085,0.017729537561535835
Correct 0.1138593778014183,0.012115590274333954,0.02741306833922863,0.02323314920067787
Wrong 0.14968539774417877,0.017311466857790947,0.03953959047794342,0.03462564945220947
Wrong 0.1106339544057846,0.0255227480083704,0.049799252301454544,0.032412152737379074
Wrong 0.09740212559700012,0.024218939244747162,0.060949478298425674,0.03286950662732124
Wrong 0.11155230551958084,0.021186532452702522,0.04616270586848259,0.027272308245301247
Correct 0.07603595405817032,0.02423144318163395,0.08555446565151215,0.02809499390423298
Wrong 0.06565690040588379,0.02140883170068264,0.06362181156873703,0.023836243897676468
Correct 0.052596304565668106,0.03545866161584854,0.09392300993204117,0.03555082529783249
Wrong 0.1183435395359993,0.017629191279411316,0.02872360683977604,0.03024875372648239
Wrong 0.052369121462106705,0.0072403233498334885,0.021177703514695168,0.016119828447699547
Wrong 0.08565598726272583,0.018232015892863274,0.03513471409678459,0.03305203467607498
Wrong 0.08865416795015335,0.030841317027807236,0.051742587238550186,0.05975113809108734
Correct 0.10165709257125854,0.019131237640976906,0.035667698830366135,0.017045890912413597
Wrong 0.06873244047164917,0.014760108664631844,0.03978985920548439,0.04153100401163101
Wrong 0.08820141851902008,0.018321042880415916,0.037398822605609894,0.02396600879728794
Correct 0.04564599320292473,0.06638644635677338,0.03529755026102066,0.026738228276371956
Wrong 0.0738205835223198,0.006405802443623543,0.015463761053979397,0.01779402233660221
Wrong 0.06718267500400543,0.013600352220237255,0.03323957324028015,0.02906421758234501
Correct 0.11060023307800293,0.015934035181999207,0.035287924110889435,0.026873208582401276
Wrong 0.10259945690631866,0.016537075862288475,0.03118843212723732,0.03955024108290672
Wrong 0.10629023611545563,0.023497913032770157,0.04566086456179619,0.033147964626550674
Correct 0.10245314240455627,0.024727793410420418,0.0601777620613575,0.0394832082092762
Wrong 0.08940953761339188,0.023161791265010834,0.057744890451431274,0.03445139899849892
Wrong 0.10149665921926498,0.009205397218465805,0.021253131330013275,0.026379069313406944
Correct 0.09599604457616806,0.03142014890909195,0.041308823972940445,0.0315178781747818
Wrong 0.13597625494003296,0.02017328329384327,0.03546564653515816,0.026304330676794052
Wrong 0.07783281803131104,0.04052118584513664,0.04992339760065079,0.024991793558001518
Wrong 0.11156190186738968,0.015063388273119926,0.03939935564994812,0.04007132351398468
Wrong 0.09144984930753708,0.011959883384406567,0.05627444013953209,0.01692062057554722
Wrong 0.09961992502212524,0.021335875615477562,0.04885222390294075,0.03927641361951828
Wrong 0.1048048809170723,0.022967811673879623,0.04492763429880142,0.031819865107536316
Correct 0.14968134462833405,0.019994739443063736,0.040234003216028214,0.030072292312979698
Wrong 0.06862340867519379,0.022893663495779037,0.024855943396687508,0.02299005351960659
Correct 0.09420247375965118,0.014659400098025799,0.03359370678663254,0.02595633827149868
Correct 0.10378527641296387,0.021215908229351044,0.02896970510482788,0.032773684710264206
Correct 0.09394250065088272,0.019070032984018326,0.0565444752573967,0.029698774218559265
Correct 0.0855615884065628,0.012950032949447632,0.03174683824181557,0.027231834828853607
Wrong 0.06893493980169296,0.026018032804131508,0.032502152025699615,0.03679417446255684
Wrong 0.12071557343006134,0.011911645531654358,0.05101638287305832,0.029541194438934326
Correct 0.0837031900882721,0.013969846069812775,0.025891385972499847,0.025750942528247833
Wrong 0.08904196321964264,0.035267528146505356,0.04605133831501007,0.04935276135802269
Wrong 0.10071021318435669,0.014542533084750175,0.02811790071427822,0.02503316104412079
Wrong 0.10946813970804214,0.013594498857855797,0.044472817331552505,0.033119555562734604
Correct 0.09772895276546478,0.01349637657403946,0.041969574987888336,0.023452404886484146
Correct 0.11073019355535507,0.016019746661186218,0.060712408274412155,0.029548706486821175
Wrong 0.12017589807510376,0.03259560093283653,0.032716862857341766,0.04400549456477165
Wrong 0.09681130200624466,0.023303532972931862,0.045371513813734055,0.03349391371011734
Correct 0.12478087097406387,0.023396899923682213,0.028247417882084846,0.03913438320159912
Wrong 0.09385231137275696,0.028679613023996353,0.07296109199523926,0.0520784929394722
Wrong 0.09939131885766983,0.016912896186113358,0.05018052086234093,0.044770583510398865
Wrong 0.07603722810745239,0.012954968959093094,0.035115085542201996,0.029499443247914314
Wrong 0.11958370357751846,0.02138536423444748,0.06705790013074875,0.0444229356944561
Wrong 0.1184692457318306,0.016729114577174187,0.028043193742632866,0.03073001280426979
Wrong 0.07693696022033691,0.021123448386788368,0.027276938781142235,0.027773942798376083
Wrong 0.06493111699819565,0.014346413314342499,0.05923798307776451,0.024629643186926842
Wrong 0.09763370454311371,0.011970644816756248,0.028148220852017403,0.033588994294404984
Wrong 0.0889977216720581,0.009170742705464363,0.02174856886267662,0.017102783545851707
Correct 0.081671804189682,0.00854847114533186,0.022692423313856125,0.030503682792186737
Wrong 0.0897931233048439,0.032722651958465576,0.0830409973859787,0.03413256257772446
Wrong 0.07327714562416077,0.03153585270047188,0.04446500912308693,0.03569657728075981
Wrong 0.09919456392526627,0.018126385286450386,0.034987062215805054,0.037664178758859634
Correct 0.1304900199174881,0.013125673867762089,0.022976865991950035,0.02088058739900589
Wrong 0.12209717184305191,0.024020645767450333,0.030302787199616432,0.033460572361946106
Wrong 0.08609519153833389,0.017704764381051064,0.04394882544875145,0.03555715084075928
Wrong 0.12936115264892578,0.029651060700416565,0.04873567074537277,0.05848681926727295
Wrong 0.0893428847193718,0.02116815373301506,0.054140783846378326,0.03073609061539173
Correct 0.09887968748807907,0.008836493827402592,0.012368599884212017,0.017879821360111237
Wrong 0.06526660174131393,0.028346965089440346,0.036872606724500656,0.02119317650794983
Wrong 0.10801246762275696,0.026527371257543564,0.04235982522368431,0.03383397310972214
Correct 0.12810908257961273,0.01782684586942196,0.027835296466946602,0.030538151040673256
Wrong 0.09787481278181076,0.01589309424161911,0.040685225278139114,0.035573821514844894
Wrong 0.0805802047252655,0.022736793383955956,0.04704193398356438,0.04568512737751007
Wrong 0.0909951850771904,0.01741730235517025,0.03523242846131325,0.029281271621584892
Wrong 0.08290556818246841,0.019167959690093994,0.024840151891112328,0.022104933857917786
Wrong 0.0872478187084198,0.017901768907904625,0.06335128098726273,0.01981869898736477
Wrong 0.0969429761171341,0.024665454402565956,0.04304582625627518,0.04035382717847824
Correct 0.09450460225343704,0.01232285238802433,0.0242284145206213,0.024695049971342087
Correct 0.09517262876033783,0.00949776265770197,0.03157566115260124,0.0270768441259861
Wrong 0.08994904160499573,0.018254291266202927,0.03359844163060188,0.0305788554251194
Wrong 0.09152938425540924,0.019116537645459175,0.026579540222883224,0.024738308042287827
Wrong 0.09173815697431564,0.026030680164694786,0.03022400289773941,0.022277701646089554
Wrong 0.08559207618236542,0.03234058618545532,0.06360508501529694,0.02598310261964798
Wrong 0.09223435074090958,0.01230417750775814,0.0315307192504406,0.027965079993009567
Correct 0.10915783792734146,0.0219282116740942,0.07107146829366684,0.03837544843554497
Correct 0.13038618862628937,0.02072749100625515,0.03883768990635872,0.03185907006263733
Wrong 0.11287102848291397,0.01743950881063938,0.026738092303276062,0.018328841775655746
Correct 0.0960727334022522,0.014825201593339443,0.037780821323394775,0.037849824875593185
Correct 0.12636801600456238,0.03534278646111488,0.050264131277799606,0.03461826220154762
Wrong 0.09283336251974106,0.011122767813503742,0.029379375278949738,0.019840316846966743
Wrong 0.1097402423620224,0.024843620136380196,0.044699352234601974,0.03888842090964317
Wrong 0.09810459613800049,0.02513081766664982,0.04950588941574097,0.045235779136419296
Correct 0.10728127509355545,0.016981428489089012,0.028737792745232582,0.033547695726156235
Wrong 0.10787037760019302,0.019814200699329376,0.07345462590456009,0.03868962824344635
Wrong 0.09586020559072495,0.033096905797719955,0.05999835953116417,0.05502154678106308
Wrong 0.11505617946386337,0.03531568497419357,0.075550876557827,0.03149376064538956
Wrong 0.073311947286129,0.025685032829642296,0.031329378485679626,0.0359821617603302
Wrong 0.06953077763319016,0.01489870622754097,0.04850532487034798,0.02418607473373413
Wrong 0.10018865019083023,0.014286473393440247,0.03373144194483757,0.02878492884337902
Wrong 0.1250562071800232,0.016580181196331978,0.03283023461699486,0.03251759335398674
Wrong 0.07261168956756592,0.02185887284576893,0.04248293861746788,0.04453761503100395
Wrong 0.11027223616838455,0.01906890980899334,0.05818060040473938,0.02467133104801178
Wrong 0.08793845772743225,0.034925371408462524,0.07020270079374313,0.033881086856126785
Wrong 0.13370473682880402,0.021402927115559578,0.05067935585975647,0.07169117778539658
Wrong 0.080439992249012,0.018530093133449554,0.043704330921173096,0.03499213978648186
Wrong 0.10576136410236359,0.013247014954686165,0.04052359610795975,0.032519109547138214
Correct 0.0969480499625206,0.025664962828159332,0.04786216840147972,0.04241549223661423
Correct 0.09228210896253586,0.018318023532629013,0.04980885982513428,0.03347047418355942
Wrong 0.09238266199827194,0.0229452233761549,0.04030612111091614,0.03805956244468689
Correct 0.11154450476169586,0.014578169211745262,0.02426913194358349,0.026193631812930107
Wrong 0.07724394649267197,0.01687193103134632,0.03271077945828438,0.03040226176381111
Wrong 0.12128385156393051,0.014266712591052055,0.028566867113113403,0.025292640551924706
Wrong 0.09344641119241714,0.012308384291827679,0.024883275851607323,0.019717032089829445
Wrong 0.13123753666877747,0.022566944360733032,0.04289381951093674,0.03347814083099365
Correct 0.10623566061258316,0.010240714997053146,0.029934043064713478,0.02697855234146118
Correct 0.09558431804180145,0.0156788881868124,0.037517376244068146,0.028360584750771523
Wrong 0.11412525177001953,0.029877053573727608,0.04976999759674072,0.04077905789017677
Wrong 0.08882244676351547,0.025115175172686577,0.06472627818584442,0.04435192048549652
Wrong 0.08744671195745468,0.026043936610221863,0.06959421187639236,0.049794670194387436
Wrong 0.11396786570549011,0.026394756510853767,0.0930558368563652,0.022359712049365044
Correct 0.08837737888097763,0.0185980424284935,0.04143157973885536,0.02595759741961956
Wrong 0.09988153725862503,0.022419314831495285,0.03137467801570892,0.029711861163377762
Wrong 0.09728966653347015,0.01694132573902607,0.04632170870900154,0.02858792245388031
Wrong 0.08958281576633453,0.01997905783355236,0.038019005209207535,0.019681155681610107
Wrong 0.08702633529901505,0.02317979745566845,0.06885316222906113,0.023595578968524933
Wrong 0.09304603189229965,0.02633800357580185,0.052191901952028275,0.040234580636024475
Wrong 0.0932760238647461,0.016766631975769997,0.03157499432563782,0.034337323158979416
Wrong 0.07667921483516693,0.032028257846832275,0.05148351192474365,0.021831871941685677
Wrong 0.09185262024402618,0.029992438852787018,0.032928939908742905,0.030300458893179893
Correct 0.12195570766925812,0.024220775812864304,0.048067692667245865,0.03924540802836418
Wrong 0.09383029490709305,0.04833747446537018,0.08307616412639618,0.03500647470355034
Correct 0.11193640530109406,0.02208366058766842,0.048882946372032166,0.04411698505282402
Wrong 0.07202178239822388,0.031841348856687546,0.04437142238020897,0.03750704973936081
Correct 0.06238150969147682,0.016665440052747726,0.08192624896764755,0.025899145752191544
Correct 0.09212412685155869,0.022342512384057045,0.021520424634218216,0.03095359355211258
Wrong 0.10117179900407791,0.019574636593461037,0.036475349217653275,0.0373682975769043
Wrong 0.1142953410744667,0.024137696251273155,0.03529476001858711,0.0325440987944603
Wrong 0.0988607183098793,0.02098972536623478,0.0448208712041378,0.042436517775058746
Wrong 0.10795676708221436,0.021606143563985825,0.06401486694812775,0.022801322862505913
Wrong 0.12241821736097336,0.027235202491283417,0.046818822622299194,0.03947056084871292
Correct 0.10432031750679016,0.012231579050421715,0.029646703973412514,0.030746253207325935
Wrong 0.11852197349071503,0.0240617822855711,0.047055330127477646,0.049204856157302856
Wrong 0.11157169938087463,0.029089832678437233,0.04421396553516388,0.028633220121264458
Wrong 0.0768435075879097,0.012511055916547775,0.02589956857264042,0.024920566007494926
Wrong 0.08420588076114655,0.04457620903849602,0.05646850913763046,0.03333549574017525
Correct 0.11189839988946915,0.019952567294239998,0.045362889766693115,0.029750172048807144
Correct 0.06963332742452621,0.011759864166378975,0.019510015845298767,0.01972537860274315
Wrong 0.09713339805603027,0.024941910058259964,0.059312280267477036,0.04192579165101051
Correct 0.08379507064819336,0.01644063927233219,0.024555927142500877,0.02104814723134041
Wrong 0.14155320823192596,0.01943378709256649,0.035909052938222885,0.034642256796360016
Wrong 0.10624824464321136,0.024964425712823868,0.0424761138856411,0.024929938837885857
Correct 0.07963301986455917,0.009330159053206444,0.034163948148489,0.02361258678138256
Wrong 0.0675252303481102,0.02337883785367012,0.06807226687669754,0.05073511600494385
Wrong 0.11288013309240341,0.023322276771068573,0.05588040128350258,0.03755474463105202
Wrong 0.11213812232017517,0.024448655545711517,0.024406371638178825,0.02525871805846691
Correct 0.08640026301145554,0.014451389200985432,0.027305783703923225,0.027041172608733177
Wrong 0.10120955109596252,0.01600731909275055,0.037235476076602936,0.030874893069267273
Wrong 0.0893356129527092,0.014394134283065796,0.03512852266430855,0.03149503841996193
Wrong 0.10309740900993347,0.014747601933777332,0.025458062067627907,0.028001803904771805
Wrong 0.07954922318458557,0.04475494846701622,0.048557594418525696,0.023098917677998543
Wrong 0.08252163231372833,0.035566214472055435,0.07234741002321243,0.04530125856399536
Wrong 0.09703405201435089,0.014352557249367237,0.03416236490011215,0.038312774151563644
Wrong 0.07980334758758545,0.021472003310918808,0.07319784164428711,0.026923947036266327
Wrong 0.1258007287979126,0.01939334347844124,0.0380324125289917,0.029500877484679222
Wrong 0.10492713004350662,0.02079031802713871,0.04919218271970749,0.02634337730705738
Wrong 0.07678981870412827,0.032545123249292374,0.03665808588266373,0.026885448023676872
Wrong 0.1272764354944229,0.01729653775691986,0.05424586310982704,0.04290853440761566
Wrong 0.08641313761472702,0.031280986964702606,0.0607798770070076,0.029077814891934395
Correct 0.12317157536745071,0.03400036320090294,0.05774813890457153,0.02567133493721485
Wrong 0.09781783819198608,0.013710360042750835,0.03974183648824692,0.026490306481719017
Correct 0.05968596786260605,0.03143246844410896,0.043328657746315,0.02529889903962612
Wrong 0.08969029039144516,0.0212372075766325,0.03731794282793999,0.020025203004479408
Wrong 0.09746959060430527,0.035021957010030746,0.04383485019207001,0.03125247359275818
Correct 0.09719418734312057,0.0298001766204834,0.058082494884729385,0.036094773560762405
Correct 0.09122952073812485,0.02561222016811371,0.05839991196990013,0.03756273165345192
Wrong 0.07537493109703064,0.010482871904969215,0.028346501290798187,0.025333324447274208
Correct 0.11793608963489532,0.012147266417741776,0.03915918245911598,0.028755540028214455
Wrong 0.11073768883943558,0.01771475188434124,0.03840002417564392,0.024953195825219154
Wrong 0.09050818532705307,0.028450682759284973,0.0541386641561985,0.05056358501315117
Correct 0.10787692666053772,0.021005652844905853,0.03982643038034439,0.03543412312865257
Correct 0.0399065762758255,0.014426086097955704,0.0328357070684433,0.05208403989672661
Correct 0.10442405194044113,0.010692942887544632,0.025175178423523903,0.03166361525654793
Wrong 0.07899034768342972,0.015012352727353573,0.033901397138834,0.0425637885928154
Wrong 0.11423619836568832,0.018724283203482628,0.03879079222679138,0.04421386867761612
Wrong 0.08673353493213654,0.011410131119191647,0.02924729883670807,0.02673834003508091
Wrong 0.11131865531206131,0.015449892729520798,0.045306071639060974,0.04837382584810257
Correct 0.08485277742147446,0.022352799773216248,0.0922771543264389,0.04176151379942894
Correct 0.07252255082130432,0.022531986236572266,0.08150482922792435,0.02574422024190426
Wrong 0.08019641786813736,0.022772569209337234,0.033093806356191635,0.032301198691129684
Wrong 0.11150330305099487,0.013441772200167179,0.03892548382282257,0.031014738604426384
Correct 0.09050597995519638,0.018425609916448593,0.09098652005195618,0.03272976726293564
Wrong 0.10649338364601135,0.024281855672597885,0.038183003664016724,0.038438960909843445
Wrong 0.07699690759181976,0.03207791596651077,0.044463884085416794,0.041003674268722534
Wrong 0.08792096376419067,0.02664230205118656,0.03757036104798317,0.03247048705816269
Wrong 0.11268788576126099,0.030155207961797714,0.04270980507135391,0.030205905437469482
Wrong 0.055488843470811844,0.019640471786260605,0.04253948852419853,0.024932874366641045
Wrong 0.08260578662157059,0.010644184425473213,0.028051896020770073,0.026735395193099976
Correct 0.09865996986627579,0.023998742923140526,0.05757077410817146,0.027276214212179184
Correct 0.10199335962533951,0.01849500462412834,0.03798317536711693,0.03349927440285683
Wrong 0.09996270388364792,0.019988618791103363,0.030439598485827446,0.028331317007541656
Wrong 0.11174128949642181,0.02001657523214817,0.03485347703099251,0.02990230917930603
Wrong 0.09930680692195892,0.039057448506355286,0.07857340574264526,0.042394936084747314
Wrong 0.11990578472614288,0.016958728432655334,0.057397086173295975,0.04328182339668274
Wrong 0.1189420074224472,0.03354122117161751,0.04844878613948822,0.029895756393671036
Wrong 0.11985228210687637,0.011732381768524647,0.03537536412477493,0.030181771144270897
Wrong 0.1258130967617035,0.019416119903326035,0.046939585357904434,0.03566328436136246
Wrong 0.1577855348587036,0.022012589499354362,0.0716731995344162,0.0509842187166214
Wrong 0.10620933026075363,0.020261138677597046,0.03151242807507515,0.02581123076379299
Correct 0.10625873506069183,0.024865182116627693,0.12142498791217804,0.025501634925603867
Wrong 0.11208417266607285,0.014787704683840275,0.04012994468212128,0.03132929652929306
Correct 0.06646278500556946,0.01940087229013443,0.08462885022163391,0.019660918042063713
Correct 0.12065081298351288,0.01708378829061985,0.031395260244607925,0.030729833990335464
Wrong 0.110837422311306,0.01509585790336132,0.034119825810194016,0.0402943417429924
Wrong 0.11927129328250885,0.04215376451611519,0.07345620542764664,0.03904740884900093
Correct 0.08867103606462479,0.012179737910628319,0.022058071568608284,0.03788299858570099
Wrong 0.10173729062080383,0.0203293077647686,0.04164689779281616,0.03400176018476486
Wrong 0.11426384001970291,0.0243839081376791,0.03782554715871811,0.034332431852817535
Wrong 0.08734055608510971,0.026416443288326263,0.08337748050689697,0.04565424472093582
Wrong 0.08661647140979767,0.019374415278434753,0.04443676769733429,0.030928216874599457
Correct 0.07114440202713013,0.013520701788365841,0.0899263396859169,0.026612218469381332
Correct 0.09410460293292999,0.023689735680818558,0.05271902307868004,0.034571338444948196
Correct 0.0897914245724678,0.017416173592209816,0.029145890846848488,0.02095169574022293
Wrong 0.09451750665903091,0.031729232519865036,0.07655603438615799,0.03841158002614975
Wrong 0.082182876765728,0.013680832460522652,0.02368849329650402,0.015360994264483452
Wrong 0.08586043119430542,0.03297056630253792,0.047427285462617874,0.03382118046283722
Wrong 0.15357941389083862,0.018212897703051567,0.05732938274741173,0.04549138993024826
Correct 0.10635749995708466,0.009966669604182243,0.03619733452796936,0.015686022117733955
Wrong 0.09013549238443375,0.046657904982566833,0.04750094562768936,0.042858920991420746
Wrong 0.09786737710237503,0.02318483218550682,0.045475587248802185,0.054661545902490616
Wrong 0.07637979835271835,0.03906170651316643,0.07457564771175385,0.04193738475441933
Wrong 0.0886838436126709,0.014643803238868713,0.04745135456323624,0.026684146374464035
Wrong 0.08069300651550293,0.01965048909187317,0.0355198048055172,0.03114248625934124
Correct 0.12313634902238846,0.021860269829630852,0.029413100332021713,0.03267022967338562
Correct 0.1032985970377922,0.023942502215504646,0.052753251045942307,0.039844002574682236
Correct 0.08627274632453918,0.03227952495217323,0.04545871540904045,0.02685623988509178
Correct 0.06703362613916397,0.010629585012793541,0.025254307314753532,0.02070304937660694
Correct 0.13389043509960175,0.02138609252870083,0.04716772586107254,0.03992271050810814
Wrong 0.0983363687992096,0.009510931558907032,0.022265711799263954,0.01835249736905098
Correct 0.0907231792807579,0.014901694841682911,0.038378357887268066,0.024089740589261055
Wrong 0.09151352941989899,0.022377358749508858,0.041416607797145844,0.04082069173455238
Wrong 0.126703143119812,0.03567158058285713,0.056682419031858444,0.03892470523715019
Wrong 0.07129251211881638,0.02123022824525833,0.04132123664021492,0.02018134668469429
Wrong 0.11006571352481842,0.03368911147117615,0.0494404062628746,0.03166855871677399
Wrong 0.09609992802143097,0.052287757396698,0.056056614965200424,0.03251509740948677
Correct 0.1226123496890068,0.013636261224746704,0.015810277312994003,0.019590744748711586
Wrong 0.08203794062137604,0.02106376551091671,0.05963415652513504,0.027506448328495026
Wrong 0.09997733682394028,0.018578045070171356,0.02629215084016323,0.036215659230947495
Correct 0.11820817738771439,0.01944461651146412,0.052925415337085724,0.02875906601548195
Wrong 0.10998513549566269,0.0146577013656497,0.034906055778265,0.019253289327025414
Wrong 0.09441324323415756,0.028605559840798378,0.04667114466428757,0.07027101516723633
Correct 0.1260848045349121,0.02514379657804966,0.0408937893807888,0.026666095480322838
Wrong 0.08458707481622696,0.01839192770421505,0.04233892261981964,0.053034309297800064
Wrong 0.09217127412557602,0.013483839109539986,0.024556515738368034,0.026560038328170776
Correct 0.1320904940366745,0.026553591713309288,0.0292301494628191,0.01871032640337944
Wrong 0.08371880650520325,0.019039375707507133,0.05849359557032585,0.02674977108836174
Wrong 0.08850794285535812,0.04396939277648926,0.075222447514534,0.042108677327632904
Correct 0.11258688569068909,0.020083073526620865,0.027758130803704262,0.029520949348807335
Correct 0.15082187950611115,0.020566526800394058,0.03966227173805237,0.03038683533668518
Wrong 0.11603425443172455,0.019247325137257576,0.03455454856157303,0.04277060925960541
Wrong 0.10159554332494736,0.011175313033163548,0.032275062054395676,0.027211662381887436
Wrong 0.09864654392004013,0.019692545756697655,0.06815768778324127,0.027486246079206467
Wrong 0.10198652744293213,0.01574861630797386,0.03544718027114868,0.03710470721125603
Wrong 0.12920336425304413,0.021737568080425262,0.0648091733455658,0.038695842027664185
Correct 0.09250573068857193,0.015338515862822533,0.032631516456604004,0.029791906476020813
Correct 0.12666091322898865,0.022896965965628624,0.06981885433197021,0.046300970017910004
Wrong 0.0924975723028183,0.012573301792144775,0.021748989820480347,0.024093421176075935
Wrong 0.11210337281227112,0.025366801768541336,0.09146389365196228,0.07506372779607773
Correct 0.11041156947612762,0.020848367363214493,0.02907130867242813,0.04194685444235802
Wrong 0.10027658194303513,0.017945388332009315,0.03253404423594475,0.02190495654940605
Correct 0.09407525509595871,0.026528717949986458,0.05084151029586792,0.03608212620019913
Wrong 0.1077333316206932,0.01393183134496212,0.04122830927371979,0.02872297540307045
Correct 0.10218372195959091,0.023168541491031647,0.03548629954457283,0.03499838337302208
Correct 0.0986492708325386,0.022355489432811737,0.046475883573293686,0.034519366919994354
Wrong 0.10125304013490677,0.03353411704301834,0.045366644859313965,0.04985411465167999
Correct 0.1164066344499588,0.024710487574338913,0.05070898309350014,0.037790898233652115
Correct 0.1361929029226303,0.01806771196424961,0.04810717701911926,0.029674213379621506
Correct 0.10433078557252884,0.02072484791278839,0.03712670877575874,0.042786117643117905
Wrong 0.06609506905078888,0.024666830897331238,0.05480550602078438,0.04299085959792137
Wrong 0.1317400485277176,0.0244482159614563,0.05483205243945122,0.03923415020108223
Wrong 0.06647681444883347,0.033051781356334686,0.045393552631139755,0.025778401643037796
Wrong 0.09322119504213333,0.0291762612760067,0.07238225638866425,0.047995276749134064
Wrong 0.08556747436523438,0.012396563775837421,0.040122322738170624,0.025280043482780457
Wrong 0.09735846519470215,0.025427870452404022,0.03461432084441185,0.04033874720335007
Correct 0.08102662861347198,0.01360694132745266,0.10655307024717331,0.022140981629490852
Correct 0.11017456650733948,0.013818335719406605,0.027028517797589302,0.02519928850233555
Wrong 0.08159003406763077,0.04984229803085327,0.06705918908119202,0.05360616371035576
Correct 0.0604298897087574,0.015285848639905453,0.08387908339500427,0.02771640382707119
Wrong 0.06756591796875,0.007814781740307808,0.017347121611237526,0.017224835231900215
Wrong 0.08720985054969788,0.01824319362640381,0.034142930060625076,0.022731631994247437
Wrong 0.08028104156255722,0.02932150848209858,0.04071454703807831,0.020337484776973724
Wrong 0.08639532327651978,0.01547430269420147,0.042313411831855774,0.026449380442500114
Wrong 0.09510824829339981,0.01906554400920868,0.04182794690132141,0.03425459936261177
Correct 0.1010356917977333,0.010504617355763912,0.023087896406650543,0.017997313290834427
Wrong 0.09095599502325058,0.019302889704704285,0.05875067785382271,0.028742216527462006
Wrong 0.08353535830974579,0.021296696737408638,0.058793406933546066,0.030181478708982468
Correct 0.12794148921966553,0.03219490870833397,0.04647441208362579,0.03304968401789665
Wrong 0.0927387923002243,0.01899772696197033,0.03248124197125435,0.035844586789608
Wrong 0.0810558870434761,0.017064370214939117,0.03875627741217613,0.030113492161035538
Correct 0.10170961171388626,0.016195185482501984,0.0437544621527195,0.03562743216753006
Correct 0.08953972160816193,0.021192513406276703,0.09578298777341843,0.03025083988904953
Wrong 0.07636142522096634,0.011979998089373112,0.029420262202620506,0.023241017013788223
Correct 0.14142408967018127,0.018056679517030716,0.03091149963438511,0.02509554848074913
Wrong 0.09361675381660461,0.01409405842423439,0.028264179825782776,0.019779067486524582
Wrong 0.06347905844449997,0.027933813631534576,0.0670466348528862,0.05264776572585106
Wrong 0.11589089781045914,0.017309777438640594,0.029053358361124992,0.03099771961569786
Wrong 0.09936922043561935,0.021496521309018135,0.04877006262540817,0.04185957461595535
Correct 0.12644964456558228,0.018202995881438255,0.040983982384204865,0.04495718330144882
Correct 0.13001348078250885,0.017916183918714523,0.06624878942966461,0.028232932090759277
Correct 0.1332109272480011,0.029608216136693954,0.043309006839990616,0.04044460505247116
Wrong 0.0883282870054245,0.03569404035806656,0.043727874755859375,0.03200297802686691
Wrong 0.09654077142477036,0.02337440475821495,0.05012011528015137,0.03948938474059105
Wrong 0.0738484337925911,0.01419070828706026,0.028215521946549416,0.024256382137537003
Wrong 0.11293021589517593,0.0266618300229311,0.04136821627616882,0.029273271560668945
Wrong 0.0910600796341896,0.022004542872309685,0.033848196268081665,0.02329855039715767
Wrong 0.09608826786279678,0.018283607438206673,0.035808585584163666,0.029274016618728638
Wrong 0.11877179890871048,0.04302310198545456,0.06566903740167618,0.05611368268728256
Correct 0.11537666618824005,0.016690917313098907,0.042920347303152084,0.030118735507130623
Wrong 0.10579872876405716,0.027412163093686104,0.05896550789475441,0.033965103328228
Wrong 0.10431123524904251,0.03329722583293915,0.07011012732982635,0.03440254181623459
Correct 0.06734303385019302,0.0180988609790802,0.08648160845041275,0.017023619264364243
Wrong 0.08208020031452179,0.016864540055394173,0.04528644680976868,0.034415870904922485
Wrong 0.10242266952991486,0.024221155792474747,0.027912473306059837,0.026476247236132622
Wrong 0.09854225814342499,0.023723136633634567,0.044018883258104324,0.029147090390324593
Wrong 0.10407063364982605,0.02512502670288086,0.053569093346595764,0.032026540488004684
Wrong 0.07595056295394897,0.025306617841124535,0.04597250744700432,0.05248221382498741
Wrong 0.09357786178588867,0.02570258267223835,0.02555808797478676,0.024294020608067513
Correct 0.10033746808767319,0.020341480150818825,0.02868715301156044,0.02134144864976406
Correct 0.10356080532073975,0.02556287683546543,0.051525045186281204,0.05246955156326294
Wrong 0.09185217320919037,0.022306308150291443,0.05909945070743561,0.0384652316570282
Wrong 0.1262132227420807,0.015396243892610073,0.06193750724196434,0.036723531782627106
Wrong 0.0885557159781456,0.025668440386652946,0.04344096779823303,0.06279340386390686
Wrong 0.07764334976673126,0.01450846716761589,0.024004027247428894,0.02343563176691532
Wrong 0.10845939069986343,0.008876779116690159,0.021598204970359802,0.02248063124716282
Wrong 0.09185837209224701,0.025260157883167267,0.05396847799420357,0.026712054386734962
Wrong 0.10787857323884964,0.015884745866060257,0.025191519409418106,0.024346521124243736
Wrong 0.09050575643777847,0.0215854924172163,0.03700915351510048,0.05375944450497627
Correct 0.15774793922901154,0.026080207899212837,0.04799744114279747,0.043789081275463104
Wrong 0.07656502723693848,0.015023944899439812,0.03472485765814781,0.044576145708560944
Wrong 0.08544527739286423,0.01737954095005989,0.05212288349866867,0.027108408510684967
Wrong 0.142272487282753,0.016024112701416016,0.03482631966471672,0.056498993188142776
Wrong 0.08837071061134338,0.009242938831448555,0.02563941664993763,0.02264034003019333
Wrong 0.09626167267560959,0.02189451828598976,0.02000955305993557,0.024152424186468124
Correct 0.075141541659832,0.033294230699539185,0.06084248423576355,0.027651537209749222
Correct 0.10653627663850784,0.017125574871897697,0.05319443717598915,0.04241758957505226
Wrong 0.08689338713884354,0.044067926704883575,0.03853282704949379,0.02382548712193966
Correct 0.10390011966228485,0.039164815098047256,0.060578376054763794,0.033297885209321976
Correct 0.04399773105978966,0.01280090119689703,0.09301961213350296,0.02004149556159973
Correct 0.1071816235780716,0.012005583383142948,0.024265531450510025,0.024915926158428192
Wrong 0.128398135304451,0.028585053980350494,0.06136583164334297,0.04516357555985451
Wrong 0.09483851492404938,0.023440686985850334,0.0985724925994873,0.04842717945575714
Wrong 0.08217593282461166,0.01695786789059639,0.058703772723674774,0.0199567973613739
Wrong 0.0984802097082138,0.01031388808041811,0.026481779292225838,0.02824513614177704
Correct 0.08830549567937851,0.01120647694915533,0.026455486193299294,0.02086172252893448
Wrong 0.10039041191339493,0.016010407358407974,0.036040112376213074,0.02896520122885704
Wrong 0.10940112173557281,0.01486152969300747,0.03405444324016571,0.025151262059807777
Correct 0.09771086275577545,0.02374871075153351,0.042389463633298874,0.03768308833241463
Correct 0.13585999608039856,0.02017321065068245,0.03977027162909508,0.03096908889710903
Wrong 0.10367224365472794,0.03171122446656227,0.047789067029953,0.03520376980304718
Wrong 0.09284871816635132,0.030065352097153664,0.05836552754044533,0.05700786039233208
Wrong 0.08899267017841339,0.017756439745426178,0.03760489821434021,0.031665097922086716
Wrong 0.1021859273314476,0.018389608711004257,0.05301304906606674,0.040028881281614304
Correct 0.08852683752775192,0.01479033101350069,0.030233237892389297,0.026325469836592674
Correct 0.10257530957460403,0.02125767432153225,0.029178883880376816,0.02609735168516636
Correct 0.09954623132944107,0.020050134509801865,0.0514439232647419,0.0495431013405323
Correct 0.09378255158662796,0.017759917303919792,0.051414042711257935,0.0160282701253891
Wrong 0.1013495922088623,0.024891383945941925,0.06457149982452393,0.04066032916307449
Wrong 0.09316948056221008,0.020783334970474243,0.055062275379896164,0.04768024757504463
Wrong 0.08807765692472458,0.023299964144825935,0.05382049083709717,0.03147405385971069
Wrong 0.09296460449695587,0.01234495546668768,0.039437394589185715,0.027150863781571388
Correct 0.08981643617153168,0.017395753413438797,0.03003966063261032,0.019869042560458183
Wrong 0.10326528549194336,0.029383493587374687,0.04403531923890114,0.036084432154893875
Wrong 0.0988108366727829,0.03232837840914726,0.04185988008975983,0.03642600029706955
Wrong 0.0838421955704689,0.018827905878424644,0.032491378486156464,0.03493469953536987
Wrong 0.09413595497608185,0.03540310263633728,0.06315211206674576,0.031042706221342087
Wrong 0.08501212298870087,0.014921074733138084,0.03189566731452942,0.03491353616118431
Wrong 0.0738540068268776,0.01541854627430439,0.04036474972963333,0.03371341526508331
Wrong 0.10515429079532623,0.0197747815400362,0.043831419199705124,0.030625127255916595
Correct 0.0840100347995758,0.01804373972117901,0.03412342071533203,0.03477063402533531
Wrong 0.09930022805929184,0.014760629273951054,0.03250600025057793,0.022842146456241608
Wrong 0.12935982644557953,0.0204671248793602,0.03902759030461311,0.03228527307510376
Wrong 0.12896274030208588,0.030145809054374695,0.051432691514492035,0.031034687533974648
Correct 0.10431705415248871,0.017270391806960106,0.03773849457502365,0.02862638048827648
Correct 0.12060157209634781,0.020158633589744568,0.031309522688388824,0.038098257035017014
Wrong 0.05533945560455322,0.014598512090742588,0.014087901450693607,0.021916164085268974
Correct 0.09762216359376907,0.026555534452199936,0.04396937042474747,0.046806398779153824
Correct 0.10252437740564346,0.016484247520565987,0.039534687995910645,0.02714565210044384
Wrong 0.11566773056983948,0.016467301174998283,0.030996164306998253,0.029954956844449043
Correct 0.06411547213792801,0.015035676769912243,0.0771464854478836,0.0283318180590868
Wrong 0.12118314951658249,0.012196787633001804,0.04779423400759697,0.03945671021938324
Wrong 0.07035648822784424,0.012284062802791595,0.02174735628068447,0.021460363641381264
Wrong 0.12350056320428848,0.019050108268857002,0.03616052865982056,0.03804079070687294
Correct 0.10839180648326874,0.016908472403883934,0.029624035581946373,0.019750630483031273
Wrong 0.11742375791072845,0.02320270985364914,0.06633263826370239,0.05748111009597778
Correct 0.12139926850795746,0.0248380359262228,0.03308806195855141,0.030337586998939514
Correct 0.06988801807165146,0.00841529294848442,0.02391831763088703,0.027566734701395035
