grade confidence_levels
Wrong 3.110363245010376,3.5091419219970703,3.2860424518585205,3.4324679374694824
Correct 0.6628972887992859,-0.276602566242218,-0.3938141167163849,0.04386172816157341
Correct 1.635197639465332,1.3947259187698364,1.6218723058700562,1.8341599702835083
Wrong -0.9062479734420776,-1.3330744504928589,-1.2866660356521606,-1.1935750246047974
Wrong 1.043744444847107,0.38997793197631836,0.7974298596382141,1.1825720071792603
Correct 0.6488384008407593,0.6360312700271606,1.8824299573898315,1.5781874656677246
Wrong -0.15422886610031128,-0.7433791160583496,-0.7903928756713867,-0.01320979930460453
Correct 1.0339016914367676,1.2794090509414673,1.954634428024292,1.9901843070983887
Wrong 0.8206900358200073,0.10734374076128006,0.135615736246109,0.9350132942199707
Wrong -1.1071010828018188,-2.1351735591888428,-1.8451529741287231,-1.0721335411071777
Correct 0.7103046178817749,-0.1112290471792221,-0.2100609540939331,0.24858765304088593
Wrong 1.452063798904419,0.555423378944397,0.51076740026474,0.9662345051765442
Wrong 0.3733634054660797,-0.9131021499633789,-1.3592413663864136,-0.36118030548095703
Wrong 0.47026678919792175,0.13243599236011505,0.17905089259147644,0.7554638981819153
Wrong -0.5154876112937927,-0.5273891091346741,-0.7605626583099365,0.19309885799884796
Wrong 3.4004857540130615,3.232736110687256,2.774512529373169,3.449451208114624
Wrong 0.5979748368263245,0.011881357058882713,-0.5714022517204285,0.4199364483356476
Wrong 0.3364572525024414,-0.6415852904319763,-0.7718089818954468,-0.16638121008872986
Correct 1.8093290328979492,1.389740228652954,1.9633349180221558,2.3741695880889893
Wrong 0.9915190935134888,1.2224351167678833,1.9169504642486572,1.8802202939987183
Wrong 3.607940196990967,3.7696969509124756,3.992720365524292,4.106116771697998
Wrong -0.10619817674160004,-1.1866408586502075,-1.049080491065979,-0.3816080093383789
Wrong 1.4249577522277832,0.357464462518692,0.15710876882076263,0.8841961622238159
Wrong 0.5844548940658569,-0.4796452522277832,-0.41555434465408325,0.03298582881689072
Wrong 3.4462220668792725,3.562936305999756,3.7616934776306152,4.066662311553955
Correct 0.8908140659332275,0.2721514105796814,0.4770249128341675,1.1795037984848022
Wrong 1.0586029291152954,0.47294169664382935,-0.020065277814865112,0.41717591881752014
Wrong 0.8699861168861389,-0.1970459669828415,-0.24104994535446167,0.9106819033622742
Correct 0.953220009803772,0.3309236168861389,0.2808465361595154,0.9058654308319092
Wrong 1.3595762252807617,0.953499972820282,1.340956449508667,1.3954626321792603
Wrong 1.0577224493026733,1.1795704364776611,0.9538877010345459,1.6396429538726807
Wrong 0.46656686067581177,-0.5484011769294739,-0.10974271595478058,0.10358822345733643
Wrong 0.09560631960630417,-1.0655899047851562,-1.2376036643981934,-0.27111396193504333
Wrong 1.3778644800186157,2.143968105316162,2.133291721343994,2.2786295413970947
Correct 0.5877701044082642,0.19272276759147644,0.14132888615131378,0.9296138286590576
Wrong 4.909155368804932,4.950100898742676,5.008237361907959,4.837215900421143
Wrong 1.7297672033309937,1.9107857942581177,2.4253289699554443,2.5881316661834717
Wrong 0.7156351804733276,0.025215670466423035,-0.21858854591846466,0.6625966429710388
Wrong 0.7414942383766174,-0.28645750880241394,-0.4392598867416382,0.11192192882299423
Correct 2.746490240097046,2.784209728240967,2.8809654712677,3.2120978832244873
Correct 1.2375011444091797,0.5761033892631531,0.9580416679382324,1.4565348625183105
Wrong 0.13939334452152252,-0.597646951675415,-0.16211776435375214,1.1463834047317505
Correct 1.0797019004821777,0.3700546324253082,0.38292473554611206,1.3478020429611206
Wrong 0.8185358643531799,0.09950679540634155,-0.15805605053901672,0.4379018247127533
Wrong 0.24462465941905975,0.15521089732646942,-0.16065262258052826,0.5844888091087341
Wrong -0.2791352868080139,-0.48173218965530396,-0.48307639360427856,-0.1996469497680664
Correct 0.626401424407959,1.5356720685958862,1.7394778728485107,2.3950271606445312
Wrong 2.1526260375976562,2.621302843093872,2.73445725440979,3.063183069229126
Correct 1.8168652057647705,1.7093935012817383,1.977003574371338,2.336524486541748
Wrong 1.3720037937164307,-0.0059935059398412704,-0.5124616622924805,0.459720253944397
Correct 0.4175826907157898,-0.2530079185962677,-0.5805068016052246,0.0709795206785202
Correct 5.0266194343566895,4.521597385406494,5.408160209655762,5.0016374588012695
Wrong 4.882303237915039,4.932029724121094,5.7184600830078125,5.704642295837402
Wrong 0.3673194646835327,0.08587010204792023,0.13942156732082367,0.966550886631012
Wrong 3.8892903327941895,3.8068559169769287,4.084181785583496,4.261175632476807
Wrong 0.9354562163352966,0.4397866427898407,0.5193418860435486,1.0000730752944946
Correct 4.256059169769287,3.988966703414917,5.169736862182617,4.543771743774414
Wrong -0.026544742286205292,-1.715362310409546,-1.8895823955535889,-0.9056668281555176
Correct 3.6745455265045166,4.245020389556885,4.679622173309326,4.343066692352295
Wrong 0.2559201419353485,-0.37423282861709595,-0.23679456114768982,0.35275980830192566
Correct 2.9958364963531494,3.0497164726257324,2.9990131855010986,3.4934005737304688
Wrong 0.09659542143344879,-0.5951927304267883,-1.019744634628296,0.21750976145267487
Wrong 0.582933247089386,-0.2146354764699936,-0.29426562786102295,0.5237753987312317
Correct 1.1439027786254883,0.5956286191940308,0.5691787600517273,1.2756026983261108
Wrong 1.0740491151809692,0.19146773219108582,0.10428893566131592,0.8038741946220398
Wrong 0.1549338400363922,-0.32557597756385803,-0.6057698130607605,0.02507476508617401
Wrong 0.3083687424659729,-0.3141431212425232,-0.0019465219229459763,0.6790992617607117
Correct 0.2856329083442688,-0.42410025000572205,-0.6549603343009949,0.8490182161331177
Wrong 0.13603195548057556,-0.09251253306865692,0.09199512004852295,0.6259711384773254
Wrong -0.07380630820989609,-1.0723158121109009,-1.2887152433395386,-0.9566824436187744
Wrong -0.00018085166811943054,-0.5926495790481567,-0.6738103628158569,0.02000277116894722
Wrong 3.161992311477661,3.334343194961548,3.726736545562744,3.6265063285827637
Wrong 1.1834473609924316,1.2745944261550903,1.8872486352920532,1.9441949129104614
Correct -0.31002700328826904,-1.643808364868164,-1.502212405204773,-0.9417588114738464
Wrong 1.5900901556015015,1.8162834644317627,1.9326359033584595,1.9284441471099854
Correct 0.5746583342552185,-0.317935973405838,-0.32464566826820374,0.27508482336997986
Correct 0.24958238005638123,-0.7313938140869141,-1.0480492115020752,-0.14273837208747864
Wrong 1.1455391645431519,0.8578839302062988,1.1979244947433472,1.4996832609176636
Correct 0.1438589096069336,-0.5873157382011414,-0.6786729097366333,0.2776021659374237
Wrong 0.9984226226806641,0.621435821056366,0.4698401689529419,0.796690046787262
Wrong 2.1032795906066895,2.4470973014831543,2.7402920722961426,3.185356378555298
Correct 0.7703831791877747,-0.0816226601600647,0.0380890890955925,0.45710307359695435
Wrong 2.554189443588257,1.9115828275680542,1.445311188697815,2.912320137023926
Wrong 0.7753682136535645,1.1593998670578003,2.445413827896118,2.1453731060028076
Correct 0.8167394995689392,0.37907975912094116,0.31728222966194153,1.2286545038223267
Wrong -0.16215234994888306,-1.2917184829711914,-1.455230712890625,-0.8151839375495911
Wrong 1.9141732454299927,1.242340326309204,2.316067934036255,2.51334810256958
Wrong 1.998129963874817,2.1671245098114014,2.4082696437835693,2.5695879459381104
Correct 0.16091641783714294,-0.38328784704208374,-0.5053644776344299,0.7842311859130859
Wrong 0.7552308440208435,-0.0629281997680664,-0.3472035527229309,0.5167052745819092
Wrong 5.735842704772949,6.026817798614502,6.341611862182617,6.415966033935547
Wrong 0.22647687792778015,-0.4707680642604828,0.09646261483430862,0.4590277075767517
Correct 2.357560634613037,3.008247137069702,2.7553160190582275,3.464062452316284
Wrong 0.33085983991622925,-0.6139680743217468,-0.5829529166221619,-0.16270340979099274
Correct 2.9763448238372803,3.210747003555298,3.5195815563201904,3.1608757972717285
Correct 1.462989091873169,1.5720915794372559,1.7905992269515991,2.3504257202148438
Wrong -0.03548293933272362,-1.3317131996154785,-1.5326955318450928,-0.6100878715515137
Wrong 1.2650279998779297,0.3913530707359314,0.5013027191162109,0.9313917756080627
Wrong 3.5869944095611572,4.161768913269043,4.149850368499756,4.435492038726807
Wrong 1.6862598657608032,1.8741557598114014,2.387355089187622,2.6964454650878906
Wrong 1.1449708938598633,0.14084585011005402,-0.33283206820487976,0.28089645504951477
Wrong 2.1872639656066895,2.1231160163879395,2.6036195755004883,3.014073371887207
Correct 0.7328634262084961,-0.44827720522880554,-0.8009466528892517,-0.19692887365818024
Wrong -0.21842168271541595,-1.0444310903549194,-1.1512364149093628,-0.3619089126586914
Wrong 3.1423532962799072,3.001068115234375,3.3784589767456055,3.3153300285339355
Wrong -0.6351277828216553,-1.1664679050445557,-1.265099287033081,-0.9893001317977905
Correct 0.4977889955043793,-0.2261124551296234,-0.7028428316116333,-0.04781295359134674
Wrong 3.042029619216919,3.625401496887207,4.537633895874023,4.1601715087890625
Wrong 2.0977823734283447,2.4189300537109375,2.3659098148345947,2.5975091457366943
Wrong 2.007633686065674,2.555823564529419,2.675694227218628,2.9149739742279053
Correct -0.35466161370277405,-0.8674781918525696,-1.0234739780426025,0.1496877670288086
Wrong 0.5122144222259521,-0.27473437786102295,-0.6426227688789368,0.23767772316932678
Wrong 1.0063836574554443,1.0680592060089111,1.6471816301345825,2.053595542907715
Wrong 1.1195831298828125,0.2688654363155365,0.004772759974002838,0.8411334156990051
Wrong 0.21469107270240784,-0.4703690707683563,-0.2813822031021118,0.7036609053611755
Correct -0.724654495716095,-1.3187741041183472,-1.5406970977783203,-0.6389087438583374
Wrong 0.31538712978363037,0.011229310184717178,-0.30668535828590393,0.32469311356544495
Wrong 1.8212401866912842,0.8764218091964722,0.8326470255851746,1.0420937538146973
Wrong 1.4590094089508057,1.5834405422210693,1.7745466232299805,2.259161949157715
Correct 2.33937668800354,2.7183613777160645,4.00567102432251,4.486170291900635
Correct 2.2905187606811523,2.593231439590454,2.611154079437256,3.578737497329712
Correct 1.2341904640197754,0.34835028648376465,0.08935316652059555,1.2875988483428955
Wrong 3.002154588699341,2.8473188877105713,2.5328378677368164,2.9348456859588623
Wrong 0.49087828397750854,-0.5673887729644775,-0.6624811887741089,0.006610110402107239
Wrong 0.4392736256122589,-0.2157180905342102,-0.05865219980478287,0.6191707253456116
Wrong 1.1206982135772705,1.2663915157318115,1.3681299686431885,1.4399774074554443
Correct -0.2991677224636078,-0.9496223330497742,-1.1627516746520996,-0.08571617305278778
Wrong 2.5192532539367676,2.9967010021209717,3.461263418197632,4.1487226486206055
Wrong 0.4658524692058563,-0.15586356818675995,-0.4553135931491852,0.7540823221206665
Correct 2.043670892715454,1.8294317722320557,3.5567970275878906,3.360870838165283
Wrong 0.6632510423660278,0.3428013324737549,0.6109912991523743,1.109586477279663
Wrong 0.4542810320854187,0.1537419855594635,0.13348720967769623,0.8224464058876038
Wrong 5.535927772521973,5.07712459564209,5.323842525482178,5.195339679718018
Wrong 0.7871997952461243,0.46174827218055725,0.2387431412935257,0.9942831993103027
Correct 0.2388950139284134,0.0019568726420402527,-0.16461406648159027,0.6333553194999695
Wrong 0.45891329646110535,-0.181330606341362,-0.40622958540916443,0.16799727082252502
Wrong 0.9005364179611206,0.5850360989570618,0.5261088013648987,0.968878984451294
Wrong 0.9611072540283203,0.09366979449987411,-0.21723194420337677,0.3473488986492157
Correct 0.9066659808158875,0.21023640036582947,0.20157049596309662,0.9946513175964355
Wrong 0.35438546538352966,-0.5843105912208557,-0.6195278167724609,0.1761891394853592
Correct 0.6549215912818909,1.0026044845581055,2.0214626789093018,1.9222843647003174
Wrong 0.5013818144798279,-0.3282487690448761,-0.2894185483455658,0.1832655966281891
Wrong 0.3662824034690857,-0.8756495714187622,-0.9987168908119202,-0.3242373764514923
Wrong 0.8201466798782349,0.21366015076637268,0.3036530613899231,0.6594663262367249
Wrong 0.14060050249099731,-0.5190097689628601,-0.4669820964336395,0.31213653087615967
Correct 0.4729468822479248,-0.17788147926330566,-0.29647886753082275,0.4727742671966553
Wrong 3.1072168350219727,3.0610029697418213,3.640143394470215,3.8648157119750977
Wrong 0.6421180367469788,0.206726536154747,0.7340555787086487,1.3373078107833862
Correct 1.0810916423797607,0.2586255371570587,0.07882951200008392,1.0144436359405518
Wrong 0.3403889834880829,-0.46351292729377747,-0.6203612685203552,0.4995895028114319
Wrong 1.1671391725540161,0.21132245659828186,0.4037419259548187,0.9759458303451538
Wrong 0.4606614112854004,-0.1591276228427887,0.3597581386566162,0.6809178590774536
Wrong 0.8729707598686218,-0.13160297274589539,0.282559335231781,0.2585636377334595
Wrong 0.5596886873245239,-0.4060092568397522,-0.5528088808059692,0.31821224093437195
Wrong 4.139245986938477,4.213583469390869,4.2137932777404785,4.571059226989746
Correct 0.9910256266593933,-0.36010101437568665,-0.59538334608078,0.21973657608032227
Wrong 0.11952623724937439,-0.5195269584655762,-0.3734505772590637,-0.02666063793003559
Wrong -0.8618316054344177,-1.563758373260498,-1.848818063735962,-0.9783995151519775
Wrong 1.0946733951568604,-0.08800099045038223,-0.5335825085639954,0.5318931341171265
Wrong 2.7150650024414062,3.032622814178467,3.360992193222046,3.5181140899658203
Correct 0.29256564378738403,-1.0531846284866333,-1.224172830581665,-0.5210978388786316
Wrong 1.187585473060608,0.22968915104866028,0.1304612159729004,0.7749303579330444
Wrong 0.6990720629692078,0.33651185035705566,0.2631523609161377,0.9078240990638733
Wrong 0.5055825710296631,-0.25305432081222534,-0.7527029514312744,-0.007182952016592026
Wrong 0.22478453814983368,-0.27385663986206055,-0.5722244381904602,0.4450235664844513
Correct 0.4609062671661377,-0.3549346923828125,-0.8944065570831299,-0.48295485973358154
Correct 0.8995493054389954,0.1962747871875763,0.3698439598083496,0.6728969812393188
Wrong 0.0033459067344665527,-0.8849807977676392,-0.8550593256950378,0.2612735629081726
Wrong 3.4328572750091553,3.223917007446289,3.5332820415496826,3.763066053390503
Wrong 4.029933452606201,3.0357825756073,4.637998580932617,3.491208553314209
Wrong 0.6815798282623291,0.17309613525867462,0.22052538394927979,0.7238173484802246
Wrong 0.9661225080490112,0.3153657913208008,0.5576443672180176,1.3021177053451538
Wrong 5.239970684051514,5.422496795654297,5.615780830383301,5.64120626449585
Wrong -0.18545769155025482,-0.6689548492431641,-0.962318480014801,-0.2706362307071686
Wrong 0.37473320960998535,-0.3417031168937683,-0.2998903691768646,0.33345139026641846
Wrong 0.7050015330314636,0.12573713064193726,0.06763503700494766,0.9843892455101013
Correct 1.8784157037734985,2.2153332233428955,2.6326804161071777,4.252934455871582
Wrong 1.291783094406128,0.6966477632522583,1.1452387571334839,1.0744786262512207
Wrong 1.7324120998382568,2.2972400188446045,2.8619654178619385,2.9506185054779053
Wrong 0.5593433976173401,-0.037823211401700974,0.19007153809070587,1.1464899778366089
Wrong -0.0959724709391594,-0.672964334487915,-0.8693873882293701,-0.32383379340171814
Wrong 0.5248263478279114,-0.022523481398820877,-0.576915442943573,0.5239173173904419
Correct 2.13981556892395,2.7142763137817383,2.5867061614990234,2.595104932785034
Wrong 2.825533151626587,2.7941298484802246,2.909416675567627,3.663708209991455
Wrong 0.2296464741230011,-0.23137202858924866,0.08842101693153381,0.4051590859889984
Correct 0.8330913186073303,-0.12598218023777008,-0.03020130842924118,0.7008876204490662
Correct 3.0822227001190186,2.9827041625976562,4.725578784942627,4.169652462005615
Wrong -1.366783857345581,-1.9932585954666138,-2.291926145553589,-1.5691030025482178
Wrong 0.42703574895858765,-0.25594934821128845,-0.5654922127723694,0.6200042366981506
Wrong 0.7942962050437927,0.35524633526802063,0.8015994429588318,1.2919421195983887
Wrong 0.737170398235321,0.9879922866821289,1.7903231382369995,1.921023964881897
Wrong 0.742135763168335,-0.06931039690971375,0.020563919097185135,0.8804243206977844
Correct -0.11084827780723572,-0.8403303623199463,-1.3316341638565063,-0.11957568675279617
Wrong 1.2097128629684448,0.5549007654190063,0.4452759921550751,0.9755330085754395
Wrong 0.11184819042682648,-1.1751844882965088,-1.6800224781036377,-0.6211473941802979
Correct -0.10784609615802765,-0.38013458251953125,-0.7168753743171692,0.034463804215192795
Correct 2.122342348098755,2.5729410648345947,2.7223033905029297,3.388899087905884
Correct 0.3365802764892578,-0.15085434913635254,0.43746790289878845,0.6342913508415222
Wrong 0.672359049320221,0.054583072662353516,0.8294280171394348,1.3040452003479004
Wrong 0.6813608407974243,0.03141260892152786,0.19363273680210114,0.8398363590240479
Wrong 0.8836232423782349,0.10635834187269211,0.18930599093437195,0.3708602786064148
Wrong 0.39621108770370483,-0.06132692098617554,-0.08278486132621765,0.7339146137237549
Wrong 1.136527180671692,1.7321547269821167,2.144418716430664,2.405061960220337
Wrong 0.9064014554023743,0.4079306125640869,0.7441036105155945,1.1939663887023926
Wrong 1.4947577714920044,0.6586946845054626,0.8474727869033813,1.112423062324524
Correct 1.844064474105835,2.2661468982696533,3.207235097885132,3.2745375633239746
Wrong 1.6976269483566284,1.9081284999847412,2.364046335220337,2.613074779510498
Correct 0.9443450570106506,1.1206632852554321,2.069441318511963,1.8735363483428955
Correct 0.38108938932418823,-0.18280233442783356,-0.03563188761472702,0.6231322884559631
Wrong 0.506130576133728,-0.06003414839506149,-0.15906201303005219,0.3021557033061981
Correct 1.0989230871200562,0.3878976106643677,0.1820407509803772,0.7309296727180481
Wrong 1.0931984186172485,0.40965524315834045,1.0618170499801636,1.0606614351272583
Correct 3.583393096923828,4.43142557144165,4.73642110824585,4.605649471282959
Correct 1.056434154510498,0.9689253568649292,0.6034167408943176,1.7021574974060059
Correct 2.763054609298706,2.4956212043762207,3.4520750045776367,3.297311305999756
Correct 0.7392686009407043,0.48676493763923645,0.6735758185386658,1.1935797929763794
Correct 1.8884161710739136,2.383237600326538,3.1766843795776367,3.0815858840942383
Correct 1.0647356510162354,0.07504633814096451,-0.2008269876241684,0.8743671178817749
Wrong 0.5802467465400696,-0.3532848656177521,-0.4872386157512665,0.2900950014591217
Wrong 0.2748582065105438,-1.386523723602295,-1.7554433345794678,-1.1949234008789062
Wrong 3.006305694580078,3.2697505950927734,3.082078456878662,3.364340305328369
Wrong 0.26506611704826355,-0.14039361476898193,-0.20626987516880035,0.37111613154411316
Correct -0.010756492614746094,-0.5091376900672913,-1.1534419059753418,-0.5530669689178467
Wrong 0.2692585587501526,-0.5531061887741089,-1.0538862943649292,-0.5402563810348511
Wrong 0.8723825812339783,-0.08738987147808075,-0.15157775580883026,0.16853585839271545
Wrong 1.4461547136306763,0.7140009999275208,0.8199125528335571,1.432871699333191
Correct 1.6776248216629028,1.3216997385025024,1.5545212030410767,1.7801183462142944
Wrong 0.21522319316864014,-0.1284111887216568,-0.31450316309928894,0.3546636998653412
Wrong 0.33711519837379456,-0.2851761281490326,-0.5374451279640198,-0.13470415771007538
Wrong -0.2809383273124695,-2.0305087566375732,-2.044722080230713,-1.516126036643982
Wrong 0.6758420467376709,1.036363124847412,1.7075271606445312,2.2132675647735596
Wrong 3.689541816711426,3.933751344680786,3.7346951961517334,4.351758003234863
Wrong 0.464232861995697,-0.8883976340293884,-0.5031295418739319,0.20867453515529633
Wrong 1.6360515356063843,2.116178512573242,3.481170892715454,3.771066188812256
Wrong 2.9116714000701904,2.8491969108581543,2.679205894470215,3.432720899581909
Correct 6.099971771240234,6.164409637451172,5.789312839508057,6.263580322265625
Wrong 0.8455581068992615,0.30625081062316895,0.3551174998283386,0.9196731448173523
Wrong 0.8331298828125,-0.22210390865802765,-0.8069732189178467,0.023119453340768814
Wrong 2.1702988147735596,2.3781440258026123,2.563235282897949,3.0071167945861816
Correct 0.4379288852214813,-0.047612618654966354,-0.046317100524902344,0.5767114162445068
Wrong 3.232368230819702,3.9057676792144775,4.375537872314453,4.508462905883789
Wrong 0.2843148112297058,-0.517270565032959,-0.37096700072288513,0.5058633089065552
Wrong 0.9336139559745789,1.0540096759796143,1.71217679977417,2.2169241905212402
Correct 0.6037789583206177,1.236372947692871,1.8489075899124146,1.953864336013794
Wrong -0.43945589661598206,-1.2195730209350586,-1.315746545791626,-0.8452668190002441
Wrong 0.46794742345809937,-0.463365763425827,-0.40992605686187744,0.059622980654239655
Wrong 3.9020068645477295,4.054117202758789,4.537541389465332,4.553694725036621
Wrong -0.5730670690536499,-1.8075705766677856,-1.0113221406936646,-0.09149892628192902
Wrong 1.250583291053772,0.5786799788475037,1.121154546737671,1.2433726787567139
Wrong 2.652815341949463,2.7091500759124756,2.9254026412963867,3.410151481628418
Wrong 0.8545670509338379,-0.14240460097789764,-0.16594454646110535,0.8953001499176025
Correct 2.7366559505462646,3.065096855163574,4.112717151641846,4.510203838348389
Wrong 1.5640134811401367,1.399024486541748,1.8322405815124512,1.8844126462936401
Wrong 0.6465969681739807,0.3477723300457001,0.2074386328458786,0.7941974401473999
Wrong -0.7123375535011292,-2.415729284286499,-2.329707384109497,-2.0412168502807617
Wrong 0.9876678586006165,0.13550151884555817,-0.06588202714920044,0.7286545634269714
Wrong 0.4075120687484741,-0.5034615397453308,-0.34224918484687805,0.29948779940605164
Wrong 2.6178038120269775,2.6662821769714355,3.5600571632385254,3.5561139583587646
Wrong 0.8126466870307922,0.8203650712966919,1.3383495807647705,1.6472355127334595
Wrong 4.260697364807129,4.586915016174316,4.746122360229492,4.345350742340088
Correct 1.6199473142623901,0.9535567760467529,0.9491010308265686,1.7038333415985107
Wrong 4.0919647216796875,4.344942569732666,4.096301078796387,4.507275581359863
Wrong 3.2340011596679688,3.3377866744995117,3.693638324737549,3.2940046787261963
Wrong 1.295911431312561,0.6666532158851624,1.0116009712219238,1.3224588632583618
Wrong 2.1643381118774414,2.2648072242736816,2.7104737758636475,2.925299644470215
Wrong 0.5332872271537781,0.03961963579058647,0.3112710416316986,0.4311918616294861
Wrong 3.294147253036499,3.6781725883483887,3.4682037830352783,4.350704669952393
Wrong 0.13870127499103546,-0.2722913920879364,-0.5693514347076416,0.7017738223075867
Wrong 0.4732436239719391,1.2324795722961426,1.1122993230819702,1.4075853824615479
Wrong 0.745695948600769,1.024465560913086,2.243983507156372,2.1513123512268066
Wrong 3.9918782711029053,4.627102375030518,4.853524684906006,4.683088302612305
Correct 0.07723402976989746,-0.8572765588760376,-1.0877939462661743,-0.2733544707298279
Wrong -0.47629302740097046,-0.9325610995292664,-1.2769352197647095,0.09710128605365753
Wrong 0.734912097454071,-0.017415020614862442,0.11255721747875214,0.6557648777961731
Correct -1.265740156173706,-2.368803024291992,-1.7355759143829346,-0.6193421483039856
Wrong 3.3334312438964844,3.2408103942871094,3.6318583488464355,3.8211276531219482
Wrong 0.7312362790107727,0.060216277837753296,-0.23749759793281555,0.4631102979183197
Correct 4.297560691833496,4.22722864151001,3.1254446506500244,4.228357315063477
Correct 0.6109129786491394,1.040152668952942,1.3499557971954346,1.7740029096603394
Wrong 1.2221356630325317,0.18042981624603271,-0.12706881761550903,0.2905518114566803
Correct 1.5392382144927979,1.6367071866989136,1.8628345727920532,2.3514604568481445
Wrong 1.2636650800704956,0.4228220582008362,0.6196423172950745,0.9249083995819092
Correct 1.207542061805725,0.15880422294139862,0.7397820949554443,0.8708080649375916
Wrong 0.19204211235046387,-0.4876980781555176,-0.8201373219490051,0.03969890996813774
Wrong 5.063188076019287,6.100553512573242,5.8869171142578125,5.931792736053467
Wrong 3.5580523014068604,4.0718793869018555,4.498027801513672,4.6194376945495605
Correct 1.4721245765686035,0.7925123572349548,0.7075849175453186,1.6367509365081787
Wrong 1.2674318552017212,0.4294957220554352,0.5660680532455444,1.160588026046753
Wrong 1.64266037940979,2.4425392150878906,2.915247917175293,2.987652063369751
Correct 4.585887908935547,4.6554789543151855,5.26046895980835,5.4991559982299805
Wrong 0.4646029472351074,-0.35455867648124695,-0.2489853799343109,0.3335467278957367
Wrong 0.3228377103805542,-0.26174163818359375,0.01237519457936287,0.7036541104316711
Correct 1.6506584882736206,2.203423023223877,2.520850658416748,2.829880475997925
Wrong 2.256767749786377,2.375197649002075,2.329206943511963,2.4488511085510254
Wrong 0.8930997848510742,0.1572282761335373,0.08642256259918213,0.8774531483650208
Wrong 0.9983282089233398,0.7796579003334045,1.3998032808303833,1.6910680532455444
Correct 0.9175319075584412,0.47880858182907104,0.4119718670845032,1.201375961303711
Correct 0.3982250690460205,-0.45330944657325745,-0.5584921836853027,-0.010718327015638351
Wrong 1.5653691291809082,1.632577896118164,1.950484037399292,2.1983985900878906
Wrong 0.28068816661834717,0.1906271129846573,-0.28323227167129517,0.6787944436073303
Wrong 0.8514997959136963,0.22248195111751556,0.21496522426605225,0.9452695846557617
Wrong 1.42558753490448,1.6312440633773804,1.7162564992904663,2.111175537109375
Wrong 4.73576021194458,4.91956090927124,5.268290996551514,5.324183940887451
Wrong 0.32746070623397827,-0.40992486476898193,-0.27052295207977295,0.3145928382873535
Wrong 1.320159912109375,1.2650550603866577,1.382138729095459,1.714201807975769
Correct 1.5508283376693726,1.3627113103866577,1.8226228952407837,2.296204090118408
Correct 0.9012776017189026,0.1767849624156952,0.5146458745002747,1.0638978481292725
Wrong 0.8437970876693726,-0.13240563869476318,-0.5382655262947083,0.12550441920757294
Correct 4.6753339767456055,4.5441813468933105,5.220684051513672,5.183455467224121
Wrong 0.860532283782959,0.009561745449900627,-0.01887158676981926,0.47861722111701965
Wrong 0.4438535273075104,-0.3211142420768738,-0.22219417989253998,0.7511723041534424
Correct 0.07016965001821518,-0.8885338306427002,-0.8831453919410706,-0.11952746659517288
Wrong 4.248415470123291,4.159332752227783,4.587150573730469,4.795830249786377
Wrong -0.3859853148460388,-1.1053208112716675,-1.1528362035751343,-0.36779454350471497
Wrong 0.3146805763244629,-0.19019672274589539,-0.5250995755195618,0.5410358309745789
Wrong -0.09504576027393341,-0.8789772987365723,-1.0864924192428589,-0.5606843829154968
Correct 1.7474045753479004,1.748712182044983,1.796653389930725,2.2751903533935547
Correct -0.013163413852453232,-0.9753104448318481,-1.2022455930709839,0.04734572768211365
Correct 0.10105627775192261,-0.8349968194961548,-1.328513503074646,0.06213347986340523
Wrong 1.0562264919281006,1.036157488822937,1.6587276458740234,1.5992130041122437
Correct 0.23713108897209167,-0.4238247275352478,-0.6397614479064941,0.3358573019504547
Correct 0.2274455577135086,-0.5492019653320312,-0.8144612908363342,-0.18564294278621674
Wrong 2.3808116912841797,2.388554811477661,2.5845062732696533,2.7394771575927734
Wrong 1.3282357454299927,1.4885261058807373,2.1348581314086914,2.047220468521118
Wrong 0.5838437080383301,0.04399874433875084,0.10903540253639221,0.6424701809883118
Wrong -0.8204488158226013,-1.8879590034484863,-2.017422914505005,-1.8246456384658813
Correct 0.7513235211372375,-0.31235209107398987,-0.4018409252166748,0.5042901039123535
Wrong -0.5033220648765564,-1.8579916954040527,-1.594710350036621,-1.1134153604507446
Correct 1.507323145866394,1.8381891250610352,1.7260059118270874,1.772216796875
Wrong 3.0712130069732666,3.2713241577148438,2.8235692977905273,3.396775484085083
Wrong 6.557186603546143,6.89655065536499,7.171290397644043,7.133267879486084
Wrong -0.3185621201992035,-0.6856501698493958,-1.0790669918060303,-0.08608129620552063
Wrong 0.9054231643676758,0.8614538311958313,1.4237010478973389,1.7460973262786865
Wrong 2.2129218578338623,2.279465436935425,3.0831503868103027,3.1989247798919678
Wrong -0.35868895053863525,-1.1544398069381714,-0.9711595177650452,-0.27947181463241577
Wrong -0.33507221937179565,-1.4780186414718628,-1.4750580787658691,-0.6085930466651917
Wrong 0.6775897741317749,-0.1572062075138092,-0.17320695519447327,0.5972779989242554
Correct 4.428603172302246,4.806285381317139,5.149830341339111,4.937303066253662
Wrong 3.5117788314819336,3.157848834991455,4.018144130706787,3.9189023971557617
Correct 1.1715368032455444,-0.08905699849128723,-0.05285576730966568,0.6059005856513977
Wrong 0.1019326001405716,-0.3885344862937927,-0.3272028863430023,0.3635765016078949
Wrong 0.17136186361312866,-0.4417444169521332,-0.47602578997612,-0.1796468198299408
Correct 1.8208457231521606,2.2531142234802246,2.686133861541748,2.323808193206787
Correct 0.5690889358520508,-0.4904712736606598,-0.3813255727291107,0.0910579115152359
Wrong 3.2520017623901367,3.1587891578674316,3.239834785461426,3.4859156608581543
Wrong 2.211456775665283,2.7617909908294678,2.5277528762817383,2.9111905097961426
Correct -0.2565293610095978,-1.554394245147705,-1.3238638639450073,-1.0732166767120361
Wrong 1.0732117891311646,0.2991754412651062,0.31708359718322754,0.7194151878356934
Wrong 0.7962359189987183,0.21017327904701233,0.26233232021331787,1.272787094116211
Correct 1.204663872718811,1.283384919166565,1.755569338798523,1.8763240575790405
Wrong 0.6285843253135681,0.12509410083293915,0.24337977170944214,0.740612268447876
Wrong 0.7081929445266724,0.3986269235610962,0.31262674927711487,0.5526010990142822
Wrong 1.2390691041946411,0.7515787482261658,1.0757436752319336,1.5068705081939697
Wrong 3.344265937805176,3.087400197982788,3.6827495098114014,4.391666889190674
Correct 0.14467334747314453,-0.6542770862579346,-0.9851820468902588,-0.2444378286600113
Wrong 0.46903756260871887,-0.2817951738834381,-0.2795490622520447,0.4222303330898285
Wrong 2.1676998138427734,2.297027111053467,2.281597375869751,2.6329846382141113
Wrong 0.3323878049850464,-0.01074780710041523,0.4434560239315033,0.7162160873413086
Wrong 1.2070982456207275,0.6002681851387024,0.2709294259548187,1.3932632207870483
Wrong 2.6594009399414062,2.5396008491516113,2.6330726146698,3.113999366760254
Wrong 1.5180572271347046,1.7400927543640137,2.036529064178467,1.9555457830429077
Correct 1.2804522514343262,0.30474144220352173,0.07144103944301605,1.0864888429641724
Wrong 2.350045680999756,2.6615841388702393,2.926541328430176,3.031268835067749
Correct 3.5504119396209717,3.492863416671753,4.695886611938477,5.364643096923828
Correct 0.7424268126487732,-0.1905885487794876,-0.06477305293083191,0.6202470660209656
Wrong 3.0113511085510254,3.873466730117798,4.069034576416016,4.074180603027344
Correct 0.23429489135742188,0.2346825748682022,0.11066562682390213,0.6627981662750244
Wrong 1.5407493114471436,1.487236499786377,2.2622060775756836,2.364823579788208
Wrong 1.038836121559143,0.24370357394218445,0.16873346269130707,0.7854500412940979
Wrong 0.4623728096485138,-0.002978736534714699,0.30793213844299316,0.37054648995399475
Wrong 1.1249444484710693,0.9842897653579712,1.4706661701202393,1.6904642581939697
Correct 5.005819797515869,4.933999061584473,4.677157402038574,6.964379787445068
Wrong 0.10708852112293243,-1.1959511041641235,-1.1840224266052246,-0.7695184946060181
Correct 0.40131375193595886,-0.20147255063056946,-0.47080621123313904,-0.08608962595462799
Wrong 0.9720677137374878,-0.050276827067136765,-0.3266206681728363,0.5034555196762085
Wrong 1.013675332069397,0.6488469243049622,-0.02580305188894272,0.7019303441047668
Wrong 3.6625258922576904,3.521869659423828,4.320725440979004,4.578848838806152
Correct 1.5321311950683594,2.088751792907715,1.9956555366516113,2.441720724105835
Wrong 3.8640894889831543,4.381718158721924,4.7460479736328125,4.756978511810303
Correct 1.964902639389038,2.09108304977417,1.9323536157608032,2.186589479446411
Wrong 2.647892951965332,2.6732747554779053,2.481877326965332,2.831676959991455
Correct 0.9586250185966492,0.3393934965133667,0.012623392045497894,0.5965021252632141
Wrong 1.859669804573059,2.86710786819458,4.338918685913086,4.799767971038818
Wrong 1.203378677368164,0.4414439797401428,0.6120085716247559,0.9655987620353699
Wrong 3.653427839279175,2.8584539890289307,3.7319397926330566,3.5986361503601074
Correct 0.006793361157178879,-0.5624187588691711,-0.11856228858232498,0.33006909489631653
Wrong 0.36011257767677307,-0.5399455428123474,-0.603403627872467,-0.04215244948863983
Wrong 0.4007963240146637,-0.4973830580711365,-0.8573806881904602,-0.01981259696185589
Wrong 0.8883381485939026,0.079210564494133,-0.12281619012355804,0.46440762281417847
Correct 2.722792387008667,3.148887872695923,3.372015953063965,4.051178932189941
Wrong 0.501571774482727,0.041728515177965164,0.2491855025291443,1.008482575416565
Correct 0.17787855863571167,-0.4505935311317444,-0.5077947378158569,0.3733956813812256
Wrong 0.8163473010063171,0.11676285415887833,-0.05676473677158356,0.5692397952079773
Wrong 1.1886483430862427,0.6595717668533325,0.9261300563812256,1.4644355773925781
Correct 3.4419922828674316,2.988706350326538,4.499397277832031,3.9983794689178467
Correct 0.294915109872818,-0.5765501260757446,-0.6523259878158569,0.13158775866031647
Wrong 1.030731439590454,1.0814471244812012,1.5575519800186157,1.8702805042266846
Wrong 2.982267379760742,3.4805092811584473,3.725023031234741,3.886737585067749
Correct 0.29062002897262573,-0.6360573768615723,-0.8491295576095581,-0.28158503770828247
Wrong 0.6919189691543579,-0.16918104887008667,0.27475401759147644,0.5728439688682556
Wrong -0.2807456851005554,-1.4538732767105103,-1.7450134754180908,-1.4399243593215942
Wrong 0.7939054369926453,0.11604270339012146,0.4374730885028839,0.9872615933418274
Correct 2.230767250061035,2.8585853576660156,3.4057531356811523,4.458518981933594
Wrong 0.7607057690620422,-0.1423245072364807,0.05464811623096466,0.4040411114692688
Wrong 0.1008654534816742,0.7168021202087402,1.2455402612686157,1.7526158094406128
Wrong 0.8242999911308289,-0.09747377038002014,-0.6457713842391968,0.8824000954627991
Correct 0.6635825634002686,-0.21196720004081726,-0.3428404629230499,0.2703706920146942
Wrong 0.7650558948516846,-0.23316797614097595,-0.4403853118419647,0.33458489179611206
Wrong 4.009546279907227,4.173875331878662,4.811065196990967,4.489198684692383
Correct 1.783772349357605,1.2627220153808594,1.7430649995803833,1.9556065797805786
Correct 0.7665376663208008,-0.2154446244239807,-0.18277083337306976,0.20043973624706268
Wrong 5.226284503936768,5.728951930999756,5.796923637390137,6.137461185455322
Wrong 1.166310429573059,1.2418791055679321,1.3233919143676758,1.6735749244689941
Wrong -0.41578274965286255,-0.9090498089790344,-1.0241634845733643,-0.13113638758659363
Correct 0.5967472195625305,-0.3006385862827301,-0.5506260395050049,0.12956590950489044
Correct 5.266582012176514,4.949161529541016,6.644686222076416,6.071696758270264
Wrong 0.3826061189174652,0.7369524240493774,1.4113035202026367,1.8035026788711548
Wrong 5.648940086364746,5.897010326385498,6.086911678314209,6.227426528930664
Correct 0.5964398980140686,0.31947121024131775,0.23172861337661743,0.8643417954444885
Wrong 0.3126426935195923,-0.4446485638618469,-0.238042950630188,0.08550882339477539
Wrong 1.645127296447754,1.7697820663452148,1.8099967241287231,2.2994444370269775
Wrong -0.170809805393219,-1.3048615455627441,-1.561072587966919,-0.9235545992851257
Correct 1.9201231002807617,2.473926544189453,2.8555588722229004,3.521979331970215
Correct 0.7267798185348511,-0.046841591596603394,-0.30517297983169556,0.3248392343521118
Wrong 0.7083250284194946,0.013731924816966057,-0.5015838146209717,0.5833014249801636
Correct 1.5376468896865845,2.0481858253479004,3.156564235687256,3.038055419921875
Correct 3.230929374694824,3.4350669384002686,4.025263786315918,4.161609649658203
Wrong 0.7761896252632141,-0.4724145233631134,-0.8486828804016113,0.3214789927005768
Correct 0.9253530502319336,-0.0035485904663801193,-0.29658180475234985,0.2783060371875763
Wrong 2.7562758922576904,2.6405982971191406,3.1374707221984863,4.006791114807129
Wrong 3.088002920150757,3.4439053535461426,3.6046698093414307,3.8643667697906494
Wrong 4.0271687507629395,4.309696197509766,4.576958656311035,4.726413249969482
Wrong 1.2253504991531372,0.3847798705101013,0.5813413262367249,1.2731478214263916
Wrong 1.3992574214935303,2.015507936477661,3.4071717262268066,2.873065710067749
Wrong 0.5818588137626648,0.06579140573740005,0.1961793452501297,0.6367000937461853
Wrong 0.13815465569496155,-0.7602917551994324,-0.9621208310127258,-0.5547184348106384
Wrong 1.417707085609436,1.5544689893722534,2.227637529373169,2.2189433574676514
Wrong 1.5252060890197754,0.30646568536758423,0.2481435239315033,1.042746663093567
Wrong 0.20884597301483154,-0.615065336227417,-0.8115665316581726,0.1308816820383072
Wrong 3.274165153503418,2.9761171340942383,3.661888599395752,3.488025426864624
Wrong 0.5981009602546692,-0.5219072103500366,-0.6240621209144592,0.6070453524589539
Wrong 0.15116825699806213,-1.3683223724365234,-1.7468364238739014,-1.578298568725586
Wrong 0.8468879461288452,-0.23007170855998993,-0.09740976244211197,0.39985764026641846
Correct 1.0552431344985962,0.699402928352356,0.6824917793273926,1.4405386447906494
Wrong 0.9327194094657898,1.3586549758911133,1.3728187084197998,1.4351469278335571
Wrong 2.224133253097534,2.5317394733428955,2.735363245010376,2.6280648708343506
Wrong 0.6760818362236023,0.7773842215538025,0.8860700130462646,1.5623959302902222
Correct 1.1374754905700684,0.3159780502319336,0.0586402490735054,1.061659574508667
Wrong 0.46816110610961914,-0.3788208067417145,-0.3613775968551636,0.07853744179010391
Correct 1.8304353952407837,1.9003942012786865,2.0645484924316406,2.6138031482696533
Correct 1.1270941495895386,1.6296428442001343,2.419945001602173,2.411238193511963
Correct 1.2430042028427124,0.08033795654773712,0.0629805475473404,0.7714194059371948
Wrong 1.6145315170288086,1.8181072473526,1.9811763763427734,1.766516923904419
Wrong 0.7093734741210938,-0.11639608442783356,-0.15611641108989716,0.35366091132164
Wrong 1.2837402820587158,1.5853530168533325,1.7114741802215576,2.8146157264709473
Correct 1.7445337772369385,1.713617205619812,1.6961196660995483,2.698483943939209
Wrong 4.726877212524414,5.5002665519714355,5.747556209564209,5.694210052490234
Wrong 0.6996842622756958,-0.039487145841121674,0.3487595021724701,0.552488386631012
Wrong 2.417238712310791,2.799107074737549,2.434203624725342,3.1267220973968506
Wrong 1.474990963935852,1.3343946933746338,1.2026041746139526,1.315504550933838
Correct 1.0298237800598145,0.09511761367321014,-0.08923792839050293,0.802527904510498
Wrong 0.2659127712249756,-0.8457680940628052,-1.1577004194259644,-0.619501531124115
Wrong 0.7636435627937317,0.20536184310913086,-0.1434461921453476,0.7475798726081848
Wrong 2.563239336013794,2.0454463958740234,2.769418716430664,3.0335922241210938
Wrong 1.1002376079559326,1.4126853942871094,1.4713491201400757,1.9627901315689087
Correct 6.161229610443115,6.132401943206787,6.274888515472412,6.298994064331055
Correct 0.816733717918396,1.239725112915039,1.5596157312393188,2.1613667011260986
Correct 0.615149974822998,1.4351938962936401,2.2451956272125244,1.7425570487976074
Correct 0.3368183970451355,-1.1889530420303345,-1.3820915222167969,0.5111267566680908
Wrong 2.9648449420928955,2.6319539546966553,2.928239583969116,3.109004259109497
Wrong -0.19723747670650482,-0.6219120025634766,-0.0646745041012764,0.5958963632583618
Correct 0.3954910635948181,1.0913188457489014,2.8178818225860596,2.0943572521209717
Wrong 0.8623433113098145,0.027233248576521873,-0.25024884939193726,0.727871835231781
Wrong 1.1539037227630615,0.40427151322364807,0.5370824337005615,1.4680827856063843
Correct 3.5926499366760254,3.6314215660095215,3.681396484375,4.043102741241455
Wrong -0.4051956534385681,-1.1894203424453735,-1.3424416780471802,-0.6619626879692078
Wrong 4.116876125335693,4.415992736816406,4.4995293617248535,5.01870584487915
Wrong 0.3817574381828308,-0.2890157103538513,-0.6784148812294006,0.48055100440979004
Correct 0.488747239112854,-0.03521669656038284,-0.49049362540245056,0.13059133291244507
Wrong -0.3102136254310608,-1.1978071928024292,-1.3479418754577637,-0.7222492098808289
Wrong 0.38211214542388916,0.8175663352012634,1.6011261940002441,1.5087509155273438
Correct -0.27769654989242554,-2.49479079246521,-2.5662310123443604,-2.280064582824707
Correct -0.1613745391368866,-0.5694623589515686,-0.5376927256584167,-0.09538643062114716
Wrong 0.9902769923210144,0.19133827090263367,0.6846739649772644,1.118883490562439
Wrong 1.1942936182022095,1.2881319522857666,1.733977198600769,1.8418686389923096
Correct 0.4722701907157898,-0.30476850271224976,-0.21986819803714752,0.5078725218772888
Correct 4.982769012451172,4.40889835357666,4.107726573944092,4.202132225036621
Wrong -0.41691073775291443,-0.7211114764213562,-1.2242562770843506,-0.477287620306015
Wrong 3.038083553314209,2.8881521224975586,2.6453099250793457,3.1543023586273193
Wrong 0.7871215343475342,-0.07535365968942642,-0.2384544461965561,0.6940730214118958
Wrong -0.11826810240745544,-0.8270385265350342,-0.6898016929626465,0.44535958766937256
Wrong 2.9204559326171875,3.098581314086914,3.314807891845703,3.4350430965423584
Wrong 1.3368651866912842,0.5602906346321106,1.0823652744293213,1.4515382051467896
Correct 2.4024498462677,2.819901704788208,3.70721173286438,3.9576754570007324
Wrong 1.2232304811477661,2.049513578414917,2.0367825031280518,2.095205068588257
Correct 2.6713473796844482,3.46217679977417,5.469079494476318,5.1115827560424805
Correct 0.4078249931335449,-0.6747541427612305,-0.9934669733047485,-0.49958309531211853
Wrong -0.29084497690200806,-0.9008724689483643,-1.1244635581970215,-0.30106693506240845
Wrong 3.6408915519714355,4.9275593757629395,4.966988563537598,4.8672637939453125
Wrong 0.46087121963500977,-0.36068445444107056,-0.4918794333934784,0.06305018812417984
