grade confidence_levels
Wrong 13.80471134185791,14.117207527160645
Wrong 12.12501335144043,13.06251335144043,13.695342063903809
Correct 11.937517166137695,14.046890258789062,11.968791961669922,12.44533634185791,12.195335388183594,11.593775749206543
Wrong 12.94534683227539,13.117218017578125,12.336003303527832
Wrong 12.66408920288086,13.007837295532227,13.351618766784668,13.078154563903809
Correct 11.648465156555176,10.570344924926758,10.359442710876465,11.03128719329834,11.679728507995605,10.906298637390137,10.062548637390137,12.304708480834961,12.992236137390137,11.50783920288086
Correct 13.312516212463379,13.796890258789062,13.234407424926758,14.67189884185791
Wrong 11.953272819519043,12.250107765197754,11.015859603881836,11.742304801940918,12.51576042175293,11.320449829101562,11.281414031982422
Wrong 12.273460388183594,12.445332527160645,11.750055313110352,12.875030517578125,13.484408378601074
Correct 13.664085388183594,12.789084434509277,12.648486137390137,14.023463249206543
Correct 11.968766212463379,11.85939884185791,10.8906831741333,14.773478507995605
Wrong 13.226588249206543,13.507841110229492
Correct 13.296891212463379,13.195330619812012,14.054727554321289
Wrong 10.960962295532227,11.51564884185791,11.179749488830566,12.625033378601074,12.218779563903809,11.070353507995605,11.984428405761719
Wrong 12.898463249206543,13.125018119812012,12.921924591064453,13.054718971252441,13.687527656555176
Correct 11.367206573486328,11.250017166137695,11.414106369018555,12.69533920288086,11.52346134185791,13.414092063903809
Wrong 13.953145980834961,13.906268119812012,12.89847183227539
Wrong 12.656272888183594,12.484392166137695,11.304726600646973,11.367209434509277,11.929713249206543,12.843772888183594
Correct 14.335960388183594,13.046895980834961
Correct 13.382844924926758,13.710962295532227,12.648493766784668,12.70316219329834,14.007850646972656
Wrong 12.687519073486328,12.531268119812012,12.343791961669922,12.75002384185791
Correct 13.09378719329834,13.031278610229492,11.484461784362793,11.757857322692871,11.64848518371582
Correct 11.867208480834961,11.648458480834961,10.726616859436035,11.656278610229492,12.492210388183594,13.960969924926758,10.820355415344238,11.20313835144043
Correct 14.78127384185791,13.429705619812012,12.937536239624023
Correct 13.109400749206543,12.179708480834961,11.66411304473877,11.828153610229492,11.843781471252441,11.640655517578125,11.617219924926758
Wrong 14.015660285949707,13.68752670288086,12.25006103515625,12.671910285949707
Wrong 11.523449897766113,12.062509536743164,13.484403610229492,11.953142166137695,13.687517166137695
Correct 11.726573944091797,12.570323944091797,11.882840156555176,14.789083480834961,11.992205619812012,11.906277656555176
Correct 11.406268119812012,10.890641212463379,11.773475646972656,12.820334434509277,14.242220878601074
Correct 13.21097183227539,13.078156471252441,12.2891263961792,12.804728507995605,11.703167915344238
Correct 12.195345878601074,13.187528610229492,12.507880210876465,13.679733276367188,13.226603507995605
Wrong 13.164073944091797,12.242197036743164,12.25783920288086,12.414076805114746,12.343764305114746,11.132828712463379,11.24221420288086,12.140631675720215
Correct 14.171895027160645,13.875019073486328,12.539095878601074
Correct 12.117216110229492,12.554709434509277,12.281303405761719,12.20315933227539,13.96878719329834
Correct 12.46876335144043,13.296889305114746,12.210968971252441,14.382837295532227,12.617205619812012
Correct 14.39846420288086,12.49221134185791
Correct 13.78127384185791,13.671896934509277,11.804731369018555
Correct 12.023451805114746,11.789076805114746,11.515657424926758,12.062520980834961,14.56253433227539
Correct 11.95315170288086,12.343772888183594,12.304741859436035,12.125035285949707,12.687532424926758,12.718786239624023,12.375039100646973
Wrong 12.960956573486328,12.484396934509277,12.625042915344238,14.523468017578125
Correct 12.226594924926758,12.703150749206543,11.250070571899414,13.468794822692871,13.718788146972656
Correct 14.18753433227539,12.523468017578125,11.390690803527832,12.273470878601074
Correct 12.437519073486328,13.062516212463379,12.750045776367188,12.523465156555176,13.351590156555176,11.421902656555176,11.976591110229492
Correct 12.367205619812012,11.796890258789062,11.093788146972656,11.945331573486328,14.828152656555176
Correct 14.000020027160645,13.476580619812012,13.156285285949707
Correct 13.906280517578125,12.312525749206543,11.37505054473877,13.039093971252441
Correct 12.539079666137695,14.117202758789062,11.125036239624023,12.187521934509277,11.617208480834961,10.70315170288086,10.796903610229492
Correct 14.86721134185791,12.367207527160645,12.703163146972656,12.078145027160645,11.42972183227539
Correct 12.67190170288086,13.726584434509277,12.484430313110352,12.734408378601074,12.218782424926758
Correct 12.328168869018555,13.179718971252441,12.007905006408691,12.835989952087402,12.453174591064453
Wrong 12.296895980834961,11.648453712463379,11.320353507995605,11.515647888183594,12.734405517578125,11.914088249206543,11.843777656555176,11.742198944091797
Correct 11.929712295532227,13.039080619812012,13.789113998413086,12.828152656555176,12.468774795532227
Wrong 12.585954666137695,13.335952758789062,11.921913146972656,12.367209434509277,12.585957527160645,12.656271934509277
Correct 13.500012397766113,12.67188835144043,14.953156471252441
Correct 13.460956573486328,14.187520027160645,12.687535285949707
Correct 12.445338249206543,12.54689884185791,12.007863998413086,13.960970878601074
Wrong 12.835957527160645,13.398456573486328,13.21097469329834,14.12502384185791
Wrong 12.734387397766113,12.17970085144043,11.039093971252441,12.125017166137695,12.570329666137695,13.953147888183594
Wrong 12.398453712463379,11.312517166137695,12.914103507995605,13.42971134185791
Correct 13.195324897766113,13.08595085144043,14.812532424926758
Wrong 12.890645980834961,13.906270027160645,12.210979461669922
Wrong 12.812528610229492,13.382837295532227,12.289111137390137,13.851594924926758,12.835967063903809
Wrong 13.90627384185791,14.726585388183594,11.992241859436035,12.398468017578125
Correct 13.359399795532227,13.22658920288086,11.6719331741333,14.07816219329834
Wrong 13.445334434509277,13.171894073486328,12.29692268371582,13.578150749206543
Correct 14.27346420288086,13.359400749206543
Correct 13.226580619812012,13.804703712463379,13.500035285949707
Correct 12.062518119812012,12.242203712463379,13.406288146972656,12.39846134185791,12.257838249206543,11.945340156555176,11.710972785949707
Wrong 12.796887397766113,13.867198944091797,13.843779563903809,13.664080619812012,12.929702758789062
Correct 13.17188835144043,13.187514305114746,11.960972785949707,13.921895027160645
Wrong 13.617203712463379,13.42188835144043,13.609403610229492
Correct 11.773455619812012,11.773456573486328,14.234417915344238,11.875022888183594
Correct 13.18752384185791,14.054710388183594
Wrong 11.921895980834961,12.476579666137695,11.804732322692871,12.156280517578125,12.187528610229492
Wrong 11.781271934509277,12.007830619812012,13.164109230041504,12.085966110229492,11.781277656555176,11.71096420288086
Wrong 13.054705619812012,12.531267166137695,11.421913146972656,12.890647888183594
Correct 13.250017166137695,13.640639305114746,14.757855415344238
Correct 14.398457527160645,12.343770027160645,11.421913146972656,12.335958480834961,11.632841110229492,10.49221134185791
Correct 11.750011444091797,11.82032299041748,10.851593971252441,12.117201805114746,12.484389305114746,13.898457527160645
Wrong 11.632832527160645,12.859395980834961,12.578171730041504,12.507840156555176
Correct 11.875011444091797,13.312512397766113,14.531280517578125,12.843766212463379
Wrong 14.148465156555176,12.218777656555176
Correct 11.632843017578125,11.257850646972656,10.500075340270996,11.515661239624023,11.734413146972656,11.414107322692871,13.218864440917969
Correct 12.593774795532227,13.718770980834961,12.960989952087402,13.148469924926758
Correct 12.22659683227539,13.460963249206543,11.3281888961792,11.99222183227539,11.937535285949707,11.968786239624023
Wrong 12.843769073486328,13.031269073486328,13.218790054321289,11.710960388183594
Correct 11.960958480834961,11.953145027160645,11.562548637390137,12.507843971252441,14.390667915344238
Wrong 10.929705619812012,11.148452758789062,11.093785285949707,14.296897888183594,10.898460388183594,11.648460388183594
Wrong 12.882840156555176,12.601583480834961,12.66411304473877,12.398466110229492
Correct 15.000024795532227,12.445332527160645,11.91409683227539
Correct 14.335967063903809,12.75002384185791,11.359426498413086,11.828154563903809,12.17191219329834
Wrong 12.765645027160645,12.570326805114746,12.734413146972656,12.531274795532227,12.60939884185791,12.359396934509277
Correct 11.460952758789062,11.515643119812012,11.023480415344238,14.45315170288086
Wrong 10.906279563903809,11.859396934509277,10.68756103515625,12.812538146972656,10.593792915344238,10.226612091064453,12.164121627807617,9.992204666137695,10.515650749206543,10.007840156555176
Wrong 12.640656471252441,13.085965156555176,12.765674591064453,13.234404563903809
Correct 14.578147888183594,14.039081573486328,12.257852554321289,13.039085388183594
Correct 13.78127384185791,12.515644073486328,11.687541961669922,11.828150749206543,11.210972785949707,10.726591110229492,11.000049591064453,12.17188549041748
Correct 13.03126335144043,12.78907585144043,14.773468971252441
Correct 11.86721420288086,11.921897888183594,11.523492813110352,11.406279563903809,11.367219924926758,10.85159683227539,10.148490905761719,11.031264305114746,11.476584434509277,11.234407424926758,12.476587295532227,11.773472785949707
Correct 11.593754768371582,12.101570129394531,12.664073944091797,11.937507629394531,11.281257629394531,14.781258583068848
Wrong 12.125046730041504,12.679725646972656,12.234477043151855,11.843804359436035,12.328174591064453
Correct 14.578150749206543,13.625019073486328
Wrong 12.867225646972656,11.507841110229492,12.320382118225098,11.617230415344238,11.92973518371582
Wrong 11.710954666137695,13.742205619812012,11.312539100646973,13.234404563903809,10.937542915344238,9.382861137390137,9.820401191711426
Wrong 12.453149795532227,12.632834434509277,12.750057220458984,13.242216110229492
Wrong 13.046883583068848,13.51563549041748,13.164080619812012,14.679702758789062
Correct 12.109395027160645,13.671890258789062,11.617227554321289,12.171899795532227,12.234395027160645,11.72658634185791,12.070366859436035
Correct 13.757834434509277,14.039083480834961,13.500045776367188
Wrong 11.781281471252441,12.039088249206543,12.375067710876465,12.171915054321289,12.742228507995605
Correct 13.070340156555176,13.953153610229492,11.695363998413086,12.382843971252441
Wrong 12.843779563903809,12.882835388183594,12.789125442504883,12.953166007995605,12.93753719329834,12.703160285949707
Correct 14.73439884185791,11.984397888183594
Wrong 12.765642166137695,14.046894073486328,13.859416961669922,13.62502670288086
Wrong 12.867223739624023,13.054719924926758,11.140705108642578,12.937540054321289
Correct 12.718764305114746,14.148452758789062,14.234407424926758
Wrong 12.390645027160645,11.968766212463379,11.171915054321289,11.210963249206543,11.593771934509277,10.484407424926758,10.601614952087402,10.51563549041748,10.625009536743164,10.156282424926758,9.507832527160645,9.812522888183594
Wrong 13.078142166137695,14.234393119812012,12.898468017578125
Wrong 12.75784683227539,12.609407424926758,12.953190803527832,12.664100646972656
Wrong 11.625021934509277,11.882837295532227,14.18753719329834,11.593771934509277,10.265654563903809
Wrong 11.507837295532227,11.507834434509277,11.320362091064453,11.109404563903809,11.046910285949707,11.281282424926758,10.140666007995605,11.179703712463379,11.078145980834961,10.867205619812012,11.781268119812012
Wrong 12.539102554321289,12.257852554321289,12.132889747619629,12.023480415344238,12.89848518371582,12.117234230041504
Correct 13.734403610229492,12.37502670288086,12.656310081481934,12.257843017578125
Wrong 13.218770027160645,13.054707527160645,13.554738998413086,13.914091110229492
Wrong 11.953143119812012,11.937520027160645,11.953166961669922,14.039088249206543
Correct 14.00002670288086,14.156272888183594,12.765666961669922
Wrong 12.523462295532227,12.304710388183594,11.625054359436035,12.523468971252441,13.17190933227539,12.421911239624023
Wrong 12.27344799041748,12.757824897766113,12.367216110229492,13.500018119812012,12.375015258789062,13.273455619812012,13.67190170288086
Correct 13.179705619812012,13.859393119812012,12.03128719329834
Wrong 14.414079666137695,14.054701805114746,13.828154563903809
Wrong 11.203153610229492,11.023458480834961,10.484432220458984,11.437525749206543,11.296908378601074,9.929728507995605,12.398490905761719,12.507831573486328,10.960960388183594
Correct 14.250028610229492,12.781270027160645,11.343796730041504,12.24221420288086,11.726597785949707
Correct 15.351579666137695,11.875016212463379,10.593779563903809,11.601577758789062,11.187529563903809,11.460957527160645
Correct 12.085955619812012,13.023453712463379,11.95316219329834,12.656271934509277,12.390645980834961,12.570338249206543,11.828155517578125
Wrong 12.687525749206543,12.453150749206543,12.921935081481934,13.078156471252441,12.179720878601074
Wrong 12.117210388183594,11.523454666137695,12.132858276367188,11.937525749206543,11.484402656555176,10.804718971252441,10.85940933227539
Correct 13.359396934509277,14.039080619812012,12.914101600646973
Wrong 12.359405517578125,11.406271934509277,10.453187942504883,12.265656471252441,13.32817268371582,10.54691219329834
Wrong 12.69533920288086,13.39065170288086,10.96099853515625,13.015655517578125
Wrong 13.468768119812012,12.445329666137695,14.05472183227539
Wrong 12.929710388183594,13.421897888183594,12.343799591064453,13.789093017578125
Wrong 12.093771934509277,11.757832527160645,11.726609230041504,11.875028610229492,11.757841110229492,11.460965156555176,12.179729461669922,11.789074897766113
Correct 12.476591110229492,12.38283920288086,11.976627349853516,13.359416007995605,12.726595878601074,12.32816219329834
Correct 12.570334434509277,12.24221134185791,11.539113998413086,12.320343017578125,12.054715156555176,11.656289100646973,10.789105415344238
Wrong 11.671893119812012,12.726577758789062,12.17973804473877,11.71877384185791,11.804707527160645,11.37502670288086,11.523468017578125
Correct 12.828146934509277,15.054709434509277,12.101606369018555,13.484404563903809
Correct 13.117205619812012,13.468766212463379,13.515661239624023,13.234395027160645
Correct 11.921899795532227,14.19533634185791,11.554731369018555,14.062532424926758
Wrong 11.539082527160645,11.835955619812012,11.59380054473877,11.953154563903809,12.898463249206543,12.492217063903809
Correct 12.179706573486328,12.156272888183594,11.49223518371582,13.85940933227539,12.41408634185791,11.57815933227539
Correct 11.789105415344238,12.007848739624023,12.757899284362793,11.88286304473877,11.718805313110352,11.625053405761719
Correct 12.031261444091797,11.45313835144043,10.687535285949707,11.789078712463379,12.445328712463379,14.67971134185791
Correct 12.617210388183594,14.210960388183594,12.867233276367188,12.632840156555176
Correct 13.851593971252441,13.062529563903809,12.054741859436035,12.640663146972656
Wrong 12.625021934509277,12.703142166137695,12.906298637390137,12.562528610229492,12.562525749206543,12.31252384185791
Correct 11.695364952087402,12.43753719329834,11.437588691711426,11.812549591064453,11.281299591064453,10.593801498413086,11.2578763961792
Correct 14.468774795532227,12.234395980834961
Wrong 12.171896934509277,12.468767166137695,11.210978507995605,11.74221420288086,12.046903610229492,11.703154563903809,11.390668869018555
Wrong 12.546894073486328,12.593770027160645,11.835987091064453,13.101588249206543,14.63284969329834
Correct 13.43753719329834,13.414090156555176,12.390694618225098,12.812545776367188,12.039108276367188
Correct 12.09376335144043,12.484386444091797,13.85159683227539,12.281269073486328,13.382829666137695,11.750018119812012
Correct 12.617223739624023,13.414088249206543,11.820377349853516,12.390661239624023,11.304732322692871,10.453167915344238
Correct 13.187518119812012,14.546893119812012,13.046910285949707
Wrong 13.632826805114746,12.937511444091797,13.273468971252441,12.320331573486328,11.960956573486328,11.085955619812012
Correct 11.148447036743164,10.96876049041748,9.882844924926758,10.859390258789062,12.953140258789062,13.67188835144043,9.867215156555176,10.882820129394531
Wrong 11.609404563903809,12.109397888183594,10.812567710876465,12.507855415344238,11.125044822692871,10.703174591064453,10.656289100646973,10.375015258789062,12.390656471252441
Correct 11.984389305114746,12.28907585144043,14.265656471252441,11.898456573486328,11.156269073486328,10.671895980834961
Correct 12.63283634185791,13.140643119812012,12.843799591064453,12.531274795532227
Correct 11.82034969329834,14.039092063903809,11.39069938659668,12.570359230041504,10.828174591064453,11.078163146972656
Correct 14.585959434509277,13.421894073486328,12.789100646972656,13.023460388183594
Wrong 12.796918869018555,12.664091110229492,12.265708923339844,12.281294822692871,12.37505054473877
Wrong 12.398458480834961,13.257833480834961,12.523479461669922,12.632837295532227
Wrong 12.492207527160645,12.578140258789062,12.882859230041504,12.86721420288086,13.11721420288086
Correct 14.312520980834961,12.960957527160645,12.351595878601074
Wrong 12.781283378601074,12.156275749206543,11.531325340270996,11.796916007995605,12.890664100646973
Correct 11.812516212463379,11.265642166137695,10.429739952087402,12.429708480834961,14.632844924926758
Correct 12.054710388183594,12.000019073486328,11.992237091064453,12.562524795532227,14.179715156555176
Correct 11.750035285949707,11.890654563903809,11.593836784362793,11.875046730041504,11.757856369018555
Wrong 13.781280517578125,13.65628433227539,11.546940803527832,12.429720878601074
Correct 11.539078712463379,11.531264305114746,10.828161239624023,11.328145980834961,12.421895980834961,13.007844924926758,12.164103507995605
Wrong 12.750009536743164,13.54688549041748,12.171900749206543,12.773453712463379,12.42970085144043,11.398453712463379
Correct 13.585958480834961,14.296892166137695
Wrong 12.50002670288086,12.546896934509277,12.44537353515625,12.468781471252441,12.835967063903809
Correct 14.390655517578125,13.953153610229492,11.789115905761719,12.789093017578125
Correct 11.765642166137695,11.437519073486328,10.593801498413086,13.054710388183594,11.789090156555176,12.390653610229492,13.890680313110352
Correct 12.218786239624023,12.273463249206543,12.437582015991211,11.968788146972656,12.289106369018555,11.40629768371582,10.98442554473877,11.921893119812012
Correct 12.054699897766113,12.031261444091797,13.234408378601074,12.234394073486328,11.632829666137695,10.742205619812012
Wrong 12.773469924926758,12.296899795532227,11.757868766784668,12.367220878601074,12.85159683227539
Wrong 13.554715156555176,13.77346134185791,11.42192554473877,12.187529563903809
Correct 12.093769073486328,13.046892166137695,13.195354461669922,14.328153610229492,12.53127384185791
Correct 15.296896934509277,12.585955619812012
Wrong 11.64063835144043,11.617198944091797,10.789092063903809,13.359395027160645,11.367206573486328,10.804708480834961
Correct 14.046893119812012,12.250016212463379,12.734400749206543
Wrong 11.429706573486328,11.601584434509277,11.78128719329834,12.58596420288086,12.19533634185791,11.67971134185791
Correct 12.875027656555176,13.039082527160645,11.734439849853516,13.359411239624023,12.468779563903809
Wrong 12.148451805114746,12.593762397766113,11.273468971252441,11.976582527160645,11.976581573486328,12.125018119812012,12.320337295532227,12.617197036743164
Correct 12.726595878601074,12.843775749206543,11.8438138961792,11.562535285949707,12.20316219329834,11.835973739624023
Wrong 12.242203712463379,12.367201805114746,12.156283378601074,12.273458480834961,12.281270980834961
Correct 12.468765258789062,13.554707527160645,11.414107322692871,15.117218017578125
Correct 11.421902656555176,11.85158634185791,12.953191757202148,12.351597785949707,12.039098739624023,10.94536018371582,11.359419822692871
Wrong 13.62502384185791,12.890649795532227,12.804737091064453,13.929720878601074
Wrong 12.750017166137695,13.179698944091797,11.750036239624023,12.648457527160645,13.273456573486328
Correct 13.687512397766113,14.79688835144043
Wrong 10.976579666137695,12.546889305114746,10.953160285949707,11.570334434509277,10.937524795532227,13.218774795532227,10.828156471252441,10.687509536743164
Correct 13.593770980834961,12.375018119812012,11.210981369018555,13.640646934509277,13.093774795532227
Wrong 13.51563835144043,12.57813549041748,13.179712295532227,11.648451805114746
Correct 13.015650749206543,12.375024795532227,12.976612091064453,11.851593017578125,11.273472785949707,11.570343971252441
Correct 14.679708480834961,13.070329666137695
Wrong 13.984400749206543,13.234396934509277,11.640666007995605
Correct 12.867202758789062,13.359392166137695,12.195347785949707,13.953147888183594
Wrong 12.36721420288086,11.585958480834961,10.562557220458984,10.578157424926758,12.335972785949707,10.328163146972656,8.812555313110352,10.242206573486328,10.640640258789062,9.578145980834961,10.906270980834961
Wrong 12.437522888183594,12.984393119812012,13.078176498413086,13.140653610229492,12.890654563903809
Wrong 12.335954666137695,12.554705619812012,12.046920776367188,12.96096420288086,13.343772888183594,13.52346134185791
Wrong 12.726584434509277,13.304705619812012,12.289104461669922,11.812525749206543,13.531281471252441
Wrong 11.664076805114746,12.37501335144043,11.320343017578125,12.343769073486328,11.773457527160645,12.109395027160645,12.835970878601074
Wrong 12.960955619812012,13.773453712463379,13.156291961669922,14.085969924926758,12.89064884185791
Wrong 14.226578712463379,13.367205619812012,11.773472785949707,14.507833480834961
Wrong 14.257843017578125,13.062527656555176
Wrong 12.531268119812012,12.601576805114746,11.875038146972656,12.515646934509277,12.843772888183594,12.023457527160645
Correct 13.093770980834961,13.070328712463379,13.203167915344238,12.429713249206543,12.632837295532227
Wrong 11.679710388183594,12.343768119812012,11.851611137390137,12.507841110229492,12.53127670288086
Wrong 12.046903610229492,12.281277656555176,12.734428405761719,14.898484230041504,12.093793869018555
Wrong 12.484389305114746,11.695326805114746,11.062535285949707,12.023455619812012,12.031269073486328,13.640645980834961
Wrong 13.070329666137695,13.671890258789062,13.570351600646973
Correct 13.523486137390137,13.531286239624023
Wrong 11.507830619812012,12.601580619812012,11.640656471252441,13.101585388183594
Correct 12.617204666137695,12.570331573486328,13.734411239624023,12.984395027160645
Correct 12.171891212463379,11.554702758789062,10.820356369018555,12.101582527160645,12.859395027160645,14.22658920288086
Correct 13.765642166137695,13.179703712463379,12.429723739624023,13.39064884185791,12.945334434509277
Correct 12.976581573486328,12.945326805114746,12.28128719329834,12.773460388183594,13.570340156555176
Correct 12.242201805114746,12.468764305114746,12.015661239624023,12.929712295532227,12.648456573486328,13.609395027160645
Wrong 12.109394073486328,12.398454666137695,11.421915054321289,12.070337295532227,13.789094924926758,12.085969924926758
Wrong 12.789085388183594,13.843771934509277,12.882852554321289,13.390649795532227
Wrong 13.320343017578125,13.429715156555176,12.140687942504883,13.460973739624023
Wrong 11.531264305114746,11.718764305114746,12.312530517578125,11.664082527160645,11.132832527160645,12.906271934509277,10.585994720458984,10.804698944091797,10.992197036743164
Correct 13.500020027160645,13.843769073486328
Correct 12.250020980834961,12.078144073486328,11.046915054321289,13.796902656555176,11.992213249206543,11.570340156555176
Correct 13.125022888183594,13.125019073486328,12.046920776367188,12.156281471252441,12.179715156555176,11.546899795532227
Correct 13.87502670288086,12.835962295532227,13.125046730041504
Correct 14.812520027160645,11.953139305114746,10.718780517578125
Correct 12.02347183227539,12.312525749206543,13.37508773803711,12.546920776367188,12.054727554321289
Correct 14.226584434509277,14.062521934509277
Wrong 12.289077758789062,12.320329666137695,12.812533378601074,13.796895980834961
Correct 13.609426498413086,12.570347785949707,12.211006164550781,12.148481369018555,13.039112091064453,12.046920776367188
Correct 12.562528610229492,12.992210388183594,12.02351188659668,12.50784969329834,13.148473739624023
Correct 10.953142166137695,10.414078712463379,11.617222785949707,10.835958480834961,11.55471134185791,13.250028610229492
Correct 12.578147888183594,12.070332527160645,11.664108276367188,11.640652656555176,11.390654563903809,10.91408920288086,10.351601600646973,11.093762397766113
Correct 12.914073944091797,13.25782585144043,11.390656471252441,14.335959434509277
Wrong 12.007838249206543,12.390644073486328,11.68755054473877,12.031285285949707,12.718781471252441
Wrong 11.812520980834961,13.421891212463379,11.468807220458984,12.515653610229492,13.03127670288086
Correct 14.414094924926758,13.171899795532227,13.242236137390137,13.070345878601074,13.609405517578125
Correct 13.218770980834961,14.156270027160645,12.914097785949707,13.29689884185791
Wrong 11.562521934509277,11.617207527160645,11.71880054473877,11.429716110229492,12.257840156555176,12.03908920288086,10.750032424926758,11.55470085144043
Correct 12.414080619812012,12.343766212463379,13.33597183227539,12.039081573486328
Correct 11.093766212463379,13.75001335144043,12.843779563903809,12.257830619812012,12.460955619812012
Wrong 13.007840156555176,13.65627384185791,13.664114952087402,13.828157424926758
Correct 12.578146934509277,14.015645027160645,13.570359230041504,13.14846420288086,13.390646934509277
Wrong 12.445341110229492,12.093778610229492,13.000076293945312,12.117223739624023,13.531286239624023
Correct 12.750055313110352,12.27348518371582,12.0704345703125,13.437573432922363
Wrong 11.828166961669922,11.671903610229492,11.671954154968262,11.898486137390137,11.953168869018555,11.72661304473877,11.617268562316895,11.648458480834961,11.695343017578125
Correct 12.726576805114746,12.687518119812012,11.257851600646973,14.875027656555176
Correct 12.304708480834961,12.414078712463379,11.914107322692871,13.03127670288086,14.593786239624023
Correct 12.648462295532227,13.390646934509277,12.296934127807617,13.63284969329834,12.468779563903809
Wrong 13.203147888183594,13.765647888183594,13.742231369018555,13.164090156555176
Wrong 14.312531471252441,11.79689884185791
Correct 13.257829666137695,14.625015258789062,12.914095878601074
Correct 10.757843971252441,12.875021934509277,10.25007152557373,10.968792915344238,10.765657424926758,10.16411018371582,9.367246627807617,11.718771934509277,11.078150749206543,11.132837295532227
Correct 12.29688835144043,12.421886444091797,11.492218017578125,12.437517166137695,13.468769073486328,11.484395027160645,11.88283634185791
Correct 12.476593971252441,12.781282424926758,11.781318664550781,12.367231369018555
Wrong 13.15627384185791,13.765645027160645,12.218791007995605
Wrong 11.72657585144043,13.109391212463379,12.226595878601074,13.109399795532227
Wrong 14.273460388183594,13.945334434509277
Wrong 12.335954666137695,13.117202758789062,12.04690933227539,12.562520027160645
Wrong 12.617201805114746,12.59376335144043,12.617220878601074,12.984395980834961,12.671893119812012,13.101581573486328
Wrong 12.281295776367188,12.554727554321289,11.765700340270996,13.515674591064453,12.664105415344238
Wrong 11.90627670288086,12.210963249206543,11.757871627807617,11.710969924926758,11.671906471252441,10.92972183227539
Wrong 12.84377670288086,13.000021934509277,13.203189849853516,13.02347469329834,12.625027656555176
Wrong 13.523459434509277,12.023458480834961,11.960980415344238,13.55471420288086
Correct 12.953147888183594,12.656269073486328,11.554740905761719,11.437525749206543,11.375030517578125
Wrong 13.687533378601074,12.328149795532227,12.890679359436035,12.320345878601074,11.601602554321289,10.67192268371582,10.773491859436035,12.015640258789062
Wrong 12.671895027160645,12.312519073486328,11.99223804473877,12.875029563903809,12.578152656555176,12.898467063903809
Wrong 14.281272888183594,13.820333480834961
Wrong 12.343778610229492,11.765652656555176,11.375049591064453,12.015656471252441,13.03128719329834,13.328167915344238,12.867233276367188
Wrong 13.117205619812012,12.976581573486328,13.35159969329834,14.28127384185791
Wrong 13.117206573486328,13.726578712463379,12.242223739624023,13.250024795532227,13.710963249206543
Correct 12.78130054473877,12.523470878601074,11.81258487701416,12.140677452087402,12.242239952087402
Correct 14.609392166137695,12.734390258789062,12.781278610229492
Wrong 13.00002384185791,12.92971134185791,12.00786304473877,13.937529563903809
Correct 14.250024795532227,12.640647888183594
Wrong 12.07033920288086,12.187520980834961,11.593805313110352,12.031281471252441,12.42972183227539,11.921910285949707,12.203169822692871
Wrong 12.804699897766113,13.77344799041748,14.023465156555176,13.031268119812012,13.078140258789062
Correct 13.140643119812012,13.179705619812012,14.085982322692871,13.67190170288086
Correct 12.117203712463379,11.867206573486328,12.054723739624023,12.304707527160645,12.976581573486328,14.500024795532227
Correct 13.921906471252441,12.31252384185791,11.812549591064453,12.914092063903809
Wrong 13.750022888183594,13.265644073486328,12.671911239624023
Correct 14.312529563903809,12.72658920288086,13.171926498413086,13.523468971252441
Correct 11.84377384185791,14.20314884185791,12.320361137390137,11.32815170288086
Correct 12.289080619812012,11.914077758789062,11.335976600646973,12.546900749206543,13.84378719329834,12.531277656555176
Correct 12.820333480834961,12.750016212463379,12.507854461669922,12.867215156555176,13.710965156555176,13.281277656555176
Wrong 13.859397888183594,13.820333480834961,11.585976600646973
Correct 12.421899795532227,12.234396934509277,12.304747581481934,12.429718017578125,13.74222183227539
Correct 12.203137397766113,11.75782585144043,11.054719924926758,12.328142166137695,12.398452758789062,14.679710388183594
Correct 12.61720085144043,11.898456573486328,11.703161239624023,15.210966110229492
Correct 13.195328712463379,13.343771934509277,10.882859230041504,15.539097785949707
Correct 11.58594799041748,12.49219799041748,14.140652656555176,12.789078712463379,12.40626335144043,12.406267166137695
Correct 12.000016212463379,12.070330619812012,14.195355415344238
Correct 12.929705619812012,13.414083480834961,12.273478507995605,14.523468017578125
Correct 14.25002670288086,13.554708480834961,12.703171730041504,12.898467063903809,13.031279563903809
Correct 13.296892166137695,13.812514305114746,14.648479461669922
Correct 11.56252384185791,11.72658634185791,11.445359230041504,12.343778610229492,12.414088249206543,13.234407424926758,11.765658378601074
Wrong 12.351581573486328,13.273454666137695,12.28128719329834,13.54689884185791
Correct 13.29689884185791,14.570340156555176
Wrong 12.523489952087402,12.242232322692871,11.72666072845459,10.9766206741333,12.125044822692871
Wrong 12.351591110229492,12.171899795532227,12.21882438659668,13.031293869018555,12.546911239624023
Wrong 12.781267166137695,13.179701805114746,13.00003719329834,12.703144073486328
Correct 12.67188835144043,12.726574897766113,13.343778610229492,13.000018119812012,12.796890258789062,12.304704666137695,12.546895980834961
Wrong 12.703147888183594,12.523454666137695,12.265663146972656,12.19533634185791,12.539085388183594,12.054712295532227
Wrong 12.570330619812012,12.406265258789062,12.625041961669922,12.55471134185791,13.41408634185791
Wrong 11.898460388183594,11.968770027160645,10.859423637390137,11.593771934509277,12.257841110229492,10.921905517578125,11.90629768371582
Wrong 13.007832527160645,12.921890258789062,12.679729461669922,13.05471420288086,13.335963249206543
Wrong 12.601580619812012,12.648453712463379,12.398476600646973,12.171899795532227,12.109396934509277,11.328145980834961
Wrong 12.671900749206543,12.33596134185791,12.632864952087402,14.429720878601074,12.843782424926758
Correct 12.265649795532227,11.78127384185791,10.828180313110352,12.507840156555176,14.898469924926758
Wrong 12.789081573486328,13.195332527160645,12.929726600646973,13.531274795532227
Wrong 12.109393119812012,11.765644073486328,11.929732322692871,12.703154563903809,12.445338249206543,11.015652656555176,10.843790054321289,12.210949897766113
Wrong 13.218772888183594,12.960958480834961,12.218793869018555,13.460963249206543
Correct 12.531289100646973,13.218779563903809,11.812569618225098,12.765663146972656,12.42191219329834
Wrong 12.609391212463379,12.640637397766113,13.210976600646973,12.171897888183594,10.92189884185791,11.10939884185791
Wrong 12.070330619812012,12.992203712463379,12.507855415344238,11.835962295532227,12.593771934509277,12.648462295532227
Correct 12.750049591064453,12.601602554321289,11.898550033569336,12.984437942504883,12.273502349853516
Correct 11.250021934509277,12.398456573486328,10.609416007995605,11.007835388183594,12.570337295532227,13.05471420288086
Correct 11.796896934509277,11.828145027160645,11.687553405761719,14.257852554321289,12.046903610229492
Wrong 13.24221420288086,13.421897888183594,12.281294822692871,12.656277656555176
Wrong 13.351577758789062,13.99220085144043,13.984405517578125,14.164084434509277
Wrong 12.242218017578125,12.414090156555176,11.031325340270996,14.101608276367188,12.093785285949707
Wrong 13.296892166137695,13.023451805114746,13.179730415344238,13.500024795532227,13.187521934509277
Correct 11.92190170288086,12.52346134185791,11.937553405761719,12.898469924926758,12.742222785949707,12.140660285949707
Wrong 12.062527656555176,11.921895027160645,11.851615905761719,11.726595878601074,11.796905517578125,11.093789100646973,11.17972183227539,11.648453712463379,11.687520980834961
Correct 13.250016212463379,15.218766212463379
Correct 13.007824897766113,14.890637397766113,13.281277656555176,12.562517166137695
Correct 12.96095085144043,12.789076805114746,14.984413146972656
Correct 12.210954666137695,11.882824897766113,11.890660285949707,11.976581573486328,13.51565170288086,11.031275749206543
Correct 13.71877384185791,12.781269073486328,12.281291961669922,13.093774795532227
Wrong 13.359402656555176,12.45314884185791,12.93755054473877,13.054716110229492
Wrong 13.437515258789062,13.093766212463379,11.804720878601074,13.281268119812012
Wrong 12.695326805114746,13.929701805114746,13.445334434509277
Correct 14.82814884185791,13.609394073486328
Correct 11.984404563903809,12.085969924926758,11.093828201293945,14.101616859436035,12.03909969329834,11.609419822692871
Correct 11.226580619812012,12.445327758789062,13.36722469329834,13.953147888183594,12.289085388183594
Wrong 12.859396934509277,13.328143119812012,13.062546730041504,12.625027656555176,12.94533920288086
Wrong 12.835970878601074,13.02346134185791,12.52349853515625,12.937535285949707,13.187539100646973
Wrong 12.593771934509277,13.656269073486328,13.117237091064453,12.80471420288086
Correct 11.929709434509277,12.351580619812012,12.187548637390137,11.40627384185791,12.59377670288086,10.265654563903809
Correct 12.304713249206543,12.781272888183594,13.00786304473877
Wrong 12.703155517578125,12.328146934509277,12.000057220458984,12.296905517578125,12.960972785949707
Correct 13.02345085144043,13.468765258789062,12.71097183227539,14.304713249206543
Wrong 12.242205619812012,12.562515258789062,12.039101600646973,12.20314884185791,12.914090156555176,12.70315170288086
Correct 11.828155517578125,12.054710388183594,12.984432220458984,12.132844924926758,12.507841110229492,12.781282424926758
Wrong 14.36721134185791,12.828145027160645
Correct 11.60939884185791,11.750024795532227,11.5313138961792,13.273475646972656,11.75784969329834,11.765663146972656
Wrong 13.554719924926758,12.68752670288086,12.054738998413086,12.781283378601074
Correct 13.382902145385742,12.632879257202148,12.140742301940918,11.9141206741333,13.421952247619629
Correct 12.976578712463379,13.60938835144043,13.25003433227539,13.41408634185791,13.328143119812012
Correct 11.625020027160645,12.218766212463379,14.140670776367188,11.851592063903809,12.69533634185791
Wrong 13.250016212463379,12.210953712463379,12.367218971252441,12.421895027160645
Wrong 13.046886444091797,12.92188835144043,12.015650749206543,14.867203712463379
Wrong 13.210958480834961,13.906267166137695,11.328166007995605,12.023462295532227
Correct 12.64845085144043,12.46095085144043,12.367218971252441,12.976584434509277,13.437520027160645,12.109396934509277
Correct 13.218770027160645,13.578143119812012,12.312536239624023,13.726585388183594
Correct 12.976587295532227,12.460954666137695,11.773487091064453,11.718778610229492,11.570340156555176
Correct 13.859396934509277,13.335957527160645,13.171916961669922
Correct 13.171893119812012,12.687518119812012,14.07815933227539
Correct 12.335953712463379,14.054701805114746,12.08597469329834,12.851582527160645
Correct 13.281265258789062,14.992201805114746,11.718781471252441,12.476581573486328,12.164081573486328
Correct 11.679701805114746,11.828140258789062,12.08597183227539,11.429709434509277,11.726582527160645,11.132835388183594,11.468779563903809,11.546886444091797,11.203140258789062
Wrong 13.648455619812012,12.695331573486328,12.296914100646973,13.851585388183594
Correct 12.414087295532227,13.187522888183594,13.671935081481934,12.960969924926758
Wrong 13.093777656555176,12.757833480834961,13.18756103515625,13.06253433227539,12.84378433227539
Correct 12.171891212463379,11.875015258789062,12.242222785949707,11.718770980834961,12.437520980834961,13.117209434509277,11.18752670288086,11.640634536743164
Correct 14.046900749206543,12.750022888183594
Wrong 11.89846420288086,12.500021934509277,10.1406888961792,11.359399795532227,13.515664100646973
Correct 13.296896934509277,13.742207527160645,12.750041961669922,13.007838249206543
Wrong 11.875027656555176,12.531270027160645,12.539121627807617,12.437531471252441,13.36722183227539
Correct 12.718762397766113,12.25001335144043,14.570342063903809
Correct 14.312522888183594,14.773458480834961,11.468792915344238,12.171896934509277
Correct 11.898459434509277,11.945334434509277,11.015671730041504,11.67971134185791,14.187533378601074,9.742230415344238,10.117233276367188
Wrong 13.804709434509277,13.679706573486328,11.52347469329834
Correct 14.343771934509277,12.796895980834961
Wrong 14.210962295532227,12.992207527160645,11.789101600646973,12.60939884185791
Wrong 12.695334434509277,13.046894073486328,12.43755054473877,13.046902656555176
Wrong 12.695335388183594,11.695332527160645,12.375045776367188,12.312530517578125,11.765654563903809,11.984404563903809
Wrong 13.117206573486328,12.523453712463379,11.750040054321289,12.33596134185791,12.242210388183594,12.33596134185791
Correct 10.578174591064453,10.468788146972656,9.414158821105957,10.78909969329834,13.742240905761719
Wrong 12.781272888183594,13.085956573486328,13.820358276367188,13.28127670288086
Wrong 12.609421730041504,13.304728507995605,12.523516654968262,13.085983276367188
Wrong 13.078144073486328,13.718768119812012,13.281286239624023,13.73440170288086
Correct 12.992208480834961,13.476583480834961,12.35161018371582,14.648469924926758
Wrong 12.671896934509277,12.859391212463379,11.90629768371582,12.164090156555176,13.101591110229492,11.921902656555176
Correct 11.875017166137695,11.414076805114746,11.03909969329834,12.804704666137695,14.195337295532227
Wrong 11.835963249206543,11.398457527160645,11.023490905761719,11.164094924926758,10.914095878601074,10.109416961669922,11.40629768371582,11.210953712463379,11.421896934509277
Correct 11.65626049041748,12.101574897766113,11.156279563903809,11.929702758789062,11.804702758789062,12.093770027160645,14.0313081741333
Correct 12.921895980834961,12.375018119812012,12.148479461669922,12.10158634185791,12.828150749206543,12.179713249206543
Correct 14.671910285949707,12.085968017578125,10.843804359436035,11.828152656555176
Correct 12.078153610229492,12.851584434509277,11.45317268371582,11.781278610229492,11.843779563903809,11.359410285949707,11.937541007995605
Correct 12.562512397766113,13.27345085144043,15.07034683227539
Wrong 11.734389305114746,12.601572036743164,11.171902656555176,11.718766212463379,12.375018119812012,12.000017166137695
Wrong 12.804718971252441,11.515650749206543,11.187557220458984,11.484408378601074,11.41409969329834,11.32815933227539
Wrong 13.14064884185791,13.976588249206543
Wrong 12.343783378601074,12.843775749206543,12.062541961669922
Correct 12.726577758789062,12.84376335144043,11.789095878601074,13.47658634185791,12.304707527160645,12.390643119812012
Correct 12.117206573486328,14.304703712463379,12.984406471252441
Wrong 13.578145027160645,12.859393119812012,11.859413146972656,12.898460388183594
Correct 11.218770980834961,11.617207527160645,11.187546730041504,12.210965156555176,12.367216110229492,13.093781471252441,10.921916007995605
Correct 12.359390258789062,13.875011444091797,14.523465156555176,12.054702758789062
Wrong 13.281270027160645,14.117205619812012,12.83597469329834
Wrong 12.578160285949707,12.82033920288086,12.203204154968262,12.382859230041504,12.898479461669922
Wrong 11.328146934509277,12.195330619812012,10.929725646972656,12.500020027160645,11.828147888183594,13.898463249206543
Wrong 13.742197036743164,12.84376049041748,11.710960388183594,13.851576805114746,12.125015258789062,14.164076805114746
Wrong 12.500024795532227,12.617210388183594,12.5000581741333,13.234410285949707,12.820340156555176,12.695341110229492
Wrong 12.140645980834961,12.695331573486328,13.46880054473877,11.953149795532227
Correct 12.515639305114746,12.21876335144043,11.882841110229492,13.296894073486328,12.867203712463379,12.429707527160645,13.281286239624023
Correct 13.140645027160645,13.664081573486328,11.546932220458984,12.789087295532227
Wrong 13.953153610229492,12.78127384185791,12.507863998413086,13.695343017578125
Wrong 13.890647888183594,13.210955619812012,10.992229461669922,10.710958480834961
Wrong 12.687517166137695,13.929703712463379
Wrong 12.656274795532227,12.679709434509277,11.875052452087402,13.718781471252441
Correct 12.00784683227539,12.046905517578125,11.632891654968262,13.226605415344238,12.523480415344238,11.335984230041504,11.9844331741333
Correct 12.171893119812012,12.398452758789062,13.828167915344238,11.968771934509277,10.734404563903809,10.109399795532227
Correct 11.125020980834961,12.140639305114746,13.89067554473877,11.226592063903809,11.109405517578125,10.484410285949707
Wrong 13.45313835144043,12.796887397766113,12.039094924926758,11.929705619812012,12.851580619812012,11.289081573486328
Wrong 11.88284683227539,12.21877670288086,11.49225902557373,11.898480415344238,12.046918869018555,11.468790054321289,11.718798637390137,11.421892166137695,11.882841110229492
Wrong 12.515640258789062,12.656264305114746,13.054732322692871,13.187527656555176,12.265646934509277,11.648459434509277
Correct 12.234390258789062,14.398452758789062,12.460979461669922
Correct 14.29689884185791,12.22658634185791,12.625031471252441
Wrong 11.679707527160645,11.921891212463379,10.734420776367188,12.523463249206543,13.773468017578125,11.148468017578125
Correct 13.070328712463379,13.015636444091797,12.343782424926758,12.890643119812012,14.070333480834961
Wrong 11.99219799041748,11.593759536743164,11.390649795532227,12.281266212463379,14.328144073486328,11.320329666137695
Correct 12.351585388183594,12.093768119812012,11.656296730041504,11.92190170288086,12.328152656555176,11.320342063903809,11.117226600646973
Wrong 12.960967063903809,12.609396934509277,12.3281888961792,12.281286239624023,12.882848739624023
Correct 12.148468017578125,11.77346134185791,11.648496627807617,12.36722183227539,11.99222469329834,10.906290054321289,10.781323432922363,12.492206573486328
Wrong 13.296894073486328,13.656267166137695,13.60941219329834
Correct 11.929713249206543,12.609395980834961,13.515681266784668,12.531277656555176,12.890650749206543
Wrong 12.59376335144043,13.140639305114746,13.398475646972656,12.914085388183594,13.140645027160645
Wrong 12.546891212463379,12.929703712463379,11.546911239624023,14.54689884185791
Correct 13.507851600646973,12.664097785949707,11.906318664550781,12.304732322692871,12.484426498413086,11.679730415344238,12.031296730041504
Correct 13.179707527160645,12.453142166137695,12.968791961669922,12.14064884185791,12.03908920288086,11.187529563903809,11.914094924926758
Correct 14.67190170288086,12.929709434509277
Correct 13.921889305114746,13.148451805114746,13.937531471252441
Correct 12.882823944091797,13.000012397766113,13.67190170288086,14.460957527160645
Wrong 10.937522888183594,10.765645980834961,9.812559127807617,10.710966110229492,12.445340156555176,9.984417915344238,9.531288146972656,10.492204666137695,10.359391212463379,13.257837295532227,10.898457527160645
Correct 12.578143119812012,13.085955619812012,14.30472469329834,12.66408920288086
Wrong 12.343765258789062,12.250020027160645,11.101605415344238,14.52346134185791
Correct 13.500033378601074,12.914094924926758,11.781322479248047,13.468791961669922
Wrong 11.390646934509277,11.570333480834961,10.695359230041504,10.992217063903809,11.085967063903809,11.460968017578125,10.539105415344238,10.781270027160645,10.976582527160645,11.445345878601074,11.242206573486328
Wrong 12.929709434509277,12.609392166137695,12.492231369018555,12.93752670288086,12.414088249206543
Wrong 13.367205619812012,13.601579666137695,12.17972469329834,13.67189884185791
Wrong 12.375017166137695,12.835952758789062,13.718783378601074,11.898458480834961,12.296894073486328
Wrong 13.304715156555176,12.671896934509277,12.015673637390137,11.476591110229492,11.179729461669922
Correct 13.445328712463379,13.382828712463379,13.51565933227539
Wrong 12.492207527160645,12.875020027160645,12.00784969329834,13.81252670288086
Correct 11.375014305114746,11.507829666137695,12.125040054321289,13.87502670288086,11.890645027160645,10.000030517578125,9.992233276367188,10.406262397766113
Wrong 13.289090156555176,12.37502384185791,11.382874488830566,12.820342063903809
Correct 14.460966110229492,11.859402656555176,10.757864952087402,11.453153610229492,10.609424591064453
Wrong 13.04688835144043,11.609387397766113,13.546903610229492,12.156267166137695
Correct 12.000017166137695,14.445328712463379,12.289090156555176
Correct 12.21876335144043,12.015641212463379,11.359415054321289,11.921893119812012,12.546894073486328,14.32814884185791
Wrong 12.617207527160645,12.429708480834961,12.515667915344238,14.664093971252441
Correct 12.648452758789062,12.69532585144043,12.40628719329834,12.804709434509277,13.390646934509277
Correct 13.734403610229492,14.328147888183594,12.164106369018555
Correct 13.734395980834961,13.710957527160645,13.101608276367188,12.796903610229492
Wrong 12.476580619812012,12.335955619812012,11.187539100646973,11.843770027160645,11.51564884185791,10.156279563903809,10.312541007995605,14.242203712463379
Correct 14.273451805114746,12.914076805114746,12.351590156555176,12.609394073486328,12.976581573486328
Correct 12.34376335144043,12.179701805114746,11.695344924926758,12.835958480834961,12.890645027160645,13.882834434509277
Correct 12.554707527160645,13.257830619812012,13.195359230041504,12.195337295532227
Wrong 12.210966110229492,13.007835388183594,12.664115905761719,12.031280517578125,12.273470878601074
Correct 14.976577758789062,13.007826805114746,13.39846134185791
Correct 12.08596134185791,14.07033634185791,10.867246627807617,11.109408378601074,11.046915054321289,10.179755210876465,8.69540023803711,10.585955619812012
Correct 13.156267166137695,11.96095085144043,11.500025749206543,11.804707527160645,11.562522888183594,11.195333480834961,10.60159683227539,11.406259536743164,11.695326805114746,11.32032585144043,11.812512397766113
Wrong 12.320329666137695,11.625016212463379,11.945356369018555,13.289091110229492
Correct 10.414081573486328,9.648459434509277,9.390679359436035,10.31252670288086,9.835969924926758,9.843785285949707,13.609427452087402,9.578140258789062,9.648463249206543,9.796894073486328
Correct 12.281289100646973,12.32815170288086,12.234451293945312,12.382857322692871,12.859421730041504,12.046914100646973
Wrong 12.820329666137695,12.882827758789062,13.234407424926758,11.812519073486328
Correct 11.796892166137695,12.421890258789062,14.101606369018555,11.74221134185791,10.929715156555176
Wrong 13.09376335144043,12.710949897766113,11.601597785949707,12.656270027160645,12.203143119812012
Wrong 13.320331573486328,13.593769073486328,13.601605415344238,13.25002384185791
Correct 12.101607322692871,13.328157424926758,12.40633487701416,12.742238998413086,11.984424591064453
Correct 12.273462295532227,12.914080619812012,11.656291961669922,13.50002670288086,14.187531471252441
Wrong 13.281281471252441,12.250021934509277,11.773481369018555,11.187531471252441,11.726598739624023
Correct 13.007828712463379,12.757830619812012,13.23441219329834,13.53908634185791
Correct 12.390639305114746,12.273455619812012,12.070350646972656,15.054718017578125
Wrong 11.867210388183594,12.914081573486328,11.250045776367188,13.429717063903809,12.859404563903809
Correct 12.64063835144043,12.234389305114746,14.500024795532227,11.914077758789062
Correct 12.210955619812012,12.507828712463379,14.734415054321289,12.578145027160645
Correct 12.695329666137695,12.140640258789062,14.203166961669922
Wrong 12.664082527160645,12.664080619812012,13.031296730041504,13.16408920288086,13.054709434509277
Wrong 13.968772888183594,13.140643119812012,13.750040054321289,13.46096420288086,14.11721420288086,12.593772888183594
Wrong 12.351583480834961,12.140641212463379,12.351608276367188,12.36721134185791,12.29689884185791,11.96877384185791
Wrong 12.421889305114746,12.546887397766113,12.179717063903809,13.789085388183594,13.406266212463379,12.843767166137695
Correct 12.726580619812012,13.656267166137695,13.390666007995605,13.531275749206543
Wrong 11.570329666137695,12.390639305114746,12.195341110229492,12.007830619812012,11.640642166137695,11.609391212463379,11.617215156555176,11.546883583068848
Correct 12.007875442504883,12.500044822692871,11.773582458496094,12.257891654968262,12.421943664550781
