grade confidence_levels
Correct 0.00028240750543773174,7.809267685843224e-07,7.569001354568172e-07,0.9997155070304871
Correct 0.0075772288255393505,0.9924212098121643,5.85173381750792e-07,1.5749728277114627e-07
Correct 8.579231121075281e-07,1.914285405746341e-07,0.9999986886978149,9.988051274945065e-09
Correct 1.7087563586315468e-09,1.0,1.7730938939308771e-10,6.997994544954977e-11
Correct 2.8616280456361665e-09,2.969373080752291e-10,0.9999998807907104,2.138759308545346e-10
Correct 1.4389154312510755e-09,2.4616941818322857e-10,4.4575521052081513e-10,0.9999988079071045
Correct 1.6561808591220029e-09,1.0364117342120949e-09,5.813741710269937e-10,0.9999984502792358
Correct 1.2307689312152092e-09,4.139931064628399e-08,6.385145190357377e-10,0.9999983310699463
Correct 0.9999440908432007,7.071550044202013e-06,4.8325273382943124e-05,2.3089428680123092e-07
Correct 7.002161623859138e-07,1.03485240288137e-06,0.9999982118606567,1.5960852195462394e-08
Wrong 0.20181147754192352,2.17621959563985e-06,5.471015356306452e-06,0.7981798648834229
Correct 4.3138939531672804e-07,0.999995231628418,2.4439873413939495e-06,1.653684535085631e-06
Wrong 1.952151069417596e-05,0.00022341184376273304,0.999756395816803,1.854939455370186e-07
Correct 2.0494169916673854e-08,0.9999996423721313,2.093611284337271e-09,1.7087558035200345e-09
Correct 1.6726859897175927e-08,1.0,8.953242591758226e-09,3.0941582629395725e-09
Wrong 6.3538745962432586e-06,0.986767590045929,0.013222693465650082,6.490892019428429e-07
Correct 8.280387042702841e-09,1.0364120672790023e-09,3.3455784809177658e-09,0.9999988079071045
Correct 3.4517784186505196e-09,2.241397900615283e-10,5.905296251995651e-10,0.9999986886978149
Correct 0.9999998807907104,1.2167953400421538e-07,4.058651470462138e-10,3.972977058452898e-09
Wrong 2.4097328576999644e-09,3.872793197245983e-10,1.0,4.5277540050570053e-10
Correct 1.0571334740916427e-07,3.426847615628503e-05,0.9999653100967407,4.792159558064668e-09
Correct 1.1929041088265535e-09,1.359478224438604e-10,1.447156838807473e-10,0.9999998807907104
Correct 1.2430344753511235e-08,0.9999997615814209,2.5253774627032044e-09,5.130616487214468e-10
Correct 0.00020111263438593596,3.283073237980716e-05,0.9884220957756042,0.011328933760523796
Wrong 2.295828835485736e-06,3.76362913812045e-05,0.9999582767486572,1.6027466926971101e-06
Correct 0.9999998807907104,9.98806370944294e-09,1.0246443338246536e-07,1.4085427046950372e-08
Correct 4.012565213429298e-08,2.447680502726257e-09,1.0,1.829377760387274e-10
Correct 2.3687650809733896e-06,5.152149640252901e-08,4.717948254295834e-09,0.9999831914901733
Correct 2.1568157535512e-06,1.2698366802510463e-09,4.501961470282367e-09,0.9999973773956299
Correct 4.099087735909279e-09,6.02356564627371e-08,6.188696222153567e-10,0.9999985694885254
Correct 3.5558020954340464e-06,5.064450670033693e-05,0.9999451637268066,3.3074113048314757e-07
Correct 4.222816187393619e-06,1.628040649848117e-06,0.9999916553497314,1.8738631979431375e-06
Correct 2.9689334041904658e-05,7.1628851401328575e-06,0.9971563816070557,0.0028008073568344116
Correct 0.9126123785972595,0.08488617092370987,0.0020277691073715687,0.0004595816135406494
Correct 3.546959533196059e-06,0.9974585175514221,6.486711936304346e-05,0.002472452586516738
Correct 5.602795116743664e-09,0.9999997615814209,4.895667760074218e-10,1.026187745889473e-10
Correct 0.0004949995200149715,0.9984225034713745,7.326639206439722e-07,0.001081178430467844
Correct 4.812514475815988e-07,0.9999990463256836,2.147769251337195e-08,7.946447944107149e-10
Wrong 6.933071006187674e-08,0.9999971389770508,1.0511478194530355e-06,3.224177547167528e-08
Wrong 5.507531750481576e-05,0.9015102386474609,0.09803469479084015,0.00039443394052796066
Correct 6.825597154147545e-08,0.9999990463256836,6.933084506499654e-08,1.8767001286335017e-09
Correct 1.2482656757129007e-06,2.6314904033597486e-08,1.6893439180876157e-07,0.9999946355819702
Correct 0.9999994039535522,2.906690665938072e-09,1.3574324952969619e-07,6.758258841443876e-09
Correct 2.8616284897253763e-09,2.620462735691831e-10,1.0,1.0923715404453915e-10
Wrong 2.8736809554175125e-07,8.579227142035961e-07,6.214771275381281e-08,0.9999982118606567
Correct 2.419882889626024e-07,0.9999985694885254,1.2237615365506826e-08,5.989268174744211e-07
Wrong 0.2126796543598175,0.08593035489320755,0.004019016399979591,0.6973497867584229
Correct 0.926066517829895,0.0002535538806114346,0.07367740571498871,1.9359076759428717e-06
Wrong 0.000666512583848089,7.247988833114505e-05,0.00020972748461645097,0.9990488886833191
Correct 2.5071154595934786e-05,1.2678758594120154e-06,5.714764483855106e-07,0.9999574422836304
Correct 0.9999997615814209,1.2698395668309104e-09,1.4247206192585793e-10,1.277111472131054e-10
Correct 3.446451955824159e-06,0.9999597072601318,4.5207607968222874e-07,1.9222765331505798e-05
Correct 2.525378128837019e-09,1.0,1.4845932261309258e-09,1.7730938939308771e-10
Correct 1.876701682945736e-09,0.9999998807907104,4.671479314488636e-10,1.2378190139550327e-10
Correct 0.9999998807907104,5.602795560832874e-09,2.3859583753171876e-10,9.056077415747765e-11
Correct 1.0305119424458553e-08,1.6918980105806725e-10,0.9999998807907104,1.4247207580364574e-10
Correct 2.785270680760732e-07,6.615597669679119e-08,0.9999994039535522,5.293476768031269e-10
Correct 1.1382770281898047e-09,0.9999998807907104,4.320412083647085e-10,1.1628233098637253e-10
Correct 0.9999997615814209,5.34622479619884e-09,1.2898366819058538e-09,1.6561830795680521e-09
Correct 8.81438211308705e-09,9.146258750369896e-10,2.447665625737727e-09,0.9999939203262329
Correct 2.550539868195756e-08,1.4615757493174897e-09,0.9999992847442627,4.812515612684365e-07
Wrong 4.4693268137052655e-05,0.9999372959136963,1.6186828361242078e-05,1.090659935698568e-07
Correct 8.36290183769961e-08,4.0990926208905876e-09,0.9999997615814209,2.081690730904029e-08
Wrong 2.8012189901005513e-08,2.6729418678428374e-08,0.999998927116394,2.4337410309271945e-08
Wrong 4.09908507137402e-09,2.2066468097214909e-10,4.122558128205611e-10,0.9999979734420776
Correct 0.001284300466068089,1.1595760440741287e-07,0.9987096786499023,1.4370605816438342e-09
Wrong 0.01772056333720684,7.830456888768822e-05,0.967509925365448,0.014690862037241459
Correct 0.06996463239192963,0.031046617776155472,0.04660649225115776,0.8523436784744263
Correct 9.146313151298102e-10,1.0,1.3307807078533074e-09,1.1562024671007975e-09
Correct 7.658114142827799e-09,0.9999998807907104,2.372373186787513e-09,8.458956868295786e-10
Correct 0.9999418258666992,6.853965260233963e-06,9.817852514970582e-06,3.705218841787428e-05
Correct 1.8614884538692422e-05,0.0008969153859652579,2.6970849376084516e-07,0.9990763664245605
Correct 0.9999997615814209,7.901207688121303e-09,5.6910267609566745e-09,4.644880480242364e-09
Wrong 0.0004063342639710754,1.805813951705204e-07,0.9886060357093811,0.010982422158122063
Wrong 0.7795460224151611,0.06105876341462135,0.13546477258205414,0.02391095459461212
Correct 4.916296703072476e-08,1.5960877064458145e-08,0.9999997615814209,1.3517371666438294e-09
Correct 0.9999998807907104,1.7870004087594538e-10,7.507751365043447e-11,2.740454911609458e-11
Wrong 2.4476789484140227e-09,5.905301803110774e-10,7.123152068189142e-10,0.9999994039535522
Correct 0.000269478332484141,2.7686587600328494e-06,0.9997274279594421,7.378225319598641e-08
Correct 5.780647516218096e-09,0.9999998807907104,3.5061400449620805e-09,4.745044912546348e-10
Wrong 0.835044801235199,0.005453378893435001,0.00012048082135152072,0.15937109291553497
Correct 0.0030806907452642918,0.15555959939956665,0.0004104623512830585,0.8409472107887268
Correct 1.0,5.634880340110726e-10,5.547519665860534e-10,3.864659980923335e-11
Correct 1.593344313732814e-05,0.00019716583483386785,0.9997846484184265,2.1563569134741556e-06
Correct 2.4472505174344406e-05,0.0005837221979163587,0.03844274580478668,0.9609476923942566
Wrong 1.014533701493292e-08,5.723608809127256e-10,3.3455769266055313e-09,0.9999983310699463
Correct 1.0,9.290347380286335e-10,2.2414005373949664e-10,2.44254005909994e-10
Correct 0.9999998807907104,4.792325203339942e-09,1.1182761661121532e-10,2.105601110136135e-10
Correct 0.9999998807907104,3.471548881694986e-10,1.3073972460198036e-10,4.735080036399886e-11
Correct 0.9999998807907104,1.2972231622221386e-10,4.7350793425104953e-11,2.5543841347674956e-11
Correct 1.0,1.3176515434309977e-10,1.9893562491768435e-11,8.623222795545171e-12
Correct 7.539380675325447e-09,5.813746151162036e-10,1.0203441425105098e-09,0.9999991655349731
Correct 1.3307803747864e-09,0.9999997615814209,5.293478988477318e-10,1.9780288518234102e-10
Correct 6.972786348313775e-09,0.9999990463256836,1.1382760289890825e-09,2.461695014499554e-10
Correct 0.9999997615814209,1.0632237312790949e-08,6.48570586125885e-10,1.461576526473607e-09
Correct 1.0,4.792325647429152e-09,3.6174372386454934e-09,5.515933043653831e-09
Wrong 7.23334352414895e-08,0.9955306649208069,0.004468380473554134,9.886808527426183e-08
Correct 0.9999831914901733,1.6442489140899852e-05,7.38011252110482e-08,2.1144376916026886e-08
Correct 1.0364130664797244e-09,0.9999998807907104,1.2972230234442605e-10,7.99195987166712e-11
Wrong 0.5621309876441956,8.332807510669227e-07,4.5304679474611476e-07,0.43778806924819946
Correct 7.901205911764464e-09,1.3517369445992244e-09,2.3723722986090934e-09,0.9999995231628418
Correct 1.7880627183330944e-06,9.042429383043782e-08,0.9999971389770508,4.229200545324829e-09
Correct 9.9880077542025e-09,2.6055275714753634e-09,1.2047836506212661e-08,0.9999942779541016
Correct 1.988652911677491e-06,0.0004942701780237257,0.002549639670178294,0.9969514608383179
Wrong 0.9993531107902527,4.447973083188117e-07,0.0006462028250098228,6.407913133443799e-08
Wrong 7.9464457236611e-10,8.985593519250656e-11,3.1608776707159336e-10,0.9999988079071045
Correct 0.9433413147926331,5.796089681098238e-06,0.05665205046534538,3.0718149446329335e-07
Correct 0.5557337999343872,0.02188747003674507,0.004112533759325743,0.4065835177898407
Correct 5.263340430161634e-09,1.0861516130944437e-09,1.0,5.211412412720051e-10
Correct 8.62837126192062e-08,0.9999998807907104,1.6467533114905564e-08,4.765038852383441e-08
Correct 6.401995779015124e-05,9.041860948855174e-08,1.9141621976359602e-07,0.9999343156814575
Correct 1.1562024671007975e-09,1.0,1.9780291293791663e-10,1.6398438162923412e-10
Correct 1.0,5.5708952118038724e-08,1.4389170965856124e-09,1.3307808188756098e-09
Correct 0.00011774445010814816,7.9002697717101e-09,1.3025342582295707e-08,0.9998810291290283
Correct 0.9999997615814209,3.274959681220935e-08,1.2430344753511235e-08,6.118430206925041e-08
Correct 1.0969741559563317e-08,0.9999998807907104,2.06115324807854e-09,6.758261950068345e-09
Correct 8.814422081115936e-09,1.3101471019183464e-09,6.448769074296479e-09,0.9999984502792358
Correct 6.250296280541079e-09,5.905234634617784e-10,3.2426110685435106e-09,0.9999880790710449
Correct 1.0677027830752195e-06,0.9999988079071045,6.448771738831738e-09,1.3730226955388503e-09
Correct 1.5317193069463997e-09,4.819768473218744e-10,1.0,6.835886023903726e-11
Correct 6.143508016975829e-06,0.00010229858889942989,0.9998853206634521,5.507004516402958e-06
Correct 0.9999992847442627,1.725781650918634e-08,1.7356640569232695e-09,1.4449793184212467e-07
Correct 8.543241669656254e-09,8.198700607309206e-10,2.2286374967706024e-09,0.9999996423721313
Correct 1.8476061791616871e-09,2.206650834279955e-10,1.0,1.144795439000923e-10
Correct 1.6797271200630348e-06,1.3081728411634685e-06,0.9999958276748657,1.2359518564153404e-07
Correct 6.250369999349914e-09,2.3489676870269705e-10,0.9999998807907104,6.587842493743779e-10
Correct 1.3709566246689064e-06,0.9999982118606567,4.271346298878598e-08,1.3363857931381062e-07
Correct 1.0,6.153467957403791e-09,1.917171560394948e-10,5.801541885785966e-11
Correct 2.382368506914645e-07,6.286161036150872e-10,3.769454437474451e-08,0.9999995231628418
Correct 2.2637285379545347e-09,4.3204020916398633e-10,7.235311239028874e-10,0.9999974966049194
Correct 1.6052277285183436e-09,0.9999998807907104,8.458956313184274e-10,7.465002505036011e-10
Wrong 4.457556823656006e-10,0.9999998807907104,7.507750671154056e-11,6.421720100124872e-11
Correct 1.0,3.016134564326478e-10,3.804743672897182e-11,1.1513514967809169e-11
Correct 0.9999998807907104,1.3101488782751858e-09,2.423531653139577e-10,1.0587626608771217e-10
Wrong 1.2878523421022692e-06,1.1978893610375962e-07,3.219225982320495e-05,0.9999654293060303
Correct 3.378915636176316e-08,1.5317180857010726e-09,5.515927714583313e-09,0.9999990463256836
Wrong 0.9999998807907104,2.06115324807854e-09,3.2612182399027745e-10,1.6918981493585505e-10
Correct 5.65861952850355e-08,1.0145345008538698e-08,0.9999991655349731,1.5404895414850017e-10
Correct 0.2942119836807251,0.7057778239250183,4.4741027522832155e-06,1.92428751688567e-06
Correct 3.807002144640137e-07,2.486217010044811e-09,6.214760617240245e-08,0.9999964237213135
Correct 2.510998520222074e-08,0.9999997615814209,9.094234698636683e-09,6.092757409703609e-10
Correct 1.790761317010947e-09,2.4616969573898473e-10,1.0,6.729905521751789e-11
Correct 0.9999990463256836,8.764239822767195e-08,3.972973505739219e-09,2.6729424007498892e-08
Wrong 4.0990930649797974e-09,0.9999998807907104,1.6305063965660338e-09,2.0408183476483543e-10
Correct 0.9999997615814209,4.3884484934864076e-10,5.293478988477318e-10,1.9626358871427385e-10
Correct 2.4337111881322926e-08,1.3211956684244797e-05,0.9999866485595703,1.0861370691728212e-09
Correct 0.9999997615814209,4.295812150445499e-09,1.1382769171675022e-09,7.012721514598752e-10
Correct 2.3588601294477485e-08,2.646568075803657e-09,2.9066857809567637e-09,0.9999977350234985
Correct 1.8660150757909832e-08,0.9999994039535522,2.7735838070697127e-09,5.051072338169149e-10
Wrong 2.4097326356553594e-09,2.746221028360196e-10,0.9999998807907104,2.2414003986170883e-10
Correct 1.131795723807727e-08,2.6729439994710447e-08,0.9999997615814209,7.465002505036011e-10
Correct 9.736200734522527e-10,3.581747953784742e-10,1.0,1.6398438162923412e-10
Correct 1.4845930040863209e-09,0.9999998807907104,6.796962992439148e-10,5.9301861199401174e-08
Wrong 0.9046463966369629,0.0953490287065506,1.2402332458805176e-06,1.4499795497613377e-06
Correct 1.0,2.3125502901510941e-10,1.359478224438604e-10,6.472087449305164e-11
Correct 0.9999978542327881,1.9638039248093264e-06,5.0012303326463226e-11,1.3779841850913854e-11
Correct 2.4337431625554018e-08,0.9999997615814209,8.67777938395875e-09,1.6305062855437313e-09
Correct 1.1562024671007975e-09,9.056078109637156e-11,1.0,3.0334061651426936e-11
Correct 5.515917944620696e-09,2.4476740634327143e-09,2.1940806949061198e-09,0.9999972581863403
Correct 7.934494306027773e-07,5.930181146140967e-08,1.1610730865641017e-07,0.9999990463256836
Correct 0.9999998807907104,2.981884961172909e-08,4.718027302175187e-09,4.5990553032559944e-10
Correct 0.626530647277832,0.00021348742302507162,0.3683183491230011,0.004935469478368759
Correct 4.139928933000192e-08,1.7087529169401705e-09,9.382898014109742e-09,0.9999978542327881
Wrong 6.922171451151371e-05,1.5778524584675324e-06,0.9999290704727173,1.9666270834051147e-09
Correct 2.7305815386569066e-09,2.8780122729443747e-10,4.4575521052081513e-10,0.9999988079071045
Correct 1.4615755272728848e-09,1.0423473889575874e-10,3.526215153204504e-10,0.9999991655349731
Correct 6.681515287709772e-07,0.9999991655349731,9.680755752583536e-09,4.7180237494615085e-09
Correct 1.1744097916377427e-09,0.9999998807907104,1.5647497186854764e-10,5.7563925848214126e-11
Correct 0.9999961853027344,2.7264673008176032e-06,2.6314943113447953e-08,5.989253963889496e-07
Correct 1.2898369039504587e-09,0.9999998807907104,4.745044357434836e-10,1.2186283926407526e-10
Wrong 0.9999990463256836,8.592159206344263e-10,2.6410126863218863e-10,8.507389931411424e-11
Correct 7.539386004395965e-09,9.736199624299502e-10,0.9999998807907104,2.2414003986170883e-10
Correct 0.9999996423721313,3.1428830649105066e-09,2.241399843505576e-10,3.4177272123514513e-10
Correct 1.6373765276966878e-07,0.9999996423721313,3.028841888408351e-08,3.88911018944782e-08
Wrong 1.0,7.333834928235916e-11,1.4783637855564358e-11,1.3672634205375012e-11
Correct 5.33814454684034e-06,1.0845097904166323e-06,0.9999926090240479,2.4337257542583757e-08
Correct 0.9999979734420776,7.934485779514944e-07,8.362886916302159e-08,7.042257266220986e-08
Wrong 5.602795116743664e-09,0.9999997615814209,2.3859580977614314e-10,7.10819528237927e-11
Correct 2.4824794309097342e-06,0.9999972581863403,9.329468042551525e-08,4.572856759921251e-09
Correct 1.0,5.461513463700385e-10,8.054641675858676e-11,2.9863778117089623e-11
Correct 1.02464426277038e-07,0.9999997615814209,1.0632237312790949e-08,1.020344919666627e-09
Wrong 1.2698397888755153e-09,0.9999998807907104,4.058651470462138e-10,1.1095736829336289e-10
Correct 1.0,4.295813038623919e-09,2.8172628674383304e-09,8.025635267472353e-09
Correct 6.864661727945531e-09,0.9999959468841553,3.3647271080461394e-10,2.040810437309304e-10
Correct 0.9999998807907104,2.9066919982057016e-09,1.708756136586942e-09,3.0636318482102354e-10
Wrong 0.9998787641525269,2.114217068083235e-08,7.306538041262911e-09,0.00011959837866015732
Correct 0.0715910792350769,0.9284072518348694,7.719972927588969e-07,5.283592230398426e-09
Wrong 7.380234023912635e-08,0.9999996423721313,1.522997550296168e-08,1.269839455808608e-09
Correct 2.093608397757407e-09,1.1365631280568778e-06,4.527746233495833e-10,0.9999983310699463
Correct 6.933066032388524e-08,7.002149118306988e-07,2.21594103066991e-08,0.9999964237213135
Wrong 4.520935021901096e-07,7.422486181241084e-09,3.85073484210352e-09,0.9999982118606567
Correct 4.599054470588726e-10,2.206650556724199e-10,3.695444228402067e-10,0.9999997615814209
Correct 1.2098648767278064e-06,0.9999980926513672,1.4993833730159167e-08,1.186109788164913e-08
Correct 0.0008969253394752741,9.657382179284468e-06,5.766685717389919e-06,0.9990874528884888
Correct 1.0,4.819768473218744e-10,9.565124386989865e-11,9.127106015416331e-11
Correct 9.382906895893939e-09,5.99829241831884e-10,0.9999988079071045,1.359476697881945e-10
Wrong 0.03409641608595848,9.482495443080552e-06,0.9657859206199646,9.576980664860457e-05
Correct 2.3222941791800622e-08,0.9999997615814209,1.5079718584942725e-09,2.2414002598392102e-10
Correct 0.9999998807907104,5.5708945012611366e-08,4.432176403668109e-09,3.0941580408949676e-09
Correct 0.0027145815547555685,8.326415263582021e-05,6.484619370894507e-05,0.9971367120742798
Correct 0.9999995231628418,2.263733422935843e-09,5.998296304099426e-10,4.354296923025913e-10
Correct 0.00012148172390880063,0.9998782873153687,3.616996924193927e-09,2.3122688486143517e-10
Correct 0.9999998807907104,5.211411857608539e-10,9.565122305321694e-11,3.057197203726325e-11
Wrong 4.83149487990886e-05,6.707865395583212e-05,0.9997304081916809,0.00015354457718785852
Correct 1.5779603472765302e-06,0.9999974966049194,2.2033262325749092e-07,2.5360131417073717e-07
Wrong 8.902253512133029e-08,7.123147627297044e-10,8.592155875675189e-10,0.9999986886978149
Correct 1.0,1.5803415243098584e-09,8.985602539812731e-11,1.0754359208720032e-10
Correct 4.936950972478371e-06,6.51295337661395e-08,0.9999872446060181,1.4532361980457154e-08
Correct 7.811410682734277e-07,2.322271441812518e-08,2.561262817835086e-06,0.9999898672103882
Correct 2.631479922854396e-08,0.999990701675415,9.223469533026218e-06,2.3355712919226335e-09
Correct 1.4085405730668299e-08,0.9999983310699463,9.14629816328727e-10,3.812744842068838e-10
Correct 1.0,1.447157116363229e-10,3.518811977909486e-11,1.1159280097206015e-11
Correct 6.412059150306959e-08,0.9999996423721313,1.6990265194749554e-08,1.997737753001161e-09
Correct 6.502443284261972e-05,5.014145699533401e-06,4.469059422262944e-05,0.9998774528503418
Correct 1.6280503132293234e-06,0.999997615814209,2.8901354198751505e-08,8.814414087510158e-09
Correct 1.8476059571170822e-09,0.9999998807907104,3.6381517243277983e-10,1.0754357127051861e-10
Correct 0.0019877685699611902,2.7639007385005243e-06,0.9980093836784363,6.399297092229972e-08
Correct 1.2167950558250595e-07,2.194085801932033e-09,0.9999996423721313,2.072956251097935e-10
Correct 1.8446602325639105e-06,8.614613761892542e-05,2.0578672774718143e-06,0.999909520149231
Wrong 3.076540266988559e-08,0.9999998807907104,7.4224981716497496e-09,7.946454605445297e-10
Wrong 0.9976658821105957,6.034836133039789e-06,0.0023231368977576494,4.279339464119403e-06
Correct 3.224186428951725e-08,5.430416116780634e-09,0.9999998807907104,4.38844904859792e-10
Correct 4.2051322424185855e-08,1.0,1.7805650287527897e-08,5.723617135799941e-10
Correct 5.130616487214468e-10,9.343548157403347e-11,2.3489674094712143e-10,0.9999998807907104
Correct 4.916295281987004e-08,8.864906586580901e-10,2.8616271574577468e-09,0.9999995231628418
Wrong 4.0757505814781325e-08,1.1744090144816255e-09,9.585247040533318e-10,0.9999991655349731
Wrong 0.26889052987098694,0.00011402691598050296,0.7309201955795288,7.24799174349755e-05
Wrong 1.8370855059401947e-08,0.9999996423721313,2.7036442529215776e-10,4.745043247211811e-10
Correct 5.626397978630848e-07,1.1861105875254907e-08,0.9999988079071045,1.3730225845165478e-09
Correct 1.49084840472824e-07,0.9999997615814209,1.2824926898247213e-08,1.4532544057033192e-08
Correct 1.3101488782751858e-09,1.4699463868339535e-10,0.9999998807907104,1.493094675675266e-10
Correct 1.9555651320501966e-08,1.6561810811666078e-09,1.906252711236789e-09,0.9999984502792358
Correct 1.7356652781685966e-09,6.864689705565752e-09,1.0,1.199735311097072e-10
Wrong 2.299382018122742e-09,1.540490096596514e-10,3.471547493916205e-10,0.9999995231628418
Correct 8.61464359331876e-05,3.9500122284152894e-08,0.9999129772186279,2.8009782937488126e-08
Wrong 0.0005094825173728168,3.206517794751562e-05,0.10663270950317383,0.8928247094154358
Correct 0.9999573230743408,1.4144176248009899e-06,3.763625500141643e-05,2.7692954063240904e-06
Correct 2.309068918293633e-07,0.9999986886978149,9.570825341143063e-07,1.699024743118116e-08
Correct 4.718026413996768e-09,0.9999997615814209,6.903998484020235e-10,1.639843538736585e-10
Correct 1.8954011693494976e-08,1.1744095695931378e-09,0.9999997615814209,9.946152929041219e-11
Wrong 3.561353656422739e-09,5.905303468445311e-10,0.9999998807907104,1.3384014729833638e-10
Correct 3.1428770697061736e-09,1.2501500945560906e-09,1.1382745856991505e-09,0.9999977350234985
Wrong 7.61445804187133e-08,8.105548232606452e-08,0.9999929666519165,6.854315870441496e-06
Wrong 2.2159490242756874e-08,1.0,4.432176847757319e-09,1.3946462873448695e-09
Correct 0.9999994039535522,2.1940853578428232e-09,6.092754634146047e-10,5.535866209882556e-11
Correct 2.017644185059453e-08,0.9999998807907104,1.2116896375147235e-09,1.192904219848856e-09
Wrong 1.1496154250778545e-08,5.723599372231547e-10,8.280370167312867e-09,0.9999967813491821
Wrong 5.022295912482377e-09,2.746211591464487e-10,6.587818068837237e-10,0.9999963045120239
Correct 5.515932599564621e-09,9.14631259618659e-10,0.9999998807907104,1.580341191242951e-09
Wrong 1.6305061745214289e-09,5.80154084495188e-11,6.421719406235482e-11,3.1608812789407637e-10,0.9999997615814209
Wrong 1.2359537038264534e-07,2.4824796582834097e-06,0.9999973773956299,1.7356607262541957e-09
Correct 5.37684063939281e-10,4.6982313872678816e-11,1.0,5.667148347821005e-11
Correct 0.9999998807907104,1.3279859156778429e-10,8.507396870305328e-11,1.040159364890103e-11
Correct 1.1496189777915333e-08,0.9999998807907104,5.461512908588873e-10,1.359478224438604e-10
Wrong 0.008375724777579308,0.02349030040204525,0.9681021571159363,3.116647349088453e-05
Correct 1.5558400123794058e-09,3.5817471211174734e-10,0.9999997615814209,3.5817471211174734e-10
Wrong 2.4300234144902788e-05,7.422316983252131e-09,0.9999754428863525,1.1206022776377722e-09
Wrong 1.1793582643804257e-07,0.9999997615814209,1.167722718520281e-08,9.004511580812391e-10
Wrong 0.9987710118293762,4.834129541109178e-08,6.404181362995587e-08,0.0012255632318556309
Correct 2.447677394101788e-09,5.634873678772578e-10,1.847603736671033e-09,0.9999986886978149
Wrong 2.5651396562409445e-09,4.381835765343567e-07,1.4166046113928132e-09,0.9999971389770508
Correct 9.833211578325063e-09,0.9999997615814209,7.82325482173718e-10
Correct 0.0826968178153038,1.1999877642665524e-06,3.112531658189255e-06,0.917296826839447
Correct 6.719780287767207e-08,0.9999996423721313,5.1522341948384565e-08,2.8291330522733915e-07
Correct 4.867790170948183e-09,1.174409125503928e-09,1.2501519819352325e-09,0.9999992847442627
Correct 3.451779972962754e-09,2.2066491689454182e-10,6.092753523923022e-10,0.9999991655349731
Wrong 2.8012212993644425e-08,1.1032558200341214e-09,0.9999997615814209,4.5277528948339807e-10
Correct 0.9976673722267151,9.795521691557951e-06,0.00020299376046750695,0.0021152435801923275
Correct 7.614505648234626e-08,0.9999992847442627,7.380231892284428e-08,2.0936106182034564e-09
Wrong 7.64652304496849e-06,0.9999904632568359,1.9637896002677735e-06,5.515880641127069e-09
Correct 2.061153470123145e-09,1.0,9.43664812957934e-10,2.5798360669959663e-10
Wrong 0.9751976132392883,0.0002754814922809601,0.0001013439687085338,0.024413596838712692
Correct 1.0969722907816504e-08,6.083583343752252e-07,1.3946438448542153e-09,0.9999982118606567
Wrong 0.9648502469062805,0.03514466807246208,2.358093070142786e-06,5.869757728760305e-07
Correct 4.944447962174081e-09,5.461511243254336e-10,6.864686596941283e-09,0.9999995231628418
Wrong 1.2430345641689655e-08,1.5079720805388774e-09,0.9999998807907104,2.1056009713582569e-10
Wrong 0.9999849796295166,8.57911345519824e-07,3.866909707994637e-07,1.2805446203856263e-05
Correct 8.059391802817117e-07,7.690325674047926e-07,1.6631494759167254e-07,0.9999924898147583
Wrong 2.7305846472813755e-09,8.37550237497986e-11,0.9999998807907104,3.081175245500667e-11
Correct 0.0007437008898705244,1.0180498293266282e-06,0.9992535710334778,8.707841629984614e-07
Correct 5.181739481940895e-09,1.0,1.120629811168783e-09,1.9780292681570444e-10
Correct 8.592166977905435e-10,4.457557378767518e-10,1.0,1.7185415590592612e-10
Correct 0.0013670128537341952,7.756321792840026e-06,4.805895059689647e-07,0.9986236095428467
Correct 1.0907275083127388e-07,1.3517365005100146e-09,0.9999992847442627,2.1387580595444433e-10
Correct 2.9818838953588056e-08,1.0145349449430796e-08,0.9999995231628418,1.906254709638233e-09
Correct 0.19560101628303528,0.043644484132528305,0.7267459034919739,0.03399036079645157
Correct 1.2554198747238843e-07,1.2359562617803022e-07,0.9999994039535522,2.1024325747021066e-07
Correct 1.1496189777915333e-08,1.1929041088265535e-09,0.9999998807907104,4.058651470462138e-10
Correct 2.952463384886528e-09,6.691580622941729e-10,1.4389157643179828e-09,0.9999990463256836
Wrong 0.0003250345471315086,0.9996709823608398,1.6791815369288088e-06,1.99407736545254e-06
Wrong 5.4845163077743564e-08,4.592128846070409e-07,1.3026867584642332e-08,0.9999980926513672
Correct 5.072337927458648e-08,1.373019031802869e-09,3.972961959419763e-09,0.9999960660934448
Correct 1.0,5.780648404396516e-09,2.2945539912555546e-10,1.0364132885243293e-09
Correct 3.8287847559104193e-08,3.2887328416109085e-06,5.714960593650176e-07,0.999991774559021
Correct 4.338615156029846e-08,0.9999994039535522,2.861626713368537e-09,5.602792896297615e-09
Correct 3.653481783771895e-08,0.9999998807907104,1.7356650561239917e-09,9.680762858010894e-09
Correct 1.944431886613529e-07,0.9999991655349731,5.780643519415207e-09,3.192374586902247e-09
Wrong 0.999794065952301,3.9661845221417025e-06,0.0001881387288449332,6.239684807951562e-06
Correct 0.9999998807907104,1.156202356078495e-09,1.0838703545790196e-10,4.553681390295772e-11
Wrong 6.214760617240245e-08,1.5803360842170378e-09,1.5803358621724328e-09,0.9999964237213135
Correct 2.114472152925373e-08,0.9999995231628418,7.01271873904119e-10,1.5893905636055194e-10
Correct 0.999991774559021,1.55582757788153e-09,8.013497790670954e-06,1.0527255733805418e-09
Wrong 1.7529579565689346e-08,0.999998927116394,1.1929028875812264e-09,2.9233349074786474e-10
Correct 0.9999912977218628,1.2952607164606889e-07,1.914271337000173e-07,7.071883828757564e-06
Correct 3.3982678893096363e-09,9.004513246146928e-10,1.0,1.0261880234452292e-10
Correct 0.9999998807907104,7.901208576299723e-09,8.327812883734964e-10,2.2993831283457666e-09
Correct 0.00012145993241574615,0.00017950613982975483,0.9996989965438843,5.0708308663161006e-08
Wrong 1.2167943452823238e-07,7.979931382351424e-08,4.765034944398394e-08,0.9999990463256836
Correct 0.9999995231628418,5.7806457398612565e-09,6.758259285533086e-09,7.235327337262731e-10
Wrong 0.080307736992836,5.0331003876635805e-05,0.0005670776008628309,0.9190734028816223
Correct 5.602795560832874e-09,0.9999998807907104,5.723616580688429e-10,8.245652077798482e-11
Correct 6.758260617800715e-09,0.9999997615814209,1.7356648340793868e-09,6.796961882216124e-10
Wrong 1.4085421717879854e-08,1.0969737118671219e-08,1.444979602638341e-07,0.9999995231628418
Correct 1.0,5.461513463700385e-10,4.923703805781443e-11,1.5048053081390123e-10
Correct 2.4720169022884875e-08,1.621188161493592e-08,1.0799442229370015e-08,0.9999786615371704
Wrong 4.069446003995836e-05,0.999956488609314,5.285287443257403e-07,8.314925707963994e-07
Correct 6.972791233295084e-09,1.5647495799075983e-10,0.9999997615814209,2.5398391723108205e-10
Correct 2.5907009870707043e-08,0.9999977350234985,1.760342343004595e-06,1.4845900064841544e-09
Wrong 0.9999998807907104,2.3489674094712143e-10,3.7166065364191425e-11,1.783247681463873e-11
Correct 1.3307807078533074e-09,1.0,1.5647498574633545e-10,5.0012410879318736e-11
Wrong 2.0936099520696416e-09,1.829376095052737e-10,3.364737377609117e-10,0.9999990463256836
Correct 2.6995732582690835e-07,6.412049202708658e-08,2.081687355826034e-08,0.9999980926513672
Correct 6.092758519926633e-10,1.0,1.0923714710564525e-10,4.553681737240467e-11
Wrong 1.0145301487796132e-08,3.8669477930852736e-07,1.3730172554460296e-09,0.9999948740005493
Correct 1.2116896375147235e-09,2.969373080752291e-10,0.9999998807907104,2.138759308545346e-10
Correct 4.47633894395949e-08,2.9818846059015414e-08,0.9999997615814209,2.3355923861601013e-09
Wrong 6.972790345116664e-09,0.9999996423721313,2.9693722480850226e-10,7.507749283375276e-11
Correct 5.602796449011294e-09,1.7185416978371393e-10,1.0,1.2972231622221386e-10
Correct 2.9066919982057016e-09,0.9999998807907104,1.718541420281383e-10,8.1814846564221e-11
Correct 3.011594458257605e-07,1.1979295777564403e-07,0.9999990463256836,1.0738170885815634e-07
Correct 8.953241703579806e-09,0.9999998807907104,7.823255376848692e-10,1.4247208968143354e-10
Wrong 2.7735851393373423e-09,0.9999998807907104,3.6954445059578234e-10,1.5893911187170318e-10
Correct 9.818320904741995e-06,1.8266071322159405e-07,0.9999895095825195,7.307347171803258e-09
Wrong 0.9924436211585999,0.007344268262386322,0.00013242951536085457,7.6644319051411e-05
Wrong 8.953241703579806e-09,0.9999998807907104,1.4845930040863209e-09,9.29034627006331e-10
Correct 2.4476760618341586e-09,1.4930921776734607e-10,2.206646948499369e-10,0.9999982118606567
Correct 2.1815738548980335e-08,5.418963056058601e-10,1.9750356727854523e-07,0.9999908208847046
Correct 0.9999984502792358,8.990955393528566e-07,2.6577214384815306e-07,1.4085406618846719e-08
Wrong 0.9999992847442627,4.792322094715473e-09,3.142881954687482e-09,2.126580245231935e-09
Wrong 1.0632239089147788e-08,0.9999998807907104,6.3487992640887114e-09,6.385155737476111e-10
Wrong 1.0407801909195769e-07,0.9999998807907104,3.7694558585599225e-08,3.9503557758280294e-08
Wrong 1.4389157643179828e-09,1.2501517598906275e-09,1.0045250187218357e-09,0.9999990463256836
Correct 1.9863513500695262e-08,8.198651757496123e-10,9.889461471956906e-10,0.9999936819076538
Correct 2.1815917961021114e-08,0.9999990463256836,5.7806430753259974e-09,1.9667647510601682e-09
Wrong 0.8775691390037537,0.07668113708496094,0.04507851600646973,0.0006634218152612448
Correct 9.570342172082746e-07,4.9859489081427455e-05,0.999948263168335,6.179077445267467e-07
Wrong 7.422485737151874e-09,3.312569663016518e-10,1.0861497257153019e-09,0.9999982118606567
Wrong 1.0,3.638152556995067e-10,3.2749603917636705e-08,4.74504546765786e-10
Wrong 1.0861516130944437e-09,2.0091785180031962e-10,1.0,1.1811350508761365e-10
Wrong 6.715435318938034e-08,7.189479678260113e-09,0.0006462028250098228,0.9993531107902527
Wrong 4.229212535733495e-09,7.823256487071717e-10,1.0,2.1724398668876432e-10
Correct 0.9999996423721313,5.34622435210963e-09,6.058065160630122e-09,3.526217096094797e-10
Correct 0.9999998807907104,4.320412361202841e-10,1.2091448675644045e-10,6.889500081541655e-11
Correct 0.9999998807907104,3.364740708278191e-10,1.199735172319194e-10,6.286163256596922e-10
Correct 0.9999996423721313,6.825601417403959e-08,2.3823687911317393e-07,8.280394148130199e-09
Wrong 0.9562750458717346,0.014981191605329514,0.02629281021654606,0.0024456121027469635
Wrong 5.838097294486033e-08,5.430277116857951e-09,2.9066173912184468e-09,0.9999741315841675,1.865968535241791e-08
Wrong 1.0,2.8172628674383304e-09,5.998299079656988e-10,8.59216808812846e-10
Correct 0.003944737371057272,0.9958855509757996,0.00016029448306653649,6.720332294207765e-06
Wrong 4.94445018262013e-09,1.0,5.233371780377638e-08,3.5262179287620654e-10
Correct 5.989248847981798e-07,0.9999953508377075,1.7356571735405169e-09,5.346201703559927e-09
Correct 5.626385473078699e-07,4.381833207389718e-07,2.0580464479280636e-06,0.999996542930603
Correct 3.224186428951725e-08,0.9999998807907104,4.867793279572652e-09,4.0990930649797974e-09
Correct 0.9999997615814209,2.9066917761610966e-09,4.599054470588726e-10,1.3279857768999648e-10
Wrong 2.9818838953588056e-08,4.31391242727841e-07,0.9999995231628418,2.4097317474769397e-09
Correct 2.6055422264192885e-09,3.6954450610693357e-10,1.0,1.6656676038451224e-10
Correct 1.4761390332296287e-08,1.966765195149378e-09,1.5469804992562786e-08,0.9999991655349731
Wrong 1.079966605033178e-08,1.0203445865997196e-09,0.9999994039535522,3.398266112952797e-09
Correct 6.448775291545417e-09,2.5798346792171856e-10,0.9999994039535522,1.3384007790939734e-10
Correct 5.34622435210963e-09,0.9999996423721313,3.850740615263248e-09,5.293478433365806e-10
Correct 0.9999998807907104,8.198701717532231e-10,9.416829122033121e-11,2.325793030388823e-11
Wrong 5.871679586988421e-09,4.819767918107232e-10,0.9999998807907104,2.4097326356553594e-09
Correct 1.3363880668748607e-07,0.9999998807907104,2.1477712053297182e-08,2.8333954626980073e-10
Wrong 2.2508443109359177e-08,0.9999996423721313,5.181737705584055e-09,7.0825958431441904e-09
Wrong 1.0,1.0693125274130466e-09,7.746073921177654e-11,4.772218731297073e-11
Correct 3.486173838496143e-08,3.2937108596087228e-09,0.9999990463256836,5.130612046322369e-10
Wrong 1.2751900158036733e-07,2.2732719173745863e-07,0.9999995231628418,1.400522222638756e-07
Correct 0.0003247902786824852,0.000755160057451576,0.9989197254180908,2.5477863374590015e-08
Wrong 1.0,6.385155737476111e-10,1.6398438162923412e-10,1.6656677426230004e-10
Correct 4.495169832807733e-06,0.9999929666519165,5.74769423167254e-08,4.3818175754495314e-07
Wrong 4.572864753527028e-09,1.3867040848936085e-08,3.850738394817199e-09,0.9999990463256836
Wrong 4.476337167602651e-08,2.7420890091889305e-07,0.9999994039535522,3.850739727084829e-09
Wrong 4.944447962174081e-09,0.9999995231628418,3.5262162634275285e-10,1.2378185976213985e-10
Wrong 1.1317959902612529e-08,2.2637343111142627e-09,1.0,3.016134286770722e-10
Correct 1.4307230067345245e-08,0.9999991655349731,4.745041026765762e-10,9.343541912398834e-11
Correct 0.9999998807907104,1.0024162749866505e-10,1.4899588507422123e-11,2.0365325745230756e-11
Correct 2.605540450062449e-09,2.8333940749192266e-10,4.3204095856452795e-10,0.9999992847442627
Wrong 4.163644096166763e-09,6.3487992640887114e-09,0.9999998807907104,2.1724397281097652e-10
Correct 4.936341156280832e-06,0.9998637437820435,0.00012931475066579878,9.720230309540057e-07
Correct 0.06007664278149605,0.9397568702697754,0.0001536421914352104,9.372232852911111e-06
Wrong 0.9999977350234985,1.4389139879611434e-09,2.228633277923109e-09,9.004493817243997e-10
Wrong 1.0,2.5505416445525952e-08,4.05865202557365e-10,5.293480653811855e-10
Wrong 2.3959957573538304e-08,1.0145284612406158e-08,5.368716529119411e-07,0.9999932050704956
Wrong 1.0305101660890159e-08,1.0203433653543925e-09,7.46499029258274e-10,0.9999982118606567
Correct 6.550331832499978e-09,0.9999998807907104,7.465002505036011e-10,1.2898369039504587e-09
Wrong 1.301763141725587e-08,0.0007096694898791611,7.189018713660289e-09,0.9992890357971191
Correct 1.8954011693494976e-08,0.9999997615814209,8.071592283442897e-10,4.187486746243252e-10
Correct 3.0941578188503627e-09,0.9999998807907104,1.0364130664797244e-09,5.813750592054134e-10
Correct 9.035185939865187e-06,0.9950034022331238,0.00021550872770603746,0.004754046443849802
Correct 1.3101488782751858e-09,1.6656674650672443e-10,0.9999998807907104,2.940077695190446e-11
Wrong 3.7536396213511125e-10,8.507396870305328e-11,1.0,2.6617288928498795e-10
Correct 2.8453344569356886e-08,0.9999998807907104,1.4908486889453343e-07,2.7305846472813755e-09
Correct 1.1300703590677585e-05,1.4144487749945256e-06,7.071799245750299e-06,0.9999793767929077
Correct 1.186109788164913e-08,8.198688394855935e-10,9.736181860731108e-10,0.9999980926513672
Wrong 0.5980694890022278,0.002406280254945159,0.033740777522325516,0.2653917670249939
Correct 4.313763781738089e-07,0.9999650716781616,7.2961779551405925e-06,2.6688312573242e-05
Wrong 0.011460288427770138,0.9691194891929626,0.008650679141283035,0.01076594553887844
Correct 1.2626095724499464e-08,2.2637340890696578e-09,0.9999998807907104,9.146312041075078e-10
Correct 0.027565304189920425,0.9717104434967041,4.27582926931791e-05,0.0006793850916437805
Correct 5.263339097894004e-09,0.9999997615814209,2.2286379408598123e-09,4.819767918107232e-10
Wrong 5.9301825672264386e-08,9.146307045071467e-10,7.614505648234626e-08,0.9999992847442627
Correct 4.9162885318310146e-08,0.9999980926513672,2.0936079536681973e-09,3.4517764202490753e-09
Wrong 1.0,5.691028093224304e-09,2.5907068490482743e-08,4.6448813684207835e-09
Correct 0.020331960171461105,0.979648768901825,8.757840987527743e-06,4.360271930181625e-07
Correct 1.0,1.4993862151868598e-08,6.286163256596922e-10,3.364740985833947e-10
Wrong 0.0030735705513507128,0.0004427898093126714,0.00014152411313261837,0.9963412880897522
Correct 3.1428841751335312e-09,1.0,3.7536396213511125e-10,6.729905521751789e-11
Correct 0.9114847183227539,0.0037250297609716654,0.08478128165006638,5.600355507340282e-06
Wrong 0.21733398735523224,0.78264981508255,1.1535630619619042e-05,3.573571802917286e-06
Correct 0.0005273013957776129,0.00031486604711972177,1.3200731700635515e-05,0.9991371035575867
Wrong 0.9999898672103882,9.666105142969172e-06,1.2237508784096462e-08,1.3156561351479468e-07
Correct 0.9999997615814209,2.646573404874175e-09,7.70196739718898e-10,9.056080191305327e-11
Wrong 4.163644540255973e-09,3.9337808011019604e-10,1.0,2.5798360669959663e-10
Wrong 0.9999998807907104,2.5907064937769064e-08,3.2426492602155577e-09,1.4307239837307861e-08
Correct 2.5612810077291215e-06,0.9999970197677612,2.30906508136286e-07,8.628346392924868e-08
Correct 7.778711008654682e-09,0.9999997615814209,1.120629589124178e-09,2.1387590309895899e-10
Wrong 0.004781084600836039,0.00018250866560265422,0.8040547966957092,0.1909797638654709
Correct 3.4517784186505196e-09,5.634873678772578e-10,1.7629957493880966e-09,0.9999986886978149
Correct 0.15203124284744263,2.1050543637102237e-06,3.637207782958285e-06,0.8479621410369873
Correct 4.9926683232115465e-08,4.406014397773106e-08,0.00020988301548641175,0.9997897744178772
Correct 5.989263058836514e-07,7.153154513162008e-08,2.3723680797616e-09,0.9999977350234985
Correct 4.229209427109026e-09,1.0861508359383265e-09,5.547515780079948e-10,0.9999992847442627
Correct 0.07437179237604141,0.4700441360473633,0.4555823802947998,7.773084007567377e-07
Wrong 0.8976631164550781,0.06502649933099747,0.0002496475644875318,0.03705098479986191
Correct 7.946455160556809e-10,1.5893911187170318e-10,1.0,5.159997429338148e-11
Wrong 1.0,7.194133289090132e-09,1.4389170965856124e-09,1.1009391315264239e-10
Correct 3.8448592931672465e-06,0.999976396560669,1.808562188898577e-08,5.690894866461349e-09
Correct 1.0,1.211689748537026e-09,2.539839727422333e-10,2.923337960591965e-10
Correct 1.77783404069487e-05,0.9999701976776123,1.0129791007784661e-05,8.315039394801715e-07
Correct 3.094157152716548e-09,2.5398391723108205e-10,4.5990539154772136e-10,0.9999996423721313
Correct 1.2116889713809087e-09,2.040817514981086e-10,9.585249260979367e-10,0.9999994039535522
Correct 0.9999856948852539,9.83307391067001e-09,1.3845998182659969e-05,3.653429914152184e-08
Wrong 1.522997372660484e-08,2.2732719173745863e-07,0.9999995231628418,5.130614821879931e-10
Wrong 3.72645013158035e-06,1.18426341941813e-05,9.874109991869773e-07,0.9999455213546753
Correct 3.124988623426361e-08,0.9999998807907104,3.192376807348296e-09,1.0799671379402298e-08
Wrong 0.9999352693557739,1.1188717508048285e-06,6.108832894824445e-05,1.328692974311707e-06
Correct 2.181593394823267e-08,0.9999997615814209,1.6018562865038888e-10,6.835884636124945e-11
Correct 1.7429782417366368e-07,1.2237628688183122e-08,0.9999996423721313,5.964143401371302e-09
Wrong 2.299382240167347e-09,6.286161036150872e-10,0.9999996423721313,2.661728060182611e-10
Correct 4.6644444751109404e-07,0.9999980926513672,2.550536848389129e-08,1.4144752640277147e-06
Correct 2.1144725081967408e-08,2.160069900725148e-09,1.344040523321155e-08,0.9999996423721313
Correct 1.6373761013710464e-07,2.433742274376982e-08,0.9999994039535522,1.1861112980682265e-08
Correct 0.0018100689630955458,2.3144226361182518e-05,5.055163273937069e-05,0.9981114864349365
Wrong 2.3723722986090934e-09,3.111875479522297e-10,6.485704195924313e-10,0.9999995231628418
Correct 4.295790390074217e-09,6.587808631941527e-10,3.3455649361968653e-09,0.9999947547912598
Correct 0.001501179882325232,4.069629255809559e-08,0.9984972476959229,1.202980115522223e-08
Correct 1.4307238060951022e-08,5.780647072128886e-09,0.9999997615814209,2.2286379408598123e-09
Wrong 4.765038852383441e-08,8.025634379293933e-09,0.9999998807907104,5.905303468445311e-10
Correct 0.00055271468590945,0.9993315935134888,9.604740625945851e-05,3.286561650384101e-06
Wrong 0.010863453149795532,0.00018401815032120794,0.7043526768684387,0.2845841944217682
Correct 3.850739282995619e-09,3.872790421688421e-10,2.817260869036886e-09,0.9999992847442627
Wrong 0.4919084310531616,0.5075232982635498,0.0005582449375651777,1.3411773807092686e-06
Wrong 2.215947247918848e-08,0.9999991655349731,2.1940849137536134e-09,1.5079710813381553e-09
Correct 0.9999997615814209,4.944448850352501e-09,8.72747152325104e-10,8.410792062818473e-09
Wrong 0.0016029825201258063,0.0007338988361880183,0.3407813012599945,0.6568731665611267
Correct 2.2732695015292848e-07,2.061150583543281e-09,5.515924605958844e-09,0.9999984502792358
Correct 1.0305059916504433e-08,3.3125563403402225e-10,9.290292424246616e-10,0.999994158744812
Correct 2.405281065875897e-06,0.0003406282630749047,0.9996563196182251,8.230419723531668e-08
Wrong 7.1941324009117125e-09,1.2898369039504587e-09,0.9999998807907104,8.727473188585577e-10
Wrong 6.058065160630122e-09,2.7036442529215776e-10,0.9999996423721313,7.276760444208108e-11
Correct 1.5869999003825797e-07,4.867792391394232e-09,0.9999997615814209,5.905302358222286e-10
Wrong 1.3946458432556597e-09,1.580340969198346e-09,2.3859578202056753e-10,2.5651463175790923e-09,0.9999996423721313
Correct 1.8342852854402736e-05,9.276182595385762e-07,1.0407590167460512e-07,0.9999794960021973
Correct 2.7150326431524263e-08,3.732260278610511e-09,1.2098649904146441e-06,0.9999982118606567
Wrong 1.0,3.3982678893096363e-09,2.206650834279955e-10,1.9626363034763727e-10
Correct 1.036412955457422e-09,2.746221028360196e-10,3.812750115628205e-10,0.9999997615814209
Correct 2.2159488466400035e-08,3.293713524143982e-09,0.9999998807907104,3.2612185174585306e-10
Wrong 2.6729443547424125e-08,4.572868750329917e-09,0.9999998807907104,3.933780523546204e-10
Correct 1.2751895894780318e-07,6.758257065087037e-09,1.514325020934848e-07,0.9999991655349731
Wrong 1.5141954179398454e-07,0.9999135732650757,3.7691304299869444e-08,8.481090480927378e-05
Wrong 8.851559982758772e-07,5.368742677092087e-07,0.9999980926513672,3.359673428349197e-07
Wrong 0.014432026073336601,2.038307866314426e-05,0.9806344509124756,0.004910249728709459
Correct 0.000527477590367198,0.9994708895683289,6.716226863545671e-08,8.759610636843718e-08
Wrong 1.618756868992932e-05,4.5208665255813685e-07,0.9999830722808838,4.839995426664245e-08
Correct 0.9999995231628418,1.2952713746017253e-07,4.075752357834972e-08,3.4321271158432864e-08
Correct 1.211689748537026e-09,1.0,1.2972231622221386e-10,5.001241434876569e-11
Wrong 2.9227292088762624e-06,0.008577457629144192,0.9914193153381348,1.3534920739743939e-08
Wrong 0.7928562164306641,0.00028312744689173996,0.20682890713214874,2.1160733012948185e-05
Correct 1.9977384191349756e-09,1.0,1.85818638254176e-10,5.6230464728912466e-11
Correct 1.7629976367672384e-09,0.9999997615814209,4.187486468687496e-10,2.0408180700925982e-10
Correct 9.972939551516902e-06,0.9999898672103882,8.543158180884802e-09,4.5990092290004725e-10
Correct 7.778711896833101e-09,5.602795560832874e-09,0.9999998807907104,2.5398394498665766e-10
Wrong 2.9989595251578294e-09,2.1355414503432257e-07,0.9999995231628418,1.351736833576922e-09
Correct 0.9999998807907104,2.423531653139577e-10,3.658985961441097e-11,2.020684314318899e-11
Correct 1.131795812625569e-08,0.9999998807907104,3.3455820336314446e-09,5.634880340110726e-10
Correct 5.10139974707613e-09,6.286158815704823e-10,1.5803400810199264e-09,0.9999991655349731
Correct 1.0,5.37684063939281e-10,2.423531930695333e-10,4.345153750695552e-11
Wrong 0.9999998807907104,6.188704548826252e-10,1.887448253246049e-10,4.113909213288025e-11
Wrong 4.0990930649797974e-09,1.8189615369479384e-09,0.9999998807907104,3.016134286770722e-10
Wrong 8.714323485037312e-07,3.711006257844929e-08,5.539160383705166e-07,0.9999973773956299
