grade confidence_levels
Correct 0.0042778137139976025,0.0007037812029011548,0.7835035920143127,0.1982051432132721
Correct 0.7745558023452759,0.029115986078977585,0.06258182972669601,0.104025699198246
Correct 0.004854490049183369,0.002578615676611662,0.011729883961379528,0.9619885087013245
Correct 0.01118285022675991,0.002784543437883258,0.9678043127059937,0.005409397184848785
Wrong 0.13978341221809387,0.0008444839622825384,0.8427220582962036,0.004158990457653999
Wrong 0.19288839399814606,0.07794441282749176,0.15980790555477142,0.5161839723587036
Wrong 0.06928125023841858,0.21010206639766693,0.6172541379928589,0.062124066054821014
Wrong 0.013489970937371254,0.003807856934145093,0.017725687474012375,0.9384899139404297
Wrong 0.04142256826162338,0.15035152435302734,0.7514109015464783,0.02961987815797329
Wrong 0.05021033436059952,0.037909362465143204,0.7729703187942505,0.11858484148979187
Wrong 0.3178611397743225,0.009378969669342041,0.40806829929351807,0.22194911539554596
Wrong 0.19298729300498962,0.02416277304291725,0.7168592214584351,0.049575988203287125
Correct 0.009716273285448551,0.001478740363381803,0.9527949094772339,0.002741391770541668
Wrong 0.03739456459879875,0.1612359583377838,0.5200814008712769,0.22031095623970032
Wrong 0.23305287957191467,0.032305266708135605,0.28993281722068787,0.40909045934677124
Wrong 0.016778605058789253,0.050091251730918884,0.25431087613105774,0.6495399475097656
Correct 0.0478665828704834,0.0102729806676507,0.061433058232069016,0.8484016060829163
Correct 0.5301817655563354,0.04707011580467224,0.18901480734348297,0.16424478590488434
Correct 0.5587864518165588,0.03773866221308708,0.3183339536190033,0.043785229325294495
Correct 0.0020923472475260496,0.0021930939983576536,0.9788562059402466,0.006649971008300781
Correct 0.009714932180941105,0.5917665362358093,0.03608053922653198,0.3318776786327362
Correct 0.0536666139960289,0.13817113637924194,0.5010497570037842,0.2768186926841736
Wrong 0.3303799033164978,0.010541259311139584,0.08351192623376846,0.5363233089447021
Correct 0.04924524202942848,0.590685248374939,0.014898523688316345,0.274658203125
Wrong 0.05219229310750961,0.09678491204977036,0.10375625640153885,0.6874879598617554
Correct 0.39347636699676514,0.05850149318575859,0.22765295207500458,0.2580917477607727
Correct 0.01317013893276453,0.00291720824316144,0.02222040481865406,0.9233932495117188
Wrong 0.07635229825973511,0.07343459129333496,0.7073864936828613,0.12298658490180969
Wrong 0.00629981467500329,0.002841023728251457,0.010965218767523766,0.9571832418441772
Correct 0.020158451050519943,0.008543813601136208,0.17544876039028168,0.7625133395195007
Correct 0.01743277721107006,0.023650437593460083,0.25408825278282166,0.6697662472724915
Correct 0.0057879965752363205,0.0026920260861516,0.9732043147087097,0.007790588773787022
Wrong 0.08669991791248322,0.04193533584475517,0.5563824772834778,0.2671099603176117
Correct 0.017078330740332603,0.00951177068054676,0.08272051811218262,0.8557136654853821
Correct 0.4636775255203247,0.010248524136841297,0.11271560937166214,0.3668886125087738
Wrong 0.09970595687627792,0.0369817316532135,0.5780434012413025,0.24491408467292786
Wrong 0.015050126239657402,0.0026572912465780973,0.27941223978996277,0.6810804605484009
Wrong 0.04086780548095703,0.04350942373275757,0.6696228981018066,0.2043704241514206
Wrong 0.16125382483005524,0.038922183215618134,0.4773992896080017,0.2638203501701355
Correct 0.22403986752033234,0.27031007409095764,0.3931368887424469,0.09561681747436523
Correct 0.014618330635130405,0.7154947519302368,0.059180669486522675,0.17533953487873077
Wrong 0.0305276308208704,0.4814702570438385,0.06930555403232574,0.38083416223526
Correct 0.0030599734745919704,0.9034223556518555,0.06193029507994652,0.0030845629516988993
Wrong 0.013134695589542389,0.025724701583385468,0.8381109833717346,0.08046562969684601
Correct 0.010120507329702377,0.0019020448671653867,0.18939273059368134,0.7613745927810669
Correct 0.026368020102381706,0.010826080106198788,0.6953632831573486,0.23318667709827423
Wrong 0.2082511931657791,0.19562885165214539,0.3654104471206665,0.17813223600387573
Wrong 0.00942263938486576,0.0021039051935076714,0.11295323818922043,0.8614531755447388
Correct 0.036063507199287415,0.010257129557430744,0.12193533778190613,0.7773738503456116
Correct 0.7354916334152222,0.047027260065078735,0.10188841819763184,0.06683457642793655
Correct 0.040537044405937195,0.014343547634780407,0.6643171906471252,0.25623819231987
Wrong 0.02956094779074192,0.0726071149110794,0.8842709064483643,0.002505300333723426
Wrong 0.02178150787949562,0.1622309684753418,0.5073873996734619,0.28473347425460815
Wrong 0.07032350450754166,0.032725851982831955,0.37390559911727905,0.4657338261604309
Wrong 0.06474997103214264,0.044514961540699005,0.39646947383880615,0.4356442391872406
Wrong 0.050898727029561996,0.01692247949540615,0.4499635696411133,0.4295835494995117
Wrong 0.11529293656349182,0.07388525456190109,0.6182005405426025,0.14924217760562897
Correct 0.04409530386328697,0.02003541961312294,0.7875117659568787,0.13270147144794464
Correct 0.02385801635682583,0.02461949735879898,0.8880680799484253,0.05293630063533783
Wrong 0.04033505544066429,0.03703906759619713,0.3793693482875824,0.4875476658344269
Correct 0.008889875374734402,0.0016709474148228765,0.9649280905723572,0.002819679444655776
Correct 0.0029934104532003403,0.0014146430185064673,0.024094801396131516,0.9555731415748596
Wrong 0.09358667582273483,0.18044835329055786,0.4605107605457306,0.2390279322862625
Wrong 0.057142291218042374,0.11189033091068268,0.5170689225196838,0.2857794165611267
Wrong 0.03826403245329857,0.00909128412604332,0.8111060261726379,0.126484215259552
Correct 0.04062831401824951,0.0009046618361026049,0.924394965171814,0.02174798585474491
Correct 0.020109429955482483,0.005207808688282967,0.07527566701173782,0.8753482103347778
Wrong 0.28013479709625244,0.09837128221988678,0.5747013688087463,0.01606089621782303
Wrong 0.12816527485847473,0.15952283143997192,0.6208740472793579,0.05221763625741005
Wrong 0.10508342832326889,0.12005741149187088,0.4819822311401367,0.20255136489868164
Wrong 0.09536392986774445,0.17677803337574005,0.6070612668991089,0.08751333504915237
Wrong 0.010730523616075516,0.0520099401473999,0.8587846755981445,0.054923322051763535
Correct 0.023638227954506874,0.014912270940840244,0.6797654032707214,0.25419437885284424
Wrong 0.020110780373215675,0.01298775989562273,0.7087298035621643,0.23018205165863037
Wrong 0.3320060074329376,0.032631807029247284,0.44656386971473694,0.1331581473350525
Correct 0.02221032790839672,0.48235589265823364,0.4460103511810303,0.022917747497558594
Correct 0.36218178272247314,0.16082735359668732,0.3509032130241394,0.08404889702796936
Wrong 0.12182188779115677,0.26820066571235657,0.4216732382774353,0.1552274078130722
Correct 0.04467044025659561,0.01968543231487274,0.3887266516685486,0.5152460932731628
Wrong 0.031064627692103386,0.15292856097221375,0.5419628024101257,0.24440604448318481
Correct 0.05003387853503227,0.586276650428772,0.3135940134525299,0.028512343764305115
Correct 0.43951478600502014,0.019777487963438034,0.38172847032546997,0.09072738140821457
Wrong 0.0986313447356224,0.026351885870099068,0.6183707118034363,0.19773484766483307
Correct 0.033345095813274384,0.509584903717041,0.30899059772491455,0.08786141127347946
Wrong 0.027760468423366547,0.025879884138703346,0.8907715678215027,0.03795059397816658
Wrong 0.18510736525058746,0.03192659839987755,0.6874263882637024,0.07310029864311218
Correct 0.0008843315881676972,0.0005239289021119475,0.9847196340560913,0.0006223601521924138
Wrong 0.019734805449843407,0.181564599275589,0.24605204164981842,0.5210198760032654
Wrong 0.03697189688682556,0.1709497720003128,0.7539448142051697,0.012782943435013294
Correct 0.003673808416351676,0.001555854920297861,0.9793254733085632,0.002485973760485649
Correct 0.06376376748085022,0.15536744892597198,0.032555997371673584,0.7072913646697998
Correct 0.020012514665722847,0.017129838466644287,0.025678912177681923,0.8918692469596863
Wrong 0.22351236641407013,0.0362129732966423,0.24539990723133087,0.4658655524253845
Correct 0.06642626225948334,0.8351892232894897,0.048201724886894226,0.010681403800845146
Wrong 0.018120938912034035,0.00579360406845808,0.3873080611228943,0.537929117679596
Wrong 0.013794921338558197,0.04054497182369232,0.9225115180015564,0.007215195335447788
Wrong 0.058653902262449265,0.33519110083580017,0.18344564735889435,0.36208030581474304
Correct 0.0011246772482991219,0.007686059456318617,0.9754418730735779,0.00025493421708233654
Correct 0.020911946892738342,0.006632860749959946,0.254549115896225,0.6924286484718323
Wrong 0.07864973694086075,0.017017479985952377,0.6430760025978088,0.19020496308803558
Wrong 0.030944442376494408,0.12930482625961304,0.033970046788454056,0.7554622292518616
Correct 0.013764159753918648,0.0009441989823244512,0.9722541570663452,0.0015088953077793121
Wrong 0.14319485425949097,0.012425192631781101,0.20185638964176178,0.6124334335327148
Correct 0.09923942387104034,0.3777240812778473,0.28045380115509033,0.19902034103870392
Wrong 0.05330628156661987,0.019616689532995224,0.39678457379341125,0.4939737319946289
Wrong 0.03836695849895477,0.014680549502372742,0.33660200238227844,0.5134648680686951
Correct 0.04988642409443855,0.019855927675962448,0.4206900894641876,0.45520177483558655
Wrong 0.16188327968120575,0.004384911619126797,0.7964594960212708,0.008320577442646027
Wrong 0.028517218306660652,0.36129194498062134,0.550651490688324,0.01885324716567993
Correct 0.012729141861200333,0.8320314288139343,0.07856953144073486,0.01622583717107773
Correct 0.004393140319734812,0.01546128187328577,0.9710138440132141,0.0016300100833177567
Wrong 0.03839849308133125,0.005160000175237656,0.34206676483154297,0.5822053551673889
Wrong 0.009473131969571114,0.7888709306716919,0.014900718815624714,0.11273974925279617
Correct 0.058455854654312134,0.0031467522494494915,0.05402844026684761,0.8324964046478271
Correct 0.002868826501071453,0.9300909042358398,0.005317347124218941,0.0011866552522405982
Correct 0.004791103303432465,0.9347392916679382,0.007836747914552689,0.007899501360952854
Wrong 0.028469454497098923,0.3309987485408783,0.09932693094015121,0.5045897364616394
Wrong 0.035488322377204895,0.05628417432308197,0.5861309766769409,0.2643269896507263
Correct 0.004044151399284601,0.0011058436939492822,0.8525857925415039,0.11730193346738815
Correct 0.003021840238943696,0.0011649869848042727,0.9870071411132812,0.0010692582000046968,0.0007235604571178555
Correct 0.8935057520866394,0.0076714796014130116,0.046616870909929276,0.012549967505037785
Correct 0.06726907938718796,0.02237168699502945,0.15392161905765533,0.7346879243850708
Wrong 0.049453601241111755,0.5235204100608826,0.07419989258050919,0.27159419655799866
Wrong 0.19028307497501373,0.45653364062309265,0.2682725191116333,0.041831981390714645
Wrong 0.09528451412916183,0.0719476193189621,0.5789808630943298,0.18806466460227966
Correct 0.04771316424012184,0.25202909111976624,0.1380322426557541,0.5089116096496582
Correct 0.015844309702515602,0.4704895615577698,0.291927695274353,0.125626340508461
Correct 0.003600433934479952,0.0014779784251004457,0.022921741008758545,0.9305621385574341
Correct 0.012410426512360573,0.0030910547357052565,0.05735701695084572,0.9047717452049255
Correct 0.2014145702123642,0.13009102642536163,0.6106538772583008,0.016797734424471855
Wrong 0.12298371642827988,0.006126761436462402,0.09726433455944061,0.7532835006713867
Correct 0.018483661115169525,0.02648356556892395,0.25108230113983154,0.6722446084022522
Wrong 0.0075858235359191895,0.039755381643772125,0.014388603158295155,0.9117152094841003
Wrong 0.01947096735239029,0.5305124521255493,0.33176669478416443,0.07886811345815659
Wrong 0.06016583740711212,0.13245102763175964,0.5932746529579163,0.15852786600589752
Wrong 0.0038477906491607428,0.00025579670909792185,0.8635032773017883,0.11878733336925507
Wrong 0.15454639494419098,0.5522322654724121,0.08869984745979309,0.160729318857193
Correct 0.010709976777434349,0.009757963009178638,0.202012300491333,0.7509761452674866
Wrong 0.2495923936367035,0.02510879747569561,0.6080663800239563,0.09184357523918152
Correct 0.008381607010960579,0.8417652249336243,0.04565831273794174,0.017199622467160225
Correct 0.008623228408396244,0.0031968525145202875,0.9069340825080872,0.0705103874206543
Correct 0.04445791244506836,0.1946757435798645,0.5207459330558777,0.21045032143592834
Correct 0.0021197691094130278,0.00019724247977137566,0.9916160106658936,0.00041758688166737556
Wrong 0.0914849266409874,0.017600560560822487,0.6757754683494568,0.1936597377061844
Wrong 0.22091303765773773,0.20755943655967712,0.4823969006538391,0.06328807026147842
Correct 0.04515831544995308,0.007036153692752123,0.9209591746330261,0.006767811253666878
Correct 0.007262543775141239,0.00548264104872942,0.9734809398651123,0.006771191488951445
Wrong 0.0364106260240078,0.40708595514297485,0.45400068163871765,0.05957508832216263
Wrong 0.12054704874753952,0.1585085541009903,0.5112945437431335,0.1431799978017807
Wrong 0.48567867279052734,0.09640903770923615,0.3390318751335144,0.03895387053489685
Correct 0.0011915845097973943,0.00014914703206159174,0.9939269423484802,0.0005125831812620163
Wrong 0.06095220148563385,0.013499105349183083,0.790140688419342,0.11753451079130173
Wrong 0.015706369653344154,0.0035050781443715096,0.7161659002304077,0.24760141968727112
Wrong 0.6778286695480347,0.011942858807742596,0.2572269141674042,0.025678198784589767
Correct 0.7830271124839783,0.032845787703990936,0.07998201996088028,0.04023745283484459
Correct 0.04175831004977226,0.0055232662707567215,0.06265734136104584,0.8586307764053345
Correct 0.04806473106145859,0.00443798303604126,0.1057698056101799,0.8005815148353577
Wrong 0.10152759402990341,0.335572749376297,0.24156682193279266,0.29150059819221497
Wrong 0.032571304589509964,0.031822074204683304,0.7706425786018372,0.13188482820987701
Wrong 0.017101801931858063,0.12255670130252838,0.07140200585126877,0.7501062154769897
Correct 0.06015138700604439,0.011569550260901451,0.4240182042121887,0.4585326313972473
Wrong 0.009681071154773235,0.34137052297592163,0.026723535731434822,0.5989343523979187
Correct 0.04884921759366989,0.06472300738096237,0.23481519520282745,0.6284961700439453
Wrong 0.014600561931729317,0.37959951162338257,0.5520453453063965,0.0045597730204463005
Wrong 0.014037573710083961,0.011369630694389343,0.815690279006958,0.1374167948961258
Correct 0.0031906224321573973,0.0005462081753648818,0.2782401740550995,0.6680960059165955
Wrong 0.016534483060240746,0.007571300957351923,0.04635852947831154,0.9097427725791931
Wrong 0.06716106832027435,0.2400568127632141,0.3104456067085266,0.32305970788002014
Correct 0.15814252197742462,0.022262591868638992,0.2688952386379242,0.5105708837509155
Wrong 0.02354290522634983,0.020623400807380676,0.6930773258209229,0.22511827945709229
Wrong 0.11157502233982086,0.2117810994386673,0.17276068031787872,0.469802588224411
Wrong 0.022594137117266655,0.030651148408651352,0.5779933929443359,0.34524524211883545
Wrong 0.011171025224030018,0.0012738228542730212,0.9587002396583557,0.013695702888071537
Wrong 0.02662266604602337,0.04390215128660202,0.6971496939659119,0.19375556707382202
Wrong 0.33048155903816223,0.13150463998317719,0.42418766021728516,0.06308530271053314
Correct 0.423168420791626,0.031141776591539383,0.2908083200454712,0.18784748017787933
Correct 0.005204154644161463,0.002764313016086817,0.9684709906578064,0.008582934737205505
Correct 0.05506381765007973,0.39432603120803833,0.3820493519306183,0.12806327641010284
Correct 0.04441202059388161,0.02714747190475464,0.570853590965271,0.3155687153339386
Correct 0.005821208003908396,0.8052268028259277,0.16101901233196259,0.007653665728867054
Wrong 0.012860080227255821,0.014356033876538277,0.4093852937221527,0.5424758195877075
Wrong 0.17793074250221252,0.09159225970506668,0.07831965386867523,0.6211462020874023
Wrong 0.03651591017842293,0.003730308497324586,0.0075322045013308525,0.9414689540863037
Wrong 0.07020139694213867,0.01667853817343712,0.4133366346359253,0.4266863763332367
Wrong 0.017033753916621208,0.00978017970919609,0.8661614656448364,0.09138113260269165
Correct 0.18686115741729736,0.005734046921133995,0.7741947174072266,0.009161953814327717
Wrong 0.022415565326809883,0.021909400820732117,0.9234431385993958,0.020416658371686935
Wrong 0.021485334262251854,0.0013111772714182734,0.920436680316925,0.03150755912065506
Correct 0.0055682240054011345,0.0023773021530359983,0.04481425881385803,0.9218253493309021
Wrong 0.10844025015830994,0.01198342815041542,0.4122669994831085,0.42569196224212646
Correct 0.00807201024144888,0.0014252649853006005,0.42032501101493835,0.5485894680023193
Wrong 0.0604427270591259,0.09147517383098602,0.5138931274414062,0.3070146143436432
Wrong 0.024458954110741615,0.18078789114952087,0.5186072587966919,0.24518248438835144
Correct 0.011933513917028904,0.5980719923973083,0.01103099063038826,0.35153689980506897
Wrong 0.004452624823898077,0.010438859462738037,0.06644301861524582,0.8551750183105469
Wrong 0.04538660869002342,0.02586967870593071,0.09987257421016693,0.7737011313438416
Correct 0.0073302388191223145,0.001525371102616191,0.7651633024215698,0.2193256914615631
Wrong 0.06124678626656532,0.035454168915748596,0.8654025197029114,0.023069147020578384
Wrong 0.046190161257982254,0.01608879677951336,0.532572329044342,0.3605407774448395
Correct 0.023013008758425713,0.015335294418036938,0.9407110214233398,0.007358780596405268
Correct 0.30618026852607727,0.12086604535579681,0.5126429796218872,0.01206075306981802
Wrong 0.3623064160346985,0.08674728870391846,0.03558642044663429,0.4652331471443176
Correct 0.015468147583305836,0.006499510258436203,0.05355357378721237,0.8781914114952087
Correct 0.10690049082040787,0.05050287023186684,0.40965431928634644,0.40343472361564636
Wrong 0.152063250541687,0.31698015332221985,0.3703165650367737,0.11482526361942291
Correct 0.2651527225971222,0.01749524101614952,0.437008798122406,0.2570546567440033
Correct 0.006349053233861923,0.7752029299736023,0.011859823949635029,0.1526433825492859
Wrong 0.010380224324762821,0.7931533455848694,0.09845995903015137,0.03917417302727699
Correct 0.010766449384391308,0.006586762145161629,0.022252315655350685,0.9392729997634888
Correct 0.008153307251632214,0.009246883913874626,0.024710901081562042,0.9422538876533508
Correct 0.004116983152925968,0.0006773568456992507,0.9534017443656921,0.0037203046958893538
Wrong 0.003931866027414799,0.0009412320796400309,0.9769045114517212,0.0004922416992485523
Wrong 0.028878243640065193,0.038261737674474716,0.7216489911079407,0.1741805523633957
Correct 0.01311279647052288,0.8241011500358582,0.11868054419755936,0.009747293777763844
Correct 0.006515208166092634,0.0043755327351391315,0.9739621877670288,0.0018970092060044408
Wrong 0.1415611058473587,0.06001853197813034,0.4323941767215729,0.23171387612819672
Correct 0.9087957143783569,0.028109678998589516,0.041195571422576904,0.0038946710992604494
Correct 0.15986430644989014,0.019703572615981102,0.01364106684923172,0.7626699209213257
Correct 0.002118161180987954,0.0004075170145370066,0.9832650423049927,0.001756279612891376
Wrong 0.0038090187590569258,0.5970479249954224,0.2954982817173004,0.06391945481300354
Correct 0.13907520473003387,0.6233491897583008,0.1457175761461258,0.06220761314034462
Wrong 0.31602588295936584,0.13277144730091095,0.3751024305820465,0.13590413331985474
Correct 0.019829856231808662,0.019524501636624336,0.8170109391212463,0.11593184620141983
Wrong 0.044694554060697556,0.17270642518997192,0.5930654406547546,0.16225430369377136
Wrong 0.06787019222974777,0.10765353590250015,0.4254126250743866,0.35846424102783203
Wrong 0.015205001458525658,0.011939950287342072,0.31494376063346863,0.6364918351173401
Wrong 0.8504420518875122,0.010221161879599094,0.07429642975330353,0.011671897023916245
Wrong 0.0415545217692852,0.09080687910318375,0.5600993037223816,0.24480468034744263
Correct 0.004378620069473982,0.020582357421517372,0.7957615852355957,0.16953931748867035
Correct 0.004987585358321667,0.0023565173614770174,0.9576045870780945,0.017009081318974495
Wrong 0.20075321197509766,0.015123099088668823,0.5717687606811523,0.17720460891723633
Wrong 0.1265249252319336,0.07857678830623627,0.6424168348312378,0.13367651402950287
Correct 0.03704556077718735,0.016064107418060303,0.2958718240261078,0.6363840699195862
Wrong 0.019365565851330757,0.004027361515909433,0.1711251139640808,0.7674421072006226
Correct 0.03494914248585701,0.012857497669756413,0.05244132876396179,0.867055356502533
Wrong 0.016270454972982407,0.016404472291469574,0.8473607301712036,0.07586421072483063
Correct 0.042113613337278366,0.01783565990626812,0.04846639558672905,0.8592040538787842
Wrong 0.029319962486624718,0.003642250085249543,0.91892409324646,0.03510499745607376
Wrong 0.003334774635732174,0.0010495595633983612,0.9841022491455078,0.005007011815905571
Correct 0.16463442146778107,0.12724430859088898,0.65093594789505,0.030476422980427742
Correct 0.029211319983005524,0.008503556251525879,0.33424699306488037,0.5428253412246704
Wrong 0.03317758068442345,0.019815510138869286,0.7091103196144104,0.21979616582393646
Correct 0.010780504904687405,0.005862000398337841,0.7978335022926331,0.14539125561714172
Wrong 0.1810254156589508,0.06819005310535431,0.6122216582298279,0.09767453372478485
Wrong 0.044616762548685074,0.0061843604780733585,0.014368629083037376,0.8962170481681824
Correct 0.062239740043878555,0.008425296284258366,0.5166702270507812,0.3903126120567322
Correct 0.0009105461649596691,0.00010059122723760083,0.9905310273170471,0.0005438128137029707
Correct 0.017550567165017128,0.8009563684463501,0.04959699884057045,0.07447531819343567
Wrong 0.21953199803829193,0.25672876834869385,0.37325042486190796,0.1013098657131195
Correct 0.08586279302835464,0.047804877161979675,0.364138126373291,0.3643834888935089
Wrong 0.1428370624780655,0.03999428451061249,0.46813106536865234,0.28408482670783997
Correct 0.005514837335795164,0.029349761083722115,0.9418209791183472,0.0073633817955851555
Wrong 0.016249455511569977,0.0066179861314594746,0.886999785900116,0.07514912635087967
Correct 0.0025595943443477154,0.029070353135466576,0.9546747803688049,0.0036105208564549685
Wrong 0.02183246612548828,0.017276257276535034,0.8000205755233765,0.1286369264125824
Wrong 0.0042577870190143585,0.001460681320168078,0.016064390540122986,0.9561241269111633
Wrong 0.005982112605124712,0.006125507410615683,0.5095995664596558,0.44982489943504333
Wrong 0.04328341782093048,0.26520398259162903,0.4509344696998596,0.2097608596086502
Wrong 0.030345609411597252,0.11724469065666199,0.8136003017425537,0.018992945551872253
Wrong 0.14556057751178741,0.027570607140660286,0.21670210361480713,0.5801734924316406
Correct 0.014677655883133411,0.010909857228398323,0.9440505504608154,0.01703038066625595
Correct 0.1380293071269989,0.5333338379859924,0.14803487062454224,0.13909542560577393
Wrong 0.13483522832393646,0.09341858327388763,0.42164742946624756,0.2855300009250641
Correct 0.024159880355000496,0.11088099330663681,0.26581186056137085,0.5125468373298645
Correct 0.023909028619527817,0.01722218655049801,0.1452627331018448,0.7980741858482361
Correct 0.015972472727298737,0.19016452133655548,0.08906175196170807,0.6791730523109436
Wrong 0.07020824402570724,0.015425785444676876,0.41991811990737915,0.4471975862979889
Correct 0.017189009115099907,0.006474771071225405,0.08324690908193588,0.8479136228561401
Wrong 0.21714140474796295,0.04447175934910774,0.32587409019470215,0.38121530413627625
Wrong 0.0065672434866428375,0.0015602626372128725,0.01550411805510521,0.9595238566398621
Correct 0.014708339236676693,0.006328152026981115,0.2840147614479065,0.6709684729576111
Correct 0.12349016964435577,0.026924706995487213,0.3517104983329773,0.4734361171722412
Correct 0.0011848044814541936,0.0008015630883164704,0.9880325794219971,0.0006912064854986966
Wrong 0.09196814149618149,0.11809076368808746,0.6281803846359253,0.13592876493930817
Wrong 0.03539746254682541,0.07792694121599197,0.7275596857070923,0.12454580515623093
Correct 0.022688988596200943,0.857979416847229,0.03148532658815384,0.015477340668439865
Correct 0.2660673260688782,0.24999463558197021,0.15514807403087616,0.26613596081733704
Correct 0.05328681319952011,0.008304402232170105,0.8665550351142883,0.046669851988554
Correct 0.011885571293532848,0.01082396600395441,0.9663587808609009,0.005838568322360516
Wrong 0.09384903311729431,0.015444225631654263,0.16987331211566925,0.6934599280357361
Wrong 0.07550369203090668,0.31541958451271057,0.3744421601295471,0.197395920753479
Wrong 0.10616955161094666,0.04863467812538147,0.6060045957565308,0.19686253368854523
Correct 0.017568083480000496,0.006936307996511459,0.07333602011203766,0.8666176795959473
Correct 0.1508045792579651,0.03996555879712105,0.5021353363990784,0.2689042091369629
Wrong 0.22341226041316986,0.1114823967218399,0.2779289782047272,0.34070587158203125
Correct 0.0021723387762904167,0.0011628662468865514,0.9851065874099731,0.0006323041161522269
Wrong 0.08151158690452576,0.017912235110998154,0.518975019454956,0.3569199740886688
Wrong 0.05465438961982727,0.10373606532812119,0.10447610914707184,0.7087956666946411
Correct 0.04164396971464157,0.013209257274866104,0.8831862807273865,0.04166119918227196
Wrong 0.12096665799617767,0.1554195135831833,0.4745371341705322,0.2107505053281784
Wrong 0.04786581173539162,0.05341096594929695,0.36766114830970764,0.49493208527565
Correct 0.002009035088121891,0.0011096991365775466,0.024279000237584114,0.9400977492332458
Wrong 0.08430850505828857,0.009461957029998302,0.3082602322101593,0.5245999693870544
Wrong 0.01208518072962761,0.015769239515066147,0.8943533301353455,0.06433359533548355
Wrong 0.018540596589446068,0.06943129003047943,0.7230093479156494,0.1413530558347702
Correct 0.005636769346892834,0.003288585226982832,0.9774544835090637,0.004289780277758837
Correct 0.0565556101500988,0.026718346402049065,0.8306972980499268,0.06212086230516434
Wrong 0.011092323809862137,0.03039580211043358,0.9230952262878418,0.011999834328889847
Wrong 0.09076543152332306,0.10048845410346985,0.35329321026802063,0.41327428817749023
Wrong 0.0199934933334589,0.4208042323589325,0.4141777455806732,0.0671151652932167
Correct 0.8500025272369385,0.014746168628334999,0.06204120069742203,0.04039262980222702
Wrong 0.03826995939016342,0.0071375397965312,0.8638291954994202,0.06823699176311493
Correct 0.013407725840806961,0.005814218893647194,0.07243766635656357,0.8829423785209656
Wrong 0.11589489877223969,0.033477019518613815,0.35132431983947754,0.4174375832080841
Correct 0.013018251396715641,0.0052618952468037605,0.9123122692108154,0.0491286963224411
Correct 0.21368448436260223,0.03743298351764679,0.5205118656158447,0.18859244883060455
Wrong 0.25320661067962646,0.08752895146608353,0.4656478464603424,0.15123796463012695
Wrong 0.017899133265018463,0.3595827519893646,0.5653088688850403,0.019976316019892693
Correct 0.003975432366132736,0.6792021989822388,0.23463033139705658,0.01713908463716507
Correct 0.05035389959812164,0.6429229378700256,0.19146910309791565,0.06316692382097244
Wrong 0.00686520803719759,0.010470361448824406,0.7932215332984924,0.17430239915847778
Correct 0.03853880614042282,0.0199954342097044,0.022646594792604446,0.8771470785140991
Correct 0.016811048611998558,0.053857192397117615,0.9105320572853088
Wrong 0.12977302074432373,0.027208548039197922,0.6433420777320862,0.1706148087978363
Wrong 0.06550606340169907,0.11498995870351791,0.6665979623794556,0.09836242347955704
Correct 0.04460154473781586,0.772320568561554,0.09512117505073547,0.027063271030783653
Wrong 0.07270701229572296,0.2366008311510086,0.34943610429763794,0.3085181713104248
Correct 0.018442055210471153,0.0043124607764184475,0.05250375717878342,0.8610466122627258
Wrong 0.00632954016327858,0.0012174389557912946,0.9464288949966431,0.02226909063756466
Wrong 0.017127037048339844,0.09048357605934143,0.7393820881843567,0.13058125972747803
Wrong 0.23549076914787292,0.036134328693151474,0.045281633734703064,0.6503508687019348
Wrong 0.021265460178256035,0.2959256172180176,0.5881235003471375,0.04433461278676987
Wrong 0.02979937754571438,0.013862752355635166,0.19578786194324493,0.7390026450157166
Wrong 0.13841433823108673,0.034480493515729904,0.28612831234931946,0.5023456811904907
Wrong 0.12757791578769684,0.023795627057552338,0.4281215965747833,0.3551211655139923
Wrong 0.13851475715637207,0.08538191020488739,0.3648397922515869,0.33230164647102356
Wrong 0.04604048654437065,0.13746418058872223,0.4720916450023651,0.30976974964141846
Wrong 0.02215505577623844,0.10086268931627274,0.7391929626464844,0.08234312385320663
Correct 0.005538551602512598,0.006527459714561701,0.8884367346763611,0.08940045535564423
Correct 0.02725321240723133,0.0033064300660043955,0.018145738169550896,0.9238995909690857
Wrong 0.017790373414754868,0.0064986455254256725,0.5798183083534241,0.37458154559135437
Correct 0.009975731372833252,0.006293435115367174,0.9190009832382202,0.04988127201795578
Wrong 0.013469483703374863,0.4460655450820923,0.4529435336589813,0.05204474553465843
Wrong 0.14462870359420776,0.05280616506934166,0.44536030292510986,0.2538889944553375
Wrong 0.039726998656988144,0.02429605834186077,0.3404218256473541,0.5527541637420654
Correct 0.006523913703858852,0.0017425086116418242,0.9754107594490051,0.001742921187542379
Correct 0.027663202956318855,0.0073892162181437016,0.18602709472179413,0.7594321370124817
Correct 0.01397908478975296,0.005102840717881918,0.03709996119141579,0.9277753829956055
Wrong 0.02039218880236149,0.014924070797860622,0.8140795230865479,0.13505728542804718
Correct 0.027525952085852623,0.005728705320507288,0.26516538858413696,0.646561324596405
Correct 0.005343909375369549,0.891838788986206,0.06358131766319275,0.007422265131026506
Wrong 0.040437281131744385,0.008818460628390312,0.3659203052520752,0.558208703994751
Correct 0.18682566285133362,0.021131860092282295,0.7272023558616638,0.03948914632201195
Correct 0.22316522896289825,0.031907446682453156,0.560847282409668,0.15105225145816803
Wrong 0.0859193429350853,0.1763555407524109,0.615077793598175,0.09008581191301346
Correct 0.3790305554866791,0.032873090356588364,0.2729529142379761,0.26881417632102966
Correct 0.0034470304381102324,0.008600519970059395,0.9782336950302124,0.003816489363089204
Correct 0.006525958888232708,0.0023095328360795975,0.9310202598571777,0.03936471790075302
Wrong 0.01922687143087387,0.007593293208628893,0.27797892689704895,0.6777281761169434
Correct 0.01822291500866413,0.006249523255974054,0.805409848690033,0.15622135996818542
Wrong 0.01749751903116703,0.35704952478408813,0.35685911774635315,0.22340546548366547
Wrong 0.016208885237574577,0.0021101748570799828,0.9564735293388367,0.01097085140645504
Wrong 0.012909254990518093,0.0034209932200610638,0.9629676938056946,0.008206067606806755
Wrong 0.24336513876914978,0.014062443748116493,0.38864386081695557,0.24923862516880035
Wrong 0.017501913011074066,0.0028800168074667454,0.07900869101285934,0.8497975468635559
Wrong 0.03145973011851311,0.020480258390307426,0.27596986293792725,0.6320808529853821
Wrong 0.14632178843021393,0.011920120567083359,0.7545053362846375,0.06148594990372658
Wrong 0.05271889641880989,0.05110851302742958,0.6620998978614807,0.20688174664974213
Wrong 0.12872570753097534,0.039897799491882324,0.572178065776825,0.1553393304347992
Wrong 0.03766711801290512,0.32038477063179016,0.07034225761890411,0.5199620127677917
Wrong 0.20952589809894562,0.3401508927345276,0.41017282009124756,0.005630269180983305
Wrong 0.040235213935375214,0.006171870976686478,0.16025616228580475,0.7650104761123657
Wrong 0.002453187480568886,0.00137636112049222,0.9219067692756653,0.057161785662174225
Correct 0.004618287552148104,0.15414665639400482,0.8202340602874756,0.0009165683295577765
Wrong 0.048136480152606964,0.08321553468704224,0.6746966242790222,0.16547110676765442
Wrong 0.14980548620224,0.045342907309532166,0.6207576990127563,0.16201351583003998
Wrong 0.01895640604197979,0.0661914274096489,0.5713697075843811,0.310819536447525
Correct 0.017256900668144226,0.878458559513092,0.03431396558880806,0.014650878496468067
Wrong 0.02015802450478077,0.004678015131503344,0.6269493103027344,0.31043535470962524
Correct 0.007135112304240465,0.003166969632729888,0.2871148884296417,0.6783762574195862
Correct 0.0579817034304142,0.025938663631677628,0.7170825004577637,0.13695909082889557
Wrong 0.08940702676773071,0.013295410200953484,0.7423868179321289,0.12318797409534454
Correct 0.04319418594241142,0.01627214439213276,0.18465882539749146,0.7306260466575623
Correct 0.01667485199868679,0.8619508147239685,0.055085502564907074,0.030193418264389038
Correct 0.5357205867767334,0.06657363474369049,0.18800294399261475,0.14423616230487823
Wrong 0.08208240568637848,0.39166849851608276,0.20313645899295807,0.28210434317588806
Correct 0.07849825173616409,0.017662234604358673,0.7271715402603149,0.15740270912647247
Wrong 0.013597141019999981,0.8281464576721191,0.12209172546863556,0.006837435998022556
Wrong 0.08943896740674973,0.019958272576332092,0.6607402563095093,0.1724075973033905
Wrong 0.012293238192796707,0.004186229780316353,0.13951914012432098,0.8034182786941528
Correct 0.06402351707220078,0.006245523691177368,0.2652868926525116,0.6466239094734192
Wrong 0.012791831977665424,0.24143096804618835,0.645772397518158,0.06199159473180771
Correct 0.012636634521186352,0.005832620896399021,0.965150773525238
Wrong 0.10332528501749039,0.05037325620651245,0.276401549577713,0.5167123675346375
Wrong 0.3394421637058258,0.03109760582447052,0.09799045324325562,0.48627138137817383
Wrong 0.38291797041893005,0.0406951904296875,0.4691113531589508,0.03913844749331474
Correct 0.0064267441630363464,0.006582200527191162,0.12313374876976013,0.8286226987838745
Wrong 0.017762742936611176,0.0019174863118678331,0.9470208287239075,0.017489101737737656
Wrong 0.036234501749277115,0.024724502116441727,0.8179517984390259,0.08900244534015656
Wrong 0.27493247389793396,0.015154133550822735,0.5055263042449951,0.1747962087392807
Correct 0.031001783907413483,0.010068247094750404,0.8507112264633179,0.06362414360046387
Wrong 0.009317491203546524,0.0031705712899565697,0.9728004932403564,0.0019685490988194942
Wrong 0.04131671041250229,0.047194018959999084,0.19243450462818146,0.6933863759040833
Wrong 0.008219494484364986,0.033544283360242844,0.5715888142585754,0.3691360354423523
Correct 0.08978798240423203,0.22573070228099823,0.6529040932655334,0.005521494895219803
Correct 0.025467006489634514,0.0177820585668087,0.8698484301567078,0.06816821545362473
Correct 0.0070630814880132675,0.008067112416028976,0.39775437116622925,0.5699259042739868
Wrong 0.05163199454545975,0.2622605264186859,0.32866227626800537,0.18027007579803467
Correct 0.04192356392741203,0.019046084955334663,0.1139211654663086,0.7970854640007019
Correct 0.7695090770721436,0.01205820869654417,0.1295839250087738,0.03599916398525238
Correct 0.02911863476037979,0.08902901411056519,0.10813947767019272,0.7392488718032837
Correct 0.0015730280429124832,0.0006307870498858392,0.9902247786521912,0.00034833047538995743
Wrong 0.022418685257434845,0.00637422688305378,0.1832558810710907,0.7600207328796387
Correct 0.0047043911181390285,0.003963936120271683,0.017605917528271675,0.9541449546813965
Wrong 0.04746599867939949,0.2015525996685028,0.07123247534036636,0.6500833034515381
Correct 0.006773617118597031,0.002082476858049631,0.027192316949367523,0.9295634627342224
Wrong 0.5213930010795593,0.4125928282737732,0.01549659576267004,0.009778379462659359
Correct 0.0059362296015024185,0.005755165126174688,0.974827229976654,0.0013151009334251285
Wrong 0.06025023013353348,0.3308558166027069,0.3010978102684021,0.25764378905296326
Wrong 0.12541425228118896,0.25943031907081604,0.5319640040397644,0.055676791816949844
Correct 0.018004190176725388,0.007567663211375475,0.7244970202445984,0.23171073198318481
Correct 0.0931793749332428,0.058322735130786896,0.7269619107246399,0.10157669335603714
Correct 0.02007010020315647,0.046672843396663666,0.9008435606956482,0.015517625026404858
Correct 0.002379906363785267,0.0009396569803357124,0.8942493200302124,0.0958034098148346
Wrong 0.024522611871361732,0.5761029124259949,0.2326020747423172,0.12751203775405884
Wrong 0.4142804741859436,0.010702734813094139,0.434095561504364,0.06711198389530182
Correct 0.008321387693285942,0.00604267418384552,0.16972383856773376,0.7973799109458923
Wrong 0.08245845139026642,0.018696540966629982,0.3062787652015686,0.5635706186294556
Wrong 0.08832397311925888,0.037708885967731476,0.7869572043418884,0.057505007833242416
Correct 0.02665114216506481,0.009659012779593468,0.23193451762199402,0.7036339640617371
Wrong 0.04265912249684334,0.03509976714849472,0.8767592310905457,0.031463898718357086
Wrong 0.04918963834643364,0.8003310561180115,0.06989268958568573,0.02803153544664383
Wrong 0.027923956513404846,0.5610799789428711,0.30485036969184875,0.053407471626996994
Correct 0.007775274571031332,0.02651461772620678,0.9413949251174927,0.0030003278516232967
Correct 0.0020419687498360872,0.000892168958671391,0.9187461733818054,0.060615360736846924
Wrong 0.020647723227739334,0.014533324167132378,0.524068295955658,0.4020645022392273
Wrong 0.4362707734107971,0.006472248584032059,0.3190954327583313,0.1394677758216858
Wrong 0.017796438187360764,0.015470270998775959,0.7743781208992004,0.1728803515434265
Wrong 0.03173364698886871,0.07856543362140656,0.7987396717071533,0.07045990228652954
Wrong 0.027864539995789528,0.7186748385429382,0.15536484122276306,0.05206999555230141
Wrong 0.014501468278467655,0.00489816116169095,0.9399699568748474,0.01952333189547062
Wrong 0.03963935002684593,0.3478483557701111,0.09884101897478104,0.4753838777542114
Correct 0.06925810873508453,0.4961440861225128,0.21328788995742798,0.18537189066410065
Correct 0.021102052181959152,0.005637056194245815,0.06445272266864777,0.8627321124076843
Correct 0.020191749557852745,0.75783371925354,0.06992115080356598,0.05531878396868706
Correct 0.005387377925217152,0.0007351832464337349,0.9869104027748108,0.0010867679957300425
Wrong 0.1019875705242157,0.3615732789039612,0.49410349130630493,0.01413270179182291
Wrong 0.02058831974864006,0.005947140045464039,0.8750468492507935,0.0860053077340126
Wrong 0.2268470823764801,0.05873025208711624,0.5109443664550781,0.17668704688549042
Correct 0.10328303277492523,0.00938799511641264,0.8646398186683655,0.009243311360478401
Correct 0.039643771946430206,0.03391602635383606,0.22984722256660461,0.665504515171051
Wrong 0.017829155549407005,0.003222669707611203,0.01660909503698349,0.9433249831199646
Wrong 0.10827113687992096,0.3232822120189667,0.26377853751182556,0.24403919279575348
Wrong 0.030235962942242622,0.014859228394925594,0.2550522983074188,0.661845862865448
Wrong 0.007985812611877918,0.00612521730363369,0.4000220000743866,0.564281165599823
Wrong 0.08935105055570602,0.07705596089363098,0.48655325174331665,0.29068082571029663
Wrong 0.017675548791885376,0.0032701354939490557,0.23643989861011505,0.7060282230377197
Correct 0.03814396262168884,0.00966047216206789,0.20607271790504456,0.7034240365028381
Wrong 0.24109649658203125,0.07243554294109344,0.5183398127555847,0.12511222064495087
Wrong 0.11093530058860779,0.03777051717042923,0.5544777512550354,0.24244053661823273
Correct 0.12829235196113586,0.022657571360468864,0.552447497844696,0.2738436162471771
Wrong 0.002997024916112423,0.0003900087613146752,0.978413999080658,0.0064969612285494804
Correct 0.3970935046672821,0.023675892502069473,0.1051865965127945,0.40974265336990356
Wrong 0.029099570587277412,0.003615510417148471,0.5617744326591492,0.3802698254585266
Wrong 0.021488938480615616,0.0033479046542197466,0.6179673671722412,0.33620235323905945
Wrong 0.017364297062158585,0.004321056883782148,0.061037153005599976,0.8299061059951782
Correct 0.609470784664154,0.048136867582798004,0.278961181640625,0.025360897183418274
Wrong 0.033996231853961945,0.007184160407632589,0.35139545798301697,0.5887581706047058
Correct 0.01947612874209881,0.005850647576153278,0.4362099766731262,0.5104236602783203
Wrong 0.039001744240522385,0.0259840227663517,0.7770041227340698,0.12497813999652863
Correct 0.529837965965271,0.018858199939131737,0.21741215884685516,0.19494618475437164
Correct 0.006344532128423452,0.0011647602077573538,0.9709723591804504,0.009237156249582767
Correct 0.8597392439842224,0.005750451702624559,0.05626124516129494,0.036336500197649
Wrong 0.020076986402273178,0.8082801103591919,0.054565154016017914,0.06634090840816498
Wrong 0.023293567821383476,0.03554828464984894,0.48246124386787415,0.4129524827003479
Wrong 0.08242785930633545,0.04885534569621086,0.7118582725524902,0.12570883333683014
Correct 0.009409992955625057,0.01017792895436287,0.14037352800369263,0.8210365176200867
Correct 0.001518633565865457,0.0015187779208645225,0.9787917137145996,0.0015070079825818539
Wrong 0.020005403086543083,0.011400467716157436,0.870427668094635,0.07093197107315063
Correct 0.06677471101284027,0.12673719227313995,0.7288432121276855,0.04449574276804924
Wrong 0.09553947299718857,0.04882388189435005,0.7396524548530579,0.09708607941865921
Wrong 0.13419145345687866,0.024444928392767906,0.47556889057159424,0.34270092844963074
Wrong 0.038750242441892624,0.1385037750005722,0.6400471925735474,0.1569301337003708
Wrong 0.16623175144195557,0.38362693786621094,0.18111121654510498,0.1840316206216812
Correct 0.0939110815525055,0.051473237574100494,0.40143445134162903,0.4143841862678528
Wrong 0.09167054295539856,0.11060135811567307,0.48397716879844666,0.2632359266281128
Wrong 0.1021433100104332,0.027520859614014626,0.48320940136909485,0.31231504678726196
Wrong 0.020751509815454483,0.020756056532263756,0.8092164993286133,0.11846624314785004
Wrong 0.06105448678135872,0.07086509466171265,0.5613040924072266,0.2570880651473999
Wrong 0.01644272170960903,0.004289277363568544,0.020774802193045616,0.9406395554542542
Correct 0.0033156436402350664,0.0004349960945546627,0.9861128330230713,0.0037869890220463276
Wrong 0.026252521201968193,0.0024043461307883263,0.9470393061637878,0.005504172295331955
Correct 0.05653819814324379,0.030280109494924545,0.4805850386619568,0.38634759187698364
Correct 0.07885945588350296,0.3675301969051361,0.3397722542285919,0.16309377551078796
Wrong 0.007239558733999729,0.003698036540299654,0.06969299912452698,0.9042444229125977
Wrong 0.021583514288067818,0.33500251173973083,0.6256893873214722,0.006283184047788382
Wrong 0.10060888528823853,0.45096710324287415,0.2865174114704132,0.11402362585067749
Wrong 0.027722381055355072,0.6877197027206421,0.23757250607013702,0.010045125149190426
Correct 0.005080053582787514,0.005670279264450073,0.8539564609527588,0.11382649838924408
Wrong 0.009993249550461769,0.003401575842872262,0.8647223114967346,0.1033358946442604
Wrong 0.01783675141632557,0.0059300255961716175,0.17719921469688416,0.7122977375984192,0.042785294353961945
Wrong 0.3280651569366455,0.02472524903714657,0.3228965699672699,0.27199435234069824
Wrong 0.07222184538841248,0.028070583939552307,0.8135561943054199,0.0722431167960167
Wrong 0.022539392113685608,0.15649650990962982,0.794420599937439
Wrong 0.48537519574165344,0.10100411623716354,0.2943049669265747,0.0850532054901123
Wrong 0.12479446083307266,0.07629646360874176,0.05323898047208786,0.707059919834137
Correct 0.005183406639844179,0.0019985821563750505,0.9569522738456726,0.01648213155567646
Wrong 0.5723684430122375,0.003124459180980921,0.336420476436615,0.04484817385673523
Wrong 0.03168791905045509,0.7212227582931519,0.12725110352039337,0.07843774557113647
Wrong 0.03356614708900452,0.052397165447473526,0.7286908626556396,0.15766541659832
