grade confidence_levels
Correct 0.022610457614064217,0.0019008468370884657,0.7032268643379211,0.25878098607063293
Correct 0.08215678483247757,0.7380892038345337,0.08344437181949615,0.06250546872615814
Wrong 0.1300549954175949,0.012482124380767345,0.5692814588546753,0.2647635042667389
Wrong 0.06213872507214546,0.05357908457517624,0.8247523903846741,0.04204992204904556
Correct 0.6301989555358887,0.07769043743610382,0.262683629989624,0.008188117295503616
Correct 0.02393415942788124,0.19434627890586853,0.6671988368034363,0.08485342562198639
Wrong 0.05580271780490875,0.003379046218469739,0.3235444128513336,0.576945424079895
Correct 0.01630862057209015,0.0012100078165531158,0.1302618533372879,0.8364198207855225
Correct 0.0054253810085356236,0.0024084511678665876,0.986217737197876,0.0012690966250374913
Correct 0.025199878960847855,0.024246718734502792,0.9305909276008606,0.010263786651194096
Correct 0.7743012309074402,0.006918259430676699,0.05741775035858154,0.1377706527709961
Wrong 0.21833094954490662,0.16613268852233887,0.4307316541671753,0.11872809380292892
Correct 0.0282740481197834,0.0036543267779052258,0.9070110321044922,0.039867326617240906
Correct 0.030545562505722046,0.009466346353292465,0.21698735654354095,0.7116904854774475
Correct 0.007588483393192291,0.002244136529043317,0.9630362391471863,0.017237378284335136
Wrong 0.12380431592464447,0.0036557784769684076,0.3933888375759125,0.46003928780555725
Correct 0.6977301836013794,0.006530885584652424,0.23367901146411896,0.015185670927166939
Correct 0.010400899685919285,0.0020649111829698086,0.7346070408821106,0.23855119943618774
Wrong 0.1608041375875473,0.30051448941230774,0.10299884527921677,0.37394052743911743
Correct 0.009801614098250866,0.7910720109939575,0.12907633185386658,0.029039425775408745
Wrong 0.2822692394256592,0.07539831101894379,0.07776326686143875,0.544113039970398
Correct 0.007202694658190012,0.0006101999315433204,0.9808119535446167,0.0016455737641081214
Correct 0.0032297514844685793,0.0012376601807773113,0.3532852232456207,0.6300944089889526
Correct 0.022237924858927727,0.00170249177608639,0.015643345192074776,0.9382851123809814
Correct 0.7876848578453064,0.00720149464905262,0.058404576033353806,0.09047743678092957
Wrong 0.004496797453612089,0.0066488939337432384,0.07906489074230194,0.8435450196266174
Wrong 0.04018842801451683,0.006363568361848593,0.9214491248130798,0.016371341422200203
Wrong 0.008118458092212677,0.5223091244697571,0.08069057762622833,0.35890311002731323
Correct 0.04159574955701828,0.8487585186958313,0.017749084159731865,0.03043573908507824
Correct 0.01389978639781475,0.0002449041639920324,0.9296192526817322,0.0017950143665075302
Wrong 0.021135326474905014,0.01823890209197998,0.07668866962194443,0.8442994952201843
Wrong 0.10410789400339127,0.0023368659894913435,0.04955398663878441,0.8124250173568726
Correct 0.046348605304956436,0.008250805549323559,0.10040329396724701,0.7899138927459717
Correct 0.06983976811170578,0.008814309723675251,0.8640725612640381,0.03377872705459595
Correct 0.01909232698380947,0.002371917711570859,0.016070233657956123,0.9342412352561951
Wrong 0.20122340321540833,0.03286416828632355,0.6391741037368774,0.11201972514390945
Correct 0.022416215389966965,0.5967443585395813,0.14961029589176178,0.1330934315919876
Correct 0.05211738124489784,0.0022220772225409746,0.08929643034934998,0.8281828761100769
Correct 0.014549383893609047,0.001213563489727676,0.965476930141449,0.00984791200608015
Wrong 0.2605806589126587,0.1300463229417801,0.5515968203544617,0.02057417668402195
Wrong 0.014461202546954155,0.0030318519566208124,0.2972675561904907,0.6700736880302429
Correct 0.20819191634655,0.014974923804402351,0.1712486743927002,0.5529340505599976
Correct 0.017687469720840454,0.002129980828613043,0.958046555519104,0.010563329793512821
Wrong 0.43991169333457947,0.09818330407142639,0.3646678626537323,0.07645342499017715
Wrong 0.0075577497482299805,0.0021325016859918833,0.04701516777276993,0.9299110770225525
Correct 0.022589271888136864,0.003361038165166974,0.08723035454750061,0.8608254790306091
Wrong 0.18749698996543884,0.03208378329873085,0.36694854497909546,0.3729049563407898
Wrong 0.027338342741131783,0.07040463387966156,0.05226794257760048,0.8371178507804871
Correct 0.00645420840010047,0.0011130584171041846,0.004101339727640152,0.9575652480125427
Wrong 0.0930524691939354,0.032182320952415466,0.5068427324295044,0.32734957337379456
Correct 0.009260570630431175,0.0004297724808566272,0.9743108153343201,0.002473678905516863
Wrong 0.038309335708618164,0.0157306008040905,0.678943932056427,0.2384197860956192
Correct 0.047142598778009415,0.0059045846574008465,0.875417172908783,0.053851090371608734
Wrong 0.013304978609085083,0.013944679871201515,0.9398869872093201,0.026878898963332176
Wrong 0.07706945389509201,0.005543624982237816,0.0746898502111435,0.8158231377601624
Wrong 0.6154501438140869,0.009272536262869835,0.02811746671795845,0.28620678186416626
Wrong 0.01810767687857151,0.026150017976760864,0.32589584589004517,0.6187883615493774
Correct 0.001436540624126792,0.0007397735025733709,0.9932969212532043,0.0007058472838252783
Correct 0.5080043077468872,0.011404719203710556,0.1958150863647461,0.1561627835035324
Wrong 0.40794050693511963,0.11070717871189117,0.20193973183631897,0.2183506041765213
Wrong 0.1846209317445755,0.025190364569425583,0.4713757634162903,0.29049092531204224
Correct 0.7947184443473816,0.0077330549247562885,0.13809654116630554,0.02290342003107071
Wrong 0.2122662365436554,0.15058687329292297,0.23674802482128143,0.38439884781837463
Correct 0.01906730979681015,0.003042782424017787,0.2715146541595459,0.69346022605896
Correct 0.008297406136989594,0.0011689075035974383,0.04278808832168579,0.9367882013320923
Wrong 0.36742478609085083,0.0024973039980977774,0.5870497226715088,0.019940223544836044
Wrong 0.004421748220920563,0.00509059801697731,0.9696719646453857,0.004319759551435709
Correct 0.01640656590461731,0.5307217240333557,0.4003923237323761,0.02243202179670334
Wrong 0.0722583755850792,0.003923509735614061,0.11101152002811432,0.7889904975891113
Correct 0.8642099499702454,0.003217685502022505,0.012519695796072483,0.05745697766542435
Wrong 0.1971064805984497,0.012315160594880581,0.5702688694000244,0.1880888193845749
Wrong 0.1309177279472351,0.07700647413730621,0.5467325448989868,0.21588134765625
Correct 0.5292388796806335,0.0022853384725749493,0.3994685113430023,0.05846702679991722
Correct 0.029841551557183266,0.0063063171692192554,0.9066411256790161,0.04111302271485329
Wrong 0.03488084301352501,0.029155030846595764,0.7574098110198975,0.16257667541503906
Wrong 0.114036925137043,0.07839946448802948,0.5397297143936157,0.23954170942306519
Wrong 0.168734610080719,0.01122085377573967,0.48057833313941956,0.31527623534202576
Wrong 0.21082943677902222,0.1299111247062683,0.6005036234855652,0.020234908908605576
Wrong 0.046120062470436096,0.003938854206353426,0.4766039550304413,0.46208834648132324
Wrong 0.041082046926021576,0.7513604164123535,0.17842529714107513,0.0037621629890054464
Correct 0.012282807379961014,0.7783183455467224,0.15554800629615784,0.005537515971809626
Correct 0.38519391417503357,0.1193600744009018,0.19365628063678741,0.2731543779373169
Correct 0.007877076976001263,0.0009053698158822954,0.0367027148604393,0.9394047260284424
Correct 0.009764187037944794,0.0036789511796087027,0.9725432991981506,0.004334625788033009
Wrong 0.0032437359914183617,0.00040929653914645314,0.03569236025214195,0.9498187303543091
Correct 0.010588436387479305,0.0013672506902366877,0.003685956820845604,0.9752457141876221
Correct 0.05571194365620613,0.0038222181610763073,0.7053986191749573,0.2220514863729477
Wrong 0.016127632930874825,0.005076212342828512,0.8077347874641418,0.16416244208812714
Wrong 0.7730821967124939,0.06706462800502777,0.0827607586979866,0.037335146218538284
Correct 0.013355736620724201,0.013462669216096401,0.00896556954830885,0.8795484304428101
Wrong 0.0857464149594307,0.014222759753465652,0.679513156414032,0.20097917318344116
Wrong 0.002072563860565424,0.0006678668432869017,0.9926949739456177,0.0006032316014170647
Correct 0.003404936520382762,0.8800476789474487,0.03155466169118881,0.022030064836144447
Wrong 0.022202352061867714,0.05326630920171738,0.5547534227371216,0.3262469172477722
Correct 0.003425645176321268,0.00034188313293270767,0.9798030853271484,0.008747783489525318
Correct 0.028138292953372,0.0020708523225039244,0.04323817044496536,0.8892221450805664
Correct 0.0010808702791109681,0.0006305915885604918,0.9902617931365967,0.0006711494643241167
Wrong 0.0707375630736351,0.020756201818585396,0.6254474520683289,0.252760648727417
Correct 0.7963005304336548,0.004149421118199825,0.09964682161808014,0.0801025778055191
Wrong 0.06950321048498154,0.006123775616288185,0.21908043324947357,0.6856300830841064
Wrong 0.1891651153564453,0.16573090851306915,0.46440693736076355,0.15445870161056519
Correct 0.6788025498390198,0.036553263664245605,0.0672072023153305,0.17710158228874207
Wrong 0.026836790144443512,0.0029429434798657894,0.9457487463951111,0.014710494317114353
Correct 0.012455422431230545,0.001149748102761805,0.973982572555542,0.0014086158480495214
Wrong 0.04157226160168648,0.023879405111074448,0.6106428503990173,0.3071562647819519
Wrong 0.2068425416946411,0.2495366632938385,0.2218380570411682,0.13356178998947144
Correct 0.6660986542701721,0.001117996871471405,0.24120299518108368,0.06913767755031586
Wrong 0.0219974834471941,0.038059547543525696,0.03920731320977211,0.8719110488891602
Correct 0.08055087178945541,0.002778163645416498,0.8659238815307617,0.03105487860739231
Correct 0.0721551924943924,0.01432629395276308,0.8518602252006531,0.04960380122065544
Correct 0.7063981294631958,0.006824555806815624,0.1730610430240631,0.0710594654083252
Wrong 0.03301791846752167,0.0096890302374959,0.31311938166618347,0.6326791644096375
Correct 0.018233561888337135,0.004365716595202684,0.9571694731712341,0.011234089732170105
Correct 0.059647005051374435,0.006644675508141518,0.5441058874130249,0.3683122992515564
Correct 0.07824020832777023,0.0061796437948942184,0.8952944874763489,0.003958426881581545
Wrong 0.034054651856422424,0.2556615471839905,0.07612898200750351,0.6130477786064148
Correct 0.0048387921415269375,0.9293985962867737,0.02272258885204792,0.01649823971092701
Wrong 0.271762490272522,0.00771333696320653,0.5935015678405762,0.10079998522996902
Correct 0.07907291501760483,0.027548521757125854,0.3570708930492401,0.5115572810173035
Correct 0.023016897961497307,0.8774475455284119,0.028414061293005943,0.009900976903736591
Wrong 0.027043020352721214,0.01050909049808979,0.9309666752815247,0.017325004562735558
Correct 0.8588265180587769,0.0011671738466247916,0.08371906727552414,0.005273370537906885
Wrong 0.08325888961553574,0.05212904512882233,0.1804138720035553,0.6447480916976929
Wrong 0.09836331754922867,0.03144555911421776,0.6214941143989563,0.23596419394016266
Wrong 0.043167244642972946,0.025781307369470596,0.6911334991455078,0.22094793617725372
Correct 0.9782435894012451,0.00019297649851068854,0.003237553406506777,0.001994749531149864
Wrong 0.07405070960521698,0.012480945326387882,0.6649757623672485,0.22994239628314972
Wrong 0.09180683642625809,0.0015923533355817199,0.8181076049804688,0.07493449002504349
Wrong 0.03648154437541962,0.005729661323130131,0.8700001835823059,0.05520874634385109
Wrong 0.06872987002134323,0.09179119020700455,0.5238718390464783,0.20842128992080688
Wrong 0.07959155738353729,0.4236754775047302,0.38558173179626465,0.07418884336948395
Correct 0.509345293045044,0.10513952374458313,0.23136404156684875,0.11278767138719559
Correct 0.013291176408529282,0.0017717686714604497,0.05863264948129654,0.9102526307106018
Correct 0.048838842660188675,0.004507765639573336,0.7939324975013733,0.1380597949028015
Wrong 0.04124470055103302,0.2546554505825043,0.48687857389450073,0.11844446510076523
Correct 0.006548626348376274,0.007250855676829815,0.09923268854618073,0.8709843158721924
Wrong 0.28871092200279236,0.040974199771881104,0.32199156284332275,0.30267390608787537
Wrong 0.525951623916626,0.02461308054625988,0.2091786414384842,0.22272855043411255
Correct 0.025161759927868843,0.04851361736655235,0.8799058794975281,0.03282107040286064
Correct 0.0988091379404068,0.12889499962329865,0.6857098937034607,0.057200945913791656
Correct 0.008340172469615936,0.006758107803761959,0.912495493888855,0.06407480686903
Correct 0.027140093967318535,0.0017765307566151023,0.956588625907898,0.004791740793734789
Wrong 0.27953583002090454,0.037256281822919846,0.5345364212989807,0.11383691430091858
Wrong 0.01095370203256607,0.0014601591974496841,0.8300102353096008,0.14203216135501862
Correct 0.0003450898511800915,8.071479533100501e-05,0.9969457983970642,6.956389552215114e-05
Correct 0.39209067821502686,0.020792651921510696,0.43054938316345215,0.12148253619670868
Correct 0.030360626056790352,0.649179220199585,0.2622179090976715,0.016770023852586746
Correct 0.037685327231884,0.005430260207504034,0.21513931453227997,0.7278871536254883
Correct 0.020331352949142456,0.04372735321521759,0.05231405049562454,0.837972104549408
Wrong 0.026507973670959473,0.016720768064260483,0.63707435131073,0.30572962760925293
Correct 0.5234196186065674,0.4206821322441101,0.006486660800874233,0.014736738987267017
Wrong 0.1567925363779068,0.15811467170715332,0.5220039486885071,0.11844319105148315
Wrong 0.03640046715736389,0.0020551939960569143,0.41323715448379517,0.5225510597229004
Wrong 0.709664523601532,0.01086430437862873,0.1712021827697754,0.05918436124920845
Correct 0.007090258877724409,0.0030511177610605955,0.8721907138824463,0.09788849204778671
Correct 0.0575936995446682,0.3446008563041687,0.08376647531986237,0.49368616938591003
Correct 0.4577644169330597,0.013509298674762249,0.2393282651901245,0.2096034288406372
Correct 0.05659009888768196,0.005143627990037203,0.1305268108844757,0.7512805461883545
Correct 0.012836981564760208,0.002629685215651989,0.2679973244667053,0.7063579559326172
Wrong 0.08211454004049301,0.2510624825954437,0.3455989956855774,0.2957243025302887
Wrong 0.006624540314078331,0.0030336917843669653,0.9829903244972229,0.002168192295357585
Wrong 0.01405281387269497,0.2779458165168762,0.07477451115846634,0.6261165142059326
Correct 0.7456939220428467,0.021165644749999046,0.18561077117919922,0.02050953544676304
Wrong 0.17595389485359192,0.4458727538585663,0.21385325491428375,0.12774315476417542
Correct 0.05552826449275017,0.012994375079870224,0.34805965423583984,0.5394408702850342
Wrong 0.011457029730081558,0.08875288814306259,0.055935345590114594,0.8157407641410828
Wrong 0.2881271243095398,0.05994047597050667,0.22436660528182983,0.36423563957214355
Correct 0.3248513638973236,0.3299892544746399,0.23031020164489746,0.020778000354766846
Correct 0.008827321231365204,0.929136335849762,0.009923812933266163,0.03925584256649017
Correct 0.02703501656651497,0.0020535127259790897,0.040259767323732376,0.9164421558380127
Correct 0.16766011714935303,0.01187184453010559,0.14113086462020874,0.6630749106407166
Wrong 0.010052359662950039,0.0022265748120844364,0.20500457286834717,0.773804783821106
Wrong 0.6482529044151306,0.04278796911239624,0.17175322771072388,0.11178826540708542
Wrong 0.05008695647120476,0.004846966825425625,0.777166485786438,0.14837546646595
Correct 0.0913766399025917,0.019920753315091133,0.7830485701560974,0.08128590136766434
Wrong 0.44979941844940186,0.004808328580111265,0.4567916989326477,0.07638352364301682
Wrong 0.18093757331371307,0.06453537195920944,0.548575222492218,0.1713058054447174
Correct 0.010317401960492134,0.9434494376182556,0.016482189297676086,0.00784921646118164
Correct 0.05242783576250076,0.02136373706161976,0.1286943554878235,0.7702252268791199
Wrong 0.00888024177402258,0.05658987537026405,0.01029965840280056,0.9057766795158386
Correct 0.005608272273093462,0.7638702988624573,0.20879454910755157,0.0022138601634651423
Correct 0.020747875794768333,0.003550026100128889,0.9463353753089905,0.01904088258743286
Correct 0.00215860060416162,0.941684365272522,0.021459687501192093,0.012916025705635548
Correct 0.14304661750793457,0.006237961817532778,0.30514949560165405,0.5191676616668701
Wrong 0.2344783991575241,0.057039450854063034,0.16493847966194153,0.5284445285797119
Correct 0.01968221366405487,0.005176205653697252,0.8172757625579834,0.13771790266036987
Wrong 0.0147634819149971,0.8716875910758972,0.030289964750409126,0.009533320553600788
Wrong 0.32354915142059326,0.0011051628971472383,0.6433676481246948,0.0072621507570147514
Correct 0.02747492678463459,0.5519014000892639,0.3733423054218292,0.02561241202056408
Wrong 0.06782164424657822,0.05284611135721207,0.4526579678058624,0.39341461658477783
Correct 0.03207127004861832,0.0018101977184414864,0.12779800593852997,0.8078159093856812
Wrong 0.1328759342432022,0.016902711242437363,0.24434788525104523,0.577156126499176
Wrong 0.051110971719026566,0.022862812504172325,0.818339467048645,0.07379583269357681
Wrong 0.03869998827576637,0.019310928881168365,0.49010351300239563,0.4193377196788788
Wrong 0.17290952801704407,0.11255805194377899,0.5161266326904297,0.1574564129114151
Wrong 0.36781638860702515,0.08671264350414276,0.4199977219104767,0.080816850066185
Correct 0.0045019187964499,0.0031187976710498333,0.9796217679977417,0.003942655865103006
Wrong 0.1058587059378624,0.005882073659449816,0.42853236198425293,0.442188560962677
Correct 0.3629132807254791,0.03149736300110817,0.20671437680721283,0.3573881983757019
Correct 0.10287709534168243,0.043244682252407074,0.22997072339057922,0.5967297554016113
Wrong 0.02179277129471302,0.013963023200631142,0.8839587569236755,0.062090273946523666
Correct 0.005850968416780233,0.0019603350665420294,0.9460487365722656,0.0036061161663383245
Correct 0.0246982891112566,0.00233385874889791,0.9560872316360474,0.003291116328909993
Correct 0.12442926317453384,0.005097501911222935,0.6219700574874878,0.22887353599071503
Wrong 0.045179687440395355,0.009475002065300941,0.10583685338497162,0.8070359826087952
Wrong 0.18689607083797455,0.019247187301516533,0.5240958333015442,0.24377118051052094
Wrong 0.07110445946455002,0.06277196109294891,0.42871952056884766,0.4091463088989258
Correct 0.29052498936653137,0.004923371132463217,0.6545885801315308,0.021891562268137932
Wrong 0.01356294471770525,0.6796342730522156,0.09636435657739639,0.17179958522319794
Correct 0.1016446053981781,0.006868410389870405,0.09544949978590012,0.7509545087814331
Correct 0.016282299533486366,0.03066340647637844,0.9385838508605957,0.0025566215626895428
Wrong 0.06202806904911995,0.0077650281600654125,0.6410818099975586,0.27582359313964844
Correct 0.0117048854008317,0.001511931768618524,0.9592120051383972,0.008300739340484142
Wrong 0.7637908458709717,0.18437227606773376,0.024551700800657272,0.0018358018714934587
Correct 0.015992511063814163,0.010088452138006687,0.9587167501449585,0.005527867935597897
Wrong 0.03542148321866989,0.09554640203714371,0.7631630897521973,0.08498162031173706
Correct 0.020885029807686806,0.036400966346263885,0.702324390411377,0.2076890766620636
Correct 0.003306763246655464,0.00037724728463217616,0.006372635718435049,0.975681483745575
Correct 0.03348108008503914,0.6832154393196106,0.05265708640217781,0.1781655102968216
Wrong 0.3408719599246979,0.04507697373628616,0.39844730496406555,0.1927444189786911
Correct 0.8460310101509094,0.014004454016685486,0.09566181153059006,0.015380698256194592
Wrong 0.11521715670824051,0.03542691841721535,0.2535892426967621,0.5454453825950623
Correct 0.0060362061485648155,0.7255451083183289,0.03113030269742012,0.21781910955905914
Wrong 0.0837998017668724,0.012264784425497055,0.11998175829648972,0.7525737881660461
Correct 0.08019047230482101,0.7851171493530273,0.037574928253889084,0.0047406344674527645
Wrong 0.05226622521877289,0.02755080722272396,0.5750896334648132,0.32268205285072327
Wrong 0.037605300545692444,0.039115361869335175,0.32735753059387207,0.5745510458946228
Wrong 0.02092847414314747,0.8493315577507019,0.053016696125268936,0.013514012098312378
Wrong 0.49786481261253357,0.009708958677947521,0.04418185353279114,0.38778266310691833
Correct 0.03392758220434189,0.00623096851631999,0.7307142019271851,0.19675005972385406
Wrong 0.059204742312431335,0.03620108589529991,0.7043951153755188,0.17540593445301056
Correct 0.010128876194357872,0.0036120391450822353,0.9626395106315613,0.0110382791608572
Correct 0.056630607694387436,0.007853404618799686,0.26374679803848267,0.6330229640007019
Correct 0.011191943660378456,0.0010411617113277316,0.9611797332763672,0.01889079064130783
Wrong 0.3847477436065674,0.08585964143276215,0.12886692583560944,0.37296319007873535
Wrong 0.010575244203209877,0.0012538706650957465,0.049265824258327484,0.9224530458450317
Correct 0.016974078491330147,0.008083825930953026,0.8910291194915771,0.05609661340713501
Wrong 0.02996606007218361,0.003390728263184428,0.38849303126335144,0.5567818284034729
Correct 0.03688816726207733,0.14258623123168945,0.537724494934082,0.22421279549598694
Wrong 0.010560953989624977,0.010240744799375534,0.022526009008288383,0.9358044862747192
Wrong 0.02889714203774929,0.0007887393585406244,0.9567151069641113,0.004945337772369385
Correct 0.004800380673259497,0.0014760639751330018,0.9735490083694458,0.012166095897555351
Wrong 0.10718056559562683,0.01709909364581108,0.4304690659046173,0.4173818528652191
Correct 0.026614928618073463,0.0042129745706915855,0.08067000657320023,0.8607487678527832
Correct 0.010996827855706215,0.8807231187820435,0.0632697120308876,0.008633209392428398
Wrong 0.1616368293762207,0.3091578185558319,0.3727899193763733,0.1060110330581665
Wrong 0.18724806606769562,0.032296378165483475,0.6637133359909058,0.09792531281709671
Correct 0.012707420624792576,0.003190508810803294,0.6935328841209412,0.2846909761428833
Correct 0.008408456109464169,0.0008658405276946723,0.9491907954216003,0.019552117213606834
Correct 0.0531773716211319,0.007548098918050528,0.1663288027048111,0.7114166617393494
Wrong 0.07418873906135559,0.006284340750426054,0.23752547800540924,0.5973677039146423
Wrong 0.5761339068412781,0.008549690246582031,0.16375266015529633,0.20389051735401154
Wrong 0.011132273823022842,0.0006687847780995071,0.9266080260276794,0.05394942685961723
Wrong 0.04016786441206932,0.14817185699939728,0.12660445272922516,0.6481382846832275
Correct 0.005099955480545759,0.00329383066855371,0.6574515104293823,0.3204749822616577
Wrong 0.24693529307842255,0.020276522263884544,0.6817026138305664,0.035580046474933624
Correct 0.015239260159432888,0.002196954097598791,0.031013570725917816,0.9282883405685425
Wrong 0.041079360991716385,0.06517057120800018,0.7452418804168701,0.12754015624523163
Wrong 0.11707085371017456,0.1828453093767166,0.07212398946285248,0.5853575468063354
Wrong 0.5291969776153564,0.029629560187458992,0.34165120124816895,0.07684701681137085
Correct 0.018585948273539543,0.005803064443171024,0.9529542922973633,0.007996714673936367
Correct 0.3391941785812378,0.10515602678060532,0.2520008981227875,0.27254819869995117
Correct 0.018932005390524864,0.3153298795223236,0.5797396302223206,0.03592780604958534
Wrong 0.17046518623828888,0.1381135731935501,0.3751786947250366,0.2969081699848175
Wrong 0.07138599455356598,0.03647817671298981,0.3918917179107666,0.45838838815689087
Correct 0.005593330133706331,0.0010602684924378991,0.003783388063311577,0.9777652025222778
Wrong 0.014346910640597343,0.007805428002029657,0.5382161140441895,0.41273656487464905
Wrong 0.0029824639204889536,0.0006353710778057575,0.006022974383085966,0.9742432832717896
Wrong 0.06511015444993973,0.014995533041656017,0.6372326612472534,0.26988500356674194
Wrong 0.008652055636048317,0.0014806470135226846,0.9765926003456116,0.0060874177142977715
Correct 0.15019331872463226,0.04012412205338478,0.30095717310905457,0.4811510443687439
Wrong 0.18280810117721558,0.029392721131443977,0.3084890842437744,0.4560088813304901
Correct 0.11732833832502365,0.006888433359563351,0.7412732839584351,0.11108975112438202
Wrong 0.047137897461652756,0.20647557079792023,0.5607596039772034,0.08670588582754135
Wrong 0.2538508176803589,0.22766241431236267,0.2239587903022766,0.27024319767951965
Correct 0.02841620333492756,0.004678265657275915,0.4730360209941864,0.47315603494644165
Wrong 0.8137305974960327,0.0043740784749388695,0.09058593213558197,0.03359755128622055
Wrong 0.0041724685579538345,0.00014737635501660407,0.9817146062850952,0.0007601291872560978
Correct 0.003975083120167255,0.0003584634978324175,0.980107843875885,0.00719820661470294
Wrong 0.15256139636039734,0.05032771825790405,0.6272252798080444,0.14001686871051788
Correct 0.04803665727376938,0.49688920378685,0.1090657114982605,0.3308524787425995
Wrong 0.27586519718170166,0.03400631994009018,0.35974788665771484,0.2846657931804657
Wrong 0.031966786831617355,0.004066298715770245,0.07430905103683472,0.8775452375411987
Wrong 0.3974047601222992,0.024065474048256874,0.4717094600200653,0.09009817987680435
Correct 0.01132799033075571,0.0017517732921987772,0.9727856516838074,0.003565005725249648
Wrong 0.28352099657058716,0.015388310886919498,0.5726416110992432,0.08188357949256897
Wrong 0.05832165852189064,0.3986164927482605,0.2083398550748825,0.2848272919654846
Wrong 0.16322265565395355,0.03505871817469597,0.48717185854911804,0.26090651750564575
Wrong 0.017925191670656204,0.0032910897862166166,0.8907992839813232,0.07089394330978394
Wrong 0.007386909797787666,0.001039704424329102,0.9449261426925659,0.005709157325327396
Correct 0.0052062878385186195,0.0028092199936509132,0.9690510034561157,0.014488148503005505
Correct 0.060007013380527496,0.07183676213026047,0.7660289406776428,0.0782737135887146
Wrong 0.03909127786755562,0.004121547099202871,0.9248749613761902,0.021091550588607788
Wrong 0.6199833154678345,0.00374723132699728,0.2794369161128998,0.06535424292087555
Wrong 0.029148893430829048,0.020050715655088425,0.7457665801048279,0.19463138282299042
Correct 0.008270857855677605,0.0017342809587717056,0.9191174507141113,0.06405125558376312
Correct 0.006076418329030275,0.002418273827061057,0.8945345282554626,0.08588173985481262
Correct 0.4171130061149597,0.01791122741997242,0.37967607378959656,0.14875748753547668
Wrong 0.03434275835752487,0.04696207493543625,0.4118027091026306,0.48908957839012146
Wrong 0.6515718698501587,0.0039068846963346004,0.11680881679058075,0.18672466278076172
Correct 0.01099212747067213,0.008302842266857624,0.7125082612037659,0.24248062074184418
Wrong 0.02987055294215679,0.1092974916100502,0.7884413599967957,0.05849144980311394
Wrong 0.15890876948833466,0.21725042164325714,0.29682499170303345,0.2788858115673065
Correct 0.007566973567008972,0.0008901131222955883,0.9754470586776733,0.00949343852698803
Wrong 0.014865667559206486,0.003267949214205146,0.0248878113925457,0.9414268732070923
Wrong 0.0013708126498386264,0.0005627456703223288,0.9933183193206787,0.0005990170757286251
Wrong 0.11922141164541245,0.04933245852589607,0.7591355443000793,0.05632631108164787
Correct 0.0032609158661216497,0.0010925402166321874,0.9851146340370178,0.004354945383965969
Wrong 0.031051455065608025,0.06377667933702469,0.3497787117958069,0.509109616279602
Correct 0.040284447371959686,0.0006070285453461111,0.010507332161068916,0.9312472343444824
Wrong 0.019489474594593048,0.012012023478746414,0.841598629951477,0.11392609775066376
Wrong 0.20016828179359436,0.03346485644578934,0.7206750512123108,0.027098581194877625
Correct 0.6076794862747192,0.19890907406806946,0.1205737441778183,0.031229078769683838
Wrong 0.11047101765871048,0.08878903090953827,0.56968092918396,0.2063894122838974
Correct 0.002169710351154208,0.0009260257356800139,0.9917622804641724,0.0006072314572520554
Wrong 0.41682255268096924,0.4950898587703705,0.04640289023518562,0.01694403402507305
Wrong 0.02347506582736969,0.74198979139328,0.10195838660001755,0.09730936586856842
Wrong 0.01800147257745266,0.486865371465683,0.35315439105033875,0.07232940196990967
Correct 0.515478789806366,0.1263386309146881,0.10887862741947174,0.20188932120800018
Wrong 0.04622650146484375,0.37831854820251465,0.15153104066848755,0.3900824189186096
Correct 0.02437899261713028,0.008831837214529514,0.9145624041557312,0.017980167642235756
Wrong 0.20011968910694122,0.02336500585079193,0.16715171933174133,0.46905699372291565
Correct 0.017778238281607628,0.003937685862183571,0.4373783767223358,0.5277183055877686
Correct 0.02411532960832119,0.009016050957143307,0.9261030554771423,0.00463956268504262
Correct 0.09710532426834106,0.0030029243789613247,0.728713870048523,0.15278705954551697
Wrong 0.08726433664560318,0.02349289506673813,0.8408492803573608,0.028116805478930473
Correct 0.8410360813140869,0.0012072065146639943,0.12305761128664017,0.010426164604723454
Correct 0.04604894295334816,0.3767906725406647,0.40709325671195984,0.1079266294836998
Correct 0.6486683487892151,0.02875068038702011,0.18875716626644135,0.06526077538728714
Correct 0.9043582081794739,0.005378525238484144,0.022462550550699234,0.02884714864194393
Wrong 0.23841357231140137,0.03279142826795578,0.658134937286377,0.04807065799832344
Wrong 0.007407102733850479,0.004826715681701899,0.5973082780838013,0.3682246208190918
Wrong 0.02531486190855503,0.009100891649723053,0.14113569259643555,0.812373161315918
Wrong 0.1772882640361786,0.07223585247993469,0.12769298255443573,0.5460620522499084
Wrong 0.7078924775123596,0.02348487451672554,0.17896778881549835,0.022061293944716454
Wrong 0.18022190034389496,0.048515334725379944,0.5815969109535217,0.1719633787870407
Correct 0.004697861615568399,0.0008362458320334554,0.01946953497827053,0.9678701162338257
Wrong 0.1564115434885025,0.5904377102851868,0.08704661577939987,0.11900527775287628
Correct 0.014808999374508858,0.002219874644652009,0.20118401944637299,0.7713949680328369
Wrong 0.004872984252870083,0.001864503021351993,0.11711865663528442,0.8195529580116272
Correct 0.10110760480165482,0.009784458205103874,0.1257907748222351,0.729727566242218
Wrong 0.33823731541633606,0.016980234533548355,0.3079027235507965,0.3032543361186981
Correct 0.12080839276313782,0.047316912561655045,0.7754598259925842,0.03054683282971382
Wrong 0.18920336663722992,0.019636917859315872,0.7250757217407227,0.04936793074011803
Wrong 0.1072479784488678,0.014295038767158985,0.12439955770969391,0.6994500160217285
Wrong 0.05361942574381828,0.07563873380422592,0.3522844910621643,0.5047343373298645
Wrong 0.060631752014160156,0.04169563204050064,0.07088523358106613,0.7561925649642944
Wrong 0.8849899768829346,0.0011389035498723388,0.010798154398798943,0.003047378035262227
Wrong 0.019177714362740517,0.22649365663528442,0.7083559632301331,0.023502996191382408
Wrong 0.061565544456243515,0.22888913750648499,0.5660015940666199,0.12150491774082184
Correct 0.05409180372953415,0.009931999258697033,0.49344393610954285,0.35556650161743164
Correct 0.22104817628860474,0.06691339612007141,0.41938501596450806,0.25054046511650085
Correct 0.016912661492824554,0.005579857155680656,0.960026741027832,0.004049589857459068
Wrong 0.013450940139591694,0.0017110813641920686,0.6279916763305664,0.34690243005752563
Correct 0.02011835388839245,0.004252544604241848,0.03394932672381401,0.8964499235153198
Wrong 0.23779207468032837,0.019529150798916817,0.5192891955375671,0.20028933882713318
Correct 0.30889132618904114,0.46387216448783875,0.11183629184961319,0.06275812536478043
Correct 0.09993614256381989,0.0016676936065778136,0.09533486515283585,0.7383397817611694
Wrong 0.16959483921527863,0.010431396774947643,0.7251302599906921,0.08075938373804092
Wrong 0.009561694227159023,0.008245877921581268,0.9525929093360901,0.010259080678224564
Correct 0.02425416186451912,0.10132670402526855,0.8616132736206055
Correct 0.002465256489813328,0.00024051185755524784,0.2218467742204666,0.7624977827072144
Correct 0.11729422211647034,0.4979488253593445,0.2242833822965622,0.12889538705348969
Correct 0.029912278056144714,0.07520870864391327,0.8338643312454224,0.017724620178341866
Correct 0.014377525076270103,0.005544206127524376,0.19998790323734283,0.7036571502685547
Correct 0.12395557016134262,0.0039231302216649055,0.19045257568359375,0.6648495197296143
Wrong 0.03880537673830986,0.031678855419158936,0.7206881642341614,0.16856732964515686
Wrong 0.01090986654162407,0.7355694770812988,0.19332259893417358,0.01170805562287569
Correct 0.007652044761925936,0.001817693468183279,0.016195213422179222,0.9636784195899963
Correct 0.10614680498838425,0.048612840473651886,0.30231422185897827,0.5225785970687866
Correct 0.0040883575566112995,0.0011717142770066857,0.9770199656486511,0.002519453875720501
Correct 0.012609751895070076,0.005468839313834906,0.034002967178821564,0.9263055324554443
Correct 0.0035900906659662724,0.0035077922511845827,0.2896197438240051,0.6948494911193848
Wrong 0.009778630919754505,0.11640265583992004,0.6538722515106201,0.20745764672756195
Correct 0.8087700605392456,0.002657681005075574,0.029920117929577827,0.14276033639907837
Correct 0.22880063951015472,0.03621882200241089,0.307780921459198,0.3772013187408447
Wrong 0.21198441088199615,0.04695776849985123,0.1491091102361679,0.5628785490989685
Wrong 0.21611207723617554,0.1417829841375351,0.5604478716850281,0.06050092354416847
Correct 0.011797208338975906,0.0005266561638563871,0.9743199944496155,0.0020663703326135874
Wrong 0.950871467590332,0.005109206307679415,0.014551941305398941,0.017556382343173027
Correct 0.7019485831260681,0.002398258075118065,0.24257753789424896,0.0169043131172657
Wrong 0.11034472286701202,0.047107674181461334,0.655001699924469,0.1709299087524414
Wrong 0.029538564383983612,0.005729261320084333,0.15960030257701874,0.7857915163040161
Wrong 0.20928236842155457,0.01118568517267704,0.5259745717048645,0.22281324863433838
Correct 0.16521774232387543,0.07992176711559296,0.41527703404426575,0.3087094724178314
Wrong 0.21182698011398315,0.009835646487772465,0.46261852979660034,0.30344825983047485
Wrong 0.05962931364774704,0.0035274720285087824,0.903731644153595,0.013836149126291275
Correct 0.014289719983935356,0.008737217634916306,0.04231564328074455,0.9191163778305054
Wrong 0.08312395215034485,0.16405795514583588,0.723583996295929,0.004690385889261961
Correct 0.04316690191626549,0.02088109962642193,0.5772408843040466,0.3140154778957367
Correct 0.007123968098312616,0.0006892404635436833,0.9776316285133362,0.0071820421144366264
Correct 0.07954015582799911,0.008788008242845535,0.8416517972946167,0.056404583156108856
Correct 0.011878891848027706,0.5171610116958618,0.42856234312057495,0.003123112255707383
Correct 0.02806416153907776,0.01651187427341938,0.8865818381309509,0.039274513721466064
Wrong 0.0038860284257680178,0.00042297347681596875,0.014889202080667019,0.965792179107666
Correct 0.004002461675554514,0.000943644146900624,0.9791306257247925,0.004716324154287577
Correct 0.7597194910049438,0.015533733181655407,0.12207825481891632,0.07291305810213089
Correct 0.7686377167701721,0.002688583917915821,0.1662152111530304,0.04107184335589409
Correct 0.0029617552645504475,0.00023943951237015426,0.028533410280942917,0.9525675177574158
Wrong 0.08155014365911484,0.010370261035859585,0.07195068895816803,0.8107017874717712
Wrong 0.1246311292052269,0.1900591105222702,0.4282049238681793,0.17441758513450623
Wrong 0.008611781522631645,0.00539055373519659,0.972089409828186,0.007482544984668493
Wrong 0.01024186797440052,0.3874000310897827,0.43886300921440125,0.14249885082244873
Wrong 0.03045715019106865,0.013629179447889328,0.24139341711997986,0.6986526250839233
Wrong 0.09632369130849838,0.11176306009292603,0.5371628999710083,0.17175282537937164
Wrong 0.538385272026062,0.1832001656293869,0.20117177069187164,0.010831774212419987
Wrong 0.056892067193984985,0.11953002214431763,0.3978484869003296,0.4042448103427887
Wrong 0.10881859064102173,0.05346067622303963,0.6308810114860535,0.1822464019060135
Wrong 0.07692056894302368,0.036928024142980576,0.3697471022605896,0.4823404550552368
Correct 0.8666229248046875,0.0010723827872425318,0.0957190990447998,0.006881700828671455
Correct 0.009486548602581024,0.001188007416203618,0.9749775528907776,0.0029861920047551394
Wrong 0.022125862538814545,0.7501757740974426,0.10472423583269119,0.09687232226133347
Wrong 0.05099882557988167,0.6878443956375122,0.15583685040473938,0.01876361109316349
Wrong 0.2392922043800354,0.00018092845857609063,0.736974835395813,0.00037123789661563933
Wrong 0.12701590359210968,0.10867299139499664,0.6653648018836975,0.08138181269168854
Wrong 0.11458621174097061,0.038394905626773834,0.7354976534843445,0.09209522604942322
Wrong 0.04039543494582176,0.06258229911327362,0.6569510698318481,0.20678456127643585
Correct 0.003273182548582554,0.0010881074704229832,0.9888213872909546,0.002285546623170376
Wrong 0.23685912787914276,0.015385928563773632,0.6338106393814087,0.1034826710820198
Correct 0.4926301836967468,0.019719621166586876,0.22376221418380737,0.17706072330474854
Correct 0.010386073030531406,0.0028880443423986435,0.166233628988266,0.8057345151901245
Wrong 0.23223313689231873,0.052666954696178436,0.4405818283557892,0.2511303722858429
Correct 0.010000805370509624,0.006307842209935188,0.005228206980973482,0.9582299590110779
Wrong 0.2638680636882782,0.04243508726358414,0.5853177309036255,0.08111932873725891
Wrong 0.008993404917418957,0.9614808559417725,0.013602561317384243,0.0046300641261041164
Correct 0.0071716997772455215,0.9175906181335449,0.03501756116747856,0.012490426190197468
Correct 0.024666739627718925,0.8902631998062134,0.04162861034274101,0.0033911289647221565
Wrong 0.007357338909059763,0.0015434820670634508,0.04367070272564888,0.9339146018028259
Correct 0.6491536498069763,0.02681836485862732,0.09348894655704498,0.20593084394931793
Wrong 0.29926517605781555,0.12775780260562897,0.31852179765701294,0.20571421086788177
Wrong 0.05332387983798981,0.05250765383243561,0.8274380564689636,0.054598186165094376
Wrong 0.15090587735176086,0.09746153652667999,0.6761958003044128,0.0564025342464447
Wrong 0.18009532988071442,0.09871221333742142,0.39021065831184387,0.29935580492019653
Wrong 0.04151545464992523,0.2951103150844574,0.30430811643600464,0.3190034031867981
Correct 0.013367293402552605,0.003891806583851576,0.9081012606620789,0.03308577090501785
Wrong 0.051328714936971664,0.28637972474098206,0.44334229826927185,0.1013009250164032
Wrong 0.09893961995840073,0.05639338120818138,0.7424001097679138,0.08075687289237976
Wrong 0.10116007924079895,0.1762486845254898,0.5865838527679443,0.10118206590414047
Correct 0.06274987012147903,0.010248330421745777,0.8592215180397034,0.048493869602680206
Wrong 0.12172266840934753,0.12762069702148438,0.38975656032562256,0.32582882046699524
Wrong 0.14534950256347656,0.05562066659331322,0.5747485756874084,0.20182672142982483
Wrong 0.025800315663218498,0.015533208847045898,0.5690701007843018,0.3617739975452423
Correct 0.02888564020395279,0.013971800915896893,0.8570320010185242,0.08690440654754639
Wrong 0.030846280977129936,0.31410858035087585,0.19488425552845,0.39997950196266174
Wrong 0.004133721347898245,0.0025280530098825693,0.9800662398338318,0.004469887353479862
Wrong 0.09309196472167969,0.020782047882676125,0.8557493090629578,0.014281917363405228
Correct 0.008507060818374157,0.002220623428002,0.1394215226173401,0.8409445285797119
Correct 0.08922646939754486,0.018136927857995033,0.49367085099220276,0.33677732944488525
Correct 0.02956794574856758,0.003645914839580655,0.05352252721786499,0.8984111547470093
Wrong 0.03295416012406349,0.01321667991578579,0.05140892043709755,0.8699498772621155
Correct 0.0033991592936217785,0.0011661344906315207,0.9874491691589355,0.001384357106871903
Correct 0.5740804076194763,0.02583247795701027,0.2864001989364624,0.0551086887717247
Wrong 0.04816102236509323,0.0604398138821125,0.41585779190063477,0.4640789330005646
Wrong 0.1627895087003708,0.009856641292572021,0.7764668464660645,0.021360529586672783
Wrong 0.042739879339933395,0.013042747043073177,0.060267455875873566,0.8719789385795593
Correct 0.003378756809979677,0.0003973684797529131,0.9816219210624695,0.0020981677807867527
Wrong 0.5368321537971497,0.013872784562408924,0.32047924399375916,0.08629731088876724
Wrong 0.1388382762670517,0.00998463574796915,0.8113608956336975,0.01724621281027794
Wrong 0.13018721342086792,0.056890279054641724,0.6820371747016907,0.098289854824543
Wrong 0.0015827943570911884,7.820829341653734e-05,0.9888498783111572,0.00015310516755562276
Wrong 0.023192618042230606,0.0008253830019384623,0.9632019996643066,0.003670340171083808
Correct 0.027602683752775192,0.00803370214998722,0.25181397795677185,0.6953827738761902
Wrong 0.02946425788104534,0.7541148662567139,0.024805640801787376,0.16179008781909943
Wrong 0.0853629857301712,0.005375789478421211,0.8354114890098572,0.05777974799275398
Correct 0.034902025014162064,0.04277874529361725,0.35240939259529114,0.5459861159324646
Wrong 0.0023262910544872284,0.0018549134256318212,0.9910929203033447,0.0006931233801878989
Correct 0.04321204125881195,0.010428142733871937,0.18189078569412231,0.736570417881012
Wrong 0.015421622432768345,0.001227679313160479,0.834577202796936,0.13632167875766754
Wrong 0.002104287501424551,0.00044499916839413345,0.9617581367492676,0.006482199300080538
Correct 0.03854219242930412,0.01632496900856495,0.897632360458374,0.028653234243392944
Wrong 0.08216265588998795,0.21322040259838104,0.24143338203430176,0.4238582253456116
Correct 0.0033350037410855293,0.0037515347357839346,0.9765530228614807,0.00169032730627805
Wrong 0.05145394802093506,0.0058233835734426975,0.03321051225066185,0.8977275490760803
Correct 0.017844362184405327,0.006671564187854528,0.9009016752243042,0.06476880609989166
Wrong 0.040824443101882935,0.0030765116680413485,0.10584709048271179,0.83282470703125
Wrong 0.009184560738503933,0.00099952204618603,0.029875168576836586,0.9442136287689209
Correct 0.020416874438524246,0.004315615631639957,0.08198493719100952,0.8679957985877991
Wrong 0.5261181592941284,0.012972001917660236,0.22625519335269928,0.21260966360569
Wrong 0.24703115224838257,0.15583404898643494,0.4472567141056061,0.11222802102565765
Wrong 0.030671661719679832,0.007576250936836004,0.6762967109680176,0.2649129331111908
Wrong 0.012901228852570057,0.002243030583485961,0.8969799280166626,0.08091793209314346
Correct 0.025354929268360138,0.0013979194918647408,0.9365171790122986,0.027633411809802055
Wrong 0.5534886717796326,0.00923317763954401,0.27397218346595764,0.11786056309938431
Wrong 0.14217646420001984,0.04407743364572525,0.6571709513664246,0.13256102800369263
Wrong 0.008695825934410095,0.0015000243438407779,0.9663550853729248,0.016504403203725815
Wrong 0.017886105924844742,0.5971329212188721,0.1520971804857254,0.20310957729816437
Correct 0.456552654504776,0.021197417750954628,0.34999388456344604,0.09349804371595383
Wrong 0.00882800854742527,0.0039198328740894794,0.2558913826942444,0.7178518176078796
Wrong 0.048974450677633286,0.0046297418884932995,0.29523956775665283,0.6349612474441528
Wrong 0.11504115909337997,0.06111203506588936,0.4730430245399475,0.32020121812820435
Wrong 0.2515350580215454,0.014877093955874443,0.18837645649909973,0.5162011384963989
Correct 0.02973715402185917,0.002025524852797389,0.32718971371650696,0.6210367679595947
Wrong 0.22178098559379578,0.29178386926651,0.07199355959892273,0.35999858379364014
Wrong 0.1453581601381302,0.008144455030560493,0.2286297231912613,0.6024556159973145
Wrong 0.03057538904249668,0.043132323771715164,0.8658468723297119,0.04147375747561455
Wrong 0.013676394708454609,0.8663153052330017,0.04662136733531952,0.005232966039329767
Wrong 0.5309083461761475,0.06914874911308289,0.33738410472869873,0.044279612600803375
Correct 0.16315561532974243,0.011732545681297779,0.5474913120269775,0.25076255202293396
Wrong 0.03395901620388031,0.01340996939688921,0.10540451854467392,0.8291876316070557
Wrong 0.013702455908060074,0.0007796467980369925,0.9754447340965271,0.0005233954288996756
