grade confidence_levels
Correct 0.030723487958312035,0.02488136850297451,0.2695945203304291,0.15973594784736633
Correct 0.22442354261875153,0.07173262536525726,0.006830610800534487,0.009939095005393028
Correct 0.06419885903596878,0.017689786851406097,0.026974143460392952,0.19019179046154022
Correct 0.1140245869755745,0.01762508787214756,0.11582493782043457,0.028388580307364464
Correct 0.18047675490379333,0.028114428743720055,0.09585388749837875,0.04187995195388794
Correct 0.11529545485973358,0.07048134505748749,0.020673656836152077,0.0492105633020401
Correct 0.08456170558929443,0.1832621544599533,0.041215069591999054,0.02294277586042881
Wrong 0.0557398684322834,0.014094073325395584,0.014316231943666935,0.17715948820114136
Correct 0.028217624872922897,0.17695069313049316,0.0731932669878006,0.037387870252132416
Wrong 0.10394366830587387,0.03096873313188553,0.14773774147033691,0.04722447320818901
Correct 0.1684502214193344,0.009730039164423943,0.05218817666172981,0.013197481632232666
Wrong 0.14789967238903046,0.01880505681037903,0.026936834678053856,0.06615569442510605
Correct 0.06994905322790146,0.011967177502810955,0.19465559720993042,0.02380104921758175
Wrong 0.04549964889883995,0.04806007444858551,0.07158400863409042,0.1143987625837326
Correct 0.19306427240371704,0.011505819857120514,0.022005103528499603,0.022528918460011482
Wrong 0.04649623483419418,0.039155248552560806,0.055650744587183,0.11330986022949219
Correct 0.07959295064210892,0.03344190865755081,0.027508553117513657,0.12328802794218063
Correct 0.07398942112922668,0.03495116904377937,0.06086431071162224,0.03779660165309906
Correct 0.08332523703575134,0.05133678391575813,0.02332189306616783,0.04460693895816803
Correct 0.021764900535345078,0.016819603741168976,0.13437525928020477,0.07421468198299408
Correct 0.04029228538274765,0.2775079309940338,0.022252831608057022,0.030418600887060165
Wrong 0.07017160952091217,0.06192849203944206,0.06696121394634247,0.0449594184756279
Wrong 0.09437891840934753,0.009418710134923458,0.03040357492864132,0.1211945042014122
Correct 0.06930802017450333,0.07207118719816208,0.06261809915304184,0.05356465280056
Correct 0.07503361999988556,0.16261330246925354,0.02870509773492813,0.04551820829510689
Wrong 0.07182122766971588,0.015533301047980785,0.12605245411396027,0.03473469987511635
Wrong 0.3707025945186615,0.007516049314290285,0.01628842018544674,0.07893664389848709
Wrong 0.09141820669174194,0.08860855549573898,0.02422623336315155,0.041862670332193375
Wrong 0.025764500722289085,0.057612188160419464,0.020383521914482117,0.026380499824881554
Correct 0.03153863549232483,0.01335508469492197,0.027618231251835823,0.19472883641719818
Correct 0.025727154687047005,0.027387352660298347,0.0444544292986393,0.22400087118148804
Correct 0.03966119885444641,0.011633169837296009,0.20619329810142517,0.048600971698760986
Correct 0.08714162558317184,0.0234554260969162,0.07224641740322113,0.10846453905105591
Wrong 0.06316410005092621,0.014316653832793236,0.11172690987586975,0.1025361642241478
Correct 0.2353787124156952,0.009344123303890228,0.011009895242750645,0.008376967161893845
Wrong 0.08891021460294724,0.04910256713628769,0.08822260051965714,0.09539821743965149
Correct 0.07534589618444443,0.020924760028719902,0.12135050445795059,0.11762738972902298
Wrong 0.0745730996131897,0.021034900099039078,0.029434239491820335,0.02597797103226185
Wrong 0.13082686066627502,0.0957171767950058,0.05327498912811279,0.09205622971057892
Wrong 0.09225090593099594,0.021074436604976654,0.08141577988862991,0.06146559119224548
Correct 0.018739545717835426,0.2607162296772003,0.036692339926958084,0.050550274550914764
Wrong 0.0786590650677681,0.027398405596613884,0.03032756596803665,0.06942355632781982
Correct 0.029141372069716454,0.28303438425064087,0.025320079177618027,0.0380123108625412
Wrong 0.06774648278951645,0.03542370721697807,0.14568211138248444,0.09935177117586136
Correct 0.023927511647343636,0.006440567318350077,0.012708477675914764,0.34080010652542114
Correct 0.04878152906894684,0.02268649823963642,0.22911517322063446,0.036539506167173386
Wrong 0.11671432852745056,0.014382945373654366,0.03879363462328911,0.0376032255589962
Wrong 0.01564369909465313,0.009789997711777687,0.04154001921415329,0.356062114238739
Correct 0.06779001653194427,0.00946600828319788,0.0146612748503685,0.3234175741672516
Wrong 0.059238798916339874,0.025479907169938087,0.08161000907421112,0.08963828533887863
Correct 0.07058043032884598,0.03413250297307968,0.11820568144321442,0.10270775854587555
Correct 0.043490055948495865,0.07752984017133713,0.05852356553077698,0.04928715154528618
Correct 0.05368692800402641,0.05539316311478615,0.07454070448875427,0.0769147202372551
Wrong 0.0648878738284111,0.07527352124452591,0.1012924313545227,0.059090424329042435
Correct 0.05582650378346443,0.03867219015955925,0.032061245292425156,0.04665295407176018
Correct 0.08411359041929245,0.022463936358690262,0.055166929960250854,0.13548438251018524
Wrong 0.10091663897037506,0.0330224484205246,0.03407014533877373,0.04307476803660393
Correct 0.07587999850511551,0.018596023321151733,0.1863461285829544,0.04786331206560135
Wrong 0.11629517376422882,0.04554426297545433,0.021684275940060616,0.025553550571203232
Wrong 0.04548611119389534,0.021320054307579994,0.039214275777339935,0.03983435034751892
Correct 0.05053773522377014,0.013392355293035507,0.20947612822055817,0.03669232875108719
Correct 0.023642681539058685,0.013684071600437164,0.029424918815493584,0.2622610628604889
Wrong 0.13133949041366577,0.029079319909214973,0.06060684099793434,0.0436580628156662
Correct 0.11542139947414398,0.02699226699769497,0.04774506390094757,0.08578763902187347
Wrong 0.08176114410161972,0.011152718216180801,0.0738678127527237,0.043769218027591705
Wrong 0.24171549081802368,0.006594997365027666,0.018209345638751984,0.01569911651313305
Correct 0.0763181820511818,0.03257056698203087,0.08124322444200516,0.08125150948762894
Wrong 0.07011694461107254,0.07701095193624496,0.031361013650894165,0.03582003712654114
Wrong 0.0909300222992897,0.06298629939556122,0.02906504087150097,0.10224375128746033
Wrong 0.0734461322426796,0.0563170425593853,0.04931273311376572,0.05676521733403206
Correct 0.10991448909044266,0.045823097229003906,0.046182408928871155,0.03076673112809658
Correct 0.05420728772878647,0.07644563913345337,0.03814130648970604,0.04459352046251297
Correct 0.05085157975554466,0.012658846564590931,0.14830069243907928,0.034682825207710266
Wrong 0.07828568667173386,0.04976494610309601,0.01888960972428322,0.031391941010951996
Correct 0.37236106395721436,0.012943103909492493,0.018395695835351944,0.022364499047398567
Correct 0.0235761571675539,0.15861496329307556,0.06115410104393959,0.0626087635755539
Correct 0.2857843339443207,0.024586938321590424,0.021195387467741966,0.01885327324271202
Correct 0.047895871102809906,0.02210150845348835,0.04980577155947685,0.11050474643707275
Correct 0.03026091679930687,0.02777058444917202,0.06258069723844528,0.166179358959198
Wrong 0.017139090225100517,0.083051897585392,0.09121685475111008,0.07049429416656494
Wrong 0.07064870744943619,0.022232068702578545,0.021381661295890808,0.046342041343450546
Correct 0.23016391694545746,0.018747568130493164,0.06804005056619644,0.03817059472203255
Correct 0.061550624668598175,0.018920687958598137,0.03143944591283798,0.020301425829529762
Correct 0.07942666113376617,0.08131177723407745,0.04056989774107933,0.0363718718290329
Correct 0.0790461003780365,0.02448868751525879,0.07426107674837112,0.027536731213331223
Correct 0.13081009685993195,0.025559084489941597,0.09422320872545242,0.07630834728479385
Correct 0.034291233867406845,0.02031780034303665,0.077885702252388,0.025889810174703598
Wrong 0.054035719484090805,0.03922779858112335,0.06171330809593201,0.09265441447496414
Correct 0.05808471515774727,0.08320552110671997,0.032080311328172684,0.061839304864406586
Correct 0.0656830221414566,0.0099949911236763,0.1813582479953766,0.04274596646428108
Wrong 0.08498459309339523,0.10659676045179367,0.034607674926519394,0.08499310910701752
Correct 0.05261973291635513,0.019818246364593506,0.02316967211663723,0.2081325203180313
Wrong 0.05459887161850929,0.019166791811585426,0.06091238185763359,0.0658678188920021
Wrong 0.14030972123146057,0.04484868422150612,0.014448144473135471,0.03604143485426903
Wrong 0.1261061728000641,0.01934019662439823,0.07356160879135132,0.04532359912991524
Correct 0.03128382936120033,0.019886163994669914,0.07682837545871735,0.08308067917823792
Wrong 0.0971691831946373,0.09057547897100449,0.0241897851228714,0.05121445655822754
Wrong 0.04783867672085762,0.0669383555650711,0.06539087742567062,0.018590668216347694
Correct 0.1066017597913742,0.02165958099067211,0.04240608215332031,0.14124155044555664
Correct 0.15838146209716797,0.017224542796611786,0.020455509424209595,0.03143833205103874
Wrong 0.032823335379362106,0.0711376741528511,0.05540285259485245,0.09278564155101776
Wrong 0.14312230050563812,0.015323649160563946,0.06156162545084953,0.018341725692152977
Wrong 0.099286749958992,0.02017276920378208,0.1099061518907547,0.07437317818403244
Wrong 0.07891430705785751,0.04126407206058502,0.05684321001172066,0.06750866025686264
Correct 0.03410260006785393,0.016621626913547516,0.30159229040145874,0.036305151879787445
Wrong 0.054982226341962814,0.08449776470661163,0.04630421847105026,0.07755265384912491
Correct 0.05499500781297684,0.024405382573604584,0.07939859479665756,0.17342835664749146
Correct 0.17217499017715454,0.014928843826055527,0.06638374924659729,0.038126781582832336
Wrong 0.03479917719960213,0.0909714624285698,0.04132777824997902,0.09314072877168655
Correct 0.04463234171271324,0.27554863691329956,0.03116130270063877,0.026656372472643852
Wrong 0.033019889146089554,0.1799001842737198,0.06881983578205109,0.017538292333483696
Wrong 0.12918540835380554,0.02815912663936615,0.0777488648891449,0.035047754645347595
Wrong 0.04862817004323006,0.09156505018472672,0.024263229221105576,0.10874827206134796
Correct 0.039187103509902954,0.006348243914544582,0.011767636984586716,0.24384726583957672
Correct 0.038861554116010666,0.1573432981967926,0.020641228184103966,0.03457032889127731
Correct 0.09467744082212448,0.15011560916900635,0.036502063274383545,0.017652854323387146
Correct 0.05985153466463089,0.06223726645112038,0.0320383682847023,0.058477021753787994
Wrong 0.09004868566989899,0.04745439067482948,0.04745402932167053,0.058602381497621536
Correct 0.047643743455410004,0.008952478878200054,0.25159507989883423,0.02147720567882061
Wrong 0.06548305600881577,0.11673641949892044,0.07899153232574463,0.021597500890493393,0.01833113096654415
Correct 0.29041120409965515,0.011349792592227459,0.009784623049199581,0.010175550356507301
Wrong 0.10590927302837372,0.05849146842956543,0.05537833273410797,0.08313719928264618
Wrong 0.10375795513391495,0.06099846959114075,0.028147514909505844,0.05097108706831932
Wrong 0.04350071772933006,0.05808257311582565,0.014346799813210964,0.015636185184121132
Wrong 0.0795038715004921,0.03113611973822117,0.04425334185361862,0.04975973069667816
Correct 0.0673874095082283,0.07173625379800797,0.01296302955597639,0.17755989730358124
Correct 0.07483183592557907,0.08028574287891388,0.03943578526377678,0.04575075954198837
Wrong 0.1045447438955307,0.010271906852722168,0.025622090324759483,0.06646112352609634
Correct 0.02055981196463108,0.007926752790808678,0.019164668396115303,0.24853229522705078
Wrong 0.13076534867286682,0.07109808176755905,0.03631455451250076,0.03835761919617653
Wrong 0.05506632849574089,0.01844601519405842,0.018446162343025208,0.16059716045856476
Wrong 0.05823931843042374,0.09753618389368057,0.016950376331806183,0.05303730443120003
Wrong 0.0435856468975544,0.1021357923746109,0.046763937920331955,0.18352219462394714
Wrong 0.12599517405033112,0.06958446651697159,0.07123768329620361,0.04321233555674553
Wrong 0.13395002484321594,0.031324513256549835,0.09723928570747375,0.06789035350084305
Wrong 0.07229960709810257,0.013479640707373619,0.09356644004583359,0.10854724049568176
Correct 0.125274196267128,0.0968092828989029,0.013839378952980042,0.02976275235414505
Correct 0.058546800166368484,0.02479146420955658,0.0689886212348938,0.13613857328891754
Correct 0.14752769470214844,0.016814161092042923,0.026246393099427223,0.019204340875148773
Wrong 0.0432477742433548,0.07649876177310944,0.09670547395944595,0.05177009478211403
Correct 0.0398702397942543,0.011878798715770245,0.1678636521100998,0.02827640064060688
Correct 0.05362362042069435,0.03714606538414955,0.13693736493587494,0.05321388319134712
Wrong 0.4460081458091736,0.011794026009738445,0.02273358777165413,0.005442507565021515
Correct 0.17257127165794373,0.04295962676405907,0.02667505107820034,0.029299983754754066
Correct 0.06608685851097107,0.08224809914827347,0.026703687384724617,0.04009108990430832
Wrong 0.17650701105594635,0.008927177637815475,0.02563066966831684,0.026863962411880493
Correct 0.037236351519823074,0.016784993931651115,0.10775236040353775,0.05951521545648575
Correct 0.06652584671974182,0.14992204308509827,0.049055472016334534,0.055595993995666504
Correct 0.046244703233242035,0.09196922183036804,0.08308963477611542,0.032797567546367645
Correct 0.06851135194301605,0.01978488452732563,0.026623303070664406,0.07294371724128723
Correct 0.037326157093048096,0.014168515801429749,0.11862517148256302,0.024869423359632492
Correct 0.19596731662750244,0.025111690163612366,0.045118771493434906,0.041731126606464386
Wrong 0.08051735162734985,0.020518453791737556,0.10258754342794418,0.042436886578798294
Wrong 0.23350253701210022,0.008984191343188286,0.011902027763426304,0.013593598268926144
Correct 0.37061113119125366,0.016933850944042206,0.008062208071351051,0.018892602995038033
Correct 0.0304118525236845,0.00844570528715849,0.027050264179706573,0.24875615537166595
Correct 0.07158660143613815,0.045862603932619095,0.029380565509200096,0.14575251936912537
Correct 0.09504842013120651,0.012371545657515526,0.01109080296009779,0.021716097369790077
Correct 0.11769527941942215,0.0347931943833828,0.0790223479270935,0.08153858780860901
Correct 0.04009455814957619,0.3056640923023224,0.03074408695101738,0.07375652343034744
Correct 0.12390656769275665,0.021872185170650482,0.04928890988230705,0.12586946785449982
Wrong 0.03251103311777115,0.01080531720072031,0.018816865980625153,0.3361506164073944
Wrong 0.1427096575498581,0.08455540239810944,0.03636809438467026,0.06043694540858269
Correct 0.045709989964962006,0.05733548477292061,0.055140603333711624,0.03069530799984932
Wrong 0.04376094788312912,0.010809156112372875,0.08304523676633835,0.0631861761212349
Correct 0.02245297282934189,0.007820800878107548,0.0691612958908081,0.1558638960123062
Wrong 0.06559227406978607,0.06210344657301903,0.04169543460011482,0.04991041496396065
Wrong 0.07772351056337357,0.04533728212118149,0.04128017649054527,0.05913666635751724
Wrong 0.12896321713924408,0.015646735206246376,0.0175920519977808,0.04457589611411095
Wrong 0.07408452779054642,0.07825082540512085,0.05815259739756584,0.05172523111104965
Correct 0.1195167601108551,0.13333596289157867,0.026257582008838654,0.03319608047604561
Wrong 0.09236318618059158,0.11952760815620422,0.08609455078840256,0.10467401146888733
Correct 0.16178520023822784,0.028336726129055023,0.044930651783943176,0.07947921007871628
Wrong 0.07955677062273026,0.05866442993283272,0.06052766740322113,0.08945995569229126
Correct 0.24104554951190948,0.015291262418031693,0.0120023088529706,0.008185099810361862
Correct 0.2136017084121704,0.015718964859843254,0.01621776446700096,0.035983856767416
Correct 0.03475627303123474,0.022266197949647903,0.09978640079498291,0.03908107802271843
Correct 0.06719102710485458,0.1305326521396637,0.022684359923005104,0.029588991776108742
Wrong 0.11711738258600235,0.04586619883775711,0.0626918226480484,0.06726229935884476
Correct 0.025863371789455414,0.2018457055091858,0.017776666209101677,0.031941402703523636
Wrong 0.07397715747356415,0.032320234924554825,0.056724485009908676,0.0906524732708931
Correct 0.09052274376153946,0.0380345955491066,0.04343730956315994,0.08571656048297882
Wrong 0.11225946247577667,0.012400802224874496,0.013834305107593536,0.07026086747646332
Correct 0.10305186361074448,0.04099317267537117,0.02077554166316986,0.032687753438949585
Correct 0.08921551704406738,0.038074247539043427,0.04021478816866875,0.059438031166791916
Correct 0.07406684756278992,0.022590717300772667,0.18048040568828583,0.03965144231915474
Correct 0.12317928671836853,0.04062340036034584,0.07953423261642456,0.11129692196846008
Correct 0.12718726694583893,0.022276537492871284,0.07190799713134766,0.042942289263010025
Correct 0.10197732597589493,0.010748828761279583,0.03234146907925606,0.1803872436285019
Correct 0.12302990257740021,0.060432206839323044,0.0336357019841671,0.03337719291448593
Correct 0.04478130489587784,0.008614801801741123,0.02341667376458645,0.2274414300918579
Correct 0.07744364440441132,0.02236384153366089,0.0662439838051796,0.12571682035923004
Wrong 0.07795485854148865,0.05528075993061066,0.09403546154499054,0.055285412818193436
Correct 0.0791129469871521,0.10984068363904953,0.018214654177427292,0.030268562957644463
Wrong 0.06327216327190399,0.04149763658642769,0.06278388947248459,0.08515279740095139
Wrong 0.0507589653134346,0.023423248901963234,0.01660989224910736,0.1446191519498825
Wrong 0.08013351261615753,0.029023244976997375,0.07827908545732498,0.020743733271956444
Wrong 0.08555425703525543,0.03123011626303196,0.12545961141586304,0.03377247229218483
Correct 0.08251960575580597,0.018703551962971687,0.08581055700778961,0.14597445726394653
Correct 0.08788156509399414,0.008839207701385021,0.09210425615310669,0.0383988618850708
Correct 0.11289851367473602,0.027668461203575134,0.12595242261886597,0.0313563235104084
Correct 0.1721494346857071,0.024996891617774963,0.01492695976048708,0.04744124040007591
Wrong 0.09972722828388214,0.013082318939268589,0.023504167795181274,0.08464361727237701
Wrong 0.06122295558452606,0.05196107551455498,0.061225779354572296,0.07443557679653168
Wrong 0.0773019939661026,0.12449908256530762,0.03172725811600685,0.03949040547013283
Wrong 0.1324901580810547,0.024895768612623215,0.026501750573515892,0.022669464349746704
Correct 0.04114881902933121,0.11450888961553574,0.009548558853566647,0.019593318924307823
Correct 0.06897331029176712,0.02943689562380314,0.0668548122048378,0.05166855454444885
Correct 0.042368002235889435,0.042371101677417755,0.03148839995265007,0.19901426136493683
Wrong 0.08508595824241638,0.047359347343444824,0.04345976933836937,0.05624466389417648
Wrong 0.07555008679628372,0.019254280254244804,0.0955122634768486,0.09626997262239456
Wrong 0.025366254150867462,0.01082559209316969,0.311450719833374,0.0537077859044075
Wrong 0.0780593529343605,0.011694155633449554,0.042775414884090424,0.0979209840297699
Correct 0.10619809478521347,0.11847864091396332,0.01371590606868267,0.021580953150987625
Correct 0.036008644849061966,0.008355303667485714,0.08504417538642883,0.020843954756855965
Correct 0.0778571143746376,0.022837400436401367,0.049107037484645844,0.04649878293275833
Correct 0.21768032014369965,0.05813552066683769,0.01493181474506855,0.010104862041771412
Wrong 0.19538187980651855,0.02158355712890625,0.02315598353743553,0.04032609239220619
Correct 0.08689560741186142,0.0132234375923872,0.10814906656742096,0.028660735115408897
Correct 0.038708385080099106,0.054164230823516846,0.11556640267372131,0.07404034584760666
Wrong 0.18094591796398163,0.05307512730360031,0.04231643304228783,0.022128082811832428
Correct 0.08611976355314255,0.01508442685008049,0.0156854260712862,0.037630595266819
Correct 0.04466363415122032,0.025055766105651855,0.0702686682343483,0.04983508959412575
Wrong 0.04585544019937515,0.04550124332308769,0.07270939648151398,0.028926191851496696
Correct 0.062222402542829514,0.10667572170495987,0.05984126031398773,0.08844531327486038
Wrong 0.1288198083639145,0.03605515509843826,0.07999062538146973,0.06038596108555794
Wrong 0.2543025016784668,0.005361368879675865,0.00499740382656455,0.005934976972639561
Wrong 0.08072798699140549,0.09814266115427017,0.1052912026643753,0.07069473713636398
Wrong 0.03898375853896141,0.038681790232658386,0.026585903018712997,0.21240933239459991
Correct 0.045938100665807724,0.0238342322409153,0.16414450109004974,0.03522876277565956
Correct 0.3357984125614166,0.008085361681878567,0.007419630419462919,0.006548727862536907
Correct 0.18449902534484863,0.008973566815257072,0.012075688689947128,0.016636840999126434
Wrong 0.11335054785013199,0.017249124124646187,0.05109395459294319,0.03299224376678467
Wrong 0.02128925919532776,0.004533127415925264,0.018788620829582214,0.365769624710083
Wrong 0.07663265615701675,0.044009000062942505,0.025872351601719856,0.07428637892007828
Wrong 0.05661339685320854,0.06723219156265259,0.07799002528190613,0.04444218799471855
Wrong 0.15425965189933777,0.01886233501136303,0.013065795414149761,0.06431807577610016
Correct 0.13075730204582214,0.016113581135869026,0.02381421998143196,0.027413276955485344
Wrong 0.1186491996049881,0.010449353605508804,0.14651501178741455,0.03852589428424835
Wrong 0.19478382170200348,0.01294922735542059,0.011607572436332703,0.016498789191246033
Wrong 0.09119347482919693,0.051963478326797485,0.028032299131155014,0.05036860331892967
Correct 0.14467236399650574,0.015249642543494701,0.04588289186358452,0.03490862250328064
Wrong 0.0407380573451519,0.03827119246125221,0.07493215054273605,0.18546251952648163
Wrong 0.07868258655071259,0.02307930774986744,0.05282806605100632,0.054085347801446915
Correct 0.19298434257507324,0.05276263877749443,0.026531197130680084,0.07100453972816467
Wrong 0.09507158398628235,0.010502062737941742,0.026402059942483902,0.06383360177278519
Correct 0.03408185765147209,0.011240074411034584,0.2557965815067291,0.011872880160808563
Correct 0.03552871569991112,0.13619393110275269,0.03637276589870453,0.08133617788553238
Correct 0.153667613863945,0.026914328336715698,0.026497745886445045,0.024894822388887405
Wrong 0.07618964463472366,0.014317560009658337,0.016479026526212692,0.04958711192011833
Correct 0.15857329964637756,0.06161627918481827,0.0676732063293457,0.0447322353720665
Correct 0.0436016321182251,0.025434287264943123,0.1557992398738861,0.03730127587914467
Correct 0.1073763370513916,0.07555104047060013,0.08362717926502228,0.01837261952459812
Correct 0.057179950177669525,0.013582342304289341,0.0628037378191948,0.030136452987790108
Wrong 0.10436543822288513,0.01991947367787361,0.09577182680368423,0.03840069845318794
Wrong 0.02758253924548626,0.010227208025753498,0.01333882287144661,0.1347191035747528
Correct 0.058357104659080505,0.06664839386940002,0.030514772981405258,0.06877116858959198
Correct 0.04798493906855583,0.058793216943740845,0.03538324683904648,0.046877313405275345
Correct 0.06538543850183487,0.09970180690288544,0.08798858523368835,0.052138715982437134
Wrong 0.04342801123857498,0.10499747097492218,0.026137256994843483,0.028264760971069336
Wrong 0.18853633105754852,0.053598321974277496,0.057502489537000656,0.028468260541558266
Wrong 0.0650843158364296,0.05744140222668648,0.025690704584121704,0.030038632452487946
Wrong 0.07232684642076492,0.03337537497282028,0.024419009685516357,0.027244556695222855
Wrong 0.08334217965602875,0.029257189482450485,0.06491068005561829,0.04938560351729393
Correct 0.0407756008207798,0.014539930038154125,0.059330180287361145,0.2310234159231186
Wrong 0.050130825489759445,0.211061492562294,0.03814036399126053,0.05053386092185974
Wrong 0.09075430035591125,0.028783289715647697,0.06385593116283417,0.032113075256347656
Correct 0.025055937469005585,0.003754059784114361,0.021942196413874626,0.18806926906108856
Wrong 0.12129652500152588,0.01720506325364113,0.0880584791302681,0.07474005222320557
Wrong 0.037996869534254074,0.015353040769696236,0.01881079375743866,0.43486544489860535
Correct 0.05286049842834473,0.021028107032179832,0.05627339705824852,0.06038114055991173
Wrong 0.11674393713474274,0.016049586236476898,0.06549162417650223,0.030939526855945587
Correct 0.05141691863536835,0.014617751352488995,0.13868242502212524,0.02545933611690998
Wrong 0.08418889343738556,0.027333861216902733,0.03565119206905365,0.10156652331352234
Wrong 0.040176406502723694,0.049226101487874985,0.06834622472524643,0.06471651792526245
Correct 0.08637159317731857,0.16519217193126678,0.013882581144571304,0.03202939033508301
Wrong 0.15190953016281128,0.030148755759000778,0.027025256305933,0.11831968277692795
Wrong 0.1268191784620285,0.022212671115994453,0.04085469990968704,0.03605719655752182
Correct 0.06583557277917862,0.017720786854624748,0.19964872300624847,0.029911357909440994
Wrong 0.09278746694326401,0.020543919876217842,0.044176485389471054,0.18454860150814056
Wrong 0.12084490060806274,0.03355998545885086,0.03923596814274788,0.061729732900857925
Wrong 0.12250277400016785,0.013638577423989773,0.08354301005601883,0.04507127031683922
Correct 0.06940842419862747,0.017550582066178322,0.02676168829202652,0.22060227394104004
Wrong 0.2319665253162384,0.012784432619810104,0.00825436320155859,0.013824493624269962
Wrong 0.06228029355406761,0.02785499580204487,0.039900366216897964,0.08647822588682175
Correct 0.0359296016395092,0.013218700885772705,0.18825991451740265,0.039468228816986084
Correct 0.08917082846164703,0.03957156091928482,0.05848339945077896,0.029642004519701004
Wrong 0.11485954374074936,0.06858732551336288,0.022094540297985077,0.032401423901319504
Correct 0.04465664550662041,0.009216248989105225,0.21139077842235565,0.0475451722741127
Correct 0.14863047003746033,0.023702876642346382,0.02904144860804081,0.030917324125766754
Correct 0.10443734377622604,0.06957342475652695,0.052930548787117004,0.09735903143882751
Correct 0.025265192613005638,0.011750292032957077,0.04264477267861366,0.19719038903713226
Wrong 0.09906326234340668,0.02125844545662403,0.026664061471819878,0.10141991078853607
Wrong 0.08783010393381119,0.03777863830327988,0.05671130493283272,0.08922259509563446
Wrong 0.07330000400543213,0.04275795444846153,0.08911468088626862,0.1041921004652977
Correct 0.034980982542037964,0.021891135722398758,0.2228221297264099,0.019625844433903694
Correct 0.08064141124486923,0.028088778257369995,0.08320438861846924,0.06135762482881546
Wrong 0.06477776914834976,0.019000891596078873,0.07114837318658829,0.036060113459825516
Wrong 0.10449996590614319,0.04673686996102333,0.04637300223112106,0.10050270706415176
Wrong 0.05328917130827904,0.05944899842143059,0.06950421631336212,0.062306568026542664
Correct 0.1982879638671875,0.012002584524452686,0.008058425970375538,0.01529371365904808
Correct 0.1199660524725914,0.013047273270785809,0.08054528385400772,0.01943524181842804
Correct 0.02730671875178814,0.017769893631339073,0.05101717263460159,0.29358792304992676
Wrong 0.08310204744338989,0.027837350964546204,0.04050331190228462,0.05712202191352844
Wrong 0.10999493300914764,0.048812057822942734,0.04958246275782585,0.031520381569862366
Wrong 0.15503767132759094,0.010226869024336338,0.030531641095876694,0.01866592839360237
Correct 0.1392730474472046,0.030122648924589157,0.0296559426933527,0.04315374419093132
Wrong 0.061187077313661575,0.04691603034734726,0.039200253784656525,0.05885446071624756
Correct 0.06575566530227661,0.2057306319475174,0.08120152354240417,0.0263653751462698
Correct 0.0390172116458416,0.26663336157798767,0.06433185935020447,0.07121343165636063
Wrong 0.031125890091061592,0.07948314398527145,0.14733989536762238,0.04255065694451332
Correct 0.03721034899353981,0.083205446600914,0.04023704677820206,0.19498327374458313
Correct 0.09350592643022537,0.07513686269521713,0.16540099680423737
Wrong 0.11854861676692963,0.008655917830765247,0.0204420518130064,0.05869513750076294
Wrong 0.08699999004602432,0.030304070562124252,0.045137811452150345,0.06466396152973175
Correct 0.06778056174516678,0.08501826226711273,0.019421139732003212,0.025333082303404808
Wrong 0.14967221021652222,0.02790563926100731,0.02349957264959812,0.05213947221636772
Correct 0.02781916782259941,0.014546521939337254,0.01810383051633835,0.2702222764492035
Correct 0.09974319487810135,0.015538751147687435,0.04567068815231323,0.060037802904844284
Wrong 0.04978126659989357,0.1835230439901352,0.050568461418151855,0.040956299751996994
Wrong 0.25535479187965393,0.013221309520304203,0.00833879504352808,0.011221646331250668
Wrong 0.06072661653161049,0.09479381144046783,0.045485932379961014,0.026327278465032578
Wrong 0.03362889215350151,0.01786128245294094,0.03664867952466011,0.23344583809375763
Correct 0.05317748337984085,0.11890862882137299,0.06073467805981636,0.04207492992281914
Wrong 0.12481706589460373,0.04020930081605911,0.04084146022796631,0.08782818913459778
Wrong 0.1451740562915802,0.02261505275964737,0.015665488317608833,0.05383193865418434
Wrong 0.05683901906013489,0.01802647113800049,0.015662329271435738,0.11393877118825912
Correct 0.05822932720184326,0.032158758491277695,0.0196597371250391,0.06396418809890747
Correct 0.04474133625626564,0.015104444697499275,0.20527127385139465,0.035675711929798126
Correct 0.05095570161938667,0.01268528401851654,0.018170442432165146,0.19383405148983002
Wrong 0.07820651680231094,0.016522353515028954,0.0794413760304451,0.053340088576078415
Correct 0.06335144490003586,0.02276751771569252,0.06958094239234924,0.05131197348237038
Wrong 0.06221222132444382,0.026968132704496384,0.048077572137117386,0.04310042783617973
Correct 0.18872804939746857,0.0380471907556057,0.052004124969244,0.10423971712589264
Wrong 0.08462090790271759,0.024246137589216232,0.04124362766742706,0.10698375850915909
Correct 0.029550332576036453,0.010373546741902828,0.12058281898498535,0.019534053280949593
Wrong 0.1076403483748436,0.020868515595793724,0.027431968599557877,0.052470047026872635
Correct 0.028798222541809082,0.018450643867254257,0.04823100194334984,0.23926864564418793
Wrong 0.0793827623128891,0.01423380896449089,0.03207598254084587,0.03809424117207527
Correct 0.03376961871981621,0.018504928797483444,0.03377164527773857,0.1501806080341339
Wrong 0.03503759577870369,0.04678346589207649,0.15339501202106476,0.04194240644574165
Correct 0.07383736222982407,0.013136754743754864,0.015600389800965786,0.020671634003520012
Wrong 0.24730944633483887,0.013314899057149887,0.01165937352925539,0.017919035628437996
Wrong 0.10215706378221512,0.01803324557840824,0.029499901458621025,0.039085566997528076
Correct 0.038970038294792175,0.12678450345993042,0.05759527534246445,0.0371912345290184
Correct 0.2568197250366211,0.021414706483483315,0.01616518944501877,0.03449352830648422
Wrong 0.08053289353847504,0.014782349579036236,0.03955863416194916,0.020050130784511566
Correct 0.06755206733942032,0.01762297749519348,0.12819495797157288,0.08674916625022888
Wrong 0.05043983832001686,0.021359382197260857,0.11191292107105255,0.09351424872875214
Wrong 0.07451173663139343,0.013571030460298061,0.024960482493042946,0.031069394201040268
Wrong 0.27278634905815125,0.03283799812197685,0.042494114488363266,0.0383942537009716
Wrong 0.035728804767131805,0.014895152300596237,0.11443890631198883,0.038037531077861786
Wrong 0.07477652281522751,0.08539941161870956,0.1333085149526596,0.027946583926677704
Wrong 0.09448537975549698,0.0214160718023777,0.04193059355020523,0.05342704802751541
Wrong 0.07073474675416946,0.012682694010436535,0.05683871731162071,0.17372463643550873
Wrong 0.049530867487192154,0.013648126274347305,0.015586629509925842,0.3519856929779053
Correct 0.2151423692703247,0.016334453597664833,0.02180962637066841,0.05071224644780159
Wrong 0.06695772707462311,0.025021778419613838,0.06801527738571167,0.030900562182068825
Correct 0.09908541291952133,0.017085621133446693,0.034513700753450394,0.03732120245695114
Wrong 0.07289163768291473,0.024608876556158066,0.03811482712626457,0.08725151419639587
Correct 0.08806417882442474,0.0629374235868454,0.04462989419698715,0.06393925845623016
Wrong 0.09422334283590317,0.026578711345791817,0.0716879591345787,0.0700332298874855
Wrong 0.028803648427128792,0.011280170641839504,0.15571600198745728,0.02011185884475708
Wrong 0.02929125539958477,0.16855600476264954,0.053042273968458176,0.028174029663205147
Correct 0.1088036298751831,0.05100007727742195,0.08023287355899811,0.06600368767976761
Wrong 0.0763484537601471,0.03468521311879158,0.03961179405450821,0.09355634450912476
Wrong 0.04380716383457184,0.06785126775503159,0.06732498854398727,0.08989965915679932
Correct 0.06793031841516495,0.19351516664028168,0.042512062937021255,0.05459219217300415
Wrong 0.04296095669269562,0.011120537295937538,0.036748021841049194,0.251131147146225
Wrong 0.04226026311516762,0.013936924748122692,0.20161327719688416,0.10625407099723816
Wrong 0.12063344568014145,0.03147227689623833,0.06714648008346558,0.06358114629983902
Correct 0.09292455017566681,0.012381860986351967,0.04424147680401802,0.127027228474617
Correct 0.060165852308273315,0.03564954921603203,0.07546933740377426,0.17685672640800476
Correct 0.15785357356071472,0.17202164232730865,0.033349618315696716,0.0366305410861969
Correct 0.23980110883712769,0.02248181775212288,0.022481372579932213,0.035371437668800354
Correct 0.15514396131038666,0.012636909261345863,0.014545077458024025,0.12178986519575119
Correct 0.0984664112329483,0.026504168286919594,0.12159119546413422,0.05149305984377861
Wrong 0.05838025361299515,0.14336834847927094,0.07674503326416016,0.04044720157980919
Wrong 0.21133704483509064,0.015310666523873806,0.062474001199007034,0.03615960851311684
Wrong 0.06510863453149796,0.017662938684225082,0.050710078328847885,0.0732138529419899
Wrong 0.11299005150794983,0.02277963049709797,0.07766120880842209,0.06591742485761642
Wrong 0.037955570966005325,0.11155889183282852,0.12252537161111832,0.05743246525526047
Wrong 0.21416914463043213,0.04184640944004059,0.03721941262483597
Wrong 0.07105905562639236,0.03104572184383869,0.018683841452002525,0.08707409352064133
Correct 0.3943118751049042,0.01370595209300518,0.014704604633152485,0.019029824063181877
Correct 0.15393617749214172,0.014097431674599648,0.017961345613002777,0.03862534835934639
Correct 0.04410339519381523,0.025927914306521416,0.0401584729552269,0.05532333254814148
Wrong 0.1342684030532837,0.01934487745165825,0.06595429033041,0.04863663762807846
Wrong 0.05989288538694382,0.017568251118063927,0.06179609149694443,0.09062924981117249
Wrong 0.0694001317024231,0.018104873597621918,0.05844371020793915,0.07622908800840378
Correct 0.039456453174352646,0.015818960964679718,0.08096208423376083,0.04300331696867943
Wrong 0.031228452920913696,0.008471564389765263,0.25742024183273315,0.060202594846487045
Correct 0.08546125143766403,0.10803679376840591,0.034532636404037476,0.049857087433338165
Wrong 0.172590970993042,0.037622470408678055,0.025258054956793785,0.06203441321849823
Wrong 0.08177085220813751,0.013349988497793674,0.045872971415519714,0.010644554160535336
Wrong 0.07124677300453186,0.02856563590466976,0.05953340604901314,0.04156691953539848
Correct 0.021243808791041374,0.015911700204014778,0.03877124935388565,0.3323182761669159
Wrong 0.07558008283376694,0.01572013832628727,0.026741929352283478,0.06365566700696945
Wrong 0.10107443481683731,0.054102879017591476,0.1277744024991989,0.08315036445856094
Correct 0.1822708398103714,0.01373074110597372,0.009660906158387661,0.012700102292001247
Correct 0.06937292218208313,0.043754685670137405,0.03461356461048126,0.1161876693367958
Correct 0.05944458767771721,0.012756695970892906,0.15540172159671783,0.015270154923200607
Wrong 0.05930005759000778,0.01970984786748886,0.07496797293424606,0.10088784247636795
Correct 0.014026465825736523,0.00689023919403553,0.011998329311609268,0.3674548268318176
Wrong 0.11079350858926773,0.02491679973900318,0.018229342997074127,0.078571617603302
Correct 0.04408896714448929,0.028245599940419197,0.044091563671827316,0.20547647774219513
Wrong 0.1416545808315277,0.034717101603746414,0.021556800231337547,0.015407807193696499
Correct 0.05451115220785141,0.021347712725400925,0.13919954001903534,0.01675737462937832
Correct 0.18881869316101074,0.050427503883838654,0.01914106495678425,0.0328180231153965
Wrong 0.3179478645324707,0.015224548056721687,0.012044048868119717,0.015345322899520397
Wrong 0.0465594157576561,0.025118617340922356,0.038903988897800446,0.11170446127653122
Wrong 0.12753038108348846,0.028680721297860146,0.03541625663638115,0.10573577135801315
Wrong 0.05063007026910782,0.15717634558677673,0.03071139007806778,0.022296158596873283
Correct 0.028871063143014908,0.010294741950929165,0.27392303943634033,0.07607367634773254
Wrong 0.10620296001434326,0.11847959458827972,0.02602812647819519,0.035858359187841415
Wrong 0.15248075127601624,0.012420049868524075,0.030739452689886093,0.12253618985414505
Correct 0.018377279862761497,0.008092056959867477,0.023232240229845047,0.2721882462501526
Correct 0.03620249778032303,0.02732841484248638,0.10074761509895325,0.07546517997980118
Correct 0.11949212104082108,0.041298121213912964,0.05823877826333046,0.05261939391493797
Correct 0.05987408384680748,0.04279180243611336,0.043806325644254684,0.07000502198934555
Wrong 0.0832306295633316,0.04525381699204445,0.029448987916111946,0.031107624992728233
Correct 0.19601140916347504,0.0348728783428669,0.027587832883000374,0.03102004900574684
Wrong 0.06054220348596573,0.08672379702329636,0.08340194821357727,0.07190264016389847
Wrong 0.0397784560918808,0.10812734067440033,0.06406508386135101,0.04136868566274643
Correct 0.03355162590742111,0.012343600392341614,0.1001671701669693,0.05797714367508888
Wrong 0.17446565628051758,0.017275648191571236,0.027391495183110237,0.0631951093673706
Wrong 0.33911314606666565,0.00816493108868599,0.012845348566770554,0.012745939195156097
Correct 0.05946473777294159,0.03635260462760925,0.09282860904932022,0.0943065956234932
Wrong 0.07274480164051056,0.06222467124462128,0.03128936514258385,0.05406639352440834
Correct 0.15792934596538544,0.052489496767520905,0.026601264253258705,0.026192007586359978
Correct 0.12744255363941193,0.04073433578014374,0.03539301082491875,0.0969667062163353
Wrong 0.3240636885166168,0.041202742606401443,0.017447130754590034,0.024414818733930588
Wrong 0.10267706215381622,0.02699713036417961,0.0274229533970356,0.05496983230113983
Correct 0.03449929878115654,0.013617184944450855,0.050989799201488495,0.0509946346282959
Correct 0.03776945546269417,0.1470673829317093,0.03866828233003616,0.05715171992778778
Wrong 0.15655870735645294,0.019143767654895782,0.08186575770378113,0.033863604068756104
Correct 0.07431986182928085,0.13776950538158417,0.057885684072971344,0.0436982735991478
Wrong 0.06559652090072632,0.021131308749318123,0.05880206450819969,0.0271350909024477
Wrong 0.08041978627443314,0.024720722809433937,0.05152274668216705,0.0417286679148674
Correct 0.12721030414104462,0.024856187403202057,0.14989516139030457,0.05100541189312935
Correct 0.04503878206014633,0.015086811035871506,0.028407402336597443,0.30067262053489685
Wrong 0.03163991868495941,0.008126799948513508,0.0297247301787138,0.33229967951774597
Wrong 0.08846161514520645,0.02254362776875496,0.03574485331773758,0.1083962544798851
Wrong 0.08648687601089478,0.030600430443882942,0.06181364506483078,0.07999923080205917
Wrong 0.015305361710488796,0.009283775463700294,0.03165221959352493,0.18501384556293488
Wrong 0.13428346812725067,0.03817480802536011,0.14633536338806152,0.06545000523328781
Wrong 0.05446343868970871,0.010476790368556976,0.13799597322940826,0.061721060425043106
Wrong 0.15307161211967468,0.04217767342925072,0.02921590581536293,0.07063780725002289
Wrong 0.06926731765270233,0.04437576234340668,0.059249330312013626,0.057432565838098526
Wrong 0.08042838424444199,0.04373106360435486,0.05977247655391693,0.1001068502664566
Wrong 0.09153979271650314,0.024831898510456085,0.015539759770035744,0.026025915518403053
Wrong 0.089894138276577,0.023268356919288635,0.1760057508945465,0.04520553722977638
Wrong 0.14863832294940948,0.022095533087849617,0.03449033945798874,0.019963504746556282
Wrong 0.08255629241466522,0.027225544676184654,0.09502372145652771,0.11373905837535858
Wrong 0.1942494511604309,0.018211722373962402,0.02356736548244953,0.04072457551956177
Wrong 0.04036710411310196,0.033994078636169434,0.04230629280209541,0.04539114981889725
Correct 0.255074679851532,0.008329498581588268,0.015561449341475964,0.017773276194930077
Wrong 0.07225878536701202,0.015385930426418781,0.10111267119646072,0.05164892226457596
Wrong 0.11471399664878845,0.02682618983089924,0.048197269439697266,0.048580147325992584
Wrong 0.030134813860058784,0.06040439009666443,0.04559629037976265,0.05500837042927742
Correct 0.1155705451965332,0.010501637123525143,0.033114198595285416,0.031848326325416565
Correct 0.05270707607269287,0.011853889562189579,0.11334113031625748,0.010462325066328049
Correct 0.2231341153383255,0.008256706409156322,0.00757696432992816,0.012990900315344334
Wrong 0.06121739745140076,0.10093129426240921,0.013985137455165386,0.026749037206172943
Wrong 0.06007719412446022,0.059147387742996216,0.11400903016328812,0.062474410980939865
Correct 0.09340864419937134,0.020520882681012154,0.04310429096221924,0.0762469545006752
Wrong 0.061658743768930435,0.02001863904297352,0.13363033533096313,0.0531616173684597
Correct 0.05175193399190903,0.025820966809988022,0.19994407892227173,0.04094340279698372
Wrong 0.07137447595596313,0.026672853156924248,0.03425009176135063,0.06349574029445648
Wrong 0.08736789226531982,0.05382812023162842,0.0659542828798294,0.061003122478723526
Correct 0.10872071236371994,0.018456650897860527,0.027490822598338127,0.041920922696590424
Correct 0.5115025043487549,0.01139006856828928,0.0062415399588644505,0.0072404248639941216
Wrong 0.14053453505039215,0.04219977930188179,0.03160591796040535,0.06435368210077286
Wrong 0.04951751232147217,0.14440783858299255,0.017383858561515808,0.03003973886370659
Wrong 0.0979543998837471,0.055815212428569794,0.08712603896856308,0.06680900603532791
Wrong 0.051775626838207245,0.0151871582493186,0.03970065712928772,0.08604472130537033
Wrong 0.07235322892665863,0.0554782971739769,0.06435571610927582,0.06336814165115356
Correct 0.09180735051631927,0.04474722966551781,0.06261063367128372,0.11250191181898117
Wrong 0.051830146461725235,0.0193686094135046,0.035624586045742035,0.026066526770591736
Wrong 0.0501442477107048,0.01577959954738617,0.020103510469198227,0.1983349323272705
Wrong 0.0629882887005806,0.01735607162117958,0.05825672298669815,0.03425033763051033
Wrong 0.08626909554004669,0.019100720062851906,0.12166503816843033,0.07437939941883087
Wrong 0.0918017104268074,0.01793733984231949,0.0779154896736145,0.07206843048334122
Wrong 0.1184624582529068,0.049773603677749634,0.02880743518471718,0.04567858576774597
Wrong 0.024488424882292747,0.01544507872313261,0.017096370458602905,0.2532043755054474
Wrong 0.03648526594042778,0.16224278509616852,0.03245231881737709,0.02932077646255493
Wrong 0.09272915869951248,0.06837685406208038,0.038358382880687714,0.03689234331250191
Wrong 0.06086001172661781,0.13293106853961945,0.06038779392838478,0.0545591302216053
Correct 0.0400155708193779,0.044643584638834,0.1375093311071396,0.02371508814394474
Correct 0.07325752824544907,0.03380383178591728,0.09554751217365265,0.13060234487056732
Wrong 0.029810301959514618,0.02268034964799881,0.08969882130622864,0.049159321933984756,0.039193812757730484
Wrong 0.18155553936958313,0.010486511513590813,0.011607774533331394,0.006771679036319256
Wrong 0.07007592171430588,0.009484708309173584,0.13613933324813843,0.045252926647663116
Wrong 0.11104412376880646,0.08922829478979111,0.12006975710391998
Wrong 0.218206986784935,0.021606741473078728,0.00801156461238861,0.013004275970160961
Wrong 0.10380598157644272,0.026044704020023346,0.03504696860909462,0.17522305250167847
Correct 0.0810081958770752,0.015103967860341072,0.08691223710775375,0.04800265282392502
Wrong 0.36049607396125793,0.010718455538153648,0.019869036972522736,0.02323094941675663
Wrong 0.051419228315353394,0.1376056969165802,0.02045520208775997,0.03193274512887001
Wrong 0.053112298250198364,0.010459298267960548,0.11692165583372116,0.03737644851207733
