grade confidence_levels
Correct 15.859408378601074,15.328229904174805,15.992215156555176,18.015689849853516
Wrong 13.836166381835938,17.28135108947754,19.85940933227539,17.281375885009766
Correct 12.234780311584473,14.08602523803711,18.18752098083496,17.093849182128906
Correct 14.500097274780273,18.21883773803711,10.204716682434082,16.140775680541992
Correct 12.953264236450195,12.875246047973633,19.21878433227539,16.45323371887207
Correct 12.906354904174805,14.422054290771484,12.093835830688477,21.234413146972656
Correct 11.211432456970215,14.468913078308105,13.57819938659668,19.81255340576172
Correct 9.946657180786133,13.617565155029297,13.117818832397461,17.078418731689453
Wrong 16.062522888183594,16.000072479248047,11.890873908996582,16.156396865844727
Wrong 14.460987091064453,20.671892166137695,14.210993766784668,10.500456809997559
Correct 19.687522888183594,13.1097993850708,14.828407287597656,13.774001121520996
Correct 12.047176361083984,18.500064849853516,16.76569938659668,11.36001205444336
Wrong 13.140710830688477,16.62507438659668,20.062528610229492,14.12513256072998
Correct 12.187601089477539,18.015684127807617,16.234432220458984,14.000343322753906
Correct 13.711016654968262,17.968799591064453,11.844033241271973,16.28145980834961
Wrong 11.609682083129883,18.28131675720215,11.836119651794434,19.18758773803711
Correct 14.828142166137695,16.093774795532227,10.539219856262207,20.625022888183594
Correct 15.390656471252441,13.718844413757324,11.289216995239258,20.43754005432129
Correct 18.546892166137695,18.15633773803711,13.758243560791016,12.375433921813965
Wrong 10.8834228515625,12.609641075134277,18.75005340576172,14.953333854675293
Wrong 11.289311408996582,17.953197479248047,17.906291961669922,13.945475578308105
Correct 16.484403610229492,14.25006103515625,11.3673734664917,20.468786239624023
Correct 15.796902656555176,18.156299591064453,12.742398262023926,12.297224044799805
Wrong 13.023551940917969,18.500030517578125,13.468790054321289,20.093769073486328
Wrong 15.250052452087402,15.851720809936523,20.37509536743164,13.992441177368164
Wrong 13.859455108642578,11.211276054382324,18.437541961669922,18.45317840576172
Correct 14.593804359436035,12.547101020812988,20.968782424926758,11.000288009643555
Wrong 15.781402587890625,15.640913009643555,16.969104766845703,15.258648872375488
Correct 16.000022888183594,14.179830551147461,12.312652587890625,20.453168869018555
Wrong 11.203310012817383,17.140661239624023,20.06251335144043,15.6094970703125
Correct 14.000171661376953,16.406702041625977,17.906368255615234,15.359561920166016
Correct 11.67231559753418,13.781394958496094,17.75010108947754,16.78148651123047
Correct 14.093849182128906,16.39072608947754,19.468786239624023,17.68755531311035
Correct 17.140653610229492,16.93756866455078,12.48519229888916,16.79697608947754
Correct 13.328242301940918,19.750019073486328,11.461185455322266,16.51569938659668
Correct 10.84385871887207,21.000017166137695,12.867241859436035,11.26585865020752
Wrong 18.76566505432129,16.562732696533203,12.26582145690918,17.26580810546875
Wrong 14.398482322692871,16.46879005432129,14.68752670288086,19.718799591064453
Wrong 12.2268648147583,19.312543869018555,15.218814849853516,13.648734092712402
Wrong 17.156299591064453,18.171937942504883,15.515714645385742,18.734424591064453
Correct 14.257856369018555,18.343780517578125,15.76569652557373,14.08603572845459
Correct 14.343780517578125,12.508028984069824,16.98438835144043,20.531272888183594
Wrong 16.01565933227539,14.890832901000977,19.765666961669922,16.76569175720215
Correct 12.359468460083008,14.140748023986816,20.468774795532227,7.271310806274414
Wrong 12.250115394592285,14.140692710876465,16.500030517578125,19.187572479248047
Wrong 15.039129257202148,18.796890258789062,12.42195987701416,20.76564598083496
Wrong 14.195394515991211,17.140727996826172,17.03131675720215,15.804825782775879
Wrong 15.000043869018555,17.531349182128906,16.828224182128906,16.531343460083008
Wrong 11.133039474487305,15.960986137390137,15.64063835144043,21.921884536743164
Correct 15.117242813110352,12.90787410736084,9.657328605651855,17.437705993652344
Correct 16.859453201293945,14.625473022460938,13.343896865844727,14.945698738098145
Wrong 16.843860626220703,15.547094345092773,12.461445808410645,17.265756607055664
Correct 11.28142261505127,21.453142166137695,13.1094388961792,13.422059059143066
Correct 12.789308547973633,20.18755340576172,9.969325065612793,8.401524543762207
Correct 19.984392166137695,18.281354904174805,11.515909194946289,15.20323657989502
Correct 11.093986511230469,10.9534273147583,21.078157424926758,11.781795501708984
Correct 10.554959297180176,17.34379005432129,20.218778610229492,9.875472068786621
Correct 13.390997886657715,18.953163146972656,12.17990493774414,15.24239730834961
Wrong 18.484466552734375,12.906917572021484,18.60970687866211,8.028018951416016
Correct 15.83598518371582,17.93756103515625,17.59380531311035,18.859437942504883
Correct 11.406575202941895,11.390913009643555,20.03129768371582,18.234445571899414
Wrong 15.062589645385742,15.8908109664917,17.250062942504883,17.171926498413086
Wrong 14.343884468078613,13.539244651794434,16.484403610229492,18.000076293945312
Wrong 12.156353950500488,15.41417407989502,20.65627670288086,13.156457901000977
Wrong 13.484415054321289,14.437606811523438,13.31255054473877,21.84377098083496
Correct 13.328194618225098,16.421958923339844,19.656272888183594,17.390666961669922
Wrong 19.750032424926758,15.03921890258789,13.664308547973633,16.937803268432617
Correct 14.34377670288086,15.35944938659668,12.570390701293945,21.265661239624023
Correct 10.164257049560547,20.718767166137695,13.304743766784668,12.14867877960205
Correct 10.609594345092773,20.750022888183594,11.851743698120117,12.914285659790039
Correct 18.68752098083496,17.828170776367188,13.96886157989502,16.73444175720215
Wrong 13.61730670928955,19.56252670288086,14.562580108642578,19.50007438659668
Correct 20.375076293945312,13.1264009475708,13.109784126281738,14.172557830810547
Wrong 13.453208923339844,13.578279495239258,21.515653610229492,13.078231811523438
Wrong 14.640691757202148,16.8438777923584,19.093828201293945,14.156399726867676
Correct 13.508002281188965,15.484670639038086,18.59384536743164,13.531453132629395
Correct 21.109386444091797,16.875167846679688,11.21890926361084,8.985452651977539
Wrong 11.500198364257812,16.562583923339844,12.828225135803223,19.640668869018555
Correct 15.625051498413086,17.375072479248047,17.421907424926758,16.093908309936523
Correct 14.796899795532227,20.000036239624023,12.609458923339844,11.20356559753418
Correct 17.65627098083496,16.7345027923584,12.797062873840332,18.312543869018555
Wrong 14.03140640258789,17.078285217285156,9.227521896362305,16.672138214111328
Correct 20.453248977661133,11.124884605407715,13.453857421875,6.84828519821167
Wrong 12.40646743774414,16.937944412231445,15.765779495239258,9.446893692016602
Wrong 12.461394309997559,17.281347274780273,15.734469413757324,16.937576293945312
Wrong 12.531457901000977,13.968836784362793,13.156376838684082,19.15643882751465
Correct 21.42188262939453,13.234683990478516,10.515710830688477,12.875259399414062
Wrong 18.031267166137695,18.21886444091797,10.18779468536377,13.133091926574707
Wrong 16.500051498413086,10.532514572143555,12.703399658203125,18.593935012817383
Correct 22.656267166137695,16.032695770263672,9.907063484191895,9.041938781738281
Correct 20.53129768371582,14.289860725402832,9.250910758972168,8.23161506652832
Correct 14.468816757202148,15.570442199707031,14.937787055969238,18.37506675720215
Correct 12.320450782775879,20.42194175720215,13.33603286743164,12.625214576721191
Correct 14.18759536743164,19.640663146972656,15.101614952087402,16.281322479248047
Correct 19.609437942504883,11.244742393493652,9.071228981018066,11.667303085327148
Wrong 16.625019073486328,15.875085830688477,11.750165939331055,19.53129768371582
Wrong 10.586495399475098,17.6251220703125,18.093801498413086,12.508031845092773
Correct 21.12502098083496,14.375316619873047,15.843802452087402,13.148672103881836
Correct 11.625216484069824,20.468782424926758,9.7192964553833,11.148716926574707
Wrong 17.687519073486328,14.24262523651123,18.45319938659668,12.297119140625
Correct 13.523483276367188,14.203216552734375,13.281281471252441,20.828161239624023
Correct 11.54778003692627,12.836639404296875,16.81270408630371,16.34393310546875
Correct 14.906293869018555,15.109572410583496,9.742693901062012,16.56268310546875
Wrong 10.859512329101562,18.687530517578125,14.804708480834961,14.046977996826172
Wrong 22.546886444091797,15.164399147033691,15.406341552734375,11.08725357055664
Wrong 11.594243049621582,15.492302894592285,13.195611000061035,19.406347274780273
Wrong 16.484439849853516,14.617317199707031,20.796897888183594,14.656556129455566
Wrong 13.320388793945312,16.843852996826172,14.664210319519043,20.640684127807617
Correct 15.117246627807617,11.969138145446777,20.437530517578125,10.594164848327637
Wrong 11.08632755279541,17.062551498413086,10.711151123046875,18.312572479248047
Wrong 19.062545776367188,12.688216209411621,13.484665870666504,17.828289031982422
Correct 10.51628589630127,18.437545776367188,11.711125373840332,14.953644752502441
Correct 19.56255340576172,15.515898704528809,10.648886680603027,15.867660522460938
Correct 12.453341484069824,16.62506675720215,13.570399284362793,19.40629768371582
Correct 19.296916961669922,14.789857864379883,15.047041893005371,12.500509262084961
Correct 13.71881103515625,17.07825469970703,15.203205108642578,16.07843589782715
Correct 13.070361137390137,17.42191505432129,14.203214645385742,18.67194938659668
Correct 11.765783309936523,15.078204154968262,15.656277656555176,20.60939598083496
Correct 15.164205551147461,18.18760871887207,14.812858581542969,17.297035217285156
Correct 12.609685897827148,13.219341278076172,19.469051361083984,13.320915222167969
Wrong 11.859623908996582,15.593879699707031,14.960994720458984,18.593847274780273
Correct 20.593786239624023,13.438157081604004,11.289307594299316,13.812744140625
Correct 12.937586784362793,14.609508514404297,11.242473602294922,19.203205108642578
Correct 13.632863998413086,13.06257152557373,20.906269073486328,12.266091346740723
Correct 13.56257438659668,13.765677452087402,20.656280517578125,12.625297546386719
Correct 11.476936340332031,13.046998023986816,18.968862533569336,15.687654495239258
Correct 17.843769073486328,18.062549591064453,15.562536239624023,17.281326293945312
Correct 20.500062942504883,14.703583717346191,13.656582832336426,10.01630687713623
Wrong 12.758211135864258,18.172027587890625,16.094017028808594,13.281445503234863
Correct 13.27349853515625,15.937555313110352,12.820343017578125,20.906286239624023
Correct 13.453189849853516,18.82817268371582,17.937524795532227,9.922150611877441
Wrong 11.734458923339844,21.031282424926758,12.078214645385742,12.547098159790039
Correct 20.375028610229492,13.406864166259766,10.977052688598633,13.437821388244629
Correct 19.875030517578125,15.96113395690918,14.390726089477539,11.367809295654297
Wrong 19.000011444091797,18.09377098083496,14.390666007995605,20.953144073486328
Correct 15.703147888183594,15.04692554473877,13.328229904174805,19.812551498413086
Wrong 14.539159774780273,18.015716552734375,10.727231979370117,16.125225067138672
Correct 11.687960624694824,16.640792846679688,17.203182220458984,14.765938758850098
Correct 13.468976020812988,18.031471252441406,14.906622886657715,9.191445350646973
Correct 15.68753719329834,16.01566505432129,12.156773567199707,21.062519073486328
Correct 13.781343460083008,18.890676498413086,11.633035659790039,16.9845027923584
Correct 14.906328201293945,18.421926498413086,18.937538146972656,10.523931503295898
Wrong 17.3437557220459,16.390657424926758,13.15627384185791,20.890640258789062
Wrong 11.883001327514648,17.64069938659668,12.867337226867676,16.62514877319336
Correct 19.015687942504883,16.125152587890625,11.344250679016113,15.148918151855469
Correct 12.91422176361084,11.265981674194336,21.843795776367188,7.716469764709473
Correct 19.453142166137695,15.836115837097168,12.008057594299316,15.000238418579102
Correct 13.093847274780273,15.92976188659668,15.265665054321289,18.375059127807617
Correct 13.648508071899414,17.546987533569336,13.047015190124512,16.593873977661133
Wrong 12.179884910583496,13.797342300415039,19.15629768371582,17.625059127807617
Correct 12.703215599060059,12.781340599060059,19.000028610229492,16.62507438659668
Correct 11.781423568725586,13.593850135803223,20.81251335144043,13.562623977661133
Wrong 12.101846694946289,16.18779182434082,13.437631607055664,19.04694175720215
Wrong 19.29689598083496,16.109458923339844,13.21882152557373,16.56256866455078
Correct 17.750051498413086,16.2032470703125,10.351876258850098,17.468935012817383
Wrong 13.320464134216309,18.40634536743164,14.218923568725586,15.71890926361084
Correct 12.140722274780273,20.125009536743164,14.789085388183594,15.890743255615234
Correct 13.50003433227539,11.27369213104248,22.546886444091797,9.367772102355957
Correct 13.335963249206543,14.171924591064453,13.968769073486328,22.156259536743164
Correct 17.156354904174805,15.320503234863281,11.273869514465332,17.906349182128906
Correct 18.281288146972656,16.1251220703125,15.523513793945312,13.703337669372559
Wrong 16.937522888183594,14.937625885009766,18.671907424926758,15.547019004821777
Correct 15.820359230041504,13.929912567138672,11.812665939331055,19.84385871887207
Wrong 15.20327377319336,13.883544921875,18.34417152404785,15.789619445800781
Correct 12.945362091064453,14.937626838684082,10.14078140258789,21.046903610229492
Correct 11.672685623168945,15.453279495239258,11.578951835632324,20.50004768371582
Correct 13.359737396240234,20.593780517578125,11.39090347290039,12.109823226928711
Correct 11.43798828125,20.703170776367188,11.55499267578125,11.937761306762695
Wrong 18.468759536743164,16.906291961669922,15.523481369018555,21.04688835144043
Correct 11.304879188537598,18.515661239624023,14.23443603515625,18.312538146972656
Correct 17.015722274780273,16.37510871887207,15.66423225402832,18.765886306762695
Correct 12.093897819519043,15.336145401000977,19.87506866455078,10.517467498779297
Correct 18.796913146972656,15.922107696533203,12.531357765197754,14.984800338745117
Wrong 15.94542407989502,16.35947036743164,16.765674591064453,16.765718460083008
Wrong 20.343820571899414,13.149882316589355,9.236692428588867,11.806024551391602
Correct 11.906502723693848,16.062591552734375,19.718786239624023,11.047603607177734
Wrong 16.90630531311035,16.046924591064453,11.547219276428223,20.250051498413086
Wrong 11.672178268432617,19.14073371887207,12.00051212310791,15.359808921813965
Wrong 19.500041961669922,15.531745910644531,16.10957908630371,11.540205955505371
Correct 21.656261444091797,15.304981231689453,15.03915786743164,9.039505004882812
Correct 14.890678405761719,18.140684127807617,12.695487976074219,17.546916961669922
Wrong 11.015899658203125,21.39064598083496,13.375081062316895,9.78161907196045
Correct 19.03129005432129,14.820711135864258,15.671984672546387,17.125282287597656
Correct 10.141202926635742,19.281309127807617,13.18770694732666,9.399133682250977
Correct 18.78129005432129,16.500093460083008,13.156371116638184,14.56256103515625
Correct 15.945353507995605,17.84384536743164,15.804739952087402,16.031503677368164
Wrong 12.773578643798828,15.632957458496094,17.734411239624023,16.046981811523438
Wrong 12.406401634216309,17.921926498413086,16.76565933227539,15.81258487701416
Wrong 11.734710693359375,19.031301498413086,13.750070571899414,17.203248977661133
Wrong 12.28924560546875,14.968857765197754,19.59378433227539,14.718989372253418
Wrong 13.203222274780273,15.250101089477539,13.547036170959473,19.34382438659668
Correct 10.390915870666504,15.695351600646973,15.28127384185791,19.17190170288086
Correct 14.359448432922363,18.64064598083496,12.781356811523438,16.109519958496094
Correct 16.687509536743164,16.281309127807617,14.359397888183594,19.140657424926758
Correct 19.00006866455078,14.586161613464355,10.930181503295898,15.844093322753906
Wrong 13.929767608642578,15.84399700164795,16.73451805114746,17.51580238342285
Wrong 13.703228950500488,15.156359672546387,17.15627670288086,18.04709815979004
Correct 15.664103507995605,20.093778610229492,11.640869140625,11.187824249267578
Correct 19.593761444091797,15.71897029876709,11.242530822753906,18.21880340576172
Correct 15.609392166137695,14.906370162963867,13.992228507995605,20.109403610229492
Correct 17.765779495239258,15.156643867492676,14.899232864379883,14.812702178955078
Correct 15.125056266784668,19.703166961669922,11.59393310546875,15.203191757202148
Wrong 16.843786239624023,16.453197479248047,16.32821273803711,17.593814849853516
Wrong 12.672134399414062,13.54012393951416,19.07821273803711,12.938411712646484
Correct 14.679763793945312,19.406265258789062,12.953243255615234,14.187617301940918
Wrong 14.250105857849121,14.445481300354004,14.765705108642578,18.312631607055664
Correct 18.343812942504883,18.125185012817383,14.320704460144043,14.765937805175781
Correct 13.875101089477539,16.109458923339844,18.156326293945312,14.281360626220703
Wrong 12.484952926635742,18.609458923339844,13.562722206115723,16.015758514404297
Wrong 12.156377792358398,17.125072479248047,19.375030517578125,11.196066856384277
Correct 12.98440933227539,20.125017166137695,12.273538589477539,15.109439849853516
Correct 21.796894073486328,14.187870979309082,11.234787940979004,12.86801815032959
Correct 13.750146865844727,18.062570571899414,14.859404563903809,17.375083923339844
Correct 11.672443389892578,14.37547492980957,9.320881843566895,17.828369140625
Wrong 15.382890701293945,15.640835762023926,10.594005584716797,16.062759399414062
Correct 12.640681266784668,20.500011444091797,10.875091552734375,10.648628234863281
Correct 15.73443603515625,14.539277076721191,20.437549591064453,10.9768648147583
Correct 12.796992301940918,14.65634822845459,19.500038146972656,12.226658821105957
Wrong 11.101740837097168,19.06252098083496,10.523669242858887,16.859447479248047
Correct 15.250045776367188,16.48460578918457,17.968807220458984,10.61771011352539
Correct 16.593791961669922,14.718876838684082,16.39070701599121,17.578271865844727
Wrong 12.757868766784668,20.968765258789062,13.906277656555176,9.313047409057617
Correct 11.140910148620605,20.23441505432129,11.422052383422852,12.195523262023926
Correct 14.500048637390137,14.41414737701416,13.000046730041504,21.15629768371582
Correct 13.109450340270996,13.375191688537598,13.601701736450195,20.968778610229492
Wrong 17.062517166137695,13.633025169372559,12.343801498413086,20.359405517578125
Correct 19.968782424926758,14.437858581542969,15.265719413757324,15.062634468078613
Wrong 12.281442642211914,19.92197608947754,12.297054290771484,8.946477890014648
Correct 12.796966552734375,12.203329086303711,18.343780517578125,18.296955108642578
Correct 14.078224182128906,18.156320571899414,13.086092948913574,15.851707458496094
Correct 14.718764305114746,12.187591552734375,22.125011444091797,9.040728569030762
Correct 12.351685523986816,14.062694549560547,13.375073432922363,19.906333923339844
Correct 11.922004699707031,14.390689849853516,21.54688835144043,18.12502670288086
Wrong 13.640700340270996,14.429767608642578,10.843923568725586,21.35940933227539
Wrong 18.562570571899414,14.141045570373535,16.234603881835938,18.17194175720215
Wrong 12.320698738098145,14.140810012817383,16.718870162963867,18.468870162963867
Wrong 15.875032424926758,12.156424522399902,18.187562942504883,17.96881866455078
Correct 12.429825782775879,20.01567840576172,15.468812942504883,10.125442504882812
Correct 12.390901565551758,20.73441505432129,14.179856300354004,9.899240493774414
Correct 12.125232696533203,13.219023704528809,19.531291961669922,14.031606674194336
Wrong 12.71100902557373,12.992300987243652,20.234384536743164,12.797109603881836
Correct 12.046974182128906,15.328169822692871,14.203144073486328,20.828153610229492
Wrong 12.312647819519043,13.422060012817383,21.593774795532227,11.766414642333984
Wrong 12.57833194732666,14.406414985656738,20.25002670288086,13.054859161376953
Wrong 13.992265701293945,13.906509399414062,18.203237533569336,16.48457908630371
Correct 14.328208923339844,19.265666961669922,12.078256607055664,17.375045776367188
Wrong 15.257831573486328,14.250249862670898,16.218769073486328,20.296913146972656
Wrong 11.469596862792969,14.90700912475586,15.383220672607422,13.470206260681152
Wrong 12.382903099060059,18.29694175720215,17.765644073486328,11.00809383392334
Wrong 13.578134536743164,16.234397888183594,13.210963249206543,10.718902587890625,22.796890258789062
Wrong 10.695682525634766,15.96884536743164,20.281286239624023,13.890761375427246
Correct 15.992203712463379,12.734711647033691,21.500019073486328,8.782480239868164
Correct 20.125028610229492,12.461705207824707,10.423336029052734,14.206181526184082
Correct 12.711038589477539,19.67189598083496,17.78127098083496,13.11733627319336
Wrong 14.742361068725586,16.187711715698242,16.5938663482666,16.14082908630371
Correct 11.664182662963867,13.617249488830566,22.40625762939453,9.492654800415039
Wrong 11.984457969665527,12.336076736450195,20.484394073486328,13.758031845092773
Wrong 18.84379768371582,17.125362396240234,13.90638542175293,13.49244499206543
Wrong 15.461251258850098,13.133857727050781,8.704758644104004,15.992460250854492
Correct 15.203149795532227,15.062553405761719,14.984416007995605,20.328195571899414
Wrong 11.547045707702637,14.882865905761719,11.406460762023926,19.56256675720215
Correct 12.226710319519043,20.750030517578125,15.101609230041504
Correct 13.187596321105957,14.781351089477539,13.085973739624023,19.375072479248047
Correct 12.679837226867676,19.03129005432129,10.781556129455566,14.05500602722168
Correct 11.164176940917969,12.812652587890625,10.578241348266602,20.718769073486328
Correct 14.218791007995605,15.281323432922363,13.3359956741333,21.28128433227539
Wrong 13.250090599060059,14.48446273803711,20.95317268371582,11.429981231689453
Correct 19.32815170288086,16.375062942504883,13.382962226867676,17.39067268371582
Wrong 14.890692710876465,17.62504768371582,12.304853439331055,18.00006103515625
Wrong 15.734408378601074,19.750022888183594,15.203144073486328,18.062557220458984
Correct 10.79699993133545,20.343788146972656,15.156280517578125,9.266403198242188
Wrong 16.406356811523438,17.687652587890625,17.609500885009766,11.812858581542969
Correct 11.87514591217041,17.640649795532227,11.890673637390137,20.750022888183594
Wrong 13.961091041564941,16.796979904174805,17.984424591064453,13.85186767578125
Correct 14.546908378601074,17.718795776367188,10.297164916992188,19.125038146972656
Correct 12.015955924987793,17.578248977661133,13.664274215698242,13.531659126281738
Correct 13.421981811523438,15.172008514404297,17.093801498413086,17.718860626220703
Correct 13.562599182128906,15.01568603515625,12.515691757202148,20.25002098083496
Wrong 12.242329597473145,14.226677894592285,20.375057220458984,7.9892449378967285
Correct 12.640856742858887,10.532060623168945,20.76569175720215,14.58627700805664
Correct 10.687954902648926,19.750043869018555,15.140700340270996,9.641278266906738
Correct 11.875179290771484,11.758112907409668,19.87504005432129,12.96166706085205
Wrong 14.390792846679688,15.398750305175781,18.078462600708008,12.641633987426758
Correct 14.312553405761719,13.367356300354004,21.140674591064453,10.727959632873535
Wrong 14.578156471252441,16.312551498413086,17.859392166137695,19.93752670288086
Correct 12.734508514404297,16.796947479248047,18.375043869018555,15.937531471252441
Wrong 12.312582969665527,12.398520469665527,18.046890258789062,21.875017166137695
Correct 12.672290802001953,14.781533241271973,16.1251220703125,12.859665870666504
Correct 13.734396934509277,14.41414737701416,14.304718017578125,20.937528610229492
Wrong 18.625019073486328,13.937886238098145,14.49229621887207,12.813051223754883
Correct 11.313076972961426,18.968793869018555,16.750038146972656,16.859451293945312
Correct 14.070337295532227,14.343802452087402,12.593836784362793,20.843772888183594
Correct 19.765668869018555,14.74279499053955,13.172078132629395,14.148797035217285
Correct 12.531387329101562,17.09382438659668,16.87503433227539,18.000078201293945
Correct 12.77359390258789,19.593780517578125,11.664432525634766,15.961119651794434
Correct 14.367257118225098,18.937545776367188,12.43761157989502,14.898658752441406
Correct 13.703235626220703,18.57818031311035,14.507953643798828,16.406309127807617
Wrong 14.554757118225098,15.27369213104248,18.187671661376953,14.632977485656738
Correct 19.187532424926758,16.437707901000977,15.461066246032715,12.891206741333008
Wrong 16.90627098083496,14.765713691711426,14.125089645385742,20.375083923339844
Correct 12.054926872253418,19.562538146972656,12.265727043151855,13.578222274780273
Correct 18.98444366455078,15.336286544799805,14.85954761505127,14.078617095947266
Wrong 11.89089298248291,19.359403610229492,12.27371597290039,12.578356742858887
Correct 19.43756103515625,16.14114761352539,13.219888687133789,15.679757118225098
Correct 11.734529495239258,10.8363676071167,20.812522888183594,9.297788619995117
Wrong 13.30483627319336,18.296934127807617,15.351604461669922,15.093926429748535
Wrong 13.273808479309082,19.68756866455078,10.719090461730957,15.015787124633789
Wrong 12.859518051147461,16.984411239624023,12.46098518371582,19.593782424926758
Correct 18.875041961669922,17.31262969970703,14.195488929748535,13.391650199890137
Wrong 12.281383514404297,15.664176940917969,18.59379005432129,17.12507438659668
Correct 11.953371047973633,19.15629005432129,11.906383514404297,10.000936508178711
Correct 11.95337963104248,20.390663146972656,12.328455924987793,10.438953399658203
Wrong 11.890721321105957,14.125136375427246,13.320351600646973,21.093788146972656
Correct 21.375022888183594,16.984586715698242,9.251266479492188,13.937620162963867
Correct 13.179731369018555,14.812535285949707,12.953157424926758,20.26564598083496
Wrong 13.007856369018555,19.62501335144043,12.109436988830566,18.046934127807617
Correct 15.10938835144043,13.656346321105957,21.156278610229492,16.531280517578125
Correct 13.781307220458984,17.921899795532227,15.570341110229492,17.73441505432129
Wrong 18.875041961669922,14.820767402648926,17.1563663482666,12.625210762023926
Correct 13.187557220458984,20.765644073486328,15.609404563903809,14.289173126220703
Wrong 13.234472274780273,15.000085830688477,11.17207145690918,19.734434127807617
Correct 13.54714584350586,16.23457908630371,12.773569107055664,18.62519645690918
Correct 11.98479175567627,20.593788146972656,13.390788078308105,11.851926803588867
Wrong 12.250252723693848,18.625030517578125,13.140809059143066,19.671905517578125
Correct 14.422024726867676,14.351799011230469,19.78129768371582,12.063015937805176
Correct 14.171902656555176,13.031364440917969,21.656261444091797,11.281490325927734
Wrong 10.422127723693848,19.125030517578125,11.984489440917969,11.539243698120117
Correct 12.71888256072998,13.562644004821777,20.25002670288086,15.437644004821777
Correct 12.90631103515625,19.26563835144043,11.015827178955078,13.000351905822754
Correct 12.921961784362793,14.218998908996582,18.546998977661133,15.094245910644531
Correct 11.656546592712402,18.906291961669922,10.242484092712402,16.078184127807617
Wrong 12.257954597473145,19.328149795532227,12.195371627807617,13.008149147033691
Correct 12.336247444152832,12.141066551208496,19.93755531311035,11.141056060791016
Wrong 15.664082527160645,18.156282424926758,14.820412635803223,19.968786239624023
Wrong 14.265772819519043,15.789374351501465,14.062677383422852,17.984498977661133
Correct 12.882872581481934,15.265661239624023,11.812602043151855,20.765642166137695
Wrong 17.125226974487305,16.203624725341797,17.078929901123047,14.095803260803223
Correct 18.781286239624023,16.03134536743164,14.31257152557373,15.21899127960205
Correct 16.921918869018555,14.047184944152832,17.078229904174805,18.34386444091797
Wrong 13.71882438659668,19.62502098083496,11.968847274780273,14.4453706741333
Wrong 12.406444549560547,19.937530517578125,13.687551498413086,16.53135108947754
Wrong 12.515715599060059,15.257899284362793,13.265670776367188,21.50002098083496
Correct 12.375214576721191,15.125123023986816,16.437578201293945,19.000080108642578
Correct 11.484795570373535,17.14083480834961,16.031455993652344,17.078277587890625
Correct 16.750030517578125,17.406314849853516,16.03135108947754,14.875329971313477
Correct 14.960955619812012,14.851729393005371,18.48440170288086,17.343862533569336
Wrong 13.757851600646973,13.953161239624023,14.875020027160645,20.062524795532227
Wrong 18.875041961669922,15.750126838684082,14.179885864257812,14.578526496887207
Wrong 10.781832695007324,13.586549758911133,17.093835830688477,15.96113109588623
Wrong 13.468825340270996,12.539315223693848,21.109386444091797,14.468832969665527
Wrong 12.328243255615234,13.000246047973633,20.812517166137695,10.539328575134277
Correct 19.51568031311035,13.118295669555664,14.383132934570312,13.281519889831543
Correct 18.703168869018555,15.58601188659668,11.437793731689453,17.187620162963867
Correct 20.156286239624023,15.969148635864258,12.281850814819336,14.70341968536377
Wrong 17.968791961669922,14.789344787597656,18.65631103515625,13.078348159790039
Correct 14.929780960083008,16.656322479248047,14.91416072845459,17.812557220458984
Wrong 15.19534969329834,16.26576042175293,13.85951042175293,19.60944366455078,13.625933647155762
Wrong 19.984439849853516,18.218849182128906,10.078703880310059,10.525057792663574
Correct 16.093795776367188,18.01571273803711,16.781400680541992,12.859746932983398
Wrong 13.125103950500488,19.312530517578125,15.812565803527832,10.172160148620605
Correct 14.078292846679688,16.12529754638672,13.609643936157227,15.695576667785645
Correct 13.648488998413086,15.718801498413086,18.343772888183594,18.96877098083496
Correct 15.429710388183594,19.687517166137695,15.87503719329834,17.35947036743164
Correct 18.76563835144043,15.586005210876465,18.078203201293945,17.593843460083008
Correct 17.171890258789062,16.187551498413086,17.000057220458984,17.75012969970703
Correct 11.804895401000977,11.797159194946289,19.828182220458984,13.797218322753906
Wrong 9.391385078430176,17.031349182128906,13.546964645385742,16.593843460083008
Wrong 13.867365837097168,16.14069175720215,16.687545776367188,18.890724182128906
Correct 14.789080619812012,12.820414543151855,21.000009536743164,16.125064849853516
Correct 12.781394004821777,17.875080108642578,16.265727996826172,15.015830993652344
Correct 20.937551498413086,13.016148567199707,10.797362327575684,12.375441551208496
Wrong 12.453219413757324,11.680000305175781,19.39063835144043,17.093891143798828
Correct 12.35173225402832,20.06254005432129,14.31258487701416,9.805197715759277
Wrong 13.515686988830566,18.312517166137695,14.601593017578125,18.234394073486328
Wrong 20.37504768371582,14.25120735168457,12.375596046447754,6.8458709716796875
Correct 15.33595085144043,13.937530517578125,23.3906307220459,10.17223072052002
Correct 13.906333923339844,15.773566246032715,16.12504768371582,18.046960830688477
Wrong 17.218788146972656,17.2501277923584,17.73453712463379,18.343923568725586
Wrong 19.234416961669922,14.539684295654297,14.891148567199707,13.367568969726562
Correct 12.586050987243652,18.437543869018555,14.40636157989502,16.203386306762695
Wrong 12.703231811523438,17.10938835144043,10.750123977661133,20.625024795532227
Wrong 10.46909236907959,15.671985626220703,20.156274795532227,9.250732421875
Wrong 11.672056198120117,17.50005531311035,13.578232765197754,16.93759536743164
Wrong 13.734461784362793,15.093897819519043,18.140682220458984,17.406360626220703
Wrong 16.140655517578125,16.281333923339844,15.56257438659668,18.000076293945312
Correct 19.14065933227539,14.820500373840332,9.086472511291504,13.929826736450195
Correct 13.25013256072998,14.633198738098145,11.265979766845703,20.281322479248047
Wrong 15.5860013961792,15.421992301940918,16.250146865844727,15.336151123046875
Correct 12.461060523986816,18.203227996826172,14.89073657989502,12.297113418579102
Wrong 12.843835830688477,18.28128433227539,13.34381103515625,19.625032424926758
Correct 17.625017166137695,11.703546524047852,12.06259536743164,19.234458923339844
Correct 14.336038589477539,17.281421661376953,16.906293869018555,14.476816177368164
Wrong 13.851804733276367,10.906649589538574,13.445356369018555,21.343786239624023
Wrong 13.031316757202148,15.82037353515625,13.445332527160645,19.953155517578125
Correct 12.172060012817383,19.390689849853516,10.656614303588867,12.172224044799805
Wrong 10.586379051208496,20.250030517578125,10.828547477722168,14.781346321105957
Correct 15.523505210876465,18.750051498413086,13.32822322845459,16.734460830688477
Correct 10.781442642211914,20.156265258789062,12.586014747619629,13.820507049560547
Wrong 12.578179359436035,14.73446273803711,19.125011444091797,13.922036170959473
Correct 12.515681266784668,12.851655006408691,22.218759536743164,9.578700065612793
Wrong 11.258015632629395,12.109561920166016,18.21876335144043,16.734481811523438
Correct 11.680190086364746,18.8438663482666,13.851887702941895,10.90760326385498
Correct 14.406281471252441,15.015653610229492,12.695388793945312,21.265653610229492
Correct 14.375131607055664,16.406362533569336,12.343987464904785,18.75007438659668
Wrong 17.546945571899414,15.281426429748535,14.179903030395508,19.062618255615234
Correct 13.453198432922363,17.203258514404297,16.73444366455078,13.617494583129883
Wrong 15.656306266784668,17.218841552734375,18.23453140258789,14.640848159790039
Correct 11.85169506072998,15.086681365966797,16.07821273803711,10.313981056213379
Wrong 16.609397888183594,17.09378433227539,12.48444938659668,19.578174591064453
Correct 11.914173126220703,21.656265258789062,12.961006164550781,9.930028915405273
Wrong 16.750022888183594,13.297033309936523,14.554736137390137,20.625030517578125
Correct 16.234392166137695,19.265661239624023,16.812536239624023,16.609426498413086
Correct 18.140642166137695,18.953149795532227,12.37513256072998,15.445459365844727
Wrong 15.625049591064453,13.13530158996582,19.43764877319336,9.893465995788574
Wrong 14.461149215698242,16.79718017578125,16.500228881835938,9.766252517700195
Wrong 14.007852554321289,14.74222183227539,17.312522888183594,19.35942268371582
Correct 10.468968391418457,20.546892166137695,10.180008888244629,9.343968391418457
Wrong 14.953271865844727,14.539433479309082,16.25010871887207,14.648933410644531
Wrong 15.117316246032715,16.109477996826172,17.156330108642578,14.172297477722168
Correct 11.47708511352539,16.60950469970703,16.531436920166016,16.937801361083984
Wrong 16.281394958496094,15.875699043273926,11.087852478027344,14.039995193481445
Correct 20.00002670288086,16.437850952148438,13.43774127960205,11.9380464553833
Wrong 11.90654182434082,12.008077621459961,19.50008201599121,10.422677993774414
Wrong 18.937519073486328,17.531381607055664,9.98532485961914,9.095516204833984
Correct 16.43765640258789,18.265775680541992,12.742742538452148,14.641085624694824
Correct 12.765689849853516,20.390649795532227,12.156387329101562,10.782190322875977
Correct 11.70359992980957,13.781505584716797,17.312515258789062,18.968795776367188
Correct 12.093831062316895,13.750099182128906,13.0860013961792,21.06251335144043
Correct 14.265691757202148,17.953168869018555,15.14847469329834,18.281299591064453
Wrong 14.437542915344238,11.711323738098145,21.14068031311035,15.445608139038086
Correct 13.687593460083008,15.843935012817383,13.656441688537598,16.625102996826172
Correct 12.562594413757324,16.50002670288086,14.156267166137695,20.64065933227539
Wrong 18.218847274780273,15.851896286010742,13.945743560791016,12.367804527282715
Wrong 14.515740394592285,19.062541961669922,15.257928848266602,8.714384078979492
Correct 11.359548568725586,12.390985488891602,22.51567268371582,7.076055526733398
Wrong 17.093843460083008,15.719074249267578,10.266169548034668,13.672370910644531
Correct 12.562588691711426,18.156314849853516,12.562695503234863,15.734692573547363
Correct 19.32815933227539,12.696188926696777,16.625141143798828,10.938151359558105
Correct 12.38292407989502,18.312528610229492,14.710981369018555,16.031354904174805
Correct 13.640658378601074,16.000024795532227,12.046902656555176,21.953134536743164
Correct 11.140776634216309,13.297024726867676,15.007840156555176,21.687536239624023
Wrong 16.312589645385742,16.218868255615234,17.359546661376953,13.406706809997559
Wrong 11.484529495239258,13.453224182128906,20.406265258789062,12.023641586303711
Wrong 16.953161239624023,18.187551498413086,13.781404495239258,20.187597274780273
Wrong 16.218791961669922,14.742841720581055,14.922011375427246,17.07820701599121
Wrong 16.79696273803711,15.328326225280762,16.35958480834961,19.312585830688477
Correct 14.39072322845459,20.359411239624023,13.92978572845459,9.782135009765625
Correct 14.273530006408691,16.234453201293945,19.828170776367188,15.10173225402832
Wrong 11.906407356262207,12.016051292419434,18.687551498413086,11.44615364074707
Correct 14.109410285949707,19.57817268371582,14.250048637390137,17.281309127807617
Correct 15.687511444091797,14.234481811523438,11.843881607055664,21.062524795532227
Correct 11.219057083129883,15.32828426361084,20.42192268371582,15.867338180541992
Wrong 17.078208923339844,16.656400680541992,15.3126220703125,16.843917846679688
Wrong 12.921991348266602,14.218846321105957,12.437605857849121,20.125041961669922
Correct 13.44534683227539,14.609434127807617,12.898484230041504,21.375030517578125
Correct 16.609399795532227,13.094273567199707,20.968820571899414,12.40707015991211
Correct 12.265767097473145,12.828298568725586,20.453136444091797,16.578205108642578
Wrong 13.664094924926758,15.695345878601074,20.03126335144043,14.734575271606445
Wrong 14.921923637390137,17.37508773803711,18.76567840576172,15.390706062316895
Wrong 13.476643562316895,15.312634468078613,21.046894073486328,13.476786613464355
Correct 14.687543869018555,12.820698738098145,13.953215599060059,19.7188720703125
Wrong 15.296907424926758,16.32819175720215,13.5625638961792,17.953256607055664
Wrong 12.953225135803223,19.375028610229492,13.273502349853516,12.914156913757324
Wrong 15.875082969665527,17.453195571899414,18.218807220458984,13.461103439331055
Wrong 15.468788146972656,14.5704927444458,15.953240394592285,18.859458923339844
Correct 15.195355415344238,15.234417915344238,11.132919311523438,20.578168869018555
Correct 13.250041961669922,14.882859230041504,13.640665054321289,20.671934127807617
Wrong 13.14857292175293,16.593894958496094,14.437762260437012,15.422211647033691
Wrong 15.37503719329834,15.046981811523438,19.484434127807617,11.664649963378906
Wrong 13.140653610229492,13.2500581741333,20.98440933227539,14.890694618225098
Correct 13.53908634185791,13.593807220458984,23.2500057220459,8.211506843566895
Wrong 11.50007438659668,16.500093460083008,14.60939884185791,10.601827621459961,21.34379768371582
Wrong 10.945812225341797,18.0938663482666,11.273703575134277,16.172149658203125
Correct 13.296930313110352,13.648504257202148,11.429770469665527,21.15627098083496
Wrong 20.75003433227539,15.000570297241211,9.618854522705078,6.431405067443848
Correct 11.101614952087402,15.203166007995605,11.359419822692871,22.046886444091797
Correct 12.265847206115723,17.312562942504883,20.07815170288086,13.351737022399902
Wrong 14.109484672546387,15.632997512817383,14.898573875427246,15.929990768432617
Correct 13.09383773803711,15.898540496826172,15.937579154968262,18.859426498413086
Wrong 13.343816757202148,19.093786239624023,16.203168869018555,13.92979907989502
Wrong 14.617271423339844,14.617304801940918,17.625045776367188,19.546968460083008
Correct 14.984440803527832,17.406326293945312,14.593829154968262,18.687528610229492
Wrong 16.906272888183594,16.906335830688477,18.84379005432129,10.937638282775879
Wrong 10.476784706115723,11.930035591125488,19.50001335144043,16.000085830688477
Correct 19.234407424926758,14.328505516052246,14.33607006072998,15.844076156616211
Correct 12.453437805175781,19.906278610229492,13.500101089477539,7.43431282043457
Wrong 12.140986442565918,16.07830047607422,16.593887329101562,11.500665664672852
Wrong 15.335972785949707,13.828275680541992,19.828163146972656,12.109874725341797
Correct 10.641053199768066,20.562580108642578,10.773693084716797,7.763716220855713
Correct 11.468843460083008,22.3437557220459,12.382880210876465,10.38316822052002
Correct 14.18768310546875,18.42200469970703,14.468855857849121,10.588057518005371
Correct 11.28922176361084,14.500086784362793,21.84377098083496,10.344047546386719
Wrong 11.851984024047852,12.609803199768066,19.937618255615234,11.672904968261719
Correct 19.56256866455078,14.987919807434082,7.7054314613342285,8.642155647277832
Correct 12.679794311523438,20.453136444091797,16.50002670288086,12.008004188537598
Correct 14.773460388183594,13.156627655029297,13.000054359436035,20.85941505432129
Correct 18.156339645385742,15.73488998413086,11.360014915466309,13.078428268432617
Wrong 20.984394073486328,15.523625373840332,13.343879699707031,17.593812942504883
Wrong 12.94538402557373,15.898571968078613,19.046897888183594,13.312708854675293
Wrong 18.515642166137695,16.71879005432129,14.890669822692871,18.390695571899414
