grade confidence_levels
Correct 19.968769073486328,3.60943603515625,22.234390258789062,6.683746814727783
Correct 6.012336730957031,21.65814781188965,7.387550354003906,4.930996894836426
Wrong 12.320422172546387,3.5157549381256104,21.859405517578125,12.711019515991211
Correct 7.785641193389893,20.189552307128906,8.008318901062012,5.953693389892578
Correct 25.031251907348633,5.938632965087891,0.9548054337501526,2.6767234802246094
Correct 5.949867248535156,17.302621841430664,19.42194938659668,6.060822486877441
Wrong 4.9773688316345215,2.554382562637329,7.340120315551758,21.45314598083496
Correct 4.641096591949463,1.5015134811401367,9.109482765197754,26.2968807220459
Wrong 24.375022888183594,9.426477432250977,9.930042266845703,6.637023448944092
Wrong 27.859376907348633,2.479412794113159,3.010746955871582,3.9380273818969727
Correct 26.484378814697266,1.7174361944198608,1.4836632013320923,3.7054696083068848
Correct 7.422231674194336,19.7832088470459,13.898603439331055,7.418332576751709
Correct 4.953437328338623,1.6363589763641357,25.85938262939453,7.343807697296143
Correct 7.24224853515625,3.8386242389678955,5.648499965667725,28.671876907348633
Correct 4.531479358673096,2.008025884628296,26.1406307220459,6.894577503204346
Wrong 5.172353267669678,2.692200183868408,18.187530517578125,21.093765258789062
Correct 27.671878814697266,1.699312448501587,3.412647008895874,5.339999675750732
Correct 4.441843032836914,2.7623963356018066,25.89063262939453,12.703142166137695
Correct 5.906936168670654,24.781856536865234,5.875603199005127,5.520127773284912
Correct 6.313146114349365,26.109621047973633,5.1802897453308105,4.270450592041016
Wrong 16.703170776367188,17.277942657470703,2.5485286712646484,4.107454299926758
Correct 3.8234851360321045,0.4164443910121918,24.921892166137695,4.4186296463012695
Correct 3.879523754119873,6.858152866363525,16.656269073486328,20.703136444091797
Correct 5.5081915855407715,1.867372751235962,2.967456579208374,27.21875762939453
Correct 26.8437557220459,2.9751083850860596,1.7905033826828003,4.086637496948242
Wrong 6.0863871574401855,1.1043016910552979,2.3043789863586426,25.375038146972656
Correct 24.531259536743164,8.925641059875488,2.698620319366455,3.9496285915374756
Wrong 7.008868217468262,20.1226863861084,4.30029821395874,4.083822727203369
Correct 11.594049453735352,19.207855224609375,3.450716018676758,3.3651697635650635
Correct 4.051291465759277,1.6065467596054077,24.96877098083496,5.5392165184021
Wrong 24.796876907348633,9.425821304321289,3.9478697776794434,9.859403610229492
Correct 28.546876907348633,1.976121187210083,2.631819248199463,4.078558444976807
Correct 8.836223602294922,1.0148108005523682,3.2157671451568604,26.281274795532227
Correct 6.515909671783447,7.140948295593262,23.31250762939453,5.941561698913574
Correct 5.070801734924316,2.059420347213745,4.672143459320068,28.5937557220459
Wrong 24.2968807220459,2.6064870357513428,6.593930721282959,17.468759536743164
Correct 6.532107353210449,21.845918655395508,2.8751659393310547,3.638979911804199
Correct 5.422122955322266,1.9427430629730225,16.015642166137695,25.0625057220459
Correct 3.8656773567199707,1.5967764854431152,26.093761444091797,4.898618221282959
Correct 26.703136444091797,3.5777854919433594,1.4244431257247925,3.0664401054382324
Wrong 11.367427825927734,12.387136459350586,6.055748462677002,12.672109603881836
Wrong 23.078166961669922,2.300750970840454,2.5935144424438477,5.321951389312744
Correct 5.261871337890625,3.100930690765381,26.20313262939453,9.51564884185791
Correct 6.47372579574585,18.087221145629883,4.7432451248168945,5.075043201446533
Wrong 4.613809585571289,1.0321804285049438,4.18009090423584,26.656269073486328
Wrong 22.859384536743164,5.656686782836914,9.422389030456543,7.2579755783081055
Correct 26.718753814697266,2.483293056488037,2.052612543106079,3.9771552085876465
Wrong 6.062856674194336,1.4191362857818604,3.2568154335021973,26.85938835144043
Correct 4.9261579513549805,1.3880269527435303,4.394873142242432,27.60938262939453
Wrong 7.4064507484436035,4.443803787231445,21.843759536743164,5.168237686157227
Wrong 23.265644073486328,2.236724376678467,17.18752098083496,3.875493049621582
Wrong 6.0666279792785645,1.8602426052093506,8.65627670288086,26.140628814697266
Correct 6.086150169372559,2.507540464401245,26.3906307220459,5.890716552734375
Correct 5.086887836456299,22.250925064086914,6.379424571990967,4.087096214294434
Correct 23.375030517578125,2.3115861415863037,2.437032461166382,3.279181718826294
Wrong 22.62504005432129,1.3744789361953735,1.3842105865478516,5.735389709472656
Correct 7.691995620727539,15.610808372497559,4.4593095779418945,4.516688346862793
Correct 4.465253829956055,0.46017059683799744,25.359413146972656,8.390717506408691
Correct 24.85938835144043,2.6351163387298584,2.189655303955078,4.207694053649902
Correct 7.309718608856201,15.120050430297852,4.803168296813965,9.31546401977539
Wrong 8.328531265258789,16.266910552978516,18.296966552734375,9.375415802001953
Correct 26.8125057220459,2.4440691471099854,2.0908560752868652,3.5184133052825928
Correct 5.594945907592773,23.579389572143555,3.7325050830841064,3.289217948913574
Correct 4.001073837280273,0.8924911618232727,3.5886363983154297,26.95313835144043
Correct 4.320796966552734,1.4218132495880127,3.7190818786621094,27.06250762939453
Correct 25.968759536743164,1.8894413709640503,1.7748826742172241,3.268986225128174
Correct 26.359378814697266,2.113352060317993,2.104985237121582,4.695737838745117
Correct 5.66134786605835,22.410022735595703,6.837188243865967,5.813226222991943
Wrong 8.062926292419434,1.9537314176559448,2.591036319732666,25.140668869018555
Correct 26.203128814697266,2.781928062438965,1.6837613582611084,3.256866931915283
Correct 24.65626335144043,3.840057611465454,1.7936434745788574,3.5910720825195312
Correct 5.7778401374816895,22.532073974609375,10.640769004821777,5.961667537689209
Correct 26.203126907348633,2.801590919494629,3.496706962585449,3.7094767093658447
Wrong 25.890642166137695,2.2018020153045654,3.3703789710998535,3.9423305988311768
Correct 6.125542163848877,24.453781127929688,5.531774044036865,6.808925628662109
Correct 6.047513008117676,23.28228187561035,4.270390033721924,4.985658168792725
Wrong 6.086056709289551,2.557340383529663,5.753979206085205,27.562501907348633
Correct 25.8125057220459,7.948218822479248,1.6728408336639404,3.682164192199707
Correct 25.343761444091797,1.9272537231445312,7.035573482513428,3.4911062717437744
Wrong 8.101841926574707,24.062931060791016,3.1064860820770264,3.6941983699798584
Correct 7.039679527282715,22.876325607299805,3.0368828773498535,3.49806809425354
Correct 25.5156307220459,2.608422040939331,2.198923349380493,3.873457193374634
Correct 5.316710472106934,1.9096897840499878,4.777542591094971,27.9843807220459
Correct 5.293200969696045,2.2826478481292725,24.906261444091797,5.871225357055664
Wrong 4.212015628814697,0.7324227690696716,4.141691207885742,25.89064598083496
Correct 4.454046726226807,6.780107021331787,3.854640245437622,25.812517166137695
Wrong 20.625030517578125,0.6577489972114563,4.821376323699951,11.81261920928955
Wrong 6.082286357879639,5.3257880210876465,23.406293869018555,4.379353046417236
Wrong 24.125017166137695,7.4009175300598145,1.8043558597564697,6.929879665374756
Wrong 15.28131103515625,15.88121223449707,17.500038146972656,9.609577178955078
Wrong 4.812692642211914,2.3331425189971924,25.625011444091797,10.773453712463379
Wrong 4.023768424987793,2.535538911819458,27.156259536743164,6.1992950439453125
Correct 6.813106060028076,25.344167709350586,4.3172926902771,10.672017097473145
Wrong 5.227070331573486,7.401442050933838,23.453229904174805,7.722961902618408
Correct 7.3831024169921875,0.5735803842544556,25.40630340576172,4.695905685424805
Wrong 11.750073432922363,7.852732181549072,19.406291961669922,14.914155960083008
Correct 5.023621082305908,2.9445929527282715,26.718753814697266,6.363354682922363
Wrong 19.15635108947754,1.8442530632019043,20.921920776367188,3.154602527618408
Correct 26.250003814697266,2.795700788497925,2.8092150688171387,3.9689812660217285
Correct 23.859390258789062,3.485508680343628,3.2215254306793213,17.125022888183594
Wrong 21.062511444091797,7.825437068939209,2.8476128578186035,7.7816009521484375
Correct 25.109386444091797,3.025239944458008,2.3334362506866455,5.758028507232666
Wrong 4.273711204528809,1.1110237836837769,26.8906307220459,5.558703422546387
Correct 5.988401889801025,2.0536842346191406,25.2812557220459,8.015657424926758
Wrong 4.608498573303223,5.089179515838623,20.156566619873047,15.641042709350586
Wrong 22.390649795532227,3.5841236114501953,8.234808921813965,4.422618389129639
Correct 26.687515258789062,1.690571665763855,1.039251685142517,2.485109806060791
Correct 26.406259536743164,10.149511337280273,4.039595603942871,5.23065710067749
Wrong 24.73438835144043,2.514678478240967,1.96195650100708,3.2620012760162354
Correct 17.265636444091797,1.8528281450271606,22.92190170288086,6.9532976150512695
Correct 25.7187557220459,2.0767860412597656,1.7354164123535156,3.2705371379852295
Correct 17.312532424926758,3.9905734062194824,8.141226768493652,12.314789772033691
Correct 5.071300983428955,3.3553597927093506,22.546985626220703,5.13185977935791
Wrong 16.281299591064453,7.295892238616943,13.211179733276367,8.937724113464355
Wrong 24.40626335144043,3.7269463539123535,6.090368270874023,8.883000373840332
Correct 9.508099555969238,22.68826675415039,3.7019827365875244,4.539767265319824
Correct 4.764476299285889,21.594928741455078,10.844027519226074,4.575597763061523
Correct 8.055075645446777,1.7042893171310425,5.578419208526611,26.45313835144043
Wrong 7.039548397064209,19.533803939819336,5.059930324554443,10.016051292419434
Correct 7.664844512939453,22.844806671142578,5.020787715911865,1.6713111400604248
Correct 5.535880088806152,20.3459529876709,14.507842063903809,5.910681247711182
Correct 25.937503814697266,3.320206880569458,2.184372901916504,4.605628967285156
Wrong 13.086008071899414,4.158846855163574,6.605793476104736,22.828157424926758
Correct 22.625024795532227,10.120403289794922,9.359831809997559,4.427742004394531
Wrong 7.4540510177612305,20.501636505126953,3.445357322692871,3.4962048530578613
Correct 25.375017166137695,1.494852900505066,0.9952563643455505,2.704740047454834
Wrong 6.391239643096924,18.55017852783203,20.03131103515625,5.914578437805176
Wrong 5.258053779602051,3.7317893505096436,24.406265258789062,9.195374488830566
Correct 14.164113998413086,1.6228538751602173,3.2937440872192383,23.18751335144043
Correct 11.407227516174316,3.674490451812744,14.0707368850708,15.500446319580078
Wrong 6.789499759674072,24.516494750976562,7.844022750854492,5.1216912269592285
Correct 26.5625057220459,2.6777701377868652,2.18888521194458,3.522531509399414
Correct 4.852046489715576,1.8796583414077759,3.6390974521636963,27.3437557220459
Correct 8.969120979309082,1.1553696393966675,21.34380531311035,18.17190933227539
Correct 5.922521114349365,25.031917572021484,3.397655725479126,5.391148567199707
Correct 6.562849521636963,0.9814993739128113,7.312716484069824,25.500030517578125
Wrong 22.609390258789062,4.131540775299072,9.461249351501465,4.493430137634277
Wrong 18.39076042175293,12.55081844329834,2.82293438911438,2.5242810249328613
Correct 5.082411766052246,3.269989490509033,23.468765258789062,6.945467948913574
Correct 5.539349555969238,2.4483861923217773,23.312538146972656,11.648475646972656
Correct 4.6369709968566895,5.794960975646973,25.76563835144043,9.906303405761719
Correct 4.5005950927734375,2.9598302841186523,25.515636444091797,6.980538845062256
Wrong 20.843778610229492,9.24356460571289,9.023921966552734,6.422715187072754
Correct 6.5275163650512695,3.657370090484619,4.5041680335998535,24.437509536743164
Correct 4.08273458480835,0.6815701723098755,25.187519073486328,4.430060863494873
Wrong 21.687515258789062,4.261139392852783,7.394987106323242,8.140901565551758
Correct 5.110470771789551,22.610300064086914,4.59865665435791,4.024564743041992
Correct 4.751286506652832,12.900846481323242,15.93763256072998,17.172048568725586
Correct 4.961978435516357,9.906109809875488,3.487036943435669,19.453292846679688
Wrong 12.914162635803223,4.806319713592529,14.929940223693848,5.699874401092529
Correct 26.546886444091797,2.013805627822876,1.2514238357543945,3.3242108821868896
Wrong 7.153038501739502,2.2422218322753906,8.898727416992188,18.250038146972656
Wrong 4.8990583419799805,0.09198818355798721,6.090341567993164,24.68752098083496
Wrong 26.609378814697266,2.167349338531494,2.3223297595977783,3.420494556427002
Correct 4.782907485961914,16.020227432250977,18.82835578918457,4.291870594024658
Correct 4.836306571960449,2.204036235809326,7.37509822845459,28.484378814697266
Correct 24.07813262939453,1.6635397672653198,2.5189952850341797,3.863931894302368
Correct 5.516517162322998,0.5740058422088623,9.656481742858887,22.843774795532227
Correct 6.597820281982422,2.1714932918548584,13.539080619812012,27.0156307220459
Wrong 6.949558734893799,12.899374961853027,9.070743560791016,18.265684127807617
Wrong 5.5549235343933105,0.7437394857406616,25.906259536743164,9.84377384185791
Wrong 12.164284706115723,14.879220962524414,5.7404093742370605,6.188419818878174
Correct 28.3281307220459,2.376330614089966,2.3969738483428955,3.26094651222229
Wrong 5.649190425872803,22.45364761352539,4.541130065917969,5.8798298835754395
Correct 6.191762447357178,14.791577339172363,9.906349182128906,22.50006866455078
Correct 6.258581161499023,20.096168518066406,16.82823944091797,13.343888282775879
Correct 7.582496643066406,22.127290725708008,4.836665630340576,5.402883529663086
Wrong 23.578144073486328,9.369407653808594,3.4075088500976562,4.165013790130615
Correct 4.860759735107422,23.923160552978516,3.2383460998535156,3.5192477703094482
Wrong 25.125011444091797,0.9465069770812988,2.5970396995544434,18.62502670288086
Wrong 26.750001907348633,3.4525511264801025,3.6664741039276123,5.765783786773682
Wrong 4.5200886726379395,1.9489933252334595,8.0079927444458,27.250015258789062
Wrong 25.8593807220459,1.7622637748718262,1.8660985231399536,3.2058374881744385
Correct 7.8481292724609375,3.698713779449463,12.132889747619629,25.671911239624023
Correct 11.56254768371582,2.985980272293091,23.953149795532227,5.76588249206543
Wrong 16.703155517578125,3.422006845474243,20.609418869018555,7.636960983276367
Correct 24.125022888183594,1.9310084581375122,1.7547812461853027,4.855823040008545
Correct 5.043741226196289,26.26582908630371,3.3406808376312256,3.494959592819214
Correct 5.004178047180176,1.4486950635910034,4.718967914581299,27.73438262939453
Wrong 9.390932083129883,24.625579833984375,3.690462350845337,12.609461784362793
Correct 5.032414436340332,24.85991096496582,3.8435370922088623,3.7165727615356445
Correct 10.21102237701416,1.1130187511444092,22.609399795532227,14.000019073486328
Correct 6.0901570320129395,24.84412956237793,6.152594089508057,5.941733360290527
Correct 4.766011714935303,1.7352795600891113,2.92030668258667,26.796876907348633
Wrong 6.356264114379883,7.43571138381958,7.407608985900879,9.641278266906738
Correct 4.867417335510254,1.9940037727355957,25.35938262939453,6.480545520782471
Wrong 6.348503589630127,16.470561981201172,8.164514541625977,4.520442485809326
Correct 27.562501907348633,2.078076124191284,2.228904962539673,3.2137794494628906
Correct 6.192402362823486,21.830638885498047,12.992427825927734,5.063568115234375
Correct 6.016839504241943,21.282236099243164,4.125897407531738,5.399473190307617
Correct 7.047125816345215,1.4949915409088135,3.561058521270752,26.421884536743164
Correct 26.4531307220459,2.198558807373047,1.4048739671707153,3.358318328857422
Correct 8.609661102294922,25.14099884033203,8.531582832336426,6.449859142303467
Wrong 4.375322341918945,1.8212800025939941,24.640655517578125,6.355587482452393
Wrong 20.56252098083496,3.2432432174682617,17.703208923339844,7.140946865081787
Correct 22.453144073486328,17.704559326171875,4.794844150543213,4.18487548828125
Correct 4.976666450500488,3.1567208766937256,25.500001907348633,6.91410493850708
Wrong 16.89069938659668,3.4943087100982666,20.046894073486328,7.722782135009766
Correct 28.437501907348633,2.0382699966430664,2.0773203372955322,3.793447494506836
Correct 17.453182220458984,8.230314254760742,3.7043519020080566,21.515661239624023
Wrong 4.4495930671691895,1.4487344026565552,24.281272888183594,6.847752094268799
Correct 4.742569446563721,2.925604820251465,26.34376335144043,5.254135608673096
Correct 4.363716125488281,1.5492857694625854,25.359386444091797,5.730581760406494
Correct 5.5627264976501465,2.655388593673706,25.765628814697266,6.761763095855713
Wrong 5.610007286071777,4.042276859283447,6.914564609527588,27.500019073486328
Correct 25.54688262939453,2.565855026245117,4.535937786102295,4.6839280128479
Correct 5.3245930671691895,22.219112396240234,3.03218936920166,4.812798976898193
Wrong 26.6562557220459,2.805629253387451,1.7145826816558838,3.6686620712280273
Wrong 4.376315116882324,24.70408058166504,6.2119460105896,3.950679302215576
Correct 5.969008445739746,2.0947930812835693,3.838162899017334,27.250003814697266
Correct 6.450459957122803,11.46831226348877,19.656387329101562,4.0333943367004395
Correct 14.953194618225098,2.5747711658477783,8.961008071899414,21.875015258789062
Correct 3.750473976135254,3.0553512573242188,25.109378814697266,8.414100646972656
Correct 13.148600578308105,17.752037048339844,3.0306694507598877,2.7033047676086426
Correct 5.140805721282959,2.6469037532806396,25.015634536743164,7.398499011993408
Wrong 5.59022855758667,11.715161323547363,19.140684127807617,20.625028610229492
Correct 7.933985710144043,2.148240089416504,23.625038146972656,6.133122444152832
Correct 5.597828388214111,3.8880693912506104,6.29696798324585,28.437501907348633
Correct 6.02453088760376,25.375791549682617,3.2072391510009766,4.037045001983643
Correct 24.281295776367188,3.0364739894866943,5.504687786102295,10.218856811523438
Correct 28.1093807220459,2.488776445388794,1.929940938949585,2.9941093921661377
Wrong 4.739861965179443,0.6345341205596924,2.0665738582611084,26.140663146972656
Correct 5.422889232635498,24.439149856567383,5.243077278137207,4.302447319030762
Wrong 9.141162872314453,4.337587356567383,5.200740337371826,22.89066505432129
Wrong 24.796918869018555,10.237837791442871,5.719521522521973,5.442744731903076
Wrong 26.0312557220459,2.224331855773926,2.820932388305664,3.7665741443634033
Wrong 26.906253814697266,6.791354179382324,4.336554050445557,7.72669792175293
Wrong 5.633200168609619,24.922260284423828,7.539260387420654,9.273537635803223
Wrong 26.7968807220459,2.2464606761932373,2.065345287322998,10.359465599060059
Correct 6.5239458084106445,4.1753249168396,24.406288146972656,8.804779052734375
Wrong 15.984451293945312,2.8699986934661865,12.422009468078613,13.625072479248047
Correct 5.523805141448975,0.9508469700813293,26.09378433227539,7.816553592681885
Correct 4.578912258148193,1.7091493606567383,7.125136375427246,26.34376335144043
Correct 4.906611442565918,1.7540719509124756,25.59377098083496,7.168056488037109
Correct 7.484987735748291,10.11651611328125,5.443743705749512,17.734474182128906
Wrong 4.988884449005127,1.5818901062011719,3.6041462421417236,26.546884536743164
Wrong 4.637342929840088,2.655109405517578,10.343864440917969,25.546894073486328
Correct 13.851598739624023,3.6808271408081055,21.79688262939453,17.609390258789062
Wrong 13.359537124633789,9.517009735107422,5.571722984313965,8.484883308410645
Wrong 24.515653610229492,2.096902370452881,3.1069424152374268,4.184185981750488
Wrong 4.379228591918945,2.950525999069214,24.171886444091797,6.793060779571533
Correct 4.273810863494873,2.04064679145813,24.796884536743164,5.910281658172607
Wrong 26.796878814697266,2.573721170425415,2.4448082447052,4.582362651824951
Correct 7.675911903381348,5.036836624145508,14.742194175720215,25.187501907348633
Correct 5.977280139923096,21.549388885498047,4.294275283813477,6.180248737335205
Wrong 18.54692268371582,16.848262786865234,4.228279113769531,5.938422679901123
Correct 25.59375762939453,2.1818387508392334,3.8168888092041016,5.070601463317871
Correct 4.840268135070801,2.3785743713378906,24.640649795532227,11.406342506408691
Correct 3.6901071071624756,2.190711498260498,24.625017166137695,5.070784568786621
Wrong 26.015634536743164,2.339498519897461,2.3381567001342773,6.527538776397705
Wrong 6.008103370666504,6.098939418792725,8.42991828918457,24.578140258789062
Wrong 24.484392166137695,2.5141849517822266,1.789819359779358,5.051549911499023
Wrong 6.508291244506836,3.6765663623809814,19.6407470703125,8.62588119506836
Wrong 6.059140205383301,25.203439712524414,3.159655809402466,4.938119411468506
Correct 4.297449588775635,1.2216253280639648,27.10938835144043,4.191986083984375
Correct 7.484907150268555,1.3885159492492676,6.539299488067627,25.859386444091797
Correct 4.941807746887207,1.3028126955032349,6.816546440124512,26.07813262939453
Correct 10.093929290771484,15.05851936340332,12.390706062316895,17.14080047607422
Correct 24.50001335144043,7.482776641845703,4.146845817565918,5.578740119934082
Wrong 27.781253814697266,3.152386426925659,2.918124198913574,3.235949754714966
Correct 11.500155448913574,2.663770914077759,23.484418869018555,9.96099853515625
Wrong 5.9653801918029785,23.297500610351562,4.996764659881592,4.946085453033447
Correct 5.5787787437438965,13.818428993225098,21.437528610229492,5.0668792724609375
Correct 23.812576293945312,1.7307767868041992,1.4536840915679932,2.2304561138153076
Correct 25.312515258789062,2.3453915119171143,2.5918824672698975,4.988485813140869
Correct 4.617623805999756,1.4739187955856323,3.4730727672576904,27.8750057220459
Wrong 8.164176940917969,3.87797212600708,24.140649795532227,11.44542121887207
Wrong 4.813104152679443,1.2245608568191528,4.828485488891602,26.421890258789062
Correct 23.390644073486328,3.3670413494110107,12.89855670928955,17.421903610229492
Wrong 4.422204971313477,1.785956859588623,25.796886444091797,6.160267353057861
Wrong 26.968753814697266,2.291353225708008,2.6062748432159424,4.320590496063232
Wrong 11.093955039978027,19.454723358154297,12.82823657989502,6.938484191894531
Correct 7.680067539215088,9.840929985046387,21.359472274780273,12.30483341217041
Wrong 23.562646865844727,1.5482094287872314,1.7912352085113525,3.224493980407715
Correct 6.774084568023682,23.203460693359375,4.851906776428223,6.148776054382324
Wrong 25.25000762939453,5.592267990112305,3.0808119773864746,4.219230651855469
Wrong 25.57813262939453,3.1719069480895996,4.520416736602783,4.91436243057251
Wrong 13.66408920288086,1.377559781074524,24.859392166137695,5.730597496032715
Correct 4.437776565551758,1.1099220514297485,24.906269073486328,8.054744720458984
Wrong 19.50002670288086,3.708641290664673,19.359416961669922,4.457883358001709
Wrong 5.356375217437744,17.256820678710938,18.015771865844727,4.7742414474487305
Correct 25.1875057220459,2.4979145526885986,1.982477068901062,3.1165971755981445
Wrong 5.6099138259887695,0.8008136749267578,2.6298463344573975,26.187515258789062
Correct 27.796878814697266,2.5656750202178955,2.3176169395446777,4.039441108703613
Correct 4.9929728507995605,1.9140479564666748,23.43756866455078,4.3170037269592285
Correct 23.187509536743164,2.7248218059539795,3.276998996734619,6.570538520812988
Wrong 9.304957389831543,17.050256729125977,4.02543830871582,3.5987093448638916
Wrong 19.344303131103516,10.278037071228027,5.176520347595215,4.202378273010254
Correct 4.718992233276367,0.7667844295501709,17.437517166137695,25.609378814697266
Wrong 5.95502233505249,21.069110870361328,4.272951602935791,4.224289417266846
Correct 4.558889389038086,3.854363441467285,24.140636444091797,8.914105415344238
Wrong 6.8911519050598145,24.859609603881836,12.843867301940918,4.824713230133057
Wrong 3.4765563011169434,0.5544323921203613,11.445847511291504,12.14859390258789
Wrong 5.047208309173584,1.8793342113494873,3.326585292816162,26.609378814697266
Wrong 4.113992214202881,2.950690746307373,24.343769073486328,8.101699829101562
Correct 4.429941654205322,1.760924220085144,26.28125762939453,5.730538368225098
Correct 4.95732307434082,1.8065773248672485,23.531259536743164,6.695369720458984
Correct 18.765636444091797,6.069193363189697,15.835963249206543,13.085969924926758
Wrong 5.282051086425781,22.297956466674805,8.78141975402832,7.7462615966796875
Wrong 27.0625057220459,2.4155120849609375,1.7709718942642212,3.813429832458496
Wrong 6.6574201583862305,19.537860870361328,5.474340438842773,3.664588689804077
Correct 25.156267166137695,5.058274269104004,3.6582324504852295,3.304025173187256
Wrong 5.704225063323975,19.971426010131836,6.532331943511963,3.908104658126831
Correct 4.386890888214111,1.913461685180664,24.9375057220459,6.195375919342041
Wrong 5.043271541595459,2.567020893096924,4.15254545211792,27.484376907348633
Wrong 4.601839065551758,1.841629981994629,25.359384536743164,5.617350101470947
Wrong 9.390806198120117,2.9993770122528076,25.375019073486328,10.0547513961792
Correct 4.004322528839111,1.347180962562561,25.406265258789062,5.531453609466553
Wrong 4.63709020614624,2.271400213241577,12.21097469329834,26.750009536743164
Correct 5.83650541305542,0.8185965418815613,4.859772682189941,26.70313835144043
Wrong 22.65648078918457,4.952025413513184,3.4228339195251465,2.474395275115967
Correct 26.125003814697266,2.8851895332336426,3.5086281299591064,4.65643835067749
Correct 26.546884536743164,2.0174953937530518,2.2715060710906982,3.4403932094573975
Wrong 10.984428405761719,3.5794761180877686,24.796884536743164,7.144597053527832
Correct 7.687851905822754,4.377082347869873,25.67190170288086,4.844118118286133
Wrong 26.31250762939453,2.1809122562408447,1.8500843048095703,2.9116134643554688
Wrong 6.941988945007324,12.042449951171875,8.64154052734375,4.759729862213135
Wrong 6.191842555999756,26.531415939331055,5.246433734893799,5.0160908699035645
Correct 22.031280517578125,3.1187613010406494,19.656326293945312,7.867461681365967
Correct 5.247389793395996,25.797143936157227,6.972880840301514,3.8641772270202637
Correct 4.363796234130859,1.649765968322754,25.296903610229492,6.636848449707031
Wrong 5.430161476135254,2.7589211463928223,22.98438835144043,8.406311988830566
Wrong 5.918793201446533,22.672815322875977,2.4088287353515625,11.062628746032715
Correct 4.106823444366455,14.026177406311035,20.843795776367188,6.0668840408325195
Correct 4.129272937774658,2.1773147583007812,26.23438835144043,6.019715785980225
Wrong 5.988928318023682,7.608050346374512,23.796911239624023,13.164138793945312
Correct 26.71875762939453,2.4113407135009766,2.5093865394592285,4.238643169403076
Wrong 4.934858798980713,20.892494201660156,8.930081367492676,5.633617401123047
Correct 27.3593807220459,2.378225088119507,2.000440835952759,3.4817097187042236
Correct 27.296886444091797,1.783312201499939,1.335498332977295,2.791083574295044
Correct 25.968759536743164,3.028195381164551,0.9042843580245972,2.908231496810913
Wrong 4.930663108825684,1.6338131427764893,15.94541072845459,19.39068603515625
Correct 6.196044921875,22.29802703857422,4.868336200714111,18.04692840576172
Wrong 22.296924591064453,1.661633014678955,1.9749418497085571,4.544986248016357
Wrong 26.0781307220459,6.0558247566223145,3.1550095081329346,3.3462915420532227
Correct 24.1406307220459,14.000883102416992,7.172070503234863,4.980874061584473
Correct 5.234638214111328,2.165006637573242,5.33604097366333,27.468751907348633
Wrong 8.836321830749512,21.50178337097168,12.664266586303711,9.515901565551758
Correct 13.796913146972656,1.3141562938690186,9.218894958496094,22.015640258789062
Wrong 6.238455772399902,1.9822138547897339,5.011852741241455,28.515626907348633
Correct 4.926539421081543,1.4302809238433838,5.5666375160217285,26.46875762939453
Wrong 4.805656433105469,0.9436327219009399,5.707649230957031,24.281272888183594
Correct 4.426200866699219,7.654772758483887,25.375015258789062,5.066653728485107
Wrong 5.93799352645874,0.581134021282196,24.781274795532227,4.51607608795166
Wrong 11.72669506072998,0.8922126293182373,9.461118698120117,23.625017166137695
Correct 23.140644073486328,4.117696285247803,2.762091875076294,3.2562942504882812
Correct 6.592544078826904,6.045909404754639,9.971677780151367,5.32065486907959
Wrong 24.984390258789062,2.708711624145508,1.2671865224838257,2.040815830230713
Wrong 26.15626335144043,3.8297407627105713,6.449765682220459,4.976840972900391
Wrong 18.29690170288086,13.586282730102539,21.39063835144043,8.875072479248047
Wrong 18.515674591064453,8.312429428100586,11.664249420166016,16.781291961669922
Correct 11.85185718536377,11.633157730102539,21.03134536743164,5.020410060882568
Correct 4.637009620666504,1.4520012140274048,25.187522888183594,5.570475101470947
Wrong 4.559203147888184,1.1369774341583252,14.37503433227539,24.031261444091797
Correct 3.899284839630127,1.3406387567520142,4.5901641845703125,27.500011444091797
Wrong 5.433980464935303,1.5057804584503174,25.937515258789062,4.113644123077393
Correct 5.208003997802734,24.485084533691406,3.631927251815796,3.6967151165008545
Wrong 25.734397888183594,2.0075409412384033,2.665618896484375,6.535430908203125
Wrong 4.609924793243408,2.5005335807800293,24.234399795532227,8.343832969665527
Wrong 4.4025750160217285,2.3053812980651855,25.718761444091797,7.371144771575928
Wrong 6.972983360290527,20.657716751098633,11.55479907989502
Correct 14.132843017578125,1.5581378936767578,5.945538520812988,15.687530517578125
Wrong 10.953392028808594,12.787633895874023,13.093823432922363,7.469134330749512
Correct 4.512058734893799,2.2749931812286377,23.15628433227539,6.488507270812988
Correct 4.122315406799316,1.0941414833068848,2.4585938453674316,26.32814598083496
Wrong 25.062511444091797,3.397402286529541,2.3127095699310303,3.7200088500976562
Correct 11.593888282775879,19.89476776123047,11.60962963104248,4.431132793426514
Wrong 4.39248514175415,20.30156707763672,5.510917663574219,3.631387710571289
Correct 5.547235488891602,3.66487717628479,4.851973533630371,27.0312557220459
Wrong 22.51563835144043,4.523183822631836,13.328206062316895,7.656500816345215
Correct 16.7031307220459,2.2409112453460693,23.921878814697266,5.37907075881958
Correct 5.426796913146973,2.237323522567749,3.664708137512207,25.906261444091797
Wrong 3.738704204559326,2.14381742477417,25.390636444091797,12.000022888183594
Wrong 17.328330993652344,5.956620216369629,18.234468460083008,4.2367472648620605
Correct 25.906265258789062,2.02980899810791,1.3853766918182373,2.7470014095306396
Wrong 24.500015258789062,2.1574513912200928,1.431511640548706,4.047446250915527
Correct 25.562503814697266,2.2063770294189453,1.7822315692901611,7.125164031982422
Correct 26.343759536743164,2.2938032150268555,2.1742775440216064,2.8860983848571777
Correct 8.265711784362793,1.2963554859161377,24.65625762939453,6.9805216789245605
Wrong 6.2589111328125,22.360754013061523,3.0001487731933594,3.1292405128479004
Correct 27.1093807220459,2.570185661315918,1.6701571941375732,3.2021803855895996
Wrong 10.0704345703125,9.090442657470703,13.6094970703125,4.742619037628174
Wrong 5.695757865905762,2.1995913982391357,4.609687805175781,27.17188262939453
Wrong 3.3464930057525635,1.2079076766967773,23.531272888183594,6.695490837097168
Wrong 4.668605327606201,1.0199602842330933,10.586164474487305,24.312522888183594
Correct 26.500003814697266,1.7727015018463135,1.62116277217865,3.527971029281616
Wrong 23.890649795532227,4.568053245544434,3.67433500289917,3.2820980548858643
Correct 8.023547172546387,3.6306681632995605,6.015841007232666,27.312501907348633
Wrong 11.914345741271973,14.2000093460083,12.820832252502441,3.3255202770233154
Correct 6.793127536773682,3.2513668537139893,26.281253814697266,5.75397253036499
Wrong 23.656280517578125,1.9165492057800293,0.49278298020362854,2.1268842220306396
Correct 6.492440700531006,1.639670491218567,24.546894073486328,6.769677639007568
Correct 6.703317642211914,25.01640510559082,3.00715970993042,4.512853622436523
Correct 5.2267680168151855,2.8612473011016846,25.7187557220459,7.519576549530029
Wrong 4.188979148864746,0.7186753749847412,2.2340502738952637,25.828155517578125
Correct 4.386972904205322,1.1443979740142822,25.484384536743164,6.277433395385742
Correct 25.062511444091797,2.9851489067077637,4.091030120849609,4.028147220611572
Correct 27.2656307220459,1.6117991209030151,1.5274561643600464,4.348055362701416
Correct 4.552639961242676,0.716133177280426,2.1453213691711426,24.46880531311035
Correct 26.48438262939453,2.6504666805267334,3.208672285079956,3.440600633621216
Correct 5.70372200012207,22.87586212158203,9.906412124633789,7.597959041595459
Wrong 5.715549468994141,13.214472770690918,22.734437942504883,4.118445873260498
Correct 5.367572784423828,22.656633377075195,9.09389591217041,5.609878063201904
Wrong 5.266356468200684,19.29212760925293,9.586376190185547,7.227084159851074
Wrong 5.8372697830200195,23.85994529724121,10.367362976074219,5.063329696655273
Wrong 26.156265258789062,2.0227086544036865,1.9000540971755981,2.5706987380981445
Wrong 13.421937942504883,0.007451634854078293,12.750057220458984,24.312511444091797
Wrong 3.293363094329834,1.2414240837097168,23.296974182128906,4.04017448425293
Wrong 4.63322114944458,1.807613730430603,17.859392166137695,24.62501335144043
Correct 26.968753814697266,2.374094009399414,3.2416512966156006,3.9359898567199707
Correct 4.8283915519714355,1.3506014347076416,26.343761444091797,7.230524063110352
Wrong 5.750748634338379,20.23686981201172,14.23448657989502,4.918806076049805
Wrong 6.043691635131836,24.3599910736084,3.230684518814087,3.4412457942962646
Correct 22.671899795532227,1.3062468767166138,1.4172868728637695,2.6234288215637207
Wrong 4.996744155883789,2.2168877124786377,20.500070571899414,5.933999061584473
Correct 5.922320365905762,10.470176696777344,18.531299591064453,19.421907424926758
Wrong 4.344204425811768,4.9600749015808105,25.71875762939453,6.226651191711426
Correct 5.195652961730957,2.4000539779663086,24.625009536743164,6.054797649383545
Wrong 21.125019073486328,3.0424816608428955,2.106733798980713,7.019755840301514
Correct 26.17188262939453,2.410740613937378,6.508005619049072,4.785421848297119
Wrong 21.09377098083496,3.3571135997772217,11.757862091064453,19.96876335144043
Wrong 24.39065170288086,1.5373317003250122,12.046964645385742,4.91090202331543
Correct 4.617813587188721,1.16697359085083,11.789155960083008,24.406269073486328
Wrong 22.390722274780273,2.7907626628875732,14.57048225402832,3.8495049476623535
Wrong 6.340242862701416,24.890949249267578,4.738830089569092,5.61371374130249
Correct 5.262974739074707,21.348262786865234,4.130922794342041,4.3881072998046875
Correct 5.539968013763428,25.73476791381836,5.731081008911133,3.6891441345214844
Wrong 6.078486442565918,1.7369146347045898,3.9281866550445557,25.984405517578125
Wrong 7.0315752029418945,0.9969540238380432,1.8984088897705078,25.53126335144043
Wrong 23.734397888183594,3.232243776321411,4.375882625579834,5.3908209800720215
Correct 4.8956732749938965,23.68783187866211,4.672756195068359,3.82635235786438
Wrong 23.453197479248047,7.6393513679504395,9.2661714553833,2.9512362480163574
Wrong 23.468780517578125,3.4165401458740234,4.552452087402344,7.980643272399902
Wrong 6.578649044036865,21.46971321105957,11.601717948913574,10.164169311523438
Correct 4.990345001220703,1.7769775390625,19.828369140625,8.110418319702148
Correct 6.0124711990356445,23.09577178955078,5.012964248657227,4.0758514404296875
Correct 24.406286239624023,4.062051773071289,2.2337026596069336,4.465450763702393
Wrong 12.96102523803711,1.8313636779785156,23.06252670288086,6.62518835067749
Correct 6.109519958496094,1.9931010007858276,25.343759536743164,12.500017166137695
Wrong 18.000118255615234,16.846782684326172,9.399003028869629,4.809106349945068
Wrong 5.316924095153809,4.623857498168945,9.007966041564941,25.00000762939453
Wrong 13.86726188659668,5.987006664276123,19.921918869018555,9.937643051147461
Wrong 25.65626335144043,1.4301388263702393,2.7281317710876465,3.4857945442199707
Correct 6.8050217628479,22.016098022460938,12.921942710876465,13.898502349853516
Wrong 4.211501121520996,1.5493682622909546,25.812511444091797,4.738603591918945
Correct 6.137485027313232,20.07938003540039,8.172187805175781,12.312612533569336
Correct 5.332266330718994,2.8370141983032227,5.379049301147461,27.8906307220459
Wrong 12.867359161376953,19.254955291748047,11.77363395690918,12.015835762023926
Correct 4.688523769378662,0.5098292827606201,4.653007984161377,24.625032424926758
Wrong 26.9062557220459,2.8323919773101807,3.091703176498413,4.832434177398682
Correct 5.453310966491699,2.1270182132720947,23.95313835144043,5.925894260406494
Correct 22.625091552734375,12.555692672729492,3.7185587882995605,2.6745412349700928
Wrong 4.248208522796631,15.13035774230957,9.204151153564453,10.148740768432617
Wrong 20.031267166137695,3.774428367614746,21.734424591064453,6.199563503265381
Wrong 23.781253814697266,4.265695571899414,6.773584365844727,18.562509536743164
Correct 4.133477210998535,0.8149420022964478,25.812530517578125,5.062875270843506
Wrong 28.015626907348633,2.8543412685394287,2.8289577960968018,4.480697154998779
Correct 26.171884536743164,3.5421547889709473,1.766575574874878,4.2932233810424805
Wrong 7.398683547973633,1.0636298656463623,23.000032424926758,13.703161239624023
Wrong 3.3269906044006348,0.7425338625907898,25.593780517578125,5.711181163787842
Correct 23.687528610229492,2.7516930103302,2.7337241172790527,3.6525614261627197
Wrong 3.902857780456543,4.024559497833252,23.171913146972656,8.773571014404297
Wrong 22.500036239624023,18.22149085998535,2.8067049980163574,1.8843696117401123
Wrong 24.6406307220459,1.7092307806015015,4.3209428787231445,6.519637584686279
Correct 3.882291555404663,0.9524533748626709,15.461051940917969,19.35944366455078
Wrong 5.3751606941223145,2.182509660720825,24.78125762939453,7.269574165344238
Correct 19.35938835144043,3.3898417949676514,4.086588382720947,24.296884536743164
Correct 4.45007848739624,1.9603805541992188,7.531391620635986,26.890640258789062
Wrong 18.531309127807617,2.073219060897827,21.593826293945312,4.34950065612793
Wrong 22.390676498413086,4.3138580322265625,3.2787299156188965,5.285858631134033
Wrong 5.3405256271362305,25.21938705444336,4.266356945037842,6.238809585571289
Correct 17.703250885009766,5.0213398933410645,21.015771865844727,5.653578281402588
Wrong 5.297124862670898,2.0304014682769775,4.656436920166016,26.796878814697266
Wrong 5.516807556152344,23.3457088470459,7.149014949798584,3.1818294525146484
Wrong 5.765729904174805,2.3397154808044434,6.378947734832764,26.984376907348633
Wrong 8.828293800354004,2.113799810409546,4.429935932159424,27.218759536743164
Correct 8.94555950164795,2.8930180072784424,4.519851207733154,27.765634536743164
Wrong 6.824520111083984,4.018230438232422,24.093778610229492,4.91472053527832
Correct 26.203128814697266,3.893303155899048,2.4651262760162354,4.090588569641113
Correct 24.71875762939453,2.9114878177642822,3.2007060050964355,4.3129448890686035
Wrong 5.312830448150635,2.5614378452301025,25.218761444091797,7.679752349853516
Correct 4.430068016052246,2.7647011280059814,24.156269073486328,5.508086681365967
Wrong 26.140628814697266,2.888688564300537,2.411055088043213,4.351870059967041
Wrong 4.005003452301025,15.98929214477539,20.343830108642578,3.7978053092956543
Wrong 5.09395694732666,1.7611101865768433,25.843759536743164,5.429834365844727
Wrong 5.297786235809326,22.954296112060547,5.293556213378906,4.657223701477051
Correct 23.21876335144043,4.7180352210998535,4.266523838043213,9.000032424926758
Wrong 5.055154800415039,1.8878326416015625,4.980702877044678,26.54688262939453
Wrong 25.000022888183594,1.462886929512024,2.0887534618377686,2.9899699687957764
Correct 7.379502296447754,25.515926361083984,5.574716567993164,3.8074066638946533
Wrong 26.125015258789062,1.1463532447814941,1.1546763181686401,2.221029758453369
Wrong 25.9687557220459,1.4294648170471191,1.245068073272705,3.399024248123169
Wrong 25.46875762939453,7.501014232635498,2.2184388637542725,2.9721457958221436
Wrong 25.25000762939453,2.9911563396453857,2.122819662094116,4.558891296386719
Correct 8.679899215698242,21.203765869140625,4.142906665802002,4.504757404327393
Wrong 3.7793326377868652,22.00115203857422,7.739751815795898,3.9938902854919434
Wrong 24.5000057220459,4.749397277832031,13.359395027160645,5.35955810546875
Wrong 20.875038146972656,3.847303628921509,8.203296661376953,5.613542556762695
Correct 25.109386444091797,4.908426761627197,6.96917724609375,10.320382118225098
Correct 22.21878433227539,2.8208208084106445,15.797053337097168,2.995628595352173
