grade confidence_levels
Wrong 21.640625,27.25,23.53125,28.03125
Wrong 25.640625,25.84375,23.8125,25.84375
Wrong 27.25,22.046875,25.078125,24.71875
Wrong 21.28125,22.5625,28.15625,25.125
Correct 26.5625,23.125,24.421875,25.328125
Correct 22.65625,21.515625,25.25,29.25
Correct 21.890625,27.234375,26.71875,25.96875
Wrong 23.671875,25.375,24.125,28.421875
Correct 27.5625,23.65625,24.8125,25.421875
Wrong 23.484375,25.015625,26.125,28.25
Wrong 26.0625,23.609375,23.671875,27.953125
Correct 22.421875,21.953125,21.78125,28.15625
Correct 27.9375,23.328125,23.703125,27.34375
Correct 25.859375,25.6875,25.625,25.6875
Wrong 22.453125,25.828125,23.609375,26.359375
Wrong 27.9375,22.75,22.703125,28.390625
Correct 23.53125,20.765625,28.40625,26.703125
Correct 28.6875,23.0625,20.84375,26.15625
Wrong 21.1875,26.890625,24.203125,26.21875
Correct 23.296875,21.421875,22.734375,28.53125
Wrong 21.015625,21.0,23.4375,29.609375
Wrong 25.265625,25.546875,24.8125,26.6875
Wrong 23.546875,27.0625,25.46875,24.46875
Wrong 23.640625,21.96875,23.5,27.15625
Correct 19.359375,18.5,28.0625,23.96875
Correct 22.53125,28.0625,24.359375,26.171875
Correct 21.234375,19.09375,19.984375,28.84375
Correct 23.625,23.984375,23.921875,28.40625
Wrong 26.765625,24.375,24.703125,28.15625
Wrong 22.0,23.65625,24.234375,26.703125
Wrong 23.6875,22.984375,22.8125,27.921875
Correct 21.671875,17.96875,19.84375,29.984375
Correct 21.28125,25.1875,24.75,26.859375
Wrong 23.828125,21.15625,22.015625,29.6875
Wrong 23.640625,26.765625,25.109375,27.75
Correct 23.765625,21.609375,24.046875,27.28125
Correct 27.34375,26.703125,23.734375,26.203125
Correct 20.3125,17.890625,20.125,29.921875
Correct 21.609375,21.1875,26.921875,25.890625
Wrong 22.9375,24.34375,25.953125,26.984375
Correct 21.078125,23.171875,25.578125,27.234375
Correct 23.71875,22.90625,24.5,28.28125
Correct 26.546875,24.203125,24.09375,26.484375
Correct 21.140625,28.203125,23.15625,23.421875
Correct 21.71875,22.421875,28.703125,25.96875
Correct 22.203125,29.359375,24.515625,24.25
Correct 21.171875,20.890625,29.46875,24.578125
Wrong 22.375,20.5,21.796875,29.34375
Wrong 22.890625,22.09375,25.96875,28.015625
Wrong 22.640625,22.0,26.875,26.96875
Correct 26.15625,23.125,24.203125,26.125
Wrong 27.265625,22.421875,23.1875,29.40625
Wrong 22.703125,21.390625,23.0625,27.6875
Correct 22.859375,26.296875,23.546875,27.78125
Wrong 26.28125,24.90625,22.578125,26.8125
Correct 21.703125,25.875,24.859375,26.171875
Wrong 22.765625,26.421875,25.78125,27.1875
Wrong 23.765625,26.0625,25.671875,26.859375
Wrong 23.4375,24.03125,24.421875,26.046875
Wrong 24.6875,23.015625,24.75,27.15625
Wrong 25.28125,25.09375,24.390625,27.5625
Correct 30.125,21.578125,18.921875,23.75
Wrong 25.9375,24.078125,23.578125,27.59375
Correct 22.015625,21.703125,25.578125,28.28125
Wrong 21.984375,20.90625,26.359375,27.84375
Correct 20.21875,17.921875,28.09375,22.734375
Correct 22.6875,21.25,21.859375,29.21875
Wrong 24.453125,21.984375,22.828125,26.90625
Wrong 24.203125,23.328125,24.875,27.25
Correct 22.3125,22.8125,27.25,25.546875
Wrong 25.5,24.28125,23.8125,28.625
Correct 22.640625,22.265625,21.640625,28.671875
Wrong 22.375,21.9375,27.28125,26.53125
Correct 21.234375,18.921875,19.53125,29.578125
Wrong 23.875,22.390625,24.09375,25.921875
Correct 27.1875,23.125,25.265625,25.703125
Wrong 25.28125,24.125,25.671875,27.203125
Wrong 25.71875,23.359375,23.765625,27.265625
Correct 20.25,25.1875,20.0,29.84375
Wrong 23.265625,24.5625,23.609375,26.75
Correct 22.734375,24.203125,27.96875,25.90625
Wrong 24.90625,23.546875,25.515625,26.328125
Wrong 24.84375,26.0625,25.171875,27.875
Correct 22.625,20.96875,22.71875,28.046875
Wrong 25.546875,25.75,24.078125,26.953125
Wrong 24.1875,23.671875,23.90625,27.96875
Wrong 24.15625,25.390625,29.0,26.453125
Correct 21.703125,24.796875,27.921875,26.578125
Correct 26.125,22.09375,26.0,24.78125
Wrong 25.5625,27.03125,26.109375,26.75
