grade confidence_levels
Correct 20.078125,19.171875,40.25,17.875
Correct 39.4375,19.84375,15.09375,15.2734375
Correct 19.515625,18.21875,18.671875,40.21875
Correct 24.296875,24.03125,40.5,21.796875
Correct 39.28125,17.015625,15.59375,14.0390625
Correct 39.5,30.765625,22.09375,23.125
Correct 22.734375,39.0625,20.53125,17.53125
Wrong 27.203125,34.75,22.546875,37.21875
Correct 19.640625,38.5,17.703125,16.71875
Correct 38.84375,19.921875,17.78125,14.8828125
Correct 39.1875,18.78125,19.234375,14.484375
Correct 23.5,20.359375,20.390625,38.65625
Correct 22.125,20.25,39.8125,19.703125
Correct 23.71875,39.75,25.359375,25.78125
Correct 38.5,20.5625,15.984375,15.6875
Wrong 29.078125,28.09375,30.59375,32.84375
Correct 22.0,21.28125,20.328125,39.96875
Correct 38.90625,17.671875,15.453125,13.6015625
Correct 38.6875,19.59375,17.5625,14.6328125
Correct 21.75,19.96875,40.4375,18.890625
Correct 20.75,40.3125,17.84375,17.109375
Correct 26.125,25.703125,37.21875,27.25
Correct 36.40625,23.125,21.9375,24.984375
Correct 21.0,39.25,17.9375,16.59375
Correct 21.328125,39.6875,19.34375,17.109375
Wrong 35.65625,26.84375,35.96875,26.4375
Correct 19.828125,18.546875,18.203125,38.78125
Correct 21.359375,39.34375,19.125,17.28125
Wrong 36.75,34.40625,30.015625,29.421875
Correct 22.234375,21.421875,26.453125,38.78125
Correct 18.859375,18.46875,18.296875,39.0625
Correct 20.15625,20.609375,40.46875,18.40625
Correct 23.28125,23.9375,24.484375,38.75
Correct 20.015625,19.78125,20.09375,39.375
Correct 39.0,18.5,15.1171875,14.4296875
Correct 34.40625,37.3125,33.625,29.625
Correct 28.015625,31.0,36.96875,35.34375
Correct 22.609375,39.375,21.171875,18.90625
Correct 25.25,27.953125,23.453125,27.265625
Wrong 23.34375,21.4375,19.828125,38.71875
Correct 19.453125,39.84375,17.359375,16.109375
Correct 20.53125,20.0,19.515625,38.15625
Correct 20.0625,39.71875,18.21875,16.25
Correct 20.640625,38.21875,18.15625,17.28125
Correct 19.546875,18.234375,18.21875,39.53125
Wrong 19.828125,38.6875,22.796875,17.34375
Correct 30.28125,39.03125,21.21875,18.078125
Wrong 19.46875,18.578125,19.6875,39.84375
Correct 21.515625,21.953125,19.609375,38.65625
Wrong 22.5,20.640625,19.96875,38.96875
Correct 20.9375,21.109375,40.09375,18.953125
Correct 22.453125,39.875,21.953125,17.03125
Correct 20.15625,19.421875,20.953125,39.15625
Correct 24.390625,35.03125,24.796875,28.390625
Correct 36.96875,31.703125,31.9375,28.359375
Correct 20.96875,20.234375,19.28125,38.9375
Correct 32.0,31.125,32.40625,35.0
Correct 22.546875,30.640625,41.15625,21.5
Correct 32.65625,30.46875,38.21875,32.625
Correct 23.8125,37.875,20.0625,22.875
Correct 20.21875,18.515625,40.75,17.90625
Correct 19.84375,19.046875,17.828125,39.4375
Correct 22.859375,38.8125,20.4375,17.3125
Wrong 34.59375,29.671875,32.53125,35.28125
Correct 20.984375,19.859375,19.84375,38.40625
Correct 23.3125,20.484375,40.53125,19.3125
Correct 19.4375,15.796875,16.140625,37.75
Correct 39.03125,21.515625,18.984375,15.7734375
Wrong 38.1875,20.296875,21.1875,22.453125
Correct 21.625,38.15625,19.265625,16.984375
Correct 38.40625,20.59375,23.28125,16.96875
Correct 20.734375,38.65625,20.546875,17.265625
Correct 20.234375,18.359375,40.15625,17.078125
Correct 33.90625,35.5625,31.78125,32.53125
Correct 38.71875,16.453125,14.390625,14.9375
Correct 20.28125,39.59375,18.03125,16.265625
Correct 38.21875,21.6875,17.171875,16.90625
Wrong 20.0625,38.78125,18.234375,17.984375
Correct 20.421875,20.515625,20.09375,39.34375
Correct 21.640625,39.59375,20.65625,23.96875
Correct 27.8125,38.8125,25.140625,22.8125
Correct 35.34375,30.171875,34.875,22.640625
Correct 37.5,23.296875,18.890625,15.359375
Correct 20.21875,39.375,17.203125,16.5625
Correct 38.3125,24.078125,28.203125,18.21875
Wrong 35.9375,36.9375,23.1875,23.046875
Correct 20.109375,19.640625,40.84375,18.125
Correct 21.109375,39.40625,20.859375,21.3125
Correct 20.765625,37.90625,20.734375,18.59375
Correct 22.8125,22.8125,41.4375,19.765625
Correct 22.203125,21.625,17.953125,38.34375
Correct 21.890625,23.171875,21.828125,38.8125
Wrong 38.03125,31.59375,27.9375,32.75
Correct 20.78125,39.75,20.96875,18.84375
Correct 25.875,22.421875,40.28125,19.578125
Wrong 23.5,41.03125,28.203125,23.734375
Wrong 38.40625,24.09375,17.765625,19.734375
Correct 21.796875,21.046875,40.28125,16.921875
Correct 20.203125,19.078125,19.859375,38.84375
Correct 39.3125,24.0625,23.375,16.90625
Correct 22.140625,39.84375,21.21875,17.78125
Correct 25.5625,22.1875,40.53125,23.0625
Correct 38.90625,21.875,21.359375,17.921875
Correct 20.515625,39.09375,18.78125,17.671875
Correct 23.828125,22.234375,40.8125,23.75
Wrong 29.53125,39.65625,31.390625,24.703125
Correct 26.546875,22.875,25.90625,38.65625
Correct 38.25,18.15625,16.828125,15.9765625
Correct 19.5625,39.4375,18.546875,17.296875
Correct 20.234375,39.875,17.890625,16.5625
Correct 24.71875,27.609375,41.53125,19.3125
Correct 33.40625,32.125,36.75,29.375
Wrong 19.546875,19.953125,18.34375,40.15625
Correct 20.546875,19.234375,18.765625,37.96875
Correct 20.421875,39.8125,17.359375,15.71875
Correct 20.109375,39.5625,18.359375,16.15625
Correct 25.40625,40.28125,22.265625,18.765625
Correct 23.078125,37.0625,24.0625,26.09375
Correct 22.671875,21.921875,40.59375,18.6875
Correct 20.390625,19.078125,41.0625,18.21875,16.000001907348633
Correct 39.15625,18.046875,14.84375,13.8359375
Wrong 38.75,28.03125,24.625,33.03125
Correct 20.9375,26.296875,19.828125,39.03125
Wrong 21.0,40.28125,19.265625,16.671875
Correct 30.71875,27.34375,27.15625,38.5
Wrong 24.09375,38.9375,23.203125,34.0625
Correct 24.953125,38.75,21.265625,23.578125
Correct 19.40625,18.921875,18.96875,39.09375
Correct 20.109375,18.984375,20.609375,40.1875
Correct 29.6875,33.34375,39.09375,23.453125
Wrong 24.21875,18.46875,18.328125,38.21875
Correct 19.421875,20.453125,18.53125,39.28125
Correct 20.046875,38.65625,20.078125,20.8125
Correct 28.40625,30.859375,34.90625,36.3125
Correct 22.234375,38.0,19.203125,16.59375
Wrong 21.609375,20.3125,40.3125,18.734375
Correct 38.6875,20.953125,17.796875,15.9609375
Correct 19.890625,18.859375,19.890625,39.59375
Correct 38.875,21.609375,18.96875,17.65625
Correct 19.640625,39.5625,17.859375,16.703125
Correct 26.125,25.640625,40.46875,23.375
Wrong 20.5625,21.328125,19.65625,39.1875
Wrong 37.53125,24.734375,36.5625,19.828125
Correct 38.59375,23.03125,21.890625,22.765625
Correct 26.8125,40.65625,28.703125,23.09375
Correct 31.28125,26.640625,37.46875,23.03125
Correct 21.4375,20.421875,40.78125,18.453125
Wrong 24.359375,22.828125,19.90625,38.84375
Correct 22.453125,39.9375,20.53125,17.921875
Wrong 38.125,21.390625,18.375,21.359375
Correct 22.109375,20.265625,40.28125,18.609375
Correct 38.90625,20.03125,22.265625,16.671875
Correct 23.578125,21.390625,19.984375,38.96875
Wrong 37.40625,20.28125,16.53125,15.90625
Correct 38.71875,17.96875,14.5859375,14.25
Correct 19.203125,18.640625,17.5,40.125
Correct 19.9375,18.84375,19.53125,38.65625
Correct 38.78125,19.96875,17.515625,15.0859375
Correct 37.65625,21.515625,17.8125,20.1875
Correct 20.328125,38.65625,19.296875,17.734375
Correct 25.359375,26.25,25.21875,39.375
Correct 22.515625,39.53125,23.359375,20.921875
Correct 23.875,20.53125,20.25,39.375
Correct 20.640625,39.71875,20.515625,17.421875
Wrong 21.34375,21.734375,21.625,38.6875
Correct 18.9375,17.140625,17.921875,38.90625
Wrong 31.5,32.5,33.0625,26.046875
Correct 21.15625,39.34375,18.109375,16.90625
Wrong 37.4375,26.265625,23.03125,29.609375
Correct 37.84375,34.8125,31.265625,27.328125
Correct 28.5,39.96875,28.109375,20.015625
Wrong 28.59375,40.25,30.65625,30.015625
Wrong 22.234375,22.234375,41.0,20.15625
Correct 21.75,37.9375,19.65625,18.125
Correct 38.46875,20.96875,18.1875,15.203125
Correct 39.375,17.984375,15.0,14.8515625
Correct 21.921875,19.734375,40.78125,17.84375
Correct 22.46875,39.625,20.21875,18.328125
Wrong 36.40625,28.3125,29.71875,27.40625
Correct 19.390625,39.96875,18.625,16.765625
Wrong 25.5,39.0,25.40625,33.3125
Correct 38.6875,28.25,21.3125,25.765625
Wrong 29.640625,20.65625,20.859375,39.78125
Correct 34.375,34.03125,34.15625,28.71875
Correct 37.4375,28.765625,28.453125,30.703125
Wrong 37.5625,22.1875,23.21875,17.4375
Correct 34.1875,25.421875,26.046875,24.6875
Correct 38.09375,19.84375,18.328125,18.78125
Correct 19.734375,17.96875,17.9375,39.21875
Correct 38.96875,21.171875,16.609375,15.3671875
Correct 20.515625,19.765625,20.125,39.03125
Correct 27.125,27.015625,32.46875,37.90625
Correct 25.15625,37.25,26.171875,29.359375
Correct 26.640625,39.15625,23.421875,25.0625
Wrong 21.078125,22.984375,20.4375,38.8125
Correct 20.9375,39.40625,18.359375,17.265625
Correct 23.78125,20.875,40.15625,18.25
Wrong 28.96875,28.96875,40.09375,23.90625
Correct 20.90625,19.09375,21.109375,38.65625
Correct 29.78125,25.34375,40.96875,20.84375
Correct 23.921875,25.65625,40.78125,25.0
Correct 39.15625,22.21875,16.796875,16.78125
Correct 32.46875,24.890625,25.203125,36.34375
Correct 26.609375,29.4375,40.03125,26.484375
Correct 36.625,34.8125,30.828125,23.046875
Wrong 38.59375,15.8984375,14.859375,13.4453125
Correct 19.0,39.6875,17.078125,15.890625
Wrong 21.703125,38.1875,20.25,19.265625
Correct 19.6875,20.421875,20.984375,39.78125
Correct 21.703125,21.84375,19.28125,38.125
Correct 21.875,20.5,39.65625,20.734375
Wrong 20.375,19.296875,40.5,17.875
Correct 25.28125,37.3125,29.296875,26.84375
Correct 23.109375,39.28125,19.828125,17.53125
Correct 22.34375,22.046875,40.78125,19.375
Wrong 27.546875,27.90625,30.015625,27.640625
Correct 39.3125,18.484375,15.4296875,13.5078125
Correct 33.0,24.984375,23.34375,36.9375
Correct 23.09375,20.28125,40.0,17.859375
Wrong 26.09375,36.75,35.65625,26.65625
Correct 28.59375,40.125,20.875,18.625
Correct 36.875,25.0,20.796875,23.859375
Correct 30.625,30.015625,38.21875,24.3125
Correct 19.796875,39.15625,17.71875,16.109375
Correct 32.875,37.59375,25.078125,19.703125
Wrong 36.9375,28.328125,35.46875,23.671875
Wrong 38.71875,17.0,14.171875,13.0703125
Wrong 34.03125,34.3125,33.875,23.84375
Correct 22.640625,30.671875,41.03125,22.703125
Correct 23.09375,22.0625,41.125,19.828125
Correct 38.78125,18.390625,16.515625,14.484375
Correct 38.5625,16.9375,18.1875,15.7578125
Correct 19.078125,18.265625,17.21875,38.3125
Wrong 21.046875,19.015625,19.15625,39.0625
Correct 20.90625,20.578125,19.609375,38.71875
Correct 21.0625,39.5625,19.640625,18.203125
Correct 29.03125,25.28125,23.765625,38.6875
Correct 38.21875,24.421875,20.140625,22.265625
Wrong 21.71875,20.625,40.65625,19.0625
Wrong 38.78125,22.671875,16.78125,15.625
Correct 19.328125,17.21875,18.0,39.375
Wrong 21.53125,22.921875,24.96875,38.875
Correct 21.03125,21.65625,39.46875,21.59375
Correct 21.765625,39.4375,18.375,17.421875
Wrong 30.78125,33.21875,22.953125,37.875
Correct 19.84375,18.78125,39.09375,17.15625
Correct 19.75,18.75,40.3125,17.171875
Correct 20.734375,39.84375,17.953125,16.265625
Correct 38.40625,19.671875,17.125,15.1484375
Correct 26.125,25.984375,35.625,36.6875
Correct 39.4375,24.890625,26.34375,22.90625
Correct 20.453125,20.25,40.5,18.703125
Wrong 34.9375,38.0,31.453125,20.1875
Correct 21.71875,20.109375,39.8125,20.328125
Wrong 21.515625,19.703125,39.21875,17.890625
Wrong 20.609375,20.234375,18.84375,39.71875
Correct 21.375,30.3125,20.4375,38.96875
Correct 20.0,39.25,18.296875,17.34375
Correct 22.515625,39.53125,21.125,17.03125
Wrong 19.59375,39.125,17.65625,16.109375
Wrong 31.578125,35.59375,35.59375,27.34375
Correct 20.09375,39.6875,17.921875,16.46875
Correct 21.75,39.3125,19.078125,18.96875
Wrong 21.328125,39.125,17.96875,17.75
Correct 19.53125,19.1875,19.390625,38.625
Wrong 25.328125,39.875,29.359375,22.765625
Wrong 32.09375,36.28125,31.703125,28.015625
Correct 19.84375,18.40625,18.59375,40.21875
Wrong 38.0625,29.640625,27.65625,31.359375
Wrong 18.875,17.75,18.25,39.34375
Correct 20.875,20.140625,20.21875,39.34375
Correct 26.09375,22.5,21.796875,38.46875
Correct 21.21875,22.640625,40.5,17.421875
Wrong 23.640625,39.84375,20.515625,19.609375
Wrong 20.296875,40.09375,17.46875,16.609375
Correct 22.890625,38.96875,17.984375,17.625
Correct 33.5,32.53125,23.125,34.3125
Correct 31.0625,31.421875,38.84375,22.796875
Correct 20.90625,20.71875,40.875,18.140625
Correct 36.90625,36.8125,24.5625,21.375
Correct 28.25,25.203125,24.109375,38.09375
Wrong 37.375,22.25,27.421875,17.25
Correct 26.0625,19.765625,19.875,39.5625
Wrong 38.40625,19.71875,18.5,17.421875
Wrong 38.9375,20.0,17.21875,15.9921875
Correct 20.765625,19.890625,41.03125,18.140625
Correct 39.25,29.8125,23.515625,20.75
Correct 26.765625,37.40625,30.84375,21.28125
Correct 23.09375,23.546875,40.96875,20.109375
Correct 35.09375,34.59375,28.234375,26.28125
Wrong 20.65625,37.84375,18.65625,18.40625
Correct 20.1875,19.203125,18.578125,39.59375
Wrong 21.265625,19.359375,19.21875,38.875
Correct 37.65625,19.625,17.1875,16.171875
Correct 38.5,25.6875,20.984375,17.96875
Correct 20.234375,19.21875,41.4375,17.421875
Correct 24.9375,24.765625,39.96875,20.25
Wrong 26.59375,40.125,29.40625,21.65625
Wrong 24.703125,24.703125,23.28125,38.5
Wrong 25.0625,39.15625,27.984375,21.765625
Correct 39.0625,20.953125,17.078125,15.375
Correct 38.5,25.59375,33.34375,26.21875
Correct 21.96875,21.296875,20.859375,38.875
Correct 24.40625,21.9375,39.4375,23.9375
Wrong 37.03125,32.125,35.53125,27.25
Wrong 38.0625,17.8125,16.453125,14.8671875
Correct 39.125,18.640625,17.78125,18.171875
Wrong 20.609375,39.21875,25.625,18.546875
Correct 20.734375,39.84375,18.3125,15.9140625
Correct 21.609375,39.03125,21.4375,17.8125
Wrong 21.265625,22.28125,40.78125,18.296875
Correct 19.578125,21.703125,19.359375,39.78125
Correct 28.75,27.3125,39.53125
Wrong 37.875,19.65625,17.421875,16.46875
Correct 30.09375,29.0,28.234375,38.3125
Correct 20.3125,38.46875,17.96875,17.5625
Wrong 36.0625,37.09375,27.171875,24.59375
Correct 24.34375,25.234375,24.0625,38.71875
Wrong 21.140625,20.546875,40.0625,19.03125
Wrong 21.59375,40.15625,19.59375,17.921875
Wrong 38.875,26.140625,18.046875,16.015625
Wrong 22.09375,40.25,21.625,18.0
Wrong 23.6875,33.5625,24.390625,39.625
Correct 26.515625,39.625,24.15625,21.40625
Correct 28.546875,38.59375,26.515625,25.5625
Wrong 37.25,26.5,19.65625,19.0
Wrong 23.046875,23.84375,24.0625,38.625
Wrong 22.546875,39.3125,19.109375,17.9375
Correct 21.0,20.0625,40.3125,18.953125
Correct 19.53125,18.375,17.578125,39.15625
Wrong 38.0625,25.6875,35.84375,21.65625
Correct 22.859375,20.453125,40.0625,19.015625
Wrong 25.65625,39.875,29.296875,23.453125
Correct 36.9375,21.703125,18.875,16.28125
Correct 38.09375,22.15625,18.34375,16.515625
Correct 20.8125,18.703125,40.875,18.8125
Correct 22.578125,22.328125,20.625,39.09375
Correct 19.453125,17.96875,18.46875,38.65625
Wrong 37.96875,21.15625,19.46875,20.171875
Correct 32.65625,28.734375,36.15625,36.8125
Correct 24.78125,38.4375,29.265625,27.90625
Correct 38.09375,24.734375,23.953125,21.59375
Correct 36.25,22.0625,36.53125,19.328125
Correct 33.0,31.0,33.3125,30.09375
Correct 20.375,39.125,18.203125,16.625
Correct 39.21875,19.09375,16.78125,16.890625
Correct 29.625,29.515625,40.375,23.53125
Correct 25.34375,24.625,40.21875,21.203125
Wrong 21.796875,20.875,22.078125,38.25
Correct 23.828125,22.21875,39.6875,18.734375
Wrong 23.09375,38.96875,19.3125,16.5625
Wrong 21.203125,19.703125,40.875,19.203125
Wrong 29.734375,28.28125,39.625,28.984375
Wrong 37.21875,18.75,21.828125,19.0625
Wrong 20.765625,18.25,18.09375,39.28125
Wrong 18.8125,17.578125,17.859375,40.03125
Correct 38.96875,18.046875,15.5390625,14.1953125
Correct 32.0,33.625,32.4375,32.0625
Correct 38.1875,24.171875,29.25,22.890625
Correct 26.359375,39.53125,25.46875,24.328125
Correct 38.0625,20.828125,19.34375,21.484375
Wrong 21.546875,20.125,22.34375,39.375
Wrong 22.625,21.4375,40.03125,19.875
Wrong 21.296875,40.5,21.203125,17.546875
Correct 38.03125,18.890625,16.96875,16.1875
Correct 34.875,31.078125,27.53125,34.875
Correct 22.859375,39.03125,19.65625,18.0625
Correct 20.703125,40.3125,18.40625,16.875
Correct 38.40625,20.734375,20.921875,18.484375
Correct 21.125,19.875,20.953125,39.375
Correct 23.984375,22.34375,40.03125,18.390625
Wrong 36.875,20.453125,19.3125,19.046875
Correct 19.328125,17.96875,18.25,39.75
Correct 27.28125,40.71875,25.515625,21.171875
Correct 37.90625,16.40625,14.3046875,13.8125
Correct 38.875,20.921875,16.96875,16.28125
Correct 22.703125,22.953125,39.21875,19.828125
Wrong 20.0625,38.84375,17.6875,16.828125
Wrong 22.4375,28.953125,31.75,30.875
Wrong 26.46875,24.359375,28.609375,38.8125
Correct 32.71875,28.078125,25.015625,34.65625
Correct 19.203125,39.40625,17.953125,15.8125
Correct 25.828125,21.015625,39.46875
Wrong 21.984375,21.03125,20.65625,39.40625
Correct 38.5,19.96875,16.6875,16.234375
Correct 38.6875,18.09375,15.9921875,15.3828125
Correct 20.828125,19.015625,19.640625,39.4375
Wrong 20.90625,20.28125,40.75,20.015625
Wrong 20.859375,19.53125,39.9375,23.078125
Correct 37.53125,20.6875,17.28125,21.046875
Correct 22.96875,25.328125,40.25,19.40625
Wrong 24.5625,27.625,40.75,20.65625
Correct 20.453125,39.15625,18.171875,17.40625
Correct 22.390625,39.375,20.8125,20.140625
Wrong 37.6875,29.625,33.53125,30.328125
Correct 21.546875,20.5,39.84375,18.421875
Correct 21.171875,23.09375,21.203125,39.9375
Correct 23.59375,38.9375,21.5625,20.953125
Wrong 26.328125,38.78125,32.125,23.921875
Correct 38.96875,19.109375,16.265625,14.375
Correct 21.265625,22.71875,20.109375,38.3125
Correct 20.6875,19.3125,40.4375,19.0625
Wrong 20.75,20.328125,22.96875,39.625
Correct 20.015625,19.109375,19.046875,39.53125
Correct 27.78125,39.6875,23.046875,23.78125
Correct 19.328125,18.75,19.421875,39.8125
Wrong 21.3125,39.125,18.03125,15.7421875
Correct 24.421875,22.375,40.21875,18.421875
Correct 38.3125,23.640625,19.0,21.015625
Wrong 39.1875,24.453125,19.53125,17.171875
Wrong 19.21875,18.265625,18.4375,39.09375
Correct 29.234375,29.34375,38.6875,24.953125
Wrong 22.4375,39.5,26.09375,19.875
Correct 20.8125,20.90625,40.4375,17.59375
Wrong 21.1875,39.84375,23.90625,19.765625
Wrong 38.46875,21.625,19.359375,19.75
Correct 20.34375,20.09375,20.25,39.75
Wrong 27.96875,30.140625,33.15625,36.9375
Correct 37.28125,20.21875,17.6875,17.828125
Correct 20.421875,19.0625,20.25,38.8125
Correct 27.6875,40.0,22.46875,18.640625
Correct 38.9375,19.9375,17.046875,15.40625
Wrong 22.765625,39.53125,21.359375,18.609375
Wrong 26.6875,37.6875,26.734375,20.625
Correct 20.703125,18.875,41.3125,19.109375
Correct 24.828125,25.6875,24.296875,39.6875
Wrong 38.34375,20.984375,19.359375,19.984375
Correct 20.1875,19.140625,18.890625,39.34375
Correct 24.890625,36.09375,20.921875,20.09375
Wrong 20.703125,38.90625,18.765625,17.328125
Wrong 22.671875,21.6875,40.1875,18.953125
Correct 21.625,39.65625,19.40625,21.890625
Correct 20.21875,40.03125,18.140625,16.484375
Correct 21.3125,19.96875,21.359375,39.0625
Correct 21.328125,39.125,19.546875,16.90625
Correct 20.96875,19.25,40.71875,16.890625
Correct 21.8125,39.75,19.84375,17.359375
Wrong 23.375,22.484375,40.3125,20.265625
Wrong 37.53125,22.1875,21.984375,17.03125
Correct 21.078125,19.59375,40.625,17.203125
Correct 20.90625,19.1875,17.5,38.1875
Wrong 19.15625,18.25,18.15625,40.125
Correct 37.59375,22.796875,21.34375,20.046875
Correct 23.578125,37.46875,22.9375,20.625
Wrong 18.703125,19.140625,19.125,39.8125
Wrong 24.46875,32.25,30.84375,33.09375
Wrong 19.84375,19.453125,19.640625,39.21875
Correct 24.9375,22.5625,19.828125,37.625
Correct 27.015625,31.296875,25.703125,38.84375
Correct 37.875,25.0,20.125,22.625
Wrong 34.1875,35.25,21.609375,20.234375
Wrong 20.796875,20.25,39.9375,17.875
Wrong 38.78125,20.96875,17.796875,16.109375
Wrong 31.140625,28.140625,35.4375,35.65625
Wrong 34.53125,28.15625,35.28125,29.46875
Wrong 21.078125,20.671875,19.578125,39.03125
Correct 38.75,19.796875,16.703125,14.7265625
Correct 38.3125,23.640625,24.421875,21.03125
Correct 21.796875,20.1875,20.375,38.5
Wrong 33.96875,37.84375,26.5625,23.46875
Correct 38.78125,19.921875,15.984375,15.4921875
Correct 20.71875,19.3125,40.46875,18.015625
Correct 38.96875,17.0,14.2734375,12.84375
Wrong 22.15625,39.65625,19.21875,18.953125
Correct 21.984375,22.015625,21.71875,37.65625
Wrong 24.609375,34.21875,24.78125,37.59375
Correct 22.421875,21.578125,23.765625,38.5
Correct 21.609375,20.75,40.5625,18.4375
Wrong 32.8125,29.453125,32.46875,28.46875
Wrong 21.890625,40.6875,22.78125,19.171875
Wrong 31.25,28.96875,39.65625,27.640625
Correct 38.5625,16.53125,13.7421875,12.468750953674316
Correct 20.546875,39.5,18.453125,17.65625
Wrong 24.578125,39.46875,20.65625,18.21875
Correct 36.21875,23.546875,23.296875,37.5
Wrong 21.65625,22.625,22.40625,39.4375
Wrong 33.8125,25.734375,21.265625,30.34375
Wrong 36.34375,32.03125,31.375,31.953125
Wrong 34.46875,32.78125,31.28125,23.59375
Wrong 20.359375,19.453125,19.453125,39.15625
Correct 22.203125,20.53125,40.375,17.703125
Wrong 23.21875,21.671875,39.71875,20.0625
Correct 25.84375,25.84375,38.96875,25.046875
Correct 25.09375,38.53125,18.546875,17.875
Wrong 19.640625,18.953125,19.4375,39.40625
Wrong 20.96875,39.09375,20.203125,19.8125
Wrong 39.8125,18.265625,16.765625,14.7421875
Wrong 21.015625,39.78125,17.609375,15.8828125
Correct 22.546875,22.828125,39.9375,19.0
Correct 19.21875,18.296875,17.140625,37.90625
Correct 20.28125,17.78125,18.109375,23.890625,38.625
Wrong 39.09375,19.578125,15.9765625,14.8671875
Wrong 38.3125,22.015625,27.0625,16.375
Wrong 21.453125,39.78125,20.3125
Wrong 39.15625,20.84375,17.703125,14.890625
Wrong 34.875,25.71875,23.328125,37.1875
Correct 21.234375,20.328125,38.71875,18.40625
Wrong 38.78125,18.125,15.7265625,14.5390625
Wrong 20.859375,39.9375,19.109375,17.0625
Wrong 26.1875,38.46875,29.828125,26.125
