grade confidence_levels
Correct 4.277787868968998e-11,0,2.289734845645553e-11,0.9999998063873693
Correct 1.0,2.335593038799337e-09,2.7894680928689246e-10,2.646573638909117e-09
Correct 0,2.4616969518153846e-10,4.5990553786523166e-10,0.999999091165777
Correct 4.94443164039281e-09,2.902312105056987e-06,0.9999968263007644,2.382362851497276e-07
Correct 6.82560337633487e-08,0.9999993295729128,4.4508482557577276e-07,7.582560427911907e-10
Correct 0.9999995679801056,1.493094676197164e-10,0,0
Correct 0.9999995679801056,1.4166087866431961e-09,0,2.9989608248573072e-09
Correct 1.783247290814639e-11,1.3176514270095466e-10,0.9999998063873693,1.8189616875530459e-09
Correct 0.999999091165777,1.4166087866431961e-09,3.1608814543136926e-10,4.944450501938644e-09
Correct 0.9999998063873693,1.6052280551856116e-09,3.581747930283181e-10,6.023573837886479e-08
Correct 3.2241867372567335e-08,5.211412487888539e-10,5.715002286213223e-07,0.9999992103693378
Correct 0,7.433680672352188e-12,0,1.0
Correct 0,2.129785170955785e-12,1.0,9.056076989672867e-11
Correct 5.109089028063325e-12,4.277787868968998e-11,2.9400777392844726e-11,0.9999996871837232
Correct 4.8473687062702556e-11,1.2751905914873347e-07,0.9999998063873693,4.363462252943702e-09
Wrong 0.562176402043672,0.4378234221358767,4.830315331091229e-10,8.393829431928653e-11
Correct 4.363453930307876e-09,9.73618174269892e-10,0.9999986143516758,2.1024318473456359e-07
Correct 2.7894680928689246e-10,0.999999448776502,2.646573638909117e-09,1.57371021068629e-11
Correct 3.398235411242209e-09,0.9999896741288624,2.3355707649546006e-09,6.224085265122139e-11
Correct 4.5990553786523166e-10,3.581747930283181e-10,1.0,2.510999155743982e-08
Correct 5.211412487888539e-10,7.05287985111216e-11,2.172439935079017e-10,1.0
Wrong 0.0005527782629881523,0.9994467627899424,2.7879255779503123e-10,3.9256915227457126e-07
Wrong 0.0002611902975925828,5.210050888467576e-10,9.733656510395708e-10,0.9997386983078135
Correct 0.9999992103693378,1.4166087866431961e-09,0,6.691586091292782e-10
Correct 1.6918946955790182e-10,0.9999974223173038,4.0586443852184914e-10,1.0261860058738471e-10
Correct 1.103256032343554e-09,3.331544542166412e-11,1.0,3.775134544279098e-11
Correct 0.9999998063873693,0,0,0
Correct 4.5163339888991655e-10,1.7862447432430131e-09,0.017986211314027313,0.9820137760522224
Correct 3.398267819495071e-09,2.9400777392844726e-11,2.9400777392844726e-11,1.0
Correct 0.9999993295729128,3.581747930283181e-10,3.1608814543136926e-10,2.172439935079017e-10
Correct 0.9999998063873693,0,0,6.224144622907783e-11
Correct 6.82560337633487e-08,3.2241867372567335e-08,4.691164021834418e-08,0.9999995679801056
Correct 2.208383791235727e-06,1.719891025936582e-06,0.022977268805091204,0.9770182927821608
Correct 0,6.560200168153779e-12,1.0,8.592166619174109e-10
Correct 4.277787868968998e-11,7.991959892953932e-11,0.9999993295729128,5.043471815847051e-07
Correct 7.194105586938129e-09,0.9999959918780695,8.592133842722118e-10,4.599037834681802e-10
Correct 7.734392402719739e-08,0.9999968263007644,9.23741442396384e-09,1.7257762154696544e-08
Correct 6.34880011604368e-09,6.224144622907783e-11,1.493094676197164e-10,1.0
Correct 0.9999037328662894,9.610239492660866e-05,1.605074976008291e-09,1.1031508226661754e-09
Correct 3.7751057423981215e-11,4.058621161535477e-10,2.0611378971443702e-09,0.9999920581810099
Correct 0.9999996871837232,0,0,3.775134544279098e-11
Correct 0.9999992103693378,5.211412487888539e-10,0,1.103256032343554e-09
Correct 9.736163172423694e-10,0.999997064707474,5.905281472039989e-10,7.582531502794546e-10
Correct 2.1024338523818466e-07,6.691586091292782e-10,0.9999996871837232,1.186112015134383e-08
Wrong 3.3931640908784188e-09,0.0015011812350883861,0.9984980538116548,5.706424584673425e-07
Correct 5.905292735481273e-10,0.9999989719621736,2.1724357914826287e-10,6.47594599989589e-07
Correct 0.999999448776502,1.8189616875530459e-09,4.363462252943702e-09,1.6052280551856116e-09
Correct 1.0,5.905303998944039e-10,9.736200313009565e-10,5.905303998944039e-10
Correct 0.9999998063873693,1.3176514270095466e-10,7.991959892953932e-11,5.905303998944039e-10
Correct 9.736200313009565e-10,7.33820819192633e-07,1.3176514270095466e-10,0.999999091165777
Correct 1.4166087866431961e-09,3.059020287707785e-07,0.999999091165777,3.9278597995802437e-07
Correct 8.152020714470167e-09,0.9999993295729128,1.2501528663867426e-09,2.510999155743982e-08
Correct 4.058652126475693e-10,7.433680672352188e-12,1.783247290814639e-11,0.9999998063873693
Correct 7.194133030325383e-09,1.493094676197164e-10,4.058652126475693e-10,0.999999448776502
Correct 9.736200313009565e-10,2.9989608248573072e-09,1.0,4.277787868968998e-11
Correct 1.304651588236747e-11,3.298675802357997e-12,4.363462252943702e-09,1.0
Correct 1.6052280551856116e-09,1.3176514270095466e-10,9.736200313009565e-10,0.9999992103693378
Correct 2.3823673954981372e-07,8.592166619174109e-10,1.4166087866431961e-09,0.999999448776502
Correct 1.1253474543245463e-07,9.422427859507568e-07,1.994727993510925e-06,0.9999967070975446
Correct 2.5946094982764667e-11,1.0815941557285693e-11,1.2256067444099483e-11,0.9999998063873693
Correct 2.335584129235952e-09,0.9999963494877431,9.736163172423694e-10,5.905281472039989e-10
Correct 2.1724357914826287e-10,0.9999976607241555,2.3355885840133965e-09,7.052866398824247e-11
Correct 0.010986931105910237,7.11508064737914e-09,0.9890121691669741,1.61938643552983e-07
Correct 0.9999995679801056,5.211412487888539e-10,1.026187963170189e-10,0
Correct 0,1.4930918283477907e-10,4.847359460656998e-11,0.9999984951481292
Correct 0.9999993295729128,1.493094676197164e-10,3.1608814543136926e-10,8.592166619174109e-10
Wrong 4.691146126497983e-08,0.9999961110814314,3.7266389560521204e-06,1.1032518237638113e-09
Wrong 7.734421907141565e-08,0.9999993295729128,5.211412487888539e-10,3.398267819495071e-09
Correct 2.172439935079017e-10,7.991959892953932e-11,1.917171513758312e-10,1.0
Correct 0,1.57371021068629e-11,1.0,1.2501528663867426e-09
Correct 7.734421907141565e-08,3.850741922767617e-09,2.646573638909117e-09,0.9999996871837232
Correct 0,2.289734845645553e-11,1.0,2.7894680928689246e-10
Correct 1.8189616875530459e-09,7.582560427911907e-10,1.522997974471263e-08,0.999999091165777
Correct 7.991944649514694e-11,0.9999987335551229,5.211402547917536e-10,5.602785751061334e-09
Correct 5.492746444465138e-11,9.056007897552173e-11,0.999992415788822,6.962251605520992e-06
Correct 1.3176514270095466e-10,1.026187963170189e-10,1.0,1.103256032343554e-09
Correct 1.3176464005778382e-10,0.9999959918780695,1.0261840485812384e-10,0
Correct 1.3887943864964021e-11,5.789356328730652e-12,9.545034922840628e-12,1.0
Correct 9.736200313009565e-10,1.162823303022097e-10,1.0,6.224144622907783e-11
Correct 1.6586783589142312e-12,3.059020287707785e-07,8.592166619174109e-10,0.999999448776502
Correct 9.721559343283524e-10,0.0015011798034510807,1.2482729286614233e-09,0.9984969825400369
Correct 0.9999995679801056,4.058652126475693e-10,7.582560427911907e-10,1.493094676197164e-10
Correct 7.582560427911907e-10,0.9999993295729128,8.152020714470167e-09,5.905303998944039e-10
Wrong 0.11894315119715403,0.8788775512978786,0.002178519286215649,6.449394615423918e-07
Correct 1.6052249934589952e-09,4.139929822488149e-08,0.9999989719621736,2.3823673954981372e-07
Correct 5.905292735481273e-10,0.9999975415208362,7.052866398824247e-11,0
Correct 8.423463754468647e-12,0,0,0.9999998063873693
Correct 5.4927883509546835e-11,1.2501528663867426e-09,1.0,4.058652126475693e-10
Wrong 1.955564378838448e-08,1.370956471489639e-06,0.9999983759447105,8.152005165739432e-09
Correct 4.277787868968998e-11,4.8473687062702556e-11,1.0,4.363462252943702e-09
Correct 0,1.783247290814639e-11,1.0,7.194133030325383e-09
Correct 1.0261820912923629e-10,0.999994799847051,9.056025170532927e-11,0
Correct 1.162823303022097e-10,0.999999091165777,4.277787868968998e-11,4.277787868968998e-11
Correct 1.0,2.5946094982764667e-11,1.2256067444099483e-11,2.7894680928689246e-10
Correct 9.545034922840628e-12,8.152020714470167e-09,1.0,1.3176514270095466e-10
Correct 2.9400777392844726e-11,9.545034922840628e-12,1.0,1.6052280551856116e-09
Correct 0.9999995679801056,2.061153622438558e-09,4.363462252943702e-09,6.34880011604368e-09
Correct 4.058652126475693e-10,0.9999993295729128,1.7257827987960214e-08,1.103256032343554e-09
Wrong 2.3205146426399346e-08,0.924139733013432,2.0888607127130245e-06,0.07585800871269777
Correct 4.058652126475693e-10,0.9999992103693378,4.5990553786523166e-10,8.592166619174109e-10
Correct 0.9999998063873693,5.211412487888539e-10,1.6052280551856116e-09,1.9555681087850496e-08
Correct 2.172439935079017e-10,0.9999995679801056,1.3176514270095466e-10,6.224144622907783e-11
Correct 0.999999448776502,0,0,0
Correct 1.8795288165390832e-12,0,1.3887943864964021e-11,1.0
Correct 0.9999996871837232,5.4927883509546835e-11,0,0
Correct 1.0,5.905303998944039e-10,3.331544542166412e-11,8.152020714470167e-09
Correct 5.905292735481273e-10,0.9999974223173038,5.211402547917536e-10,0
Correct 6.144159617356885e-06,1.416597978817095e-09,1.6052158083141841e-09,0.9999917005724162
Correct 1.275186943143007e-07,2.902312105056987e-06,0.9999968263007644,7.734392402719739e-08
Correct 0.9737389494169693,1.7141173375819639e-06,0.01783465498899182,0.008424494496475405
Correct 0.9999996871837232,0,0,0
Wrong 0.9999967070975446,2.260322940135999e-06,6.825577338773997e-08,9.422427859507568e-07
Correct 1.6851451940539597e-09,5.881734660366906e-09,0.18242550282051248,0.8175744308728488
Correct 0.9999998063873693,9.056076989672867e-11,5.4927883509546835e-11,2.4616969518153846e-10
Correct 0.9999998063873693,9.056076989672867e-11,0,3.331544542166412e-11
Correct 0.9999984951481292,2.461692256505547e-10,0,4.599046606658694e-10
Correct 0.9999996871837232,0,0,0
Correct 0.9999995679801056,1.2501528663867426e-09,8.592166619174109e-10,1.6052280551856116e-09
Correct 1.6052280551856116e-09,0.999999091165777,7.05287985111216e-11,3.1608814543136926e-10
Correct 5.602796437537268e-09,1.57371021068629e-11,1.0,5.211412487888539e-10
Correct 0.9999996871837232,0,0,0
Wrong 2.382324227839884e-07,2.215906711867151e-08,0.9999807339864315,1.8925145442106525e-05
Correct 3.5816727830093126e-10,0.999978111559716,2.789409568113191e-10,0
Correct 0.004070137939983506,1.098766212782603e-09,7.164855729085502e-09,0.9959299041310293
Correct 0.001322472710246592,3.915110765125102e-07,0.11904517121704045,0.8796314877521071
Correct 5.109089028063325e-12,1.917171513758312e-10,1.0,2.335593038799337e-09
Correct 5.48453894196721e-11,1.3156724966685587e-10,0.001501181950907551,0.9984987679933719
Wrong 0.012286480682897678,2.093149171213041e-05,0.3168724754238125,0.6708190157443457
Correct 2.5946094982764667e-11,1.6918979226151304e-10,5.905303998944039e-10,0.9999993295729128
Correct 0.999999448776502,4.944450501938644e-09,9.736200313009565e-10,9.931194312156244e-08
Correct 0.9999998063873693,1.6918979226151304e-10,1.917171513758312e-10,6.224144622907783e-11
Wrong 4.804274029511054e-07,0.047425750189834366,1.9001272384651017e-06,0.9525716210617339
Correct 2.0611496911037635e-09,0.9999982567411922,7.052866398824247e-11,1.9171678570473336e-10
Correct 1.6051698833784883e-09,0.9999639267365671,5.905089996825076e-10,1.2501075621378024e-09
Correct 2.9989608248573072e-09,0.9999992103693378,1.6918979226151304e-10,3.581747930283181e-10
Correct 4.5396596035371466e-05,0.999926618031652,2.7534427342041773e-05,1.818829855355313e-09
Correct 1.493094676197164e-10,0.9999992103693378,5.4927883509546835e-11,2.9400777392844726e-11
Correct 7.19411930861867e-09,4.363453930307876e-09,0.999997303114013,1.5229950695859287e-08
Correct 3.775120143311142e-11,0.9999967070975446,1.493088980503849e-10,0
Correct 7.991944649514694e-11,0.9999975415208362,7.052866398824247e-11,0
Correct 5.4927883509546835e-11,9.931194312156244e-08,6.224144622907783e-11,0.999999091165777
Correct 2.061153622438558e-09,2.335593038799337e-09,1.0,1.7257827987960214e-08
Correct 7.582560427911907e-10,3.398267819495071e-09,1.1253517471925912e-07,0.9999995679801056
Correct 3.1608814543136926e-10,9.237449661970594e-09,1.0,4.5990553786523166e-10
Correct 0.9999993295729128,1.917171513758312e-10,1.3176514270095466e-10,5.211412487888539e-10
Correct 3.850741922767617e-09,0.9999998063873693,6.691586091292782e-10,1.6052280551856116e-09
Correct 1.493094676197164e-10,4.8473687062702556e-11,3.581747930283181e-10,0.9999996871837232
Wrong 4.531039390194375e-05,0.9980276362464006,0.0019266469745596948,9.03821696983057e-11
Correct 1.0,3.1608814543136926e-10,4.8473687062702556e-11,2.5946094982764667e-11
Correct 1.103256032343554e-09,0.9999995679801056,3.331544542166412e-11,7.991959892953932e-11
Correct 0.999999448776502,3.1608814543136926e-10,5.4927883509546835e-11,1.6918979226151304e-10
Correct 0.9999993295729128,7.582560427911907e-10,2.7894680928689246e-10,0
Correct 1.6052249934589952e-09,0.9999974223173038,4.599046606658694e-10,9.237432042950414e-09
Wrong 0.18242550282051248,0.8175743455931945,1.472463460543277e-10,1.0988527001919457e-08
Correct 3.5114221133765118e-12,8.423463754468647e-12,9.056076989672867e-11,1.0
Correct 5.21139260796549e-10,0.9999961110814314,0,0
Correct 3.775134544279098e-11,8.423463754468647e-12,2.172439935079017e-10,0.9999996871837232
Correct 0,2.020683909022217e-11,1.0,5.602796437537268e-09
Correct 5.60275369175583e-09,0.9999918197752665,4.277755232162124e-11,9.056007897552173e-11
Correct 1.0261860058738471e-10,4.363453930307876e-09,0.9999984951481292,1.067701973552941e-06
Correct 1.6373755690670415e-07,0.9999992103693378,5.715002286213223e-07,9.736200313009565e-10
Correct 2.215948977336598e-08,7.194133030325383e-09,0.9999995679801056,4.944450501938644e-09
Correct 1.3176514270095466e-10,0.9999992103693378,2.9400777392844726e-11,0
Correct 2.172439935079017e-10,9.056076989672867e-11,3.398267819495071e-09,0.999999448776502
Correct 3.6534822137210456e-08,2.5946094982764667e-11,9.056076989672867e-11,1.0
Correct 0.9999998063873693,5.211412487888539e-10,6.224144622907783e-11,0
Correct 0,0,1.162821085114775e-10,0.9999987335551229
Correct 2.1024318473456359e-07,2.6995759288455584e-07,0.9999993295729128,1.6373755690670415e-07
Correct 1.6052280551856116e-09,7.582560427911907e-10,0.9999993295729128,6.47594599989589e-07
Correct 1.6052127466109266e-09,0.9999896741288624,2.1724192171761075e-10,5.211362788223108e-10
Correct 2.1724316478941435e-10,0.9999952766591059,1.493088980503849e-10,0
Correct 4.0586443852184914e-10,1.6918946955790182e-10,7.582545965339434e-10,0.9999983759447105
Correct 1.1253388686375844e-07,0.999989435724597,7.734333394213739e-08,1.0129987330277146e-05
Correct 0.9999996871837232,0,0,0
Correct 0.9999978991308366,1.7603429545652396e-06,0,0
Correct 1.3176514270095466e-10,9.545034922840628e-12,6.560200168153779e-12,0.9999998063873693
Wrong 0.999924830105154,2.3821901858866371e-07,7.484619074298232e-05,2.1722783406760587e-10
Wrong 9.056076989672867e-11,7.991959892953932e-11,1.162823303022097e-10,0.9999998063873693
Correct 4.508755242294825e-12,6.224144622907783e-11,1.0,4.363462252943702e-09
Correct 0.0001584354856179393,0.9998367601029556,4.784337106906141e-06,1.18591747078535e-08
Correct 3.581747930283181e-10,8.152020714470167e-09,1.0,1.6052280551856116e-09
Correct 0.9999996871837232,5.211412487888539e-10,0,0
Correct 0.0007096689829243048,1.7245554427342695e-08,0.9992882983079844,1.7590926973352583e-06
Correct 1.3176514270095466e-10,2.5946094982764667e-11,1.0,1.103256032343554e-09
Correct 1.186098441237271e-08,0.9999883629029224,3.5817069406656184e-10,2.5109704198035704e-08
Correct 4.277787868968998e-11,2.172439935079017e-10,4.8473687062702556e-11,0.9999998063873693
Wrong 0.9982582716547513,0.0007089374085432558,0.0010314978429321136,1.3685711526488815e-06
Correct 7.582560427911907e-10,0.9999996871837232,1.6918979226151304e-10,2.7894680928689246e-10
Correct 0,3.0988191387218256e-12,1.0,1.026187963170189e-10
Wrong 0.2226331500946696,0.00026067668050854773,0.7770660475304751,3.997606369663435e-05
Correct 1.8553913626159784e-07,1.6918979226151304e-10,1.522997974471263e-08,0.9999996871837232
Correct 0.9999995679801056,2.7894680928689246e-10,0,0
Correct 4.363453930307876e-09,0.999998137537802,3.1608754254165217e-10,4.0586443852184914e-10
Correct 1.0815941557285693e-11,3.1608814543136926e-10,0.9999996871837232,2.4616969518153846e-10
Correct 0,7.05287985111216e-11,0.9999996871837232,3.1608814543136926e-10
Correct 6.34880011604368e-09,3.6534822137210456e-08,2.335593038799337e-09,1.0
Correct 0.9999998063873693,1.162823303022097e-10,0,0
Correct 4.8473687062702556e-11,1.917171513758312e-10,2.289734845645553e-11,0.9999998063873693
Correct 3.775134544279098e-11,4.277787868968998e-11,1.0,1.917171513758312e-10
Correct 3.331544542166412e-11,2.9400777392844726e-11,0.9999998063873693,2.172439935079017e-10
Correct 1.4166087866431961e-09,6.224144622907783e-11,3.398267819495071e-09,0.9999996871837232
Correct 1.2501528663867426e-09,7.194133030325383e-09,1.0,9.056076989672867e-11
Wrong 0.9999888397128177,1.1032434066524893e-09,6.144142038800363e-06,4.78506263111966e-06
Correct 0,0.9999996871837232,7.991959892953932e-11,0
Correct 3.850741922767617e-09,0.9999993295729128,2.061153622438558e-09,3.1608814543136926e-10
Correct 0,0,1.0,1.493094676197164e-10
Correct 7.194133030325383e-09,3.4663241069161144e-07,0.9999992103693378,2.1024318473456359e-07
Correct 1.4930918283477907e-10,0.9999989719621736,3.1608754254165217e-10,6.691573328117371e-10
Correct 2.260322940135999e-06,1.162821085114775e-10,0.9999975415208362,1.4930918283477907e-10
Wrong 0.9999484309392331,7.052516648344404e-11,2.9988063871106037e-09,5.144221091925853e-05
Correct 3.5814815061537975e-10,0.9999249493054897,7.484619074298232e-05,5.492379776319401e-11
Correct 0.999999448776502,0,0,0
Correct 0.9999996871837232,9.736200313009565e-10,0,0
Correct 0.9999995679801056,7.991959892953932e-11,1.026187963170189e-10,0
Correct 3.9278597995802437e-07,9.931194312156244e-08,1.275189375371399e-07,0.9999993295729128
Correct 0.9999998063873693,9.736200313009565e-10,2.4616969518153846e-10,1.3176514270095466e-10
Correct 2.335593038799337e-09,1.9555681087850496e-08,0.9999998063873693,2.7894680928689246e-10
Correct 0.9999993295729128,2.7894680928689246e-10,0,2.172439935079017e-10
Correct 4.277787868968998e-11,0.9999996871837232,2.172439935079017e-10,7.05287985111216e-11
Correct 1.0129968008878086e-05,1.994708970393078e-06,1.8553683600504066e-07,0.9999874092856329
Correct 2.129785170955785e-12,2.129785170955785e-12,1.0,5.211412487888539e-10
Correct 2.5109943663977427e-08,0.9999974223173038,1.8189582181622667e-09,3.581741098647678e-10
Correct 0,1.0261860058738471e-10,2.461692256505547e-10,0.999998137537802
Wrong 4.320386332097191e-07,0.02931221187075168,1.6751955755406762e-08,0.9706872506835901
Correct 0,0.999997303114013,1.6918946955790182e-10,0
Correct 0.9999951574562983,4.691137178855366e-08,4.222831140981511e-06,1.6373693229868488e-07
Wrong 9.779156359212384e-06,0.8519244507743832,2.3458976585955825e-05,0.14804226692091577
Wrong 3.2179692958111215e-08,0.9980725121262062,0.0019267333340007235,3.646436929564917e-08
Correct 0.00020292403289467903,6.331821297317257e-09,0.0024721219840203607,0.9973249546180761
Correct 0.9999993295729128,2.9989608248573072e-09,0,2.7894680928689246e-10
Correct 1.6052280551856116e-09,2.646573638909117e-09,0.9999995679801056,1.3440409951135022e-08
Correct 7.991959892953932e-11,8.152020714470167e-09,0.9999998063873693,3.6534822137210456e-08
Correct 0,0.9999989719621736,0,2.1724357914826287e-10
Correct 0.9999995679801056,1.162823303022097e-10,1.162823303022097e-10,0
Correct 1.7603429545652396e-06,0.9999978991308366,7.582545965339434e-10,2.9989551047989332e-09
Correct 0.999999448776502,2.4616969518153846e-10,0,1.493094676197164e-10
Correct 1.6052280551856116e-09,5.211412487888539e-10,1.0,1.186112015134383e-08
Correct 1.0,9.736200313009565e-10,9.736200313009565e-10,2.9989608248573072e-09
Correct 4.9113559393576814e-09,0.006692851264215723,1.0958716372948215e-09,0.9933071269064123
Correct 2.4616969518153846e-10,0.999999448776502,2.172439935079017e-10,2.4616969518153846e-10
Correct 1.103256032343554e-09,0.999999448776502,3.9278597995802437e-07,5.211412487888539e-10
Correct 0,1.57371021068629e-11,0.9999998063873693,1.0467401794744658e-08
Correct 7.88926463665814e-06,1.4930832848322613e-10,0.9999920581810099,2.998937944689272e-09
Wrong 2.7894574519129143e-10,0.9999962302845802,3.6534682768190175e-08,8.31525547079287e-07
Correct 1.0467401794744658e-08,0.999999448776502,3.581747930283181e-10,1.103256032343554e-09
Correct 0.9999998063873693,2.061153622438558e-09,6.023573837886479e-08,2.646573638909117e-09
Correct 0.9999998063873693,4.058652126475693e-10,5.905303998944039e-10,1.493094676197164e-10
Correct 0.9999988527586979,1.1032539280516758e-09,0,6.348788006680007e-09
Correct 7.19411930861867e-09,0.9999980183344259,2.789462772385846e-10,7.991944649514694e-11
Correct 1.9171678570473336e-10,0.999997303114013,4.0586443852184914e-10,0
Correct 1.1032497194799603e-09,0.9999936078174534,1.9171605436463008e-10,9.056025170532927e-11
Wrong 1.0229322797936804e-10,1.720307581222676e-08,0.0031726831078774057,0.9968272109221528
Correct 0,7.991959892953932e-11,1.0,4.058652126475693e-10
Correct 0.9999998063873693,1.493094676197164e-10,0,1.493094676197164e-10
Correct 4.8473687062702556e-11,7.582560427911907e-10,0.9999998063873693,8.592166619174109e-10
Correct 1.6698372173518632e-05,2.4295988150569085e-05,0.9998005324343594,0.00015842974407954475
Wrong 0.00011176367565043756,0.259467404483736,0.7053055306855726,0.03511509467647516
Correct 3.331544542166412e-11,1.3887943864964021e-11,1.0,7.582560427911907e-10
Correct 0.00070967033651176,0.9992900850599707,1.3430876909855306e-08,9.729294601068564e-10
Correct 0.9999995679801056,2.172439935079017e-10,0,0
Wrong 0.9999993295729128,0,0,2.172439935079017e-10
Correct 0.9999992103693378,2.7894680928689246e-10,0,0
Correct 0,9.056076989672867e-11,1.0,1.917171513758312e-10
Correct 0,4.8473687062702556e-11,3.331544542166412e-11,0.9999996871837232
Correct 2.020683909022217e-11,4.691164021834418e-08,1.0,1.2501528663867426e-09
Correct 0,0.999999091165777,0,0
Correct 0,4.508755242294825e-12,1.0,7.582560427911907e-10
Wrong 0.0003894761184777154,0.00011158677620635319,0.09530166400108062,0.9041970128076517
Correct 6.224144622907783e-11,1.103256032343554e-09,1.3887943864964021e-11,0.9999992103693378
Correct 0,2.020683909022217e-11,1.0,2.289734845645553e-11
Correct 1.0,3.850741922767617e-09,9.736200313009565e-10,5.602796437537268e-09
Correct 0.9999996871837232,6.224144622907783e-11,0,0
Wrong 0.1480471907985541,0.8519527349543199,2.5549711254437632e-09,1.394968298718104e-07
Correct 0,6.224144622907783e-11,1.0,2.7894680928689246e-10
Correct 8.423463754468647e-12,1.3176514270095466e-10,1.0,4.058652126475693e-10
Correct 0.9999992103693378,7.582560427911907e-10,8.152020714470167e-09,3.581747930283181e-10
Correct 1.3887943864964021e-11,4.5990553786523166e-10,1.0,3.850741922767617e-09
Correct 0.9999995679801056,1.8189616875530459e-09,0,2.172439935079017e-10
Correct 3.0988191387218256e-12,5.109089028063325e-12,0.9999998063873693,1.0467401794744658e-08
Correct 4.277787868968998e-11,0,0.9999996871837232,1.2501528663867426e-09
Correct 0.9999998063873693,1.103256032343554e-09,4.691164021834418e-08,5.3157852544244216e-08
Wrong 3.7266389560521204e-06,0.9999961110814314,7.991929406104531e-11,2.1724316478941435e-10
Correct 0.999999448776502,1.8189616875530459e-09,2.061153622438558e-09,9.736200313009565e-10
Correct 0.9999993295729128,2.172439935079017e-10,0,0
Correct 9.545034922840628e-12,0,5.4927883509546835e-11,0.9999996871837232
Correct 3.5114221133765118e-12,1.917171513758312e-10,1.0,6.224144622907783e-11
Correct 1.0815941557285693e-11,2.289734845645553e-11,1.0,1.2501528663867426e-09
Correct 0.999999091165777,4.139937718785167e-08,7.734421907141565e-08,9.736200313009565e-10
Correct 1.2457547429607173e-08,2.3273762624883774e-08,0.5621764355519978,0.43782344823218705
Wrong 0.0031726710050749133,0.9968235385384494,3.2783134577497335e-06,4.126787612143928e-08
Correct 7.582531502794546e-10,0.9999961110814314,9.736163172423694e-10,6.348775897339431e-09
Correct 9.056076989672867e-11,4.5990553786523166e-10,1.0,3.1608814543136926e-10
Correct 0.9999684563217857,3.850617064767074e-09,3.1201903005200916e-05,0
Correct 1.1032518237638113e-09,0.999996587894339,4.058636643976055e-10,7.582531502794546e-10
Correct 0.9999995679801056,1.103256032343554e-09,1.026187963170189e-10,0
Correct 0.9999995679801056,1.1253517471925912e-07,3.581747930283181e-10,7.582560427911907e-10
Correct 1.5229950695859287e-08,1.18610975280741e-08,5.043467006019808e-07,0.9999980183344259
Correct 0.9999996871837232,8.592166619174109e-10,1.8553913626159784e-07,6.82560337633487e-08
Correct 1.0261860058738471e-10,0.9999980183344259,5.492777874302323e-11,2.461692256505547e-10
Correct 3.398267819495071e-09,0.9999998063873693,2.510999155743982e-08,2.510999155743982e-08
Wrong 7.052731877356316e-11,2.061110378168228e-09,0.9999784691634502,2.1444937927240387e-05
Correct 1.3887943864964021e-11,3.775134544279098e-11,1.57371021068629e-11,1.0
Wrong 0,9.056076989672867e-11,0.9999998063873693,1.103256032343554e-09
Correct 0.0015011805192695626,2.8410615093319544e-08,1.2080489419694634e-06,0.9984975776907938
Correct 0.999999448776502,2.510999155743982e-08,5.905303998944039e-10,1.6052280551856116e-09
Correct 4.8473687062702556e-11,7.991959892953932e-11,1.917171513758312e-10,0.9999992103693378
Correct 2.172439935079017e-10,0.9999992103693378,1.917171513758312e-10,4.058652126475693e-10
Correct 0.4372124644710248,0.0010837415417612871,0.561391916873482,0.0003104970022147233
Correct 7.582560427911907e-10,5.211412487888539e-10,2.510999155743982e-08,1.0
Wrong 0.003156172577926503,3.369861331562614e-09,0.991640069064714,0.005203648863227883
Correct 0.00017951859845173105,5.713683477684997e-07,5.1432939582039246e-05,0.9997683580580522
Correct 2.940072131536564e-11,4.847359460656998e-11,3.3315381877555444e-11,0.9999987335551229
Correct 1.4390983705267863e-07,0.004070135999190959,0.9959295479588041,3.638613973323658e-08
Correct 1.646641324057902e-05,0.9859124508094834,0.014063284515493154,7.778182858461313e-06
Correct 3.850741922767617e-09,5.905303998944039e-10,2.646573638909117e-09,0.9999996871837232
Correct 1.783247290814639e-11,5.4927883509546835e-11,1.2501528663867426e-09,1.0
Correct 1.2256067444099483e-11,0,1.917171513758312e-10,0.9999998063873693
Wrong 9.591515253307105e-05,0.0019265064190661103,1.8886813362752816e-05,0.997955088111922
Correct 9.545034922840628e-12,7.991959892953932e-11,1.0,7.582560427911907e-10
Correct 2.646573638909117e-09,2.335593038799337e-09,1.0,1.103256032343554e-09
Wrong 4.056902977701409e-10,3.8490823766167274e-09,0.0004305571096741222,0.9995693043386459
Wrong 1.012228101744838e-05,0.9992285501095968,0.0007096266846172698,5.140518461869641e-05
Correct 0.0008419851725403829,1.5421496369918194e-05,0.9233490517384935,0.0757931079001431
Correct 9.736200313009565e-10,7.05287985111216e-11,1.917171513758312e-10,0.9999998063873693
Correct 8.592166619174109e-10,7.582560427911907e-10,1.8189616875530459e-09,0.9999998063873693
Correct 1.3176514270095466e-10,2.510999155743982e-08,0.9999998063873693,2.4616969518153846e-10
Correct 9.056076989672867e-11,0.9999992103693378,1.026187963170189e-10,0
Correct 1.57371021068629e-11,1.3887943864964021e-11,2.172439935079017e-10,0.9999998063873693
Correct 7.582560427911907e-10,0.9999998063873693,1.6918979226151304e-10,2.061153622438558e-09
Correct 0.9999996871837232,8.592166619174109e-10,8.592166619174109e-10,0
Correct 1.3440409951135022e-08,6.34880011604368e-09,7.582560427911907e-10,1.0
Correct 2.289734845645553e-11,2.7894680928689246e-10,0.9999998063873693,1.493094676197164e-10
Correct 0,0.9999968263007644,9.056042443546628e-11,1.3176464005778382e-10
Correct 1.0,1.4166087866431961e-09,3.398267819495071e-09,3.850741922767617e-09
Correct 0.999999448776502,4.944450501938644e-09,1.917171513758312e-10,4.058652126475693e-10
Correct 9.056076989672867e-11,0.9999993295729128,1.493094676197164e-10,1.4166087866431961e-09
Correct 2.699570779818012e-07,0.9999969455039983,1.3440358680137724e-08,4.94443164039281e-09
Correct 0.9999993295729128,0,0,0
Wrong 0.9999850252454783,2.33555740074972e-09,1.4165871710734509e-09,1.4738974314670568e-05
Correct 2.4616969518153846e-10,0.9999993295729128,3.1608814543136926e-10,1.917171513758312e-10
Correct 0.999999091165777,5.905303998944039e-10,0,0
Correct 0.03708596058660888,0.006444575154289077,9.689026869047684e-06,0.956459568878252
Correct 4.785090011545999e-06,0.9999939654258196,1.0261820912923629e-10,8.15197406836693e-09
Correct 9.056059716593275e-11,0.999998137537802,1.3176489137912955e-10,1.7257795071296986e-08
Correct 3.463855595325808e-07,2.559462331245722e-06,0.9992873453710202,0.0007096683061315453
Correct 1.026187963170189e-10,4.277787868968998e-11,5.211412487888539e-10,0.999999448776502
Correct 0.001322472710246592,2.3746347152193612e-07,0.11904522798221512,0.8796318678705763
Correct 9.056059716593275e-11,0.9999976607241555,4.277779709743936e-11,4.847359460656998e-11
Wrong 6.9566499360822125e-06,1.3698455927230978e-06,0.0008040790221533209,0.999187367597032
Correct 3.581747930283181e-10,1.6918979226151304e-10,5.043471815847051e-07,0.9999992103693378
Correct 2.561281443046568e-06,1.6052219317382184e-09,0.999997064707474,3.059014453095186e-07
Correct 0.9999998063873693,1.493094676197164e-10,0,0
Correct 9.056025170532927e-11,0.9999949190498161,5.49275692105755e-11,1.0261820912923629e-10
Correct 1.0815941557285693e-11,3.5114221133765118e-12,7.991959892953932e-11,0.9999998063873693
Correct 0.999999091165777,1.2501528663867426e-09,0,0
Correct 2.8453348089834e-08,1.0,4.944450501938644e-09,1.162823303022097e-10
Correct 0,2.172439935079017e-10,0.9999998063873693,2.646573638909117e-09
Correct 0.999998137537802,2.646568590975319e-09,1.8189582181622667e-09,0
Correct 0.9999996871837232,0,0,0
Correct 5.3157852544244216e-08,4.5990553786523166e-10,1.0,2.646573638909117e-09
Correct 3.581686446032745e-10,1.6701414089010932e-05,1.1032370938611402e-09,0.9999831180163555
Correct 2.7535687796947383e-05,2.6464979209130996e-09,2.7893882866882685e-10,0.9999722707259225
Correct 0.999992892600195,3.224162138757908e-08,6.962258245244699e-06,3.850712544050321e-09
Correct 5.210736613046974e-10,0.9998703669473757,8.591052289946488e-10,0.00012339379890920058
Correct 4.139835068098689e-08,0.9999745355348651,1.2501218685653614e-09,8.591953574471097e-10
Correct 1.57371021068629e-11,1.2256067444099483e-11,0.9999996871837232,2.061153622438558e-09
Correct 1.5534883157335618e-06,3.7266247400798e-06,0.9999921773839029,2.5612692299340398e-06
Correct 9.056076989672867e-11,0.999999448776502,4.8473687062702556e-11,6.224144622907783e-11
Correct 3.160863367656678e-10,0.9999949190498161,1.6918882415252596e-10,0
Correct 1.186112015134383e-08,1.6918979226151304e-10,2.172439935079017e-10,1.0
Correct 2.940072131536564e-11,7.433666493745043e-12,0.9999984951481292,1.370956471489639e-06
Correct 1.57371021068629e-11,2.289734845645553e-11,1.0,5.211412487888539e-10
Correct 0.999999448776502,0,0,0
Correct 0.9859360865439137,1.7933795669477482e-09,1.1095246496143065e-07,0.01406361981432138
Correct 1.067701973552941e-06,9.422436845439301e-07,9.237432042950414e-09,0.9999978991308366
Correct 9.73618174269892e-10,2.789462772385846e-10,2.0611496911037635e-09,0.9999984951481292
Correct 3.775134544279098e-11,1.2501528663867426e-09,1.0,2.7894680928689246e-10
Wrong 0.9892910461753083,0.006665791976727456,0.0040430072051516825,1.3296473556124313e-08
Correct 1.026187963170189e-10,0,0,0.9999993295729128
Correct 6.023562348842112e-08,2.1024298423113373e-07,0.9999984951481292,1.7257795071296986e-08
Correct 9.545034922840628e-12,1.3176514270095466e-10,1.0,1.2501528663867426e-09
Correct 2.5946094982764667e-11,7.734421907141565e-08,0.9999996871837232,3.1608814543136926e-10
Correct 4.516054324119443e-08,3.5171066440172264e-08,0.03732687913383872,0.9626728829785016
Correct 0,3.331544542166412e-11,2.289734845645553e-11,0.9999998063873693
Correct 0.9999993295729128,2.061153622438558e-09,1.6052280551856116e-09,2.6995759288455584e-07
Correct 2.940060916072835e-11,5.211382668032403e-10,9.736144602183888e-10,0.9999951574562983
Correct 1.186098441237271e-08,5.905236418489686e-10,1.0129987330277146e-05,0.999989078116941
Correct 6.224132751305368e-11,2.789462772385846e-10,1.1032539280516758e-09,0.9999980183344259
Correct 2.594555061773859e-11,1.8189235246184256e-09,0.9999783499621913,2.1444937927240387e-05
Correct 1.917171513758312e-10,2.020683909022217e-11,4.277787868968998e-11,0.999999448776502
Correct 0,7.05287985111216e-11,0,0.9999995679801056
Correct 0,3.331544542166412e-11,5.4927883509546835e-11,1.0
Correct 8.423463754468647e-12,1.026187963170189e-10,1.0,1.2501528663867426e-09
Wrong 0.00010233910847006507,0.060071551365315806,0.0001489025242036255,0.9396771017094746
Correct 0.9999996871837232,3.850741922767617e-09,1.493094676197164e-10,1.3176514270095466e-10
Correct 0.9999996871837232,1.026187963170189e-10,2.9400777392844726e-11,0
Correct 1.2751905914873347e-07,0.9999996871837232,1.4449802461092448e-07,3.850741922767617e-09
Correct 2.7894680928689246e-10,2.5946094982764667e-11,7.05287985111216e-11,0.9999996871837232
Correct 1.1032539280516758e-09,2.260322940135999e-06,0.9999975415208362,2.2159447507533765e-08
Correct 4.363462252943702e-09,1.026187963170189e-10,1.2501528663867426e-09,0.9999995679801056
Wrong 0.005899605938068041,0.8755793373890626,2.4110341045889478e-05,0.11849678115315368
Wrong 0.9997964803243284,7.192664956118835e-09,6.690220569568327e-10,0.00020342704214340812
Correct 1.4166087866431961e-09,0.9999998063873693,4.058652126475693e-10,7.05287985111216e-11
Correct 1.3350373211383554e-08,6.9156579423168545e-06,0.006692803393384266,0.9933001915357611
Correct 9.056076989672867e-11,0.9999992103693378,5.905303998944039e-10,2.7894680928689246e-10
Correct 0.9999996871837232,8.592166619174109e-10,1.2501528663867426e-09,4.363462252943702e-09
Correct 9.736200313009565e-10,4.277787868968998e-11,0.9999998063873693,4.058652126475693e-10
Correct 0.11920285564477803,0.8807966137617812,6.678694941833084e-10,1.3151130091741298e-10
Wrong 0.0019267342527389902,1.1838270042185199e-08,0.998073226003552,1.6021356291906408e-09
Wrong 1.3176514270095466e-10,2.7894680928689246e-10,5.905303998944039e-10,0.999999091165777
Wrong 0.9999807339864315,1.1253302830161258e-07,1.8925145442106525e-05,1.725749882415319e-08
Correct 0,0,0.9999998063873693,1.8189616875530459e-09
Correct 3.16086939653085e-10,0.999997064707474,5.905281472039989e-10,7.582531502794546e-10
Correct 0,1.783247290814639e-11,1.0,5.4927883509546835e-11
Correct 0.9999998063873693,7.582560427911907e-10,0,6.691586091292782e-10
Correct 9.056059716593275e-11,8.76423150298272e-08,3.398261337819773e-09,0.9999986143516758
Correct 6.224085265122139e-11,0.9999897933314713,4.599011518851513e-10,0
Wrong 2.172439935079017e-10,1.026187963170189e-10,2.646573638909117e-09,0.9999998063873693
Correct 1.3887943864964021e-11,7.05287985111216e-11,1.0,4.363462252943702e-09
Correct 0.9999998063873693,1.3176514270095466e-10,0,0
Correct 5.905247681845038e-10,0.9999908661546805,6.475890416644057e-07,8.592084678278565e-10
Correct 7.582545965339434e-10,0.9999983759447105,1.3176489137912955e-10,0
Correct 1.3176514270095466e-10,2.172439935079017e-10,0.9999998063873693,9.931194312156244e-08
Correct 6.144171336422507e-06,0.9999936078174534,8.15197406836693e-09,4.944422209646875e-09
Correct 1.6916881780698968e-10,0.0001233945049762016,0.9998760879914247,1.0260607466727974e-10
Correct 1.4166087866431961e-09,1.6918979226151304e-10,8.592166619174109e-10,0.999999448776502
Correct 1.8189582181622667e-09,0.999997779927489,0,0
Correct 7.052866398824247e-11,0.9999980183344259,1.0261860058738471e-10,1.0261860058738471e-10
Correct 2.594604549456307e-11,1.3176489137912955e-10,2.845329381943118e-08,0.9999975415208362
Correct 1.493094676197164e-10,0.9999998063873693,2.061153622438558e-09,6.224144622907783e-11
Correct 0.999999091165777,3.581747930283181e-10,0,2.172439935079017e-10
Correct 3.0988191387218256e-12,1.103256032343554e-09,1.0,3.398267819495071e-09
Correct 0.9999996871837232,1.3176514270095466e-10,0,0
Correct 8.592166619174109e-10,1.4166087866431961e-09,0.9999998063873693,6.82560337633487e-08
Wrong 0.9975032083854425,0.0024725628943930056,2.424016522961093e-05,3.2161346200044205e-08
Correct 1.7257827987960214e-08,9.931194312156244e-08,0.9999996871837232,5.3157852544244216e-08
Correct 8.764248219443636e-08,0.9999996871837232,2.4616969518153846e-10,5.4927883509546835e-11
Correct 0.9999998063873693,2.7894680928689246e-10,2.335593038799337e-09,2.9989608248573072e-09
Correct 0.999999448776502,9.056076989672867e-11,0,9.237449661970594e-09
Correct 4.139937718785167e-08,3.1608814543136926e-10,7.05287985111216e-11,0.999999448776502
Correct 9.055956078807582e-11,2.789430849700478e-10,1.300711158451302e-05,0.9999859788604943
Correct 2.9400777392844726e-11,0,2.020683909022217e-11,0.9999996871837232
Correct 5.4927883509546835e-11,1.6373755690670415e-07,0.999999448776502,1.026187963170189e-10
Correct 0,2.289734845645553e-11,1.0,1.2501528663867426e-09
Correct 1.162823303022097e-10,0,7.582560427911907e-10,0.999999448776502
Correct 2.020683909022217e-11,3.331544542166412e-11,0.9999998063873693,9.736200313009565e-10
Correct 7.028821631659512e-09,4.348582106752793e-07,0.022977356456582866,0.9770220489358051
Correct 1.2256067444099483e-11,9.545034922840628e-12,1.0815941557285693e-11,0.9999998063873693
Correct 7.265204459443045e-05,0.9706112180992763,0.029309919707481223,5.9636429805572575e-06
Correct 2.172439935079017e-10,0.9999995679801056,3.581747930283181e-10,6.224144622907783e-11
Correct 0.9999995679801056,1.493094676197164e-10,8.592166619174109e-10,1.6918979226151304e-10
Correct 3.059023205018258e-07,9.736200313009565e-10,0.9999995679801056,1.2501528663867426e-09
Correct 1.493094676197164e-10,0.999999091165777,4.058652126475693e-10,5.905303998944039e-10
Correct 6.560200168153779e-12,3.331544542166412e-11,8.764248219443636e-08,0.9999998063873693
Correct 0.9999998063873693,1.4166087866431961e-09,9.736200313009565e-10,1.1253517471925912e-07
Correct 2.172439935079017e-10,2.172439935079017e-10,6.224144622907783e-11,0.9999998063873693
Correct 8.314256345080342e-07,0.9998756112425662,0.0001233945049762016,6.022827095581036e-08
Correct 2.335575219706554e-09,0.9999922965859006,2.2159320710520812e-08,6.348751678727569e-09
Wrong 4.4505129402755145e-07,5.043091853627092e-07,7.484611936412656e-05,0.9999241149398151
Correct 7.582545965339434e-10,1.370956471489639e-06,1.275188159256623e-07,0.9999980183344259
Correct 0.9706874803054464,0.02931221885932842,8.340307664898684e-10,3.4767574979298096e-10
Correct 1.6052280551856116e-09,4.363462252943702e-09,0.9999995679801056,3.2241867372567335e-08
Correct 0.999999448776502,1.4166087866431961e-09,7.582560427911907e-10,1.103256032343554e-09
Correct 7.05287985111216e-11,0.9999996871837232,1.493094676197164e-10,2.9400777392844726e-11
Correct 8.423463754468647e-12,1.2256067444099483e-11,9.545034922840628e-12,0.9999996871837232
Wrong 1.7603429545652396e-06,7.19411930861867e-09,3.6534752452633856e-08,0.999998137537802
Correct 1.162823303022097e-10,1.6052280551856116e-09,1.0,1.8189616875530459e-09
Correct 1.6052249934589952e-09,0.9999982567411922,2.3355885840133965e-09,5.211402547917536e-10
Correct 1.0129987330277146e-05,0.9999896741288624,7.734348146298033e-08,8.592084678278565e-10
Correct 4.599046606658694e-10,0.9999982567411922,3.581741098647678e-10,9.73618174269892e-10
Wrong 3.4663241069161144e-07,3.6534752452633856e-08,6.47594599989589e-07,0.9999989719621736
Correct 0,1.57371021068629e-11,1.026187963170189e-10,0.9999995679801056
Wrong 1.0129929366190528e-05,3.6534194980805917e-08,0.9999835948237499,6.144112741317919e-06
Correct 6.475927472092271e-07,0.999996587894339,8.592133842722118e-10,2.5612790004194033e-06
Correct 1.0,1.7257827987960214e-08,2.215948977336598e-08,4.944450501938644e-09
Correct 1.4166060846789406e-09,0.9999989719621736,2.3355885840133965e-09,9.73618174269892e-10
Correct 0.9999992103693378,1.103256032343554e-09,5.211412487888539e-10,7.582560427911907e-10
Correct 4.058652126475693e-10,1.2501528663867426e-09,0.9999998063873693,1.6052280551856116e-09
Correct 0.9999992103693378,3.059020287707785e-07,1.8189616875530459e-09,7.194133030325383e-09
Correct 7.19411930861867e-09,0.9999976607241555,5.714996835964923e-07,3.6534752452633856e-08
Correct 1.103256032343554e-09,3.331544542166412e-11,1.9555681087850496e-08,0.9999993295729128
Wrong 0.9399128386539652,6.41547406133899e-08,0.0600866201819544,1.3581558694432824e-07
Correct 1.1032370938611402e-09,0.9999829988145424,2.4616546943492456e-10,0
Wrong 8.146238632653715e-09,0.9992899659353167,0.0007096699981146541,8.758031895658469e-08
Correct 0.9933068896210222,0.006692848072816306,1.0958716372948215e-09,1.178173042280371e-08
Correct 1.275184510919254e-07,0.9999955150656735,7.194105586938129e-09,5.21139260796549e-10
Correct 2.9400777392844726e-11,2.9400777392844726e-11,7.05287985111216e-11,0.999999448776502
Correct 0.9999996871837232,6.224144622907783e-11,0,0
Correct 9.545034922840628e-12,2.020683909022217e-11,0.9999998063873693,4.944450501938644e-09
Correct 4.847350215061376e-11,0.9999961110814314,4.2777715505344365e-11,2.9400665237993516e-11
Correct 8.423463754468647e-12,1.2256067444099483e-11,3.775134544279098e-11,0.9999998063873693
Correct 4.058652126475693e-10,0.9999996871837232,5.3157852544244216e-08,1.026187963170189e-10
Correct 0.9999995679801056,1.162823303022097e-10,0,0
Correct 7.33820819192633e-07,0.9999992103693378,3.6534822137210456e-08,1.6052280551856116e-09
Wrong 7.734421907141565e-08,0.9999995679801056,1.522997974471263e-08,6.023573837886479e-08
Correct 1.6918979226151304e-10,2.4616969518153846e-10,0.9999996871837232,1.7257827987960214e-08
Wrong 2.3099328934684266e-09,0.9890125191809928,0.010986936344888492,3.808435495351288e-09
Correct 0.9999918197752665,4.944412778918927e-09,7.889257112872668e-06,2.8453131008843787e-08
Correct 4.5990553786523166e-10,0.9999995679801056,1.3176514270095466e-10,5.211412487888539e-10
Correct 1.0,0,0,0
