grade confidence_levels
Wrong 0.010281790047883987,0.004252811428159475,0.31984636187553406,0.0029690454248338938
Correct 0.00030187173979356885,0.006607200484722853,0.005392622668296099,0.435133159160614
Wrong 0.0012679450446739793,0.0038748879451304674,0.01644076220691204,0.11411961168050766
Correct 2.589997893664986e-05,0.001652486389502883,0.0003573776048142463,0.2198295295238495
Correct 0.0006102180341258645,0.0005301731871441007,0.22939856350421906,0.038041532039642334
Correct 0.04989229515194893,0.001905269455164671,0.038257259875535965,1.561303906782996e-05
Wrong 0.011168212629854679,0.006566711235791445,0.009702948853373528,0.05327851325273514
Correct 0.497786283493042,0.015033053234219551,0.0022170483134686947,0.00031691964250057936
Correct 3.142540663247928e-05,0.0001510950387455523,0.0015378959942609072,0.665632426738739
Wrong 0.000173691485542804,0.0004264308954589069,0.33675575256347656,0.0009461386944167316
Wrong 0.2656698226928711,0.0483933687210083,0.0597507543861866,0.01354280300438404
Wrong 0.001067408244125545,0.10386424511671066,0.005252932198345661,0.02354109287261963
Wrong 9.080452582566068e-05,0.0006060063024051487,0.7411246299743652,0.0008815451874397695
Wrong 0.0002179249277105555,0.017175493761897087,0.03158903867006302,0.00033241373603232205
Correct 0.0008809366263449192,0.0054811458103358746,0.007912972941994667,0.6536404490470886
Correct 0.0002126163017237559,0.0029804790392518044,0.29696154594421387,0.00015674928727094084
Correct 0.0009921410819515586,0.0017545834416523576,0.021044084802269936,0.00891037005931139
Correct 6.30518770776689e-05,0.1607264131307602,0.004216814413666725,1.7243843103642575e-05
Correct 3.3263775549130514e-05,0.0008121656719595194,0.8836937546730042,3.972979811805999e-06
Wrong 0.007422903086990118,0.012237648479640484,0.02268441580235958,0.5162890553474426
Correct 4.44638317276258e-05,0.0037591583095490932,0.6175336241722107,0.0026449114084243774
Wrong 0.09093527495861053,0.027306409552693367,0.32747703790664673,0.00047001498751342297
Wrong 0.0198232289403677,9.33084447751753e-05,0.04131391644477844,3.9511805880465545e-06
Correct 0.00019612183677963912,0.10644610971212387,0.04300887882709503,0.0013401522301137447
Wrong 0.00030162048642523587,0.0005211446550674736,0.8445900678634644,8.574285311624408e-05
Wrong 0.28734272718429565,0.0401260070502758,0.09041713923215866,0.012626451440155506
Correct 0.20667418837547302,0.0019642021507024765,0.0032380674965679646,0.0991673395037651
Wrong 0.00011343049845891073,0.0015777240041643381,0.0020100343972444534,0.18962055444717407
Wrong 0.1587570309638977,0.028688278049230576,0.04340285435318947,0.005032348446547985
Wrong 0.00011686322977766395,0.006086922716349363,0.04358555004000664,0.000338099169312045
Wrong 0.001227016095072031,0.008650092408061028,0.003334746928885579,0.28199344873428345
Wrong 0.02978437952697277,0.007300609722733498,0.11239787191152573,3.491274765110575e-05
Correct 0.0010613355552777648,0.0022114692255854607,0.2327173799276352,0.0009815477533265948
Correct 0.0012851825449615717,0.005804462358355522,0.0004916052566841245,0.6108484864234924
Wrong 0.006361957173794508,0.002800825284793973,0.004727646242827177,0.00158362474758178
Wrong 0.0045354412868618965,0.0004421700141392648,0.06560023874044418,0.05789295583963394
Correct 0.0049760788679122925,0.0045304675586521626,0.026069940999150276,0.3488095998764038
Wrong 0.0019535801839083433,0.04732445999979973,0.003348954953253269,0.0003970665857195854
Wrong 0.023969348520040512,0.00016282049182336777,0.013236869126558304,0.10575751960277557
Wrong 0.0034032571129500866,0.002799224341288209,0.037451278418302536,0.178669273853302
Correct 8.443339902441949e-05,0.31309404969215393,0.003505555447191,0.004536825232207775
Wrong 8.530834747944027e-05,0.0017531104385852814,0.026166807860136032,0.08579789102077484
Wrong 4.987802458344959e-05,5.478198727359995e-05,0.7260227203369141,0.0001597663649590686
Wrong 7.319531141547486e-05,0.008069285191595554,0.01832614094018936,0.0021720908116549253
Correct 0.002884439891204238,0.0037618866190314293,0.009834052063524723,0.16632740199565887
Correct 7.098086643964052e-05,0.0001650076446821913,0.6313609480857849,0.025655992329120636
Correct 0.329458087682724,0.15563048422336578,0.07237274199724197,0.01815619133412838
Correct 4.034606899949722e-05,0.07885175198316574,0.00048374783364124596,0.00021806579024996608
Wrong 0.000850401702336967,0.0006941673927940428,0.4543975293636322,0.01681291125714779
Wrong 0.012704451568424702,0.019986867904663086,0.21486221253871918,4.207691745250486e-05
Wrong 0.0003030829248018563,0.5187078714370728,0.0005750735872425139,2.016428334172815e-05
Wrong 0.016733281314373016,0.0036760864313691854,0.1336888074874878,0.00020738865714520216
Wrong 0.00021926508634351194,0.0006100954487919807,0.872552752494812,4.1844716179184616e-05
Correct 0.00022445018112193793,0.016745541244745255,0.0049117496237158775,0.046964749693870544
Wrong 0.0582120455801487,0.0045256647281348705,0.06100599095225334,9.033134119817987e-05
Wrong 2.689031134650577e-05,0.00014530513726640493,0.0013046469539403915,0.0040820748545229435
Correct 2.8349806598271243e-05,2.994553324242588e-05,0.8600531220436096,1.914374479383696e-06
Wrong 0.0001000565753201954,0.4955388009548187,0.0018012335058301687,1.672596590651665e-05
Wrong 4.377632649266161e-05,0.038566287606954575,0.09695040434598923,1.8540897144703194e-05
Correct 0.028916576877236366,0.02099800296127796,0.19002987444400787,3.4707813028944656e-05
Wrong 0.0002760204079095274,0.03613927587866783,0.08017466217279434,0.010766110382974148
Wrong 0.00038447818951681256,0.01132265292108059,0.007085354998707771,4.845023795496672e-07
Wrong 0.5960498452186584,0.001525249914266169,0.002324803499504924,0.011621744371950626
Wrong 0.0003398025000933558,0.0540812648832798,0.23127217590808868,0.00013409143139142543
Correct 0.28704240918159485,0.016322819516062737,0.08754074573516846,2.826905438269023e-05
Wrong 0.00042207431397400796,0.0011381988879293203,0.07040073722600937,0.010797924362123013
Wrong 9.218211198458448e-05,0.1666025072336197,0.009399360977113247,5.33763668499887e-05
Correct 0.18567770719528198,0.0003502657054923475,0.0009593298309482634,0.007724287454038858
Wrong 0.18104586005210876,0.000695466180332005,0.27178072929382324,0.004192688036710024
Wrong 0.0002745404781308025,0.056558359414339066,0.018650919198989868,0.009601227939128876
Wrong 0.018821250647306442,0.026751628145575523,0.46315452456474304,1.4128234397503547e-05
Wrong 0.00027573027182370424,0.043894797563552856,0.12504622340202332,0.04059627279639244
Wrong 0.0017273343401029706,0.03284778445959091,0.27075475454330444,0.0007257092511281371
Correct 2.927085370174609e-05,0.00014294558786787093,0.7248196005821228,0.00015699889627285302
Correct 0.019237520173192024,0.004569917917251587,0.06209832802414894,0.009749215096235275
Correct 3.316405491204932e-05,0.10354114323854446,0.08063683658838272,4.533348692348227e-05
Wrong 0.0008126261527650058,0.003018442075699568,0.07906670868396759,3.5677414871315705e-06
Correct 0.040648359805345535,0.013197597116231918,0.01027749478816986,6.4028558881545905e-06
Wrong 0.0013520362554118037,0.0631427988409996,0.5627455711364746,0.0036752703599631786
Wrong 0.00020039545779582113,0.00046963163185864687,0.10379131883382797,0.07834900915622711
Wrong 0.000147016515256837,0.0010442591737955809,0.16366583108901978,0.005344343837350607
Wrong 0.00036031490890309215,0.00038959490484558046,0.6462956070899963,1.4877628927933984e-05
Correct 0.0001048736012307927,0.00039268116233870387,0.295951783657074,0.04831299930810928
Wrong 0.00026940315729007125,0.0015745138516649604,0.6553499102592468,0.0022204748820513487
Correct 0.0029036756604909897,0.0014374254969879985,0.014291982166469097,0.2915840744972229
Correct 0.02143828384578228,0.017499292269349098,0.191071555018425,0.0008378979982808232
Wrong 0.02063344232738018,0.06712966412305832,0.09920597076416016,0.003968835808336735
Wrong 0.004006369970738888,0.003295580390840769,0.5807958245277405,0.02435007132589817
Wrong 0.00017891947936732322,7.57652087486349e-05,0.18426544964313507,6.899079016875476e-05
Correct 0.001949527533724904,0.20197221636772156,0.03736104443669319,0.0910373404622078
Correct 0.00039228520472534,0.0008048488525673747,0.3456215560436249,0.13534657657146454
Correct 0.020496292039752007,0.0004530909354798496,0.23093201220035553,2.345459142816253e-05
Wrong 0.05581865459680557,0.01990528218448162,0.05581989884376526,0.01538060698658228
Wrong 0.0005021027172915637,0.000945370935369283,0.03835035488009453,0.01728605292737484
Correct 0.0021792808547616005,0.27880269289016724,0.27022314071655273,7.457264291588217e-05
Correct 0.012181676924228668,0.006173609755933285,0.15673190355300903,0.04931993409991264
Wrong 0.009032301604747772,0.0008336809696629643,0.06171801686286926,4.884548161498969e-06
Correct 1.6414640413131565e-05,0.34761741757392883,0.00034545743255876005,1.0188604164795834e-06
Correct 6.703587860101834e-05,0.27304011583328247,0.05634449049830437,3.819370249402709e-05
Wrong 0.004001092165708542,0.00017307909729424864,0.7389954328536987,1.6873536878847517e-05
Correct 2.582632532721618e-06,1.63136501214467e-05,0.10872341692447662,3.361390668032982e-07
Wrong 0.00018481312145013362,0.06578188389539719,0.05626548454165459,0.000324313179589808
Correct 0.0014167651534080505,0.0010205621365457773,0.00141684350091964,0.13788892328739166
Wrong 0.00021341406682040542,0.0009637861512601376,0.08472414314746857,0.00019432698900345713
Wrong 0.0015688174171373248,0.006976183969527483,0.003373149549588561,9.647939441492781e-05
Correct 0.0005239430465735495,0.0316569060087204,0.03422592952847481,9.568228051648475e-06
Correct 0.001114426413550973,0.0011142553994432092,0.0008476894581690431,6.948313966859132e-06
Wrong 0.0012655270984396338,0.0046286070719361305,0.29544419050216675,0.09591809660196304
Correct 0.00016846702783368528,0.0007725317846052349,0.09068451076745987,0.0022528041154146194
Correct 0.0016916055465117097,0.005251471418887377,0.04431205615401268,0.16463620960712433
Wrong 0.005349551327526569,0.0009443517192266881,0.6134890913963318,9.411514838575386e-06
Correct 0.36769574880599976,0.0004657073295675218,0.0017985593294724822,0.012484777718782425
Correct 0.03638913109898567,0.0006165792583487928,0.2264067679643631,0.1906525045633316
Correct 0.06057301163673401,0.00011980576528003439,0.0014470237074419856,4.237285611452535e-05
Wrong 0.0011040008394047618,0.023601721972227097,0.03225870057940483,0.05236513167619705
Correct 5.545694148167968e-05,0.2789275348186493,0.004651630762964487,0.04018534719944
Wrong 0.1320021152496338,0.05010547116398811,0.0013249192852526903,0.00013649242464452982
Wrong 2.879947714973241e-05,0.0012723790714517236,0.0030284107197076082,0.10758831351995468
Wrong 0.000291311094770208,0.30008986592292786,0.03697827830910683,0.008380922488868237
Correct 6.899377331137657e-05,0.11091812700033188,0.0641939714550972,9.429525380255654e-05
Correct 0.023959478363394737,0.015960754826664925,0.2419697642326355,0.12166795879602432
Wrong 5.604203761322424e-05,0.29544597864151,0.0021524804178625345,1.1301795893814415e-05
Wrong 0.013956339098513126,0.0016033031279221177,0.04006590321660042,0.05225495249032974
Correct 0.010979317128658295,0.0013637416996061802,0.5500458478927612,8.50761807669187e-06
Wrong 0.008978287689387798,0.0057973312214016914,0.002803150797262788,0.0020833811722695827
Correct 4.945887849316932e-05,0.0001195621516671963,0.815665602684021,0.0004075861070305109
Wrong 0.0049140360206365585,0.00031657167710363865,0.018108807504177094,0.01674921065568924
Correct 0.00014084918075241148,0.014820564538240433,0.000932760420255363,0.08396381884813309
Correct 0.00547289801761508,0.03352263569831848,0.025107376277446747,0.2678491771221161
Correct 0.08240995556116104,0.0602959468960762,0.005351715721189976,0.00013722863513976336
Wrong 0.00018414015357848257,0.004030012991279364,0.25126370787620544,1.4658729924121872e-05
Wrong 0.002455335110425949,0.0013557611964643002,0.29968205094337463,0.0425068661570549
Correct 0.011231678538024426,0.0025061408523470163,0.002467326819896698,0.0008330055861733854
Wrong 6.186807149788365e-05,0.0004606360453180969,0.00842362642288208,0.002957007149234414
Correct 0.14531679451465607,0.007584442850202322,0.06448331475257874,0.00018586270743981004
Correct 0.0002711599809117615,0.0013668100582435727,0.003598165465518832,0.07999556511640549
Correct 0.1734510362148285,0.0023245501797646284,0.02104230783879757,0.00047982155228964984
Correct 0.21679362654685974,0.002012469107285142,0.1399696171283722,0.000101019351859577
Wrong 0.05281941592693329,0.09714478999376297,0.012545607052743435,9.847228284343146e-06
Correct 5.022239565732889e-05,0.00014759651094209403,0.8956795930862427,0.00020658705034293234
Wrong 0.0012131985276937485,0.011691216379404068,0.09635154902935028,0.1446431577205658
Wrong 0.11178141832351685,0.0843796581029892,0.03304215148091316,0.1901523321866989
Wrong 0.0010934623423963785,0.0005412154132500291,0.051435187458992004,0.02282869629561901
Correct 6.401319114957005e-05,0.00039517530240118504,0.5392884612083435,1.3318457604327705e-05
Wrong 0.0008436130010522902,0.0014348230324685574,0.080817811191082,0.00728702824562788
Correct 0.0007571704918518662,0.03591602295637131,0.5887687802314758,0.003967502154409885
Wrong 0.0012973346747457981,0.037033841013908386,0.45115572214126587,0.023539869114756584
Wrong 0.0005009039887227118,0.21846021711826324,0.10481823980808258,0.006754231173545122
Correct 0.019989484921097755,0.0129062719643116,0.4621192514896393,0.0011636109557002783
Correct 0.014023186638951302,0.020724749192595482,0.007389634847640991,0.004482126794755459
Correct 0.0001444704394089058,0.007702181115746498,0.0027463692240417004,0.24722576141357422
Correct 0.00993658509105444,0.010577877052128315,0.0033544895704835653,0.5176717638969421
Correct 2.762766416708473e-05,0.0022630267776548862,0.0016556927002966404,0.10568643361330032
Correct 0.03929174691438675,0.0020825504325330257,0.006721994373947382,8.866045391187072e-07
Correct 0.00014794453454669565,0.004125300329178572,0.6829923391342163,0.00042472805944271386
Wrong 0.004866692703217268,0.0031422709580510855,0.4963926672935486,0.012429517693817616
Wrong 0.020076312124729156,0.0008822697564028203,0.5686454772949219,1.1732518032658845e-05
Correct 0.0003850384964607656,0.00045369219151325524,0.005151281598955393,0.0029353091958910227
Wrong 0.003247207263484597,0.24037592113018036,0.011509391479194164,0.19015847146511078
Wrong 0.002278531203046441,0.01723390817642212,0.20033587515354156,0.11414724588394165
Wrong 0.0060150898061692715,0.04307576268911362,0.5414022207260132,0.00010352057870477438
Wrong 0.0003866357437800616,0.007887582294642925,0.7211912870407104,0.002405715174973011
Wrong 0.00013793178368359804,0.00025567656848579645,0.1115201935172081,0.0005125493626110256
Wrong 0.001955963671207428,0.0015115550486370921,0.5015610456466675,7.469507545465603e-05
Correct 0.00017405269318260252,0.06647021323442459,0.08402594178915024,0.007939021103084087
Correct 2.637670695548877e-05,0.15753158926963806,0.04109429568052292,4.487795740715228e-05
Wrong 0.000127028048154898,0.00714930659160018,0.05892983078956604,0.0006971401744522154
Correct 0.0001820753386709839,0.005155985243618488,0.6544710397720337,0.004274629056453705
Wrong 0.000400921911932528,0.005322248209267855,0.02766452729701996,0.007216721307486296
Wrong 7.039285264909267e-05,0.10885803401470184,0.0192145686596632,0.002122419187799096
Correct 0.3197820782661438,0.005721736699342728,0.022452933713793755,2.0970022887922823e-05
Wrong 0.009121107868850231,0.16810616850852966,0.019158318638801575,0.003489304333925247
Wrong 0.0009067610371857882,0.00944742001593113,0.004604088608175516,0.09247538447380066
Wrong 0.014046207070350647,0.0006221832009032369,0.1396569162607193,0.0014690186362713575
Correct 0.00016912442515604198,0.05480463430285454,0.05068809911608696,1.0813394510478247e-05
Wrong 0.02071339637041092,0.04704469069838524,0.07517547160387039,0.09356158971786499
Correct 0.00017697027942631394,0.038209110498428345,0.02505677007138729,0.012599595822393894
Wrong 0.10374545305967331,0.0759025290608406,0.04062670096755028,4.301533044781536e-05
Wrong 0.00015139130118768662,0.19256292283535004,0.0021728945430368185,0.002621001098304987
Correct 0.002594707300886512,0.05211065709590912,0.03638048842549324,0.0002934722288046032
Correct 0.512592613697052,0.0020472637843340635,0.019415613263845444,2.9503846235456876e-05
Correct 0.02977297082543373,0.0002497887471690774,0.004425390157848597,0.018926218152046204
Wrong 0.0187004916369915,0.00856193620711565,0.012852809391915798,0.02363937720656395
Wrong 0.00040561938658356667,0.00043540666229091585,0.02320505678653717,0.009230438619852066
Correct 0.0013611793983727694,0.047977298498153687,0.002192117040976882,0.00012276155757717788
Wrong 0.0027852992061525583,0.01693212427198887,0.005082876421511173,3.648091296781786e-05
Correct 0.17004801332950592,0.04948890581727028,0.12058109790086746,0.04102600738406181
Wrong 0.036120105534791946,0.0007382317562587559,0.006228106562048197,0.0007497756159864366
Wrong 0.0002139754215022549,0.00020264663908164948,0.4557555913925171,1.8123015252058394e-05
Correct 0.00034424487967044115,0.1825067102909088,0.05147816613316536,0.0002702442870941013
Wrong 0.0005958670517429709,0.0002686419175006449,0.6534290313720703,1.8858094335882924e-05
Wrong 0.030477374792099,0.008597351610660553,0.5750461220741272,4.7316018026322126e-05
Wrong 0.019568614661693573,0.0031454262789338827,0.06619511544704437,0.0001761323946993798
Wrong 2.954024967039004e-05,0.06855511665344238,0.06541585922241211,0.0006026438204571605
Wrong 0.01085413247346878,0.036150045692920685,0.24703224003314972,0.005249044857919216
Correct 0.00022809766232967377,0.10925767570734024,0.018985606729984283,9.723785296955612e-06
Wrong 0.0033577117137610912,0.0008040253887884319,0.2390819936990738,0.0047348299995064735
Wrong 0.0024152661208063364,0.034942205995321274,0.00031441476312465966,1.6544693153264234e-06
Correct 0.004724471364170313,0.026974162086844444,0.0017654872499406338,0.2968771755695343
Wrong 0.0026606139726936817,0.022448616102337837,0.0336991585791111,6.8170056692906655e-06
Correct 4.985764462617226e-05,2.9310560421436094e-05,0.917515754699707,2.3143434191297274e-06
Wrong 7.247571920743212e-05,3.396616375539452e-05,0.09734628349542618,7.165515398810385e-07
Correct 7.264758460223675e-05,0.001746048335917294,0.27156323194503784,8.900523243937641e-05
Wrong 0.014988688752055168,0.001438475213944912,0.7221823334693909,6.213856522663264e-06
Wrong 0.0013441774062812328,0.0015231367433443666,0.060837097465991974,7.948269922053441e-05
Wrong 0.025335680693387985,0.0030736427288502455,0.49321356415748596,0.009767496027052402
Correct 0.00020566173770930618,0.0022110496647655964,0.010377745144069195,0.010541098192334175
Correct 0.0013930685818195343,0.0008062882698141038,0.2200736403465271,0.03706691041588783
Correct 0.002713623456656933,0.0034573206212371588,0.4423036277294159,4.706808249466121e-05
Correct 0.0008846534765325487,0.1534864455461502,0.030222490429878235,5.149924254510552e-05
Correct 5.3590865718433633e-05,0.0004278812848497182,0.04755553603172302,9.308309927291702e-07
Correct 0.0001161636901088059,0.013529794290661812,0.00546619575470686,0.0022436303552240133
Wrong 0.007949168793857098,0.013105767779052258,0.04297034069895744,0.0007167367730289698
Correct 0.00030623283237218857,0.5893606543540955,0.0012206400278955698,1.5254949175869115e-05
Wrong 0.0038078760262578726,0.002345261164009571,0.23921440541744232,0.01602640375494957
Correct 0.0002447460137773305,0.009774040430784225,0.009326360188424587,0.26833078265190125
Correct 0.0037825368344783783,0.0013592741452157497,0.008069020695984364,0.6984856128692627
Correct 0.0001374195999233052,0.02186865732073784,0.004729792941361666,0.00798413809388876
Wrong 0.00019166017591487616,0.003819090314209461,0.7686788439750671,0.0005049441242590547
Wrong 0.0006026783958077431,0.08271031826734543,0.26285478472709656,0.0001477273617638275
Wrong 0.0007567558204755187,0.005334998480975628,0.18805579841136932,0.010123482905328274
Wrong 0.0007155176135711372,0.004281054250895977,0.0027641586493700743,0.06002902239561081
Wrong 6.620082422159612e-05,0.5487838983535767,0.003113986924290657,0.0004149676824454218
Wrong 0.0017586437752470374,0.01220510434359312,0.033698178827762604,0.05643773078918457
Correct 0.005741429980844259,0.06172364577651024,0.18716567754745483,0.00024267980188596994
Wrong 0.00029619375709444284,0.0011531530180945992,0.034229569137096405,0.04827088117599487
Wrong 0.002021616557613015,0.0009855467360466719,0.0007915689493529499,0.003957903943955898
Correct 3.379921326995827e-05,0.00023276680440176278,0.58883136510849,0.0007631767075508833
Correct 0.00029080972308292985,0.016379429027438164,0.005486475303769112,0.7892102003097534
Wrong 0.0005396855412982404,0.05011602118611336,0.08262547105550766,3.887994898832403e-05
Wrong 0.00011987407924607396,0.0005204257322475314,0.22874616086483002,0.09535719454288483
Correct 3.325752913951874e-05,3.918135189451277e-05,0.7554400563240051,6.551273600052809e-06
Correct 0.1717439889907837,0.0023566551972180605,0.005520984530448914,0.014209226705133915
Correct 0.0009513964178040624,0.0008333168225362897,0.07616643607616425,0.26585060358047485
Wrong 0.00012524636986199766,0.05901559814810753,0.0011327805696055293,0.11736340075731277
Correct 0.00026366443489678204,0.010128134861588478,0.11773508787155151,8.089144102996215e-06
Correct 0.0019255896331742406,0.0031010922975838184,0.6748763918876648,0.00015933559916447848
Correct 0.0001957924396265298,0.011111617088317871,0.011463193222880363,0.013614261522889137
Wrong 0.0006936030695214868,0.006477963179349899,0.04639175906777382,0.05016149580478668
Wrong 0.0005463865818455815,0.0009078344446606934,0.0119559857994318,0.00014254686539061368
Correct 0.000540784327313304,0.07081831246614456,0.3223808705806732,0.0018292496679350734
Correct 8.839645306579769e-05,0.0005372492596507072,0.4343947768211365,0.02777010202407837
Correct 0.0002439028030494228,0.0015055405674502254,0.24538323283195496,0.3800571858882904
Correct 0.0006073327967897058,0.0047765858471393585,0.379458487033844,0.10054343193769455
Wrong 0.0003405098686926067,0.007749009877443314,0.028790690004825592,3.4519114706199616e-05
Correct 0.0003373882791493088,0.06231357529759407,0.0057960194535553455,0.005318815354257822
Wrong 4.5515196688938886e-05,0.01543288305401802,0.003416333580389619,0.013198788277804852
Correct 0.00011245222412981093,0.0002475397486705333,0.0006173638394102454,0.7206674814224243
Wrong 0.005301575176417828,0.2761833071708679,0.02734537422657013,0.0008456769282929599
Correct 0.00019652710761874914,0.0005516849341802299,0.009249347262084484,0.0002543299051467329
Correct 0.844922661781311,0.00031642511021345854,0.00471978634595871,0.0002663398045115173
Correct 0.001885342295281589,0.0017573984805494547,0.22134003043174744,0.19840745627880096
Wrong 0.00034100288758054376,0.04903775081038475,0.3917597234249115,0.009359239600598812
Wrong 0.013452359475195408,0.01597590558230877,0.0019685474690049887,0.0001308904611505568
Wrong 0.00016790250083431602,0.018225526437163353,0.015109501779079437,8.574184903409332e-05
Wrong 0.007042654324322939,0.003327295184135437,0.1760357916355133,0.0015719766961410642
Correct 0.1253242939710617,0.02282353863120079,0.004156459588557482,1.810670073609799e-05
Wrong 0.0006362017593346536,0.05636757239699364,0.0032301454339176416,0.048971228301525116
Wrong 0.0010536790359765291,0.0016704240115359426,0.6952475905418396,0.0010452930582687259
Wrong 0.015760324895381927,0.0020675137639045715,0.0787881463766098,0.14491772651672363
Correct 0.00010501612996449694,0.004752371460199356,0.0019351920345798135,0.32291755080223083
Wrong 0.0007086448604241014,0.025172851979732513,0.028523821383714676,0.003175636287778616
Correct 0.0015499419532716274,0.018442757427692413,0.024431481957435608,0.2688969373703003
Wrong 0.0008039184031076729,0.008376254700124264,0.015648359432816505,0.0012548996601253748
Wrong 0.07830332219600677,0.015909343957901,0.050555672496557236,0.005084730684757233
Wrong 0.003148236544802785,0.22590607404708862,0.0003909756487701088,3.2717975955165457e-06
Wrong 0.0017272521508857608,0.009410114027559757,0.17209143936634064,0.19807592034339905
Wrong 0.007259361445903778,0.019885661080479622,0.2832227349281311,4.154351699980907e-05
Wrong 0.0038206528406590223,0.03568674623966217,0.5759392976760864,0.005304398480802774
Wrong 0.0009037855779752135,0.004413084127008915,0.2605113089084625,0.011626566760241985
Wrong 0.0012497645802795887,0.24569818377494812,0.019855305552482605,0.05231308564543724
Wrong 0.0005083107971586287,0.003697572275996208,0.30781495571136475,9.855517419055104e-05
Wrong 0.00016256055096164346,0.006543365772813559,0.006857180967926979,0.008080597966909409
Wrong 0.0008438071236014366,0.0006675461772829294,0.28217777609825134,4.6291488615679555e-06
Wrong 8.984072337625548e-06,0.0067658983170986176,0.028484441339969635,6.17852492723614e-06
Correct 4.683803490479477e-05,0.0194840170443058,0.29082247614860535,4.4673241063719615e-05
Correct 0.00013226609735284,0.0794646367430687,0.02276725322008133,3.2108264349517412e-06
Correct 0.0002658658195286989,0.0019187603611499071,0.12735046446323395,0.01922733336687088
Correct 0.005162556190043688,0.0007676199893467128,0.0005315106827765703,0.33469176292419434
Wrong 0.001835798961110413,0.0017655459232628345,0.8261712193489075,0.007789442781358957
Wrong 0.004893892910331488,0.011924903839826584,0.040655676275491714,0.004252309910953045
Wrong 0.8153457641601562,0.0018693391466513276,0.024814782664179802,0.0019141172524541616
Correct 0.020764417946338654,0.05302191153168678,0.016684548929333687,0.16851460933685303
Correct 0.11196450144052505,0.011530138552188873,0.015880877152085304,0.0007313660462386906
Correct 0.175734743475914,0.009915105998516083,0.145688995718956,0.06990273296833038
Wrong 0.21048924326896667,0.017011580988764763,0.07050493359565735,0.0016072260914370418
Wrong 6.0962411225773394e-05,0.013472574763000011,0.27700716257095337,0.000266870716586709
Wrong 5.201587555347942e-05,0.0001601906551513821,0.6325451731681824,1.4998934148025e-06
Wrong 0.00013957683404441923,0.03361959010362625,0.6148338913917542,0.00993798952549696
Correct 0.008468267507851124,0.0005809123977087438,0.23430253565311432,0.012225142680108547
Correct 3.437626583036035e-05,0.0002073034702334553,0.7167457938194275,8.055583020905033e-05
Wrong 0.03212323039770126,0.2336767017841339,0.008250275626778603,2.8863689294666983e-05
Correct 4.5559554564533755e-05,0.4666004478931427,0.012051952071487904,2.535764178901445e-05
Correct 0.00012298586079850793,0.03303823992609978,0.03202110901474953,0.011965733021497726
Wrong 0.010356681421399117,0.07245413959026337,0.02583369053900242,1.6854412024258636e-05
Correct 0.014099913649260998,0.2788161337375641,0.006355324760079384,0.0017106876475736499
Wrong 0.04957214370369911,0.011593799106776714,0.040143322199583054,0.0035917828790843487
Wrong 0.00026545693981461227,5.732618228648789e-05,0.252900093793869,2.7733567549148574e-06
Correct 0.0010916332248598337,0.06859461963176727,0.16976968944072723,0.12420654296875
Wrong 0.004439744632691145,0.009397929534316063,0.29007068276405334,0.04662337154150009
Wrong 3.130325785605237e-05,0.0022107346449047327,0.5161535143852234,1.1090003681601956e-05
Wrong 0.009319414384663105,0.10748511552810669,0.04411221668124199,0.004008335527032614
Correct 0.00109458202496171,0.0020289323292672634,0.26991933584213257,0.000452762731583789
Wrong 0.048809293657541275,0.0677691176533699,0.0008077012025751173,2.1068204659968615e-05
Wrong 0.0009962599724531174,0.004227045923471451,0.6032856106758118,0.0009580101468600333
Correct 0.00030055124079808593,0.0042472477070987225,0.6709880232810974,0.00026731277466751635
Correct 0.00011849153088405728,0.5138837695121765,0.0190129317343235,9.673862223280594e-05
Wrong 7.87516837590374e-05,0.0004861970664933324,0.3961860239505768,0.0004639342369046062
Correct 0.0029434224124997854,0.0019608878064900637,0.48725011944770813,0.00028691289480775595
Wrong 0.07674667984247208,0.007195270154625177,0.048025935888290405,0.16248172521591187
Wrong 0.07405312359333038,0.013486760668456554,0.012279527261853218,0.0018548257648944855
Wrong 0.0076080565340816975,0.012642559595406055,0.00036147492937743664,1.1532989447005093e-05
Wrong 0.00012032118684146553,0.0010806292993947864,0.05085325986146927,0.012659111991524696
Wrong 0.00031186678097583354,0.14254039525985718,0.0018805164145305753,0.0007250906201079488
Wrong 0.002836108673363924,0.006190323270857334,0.04297015815973282,0.026890547946095467
Wrong 0.00026948272716253996,0.0003053979598917067,0.5225882530212402,1.968241122085601e-05
Wrong 0.001035504974424839,0.0007237688405439258,0.17408938705921173,0.003557241754606366
Correct 0.0003674159524962306,0.00013525666145142168,0.6289314031600952,0.00029068702133372426
Correct 0.0003955256543122232,0.029969586059451103,0.2048012763261795,0.00015012870426289737
Wrong 0.006795699708163738,0.0033120126463472843,0.03397355601191521,0.011380361393094063
Wrong 0.0004628315509762615,0.01848491281270981,0.003262791084125638,0.21488328278064728
Wrong 2.84153957181843e-05,0.0006463214522227645,0.05215100198984146,1.3955917893326841e-05
Wrong 0.007913793437182903,0.051604706794023514,0.001534123788587749,0.0002176029229303822
Wrong 0.008198893629014492,0.0003384823794476688,0.0031360399443656206,0.03397904708981514
Correct 0.009524674154818058,0.14328394830226898,0.01013883762061596,0.09251274168491364
Correct 0.29491400718688965,0.00023780354240443558,0.0038906820118427277,7.154516424634494e-06
Wrong 0.00010403883061371744,0.1376076489686966,0.21312753856182098,9.400711132911965e-05
Wrong 8.54026002343744e-05,0.0014105604495853186,0.28166234493255615,2.9310315312613966e-06
Wrong 0.005606880411505699,0.0009309319430030882,0.006606670096516609,0.002566843992099166
Wrong 0.0005035611684434116,0.0002846525458153337,0.6764550805091858,0.0023831885773688555
Wrong 0.0002750820422079414,0.04483233392238617,0.009848288260400295,0.32613012194633484
Correct 2.953552575490903e-05,0.00015963574696797878,0.27754372358322144,0.001637574634514749
Wrong 0.0007028109394013882,0.00024674192536622286,0.3089312016963959,0.25214600563049316
Correct 0.02489783801138401,0.1048249900341034,0.07432961463928223,0.0009807079331949353
Correct 0.00021260649373289198,0.005525714717805386,0.0038575585931539536,0.5131881833076477
Wrong 0.005024104379117489,0.0010288456687703729,0.058397483080625534,0.03770644590258598
Wrong 0.0060663120821118355,0.0013430614490061998,0.10835990309715271,0.0016328486381098628
Wrong 0.002395578660070896,0.026159457862377167,0.006410579662770033,0.08577122539281845
Wrong 6.782570562791079e-05,0.002645652275532484,0.5893965363502502,0.033775296062231064
Correct 1.0274236956320237e-05,0.09808387607336044,0.00043005438055843115,0.0007372900727204978
Correct 8.243179036071524e-05,0.00032093003392219543,0.21174278855323792,1.0002156159316655e-05
Wrong 0.05695657059550285,0.0024647964164614677,0.024496864527463913,0.0008254823042079806
Wrong 0.0020175324752926826,0.11363039165735245,0.009929248131811619,0.05202360078692436
Wrong 0.0001395939034409821,0.00386191182769835,0.390837699174881,5.128240445628762e-06
Correct 0.00020796639728359878,0.0003049577062483877,0.5302380323410034,0.00040399821591563523
Wrong 0.005106242839246988,0.011597217991948128,0.2723148465156555,0.05446679890155792
Wrong 0.00028513718280009925,0.003936012275516987,0.17814059555530548,0.03400030732154846
Correct 0.0026267122011631727,0.021143337711691856,0.36893707513809204,0.035683974623680115
Wrong 0.0008261258481070399,0.0015556082362309098,0.1142655611038208,0.008541891351342201
Correct 0.0013961440417915583,0.004199076909571886,0.030308326706290245,0.06416097283363342
Correct 6.700727681163698e-05,0.10114898532629013,0.02120206318795681,3.877458948409185e-05
Correct 0.0015319095691666007,0.0693335086107254,0.018660422414541245,0.0007704248419031501
Correct 0.17470815777778625,0.034402504563331604,0.0032250380609184504,0.045575857162475586
Wrong 5.390748265199363e-05,3.9438582462025806e-05,0.8962020874023438,0.0011170522775501013
Wrong 0.0029777551535516977,0.07922635972499847,0.2722395360469818,4.218811955070123e-05
Wrong 0.011757783591747284,0.0002702028432395309,0.08552633970975876,0.0003931394894607365
Wrong 0.0001268324558623135,0.05196749046444893,0.05036747455596924,7.226182060549036e-05
Wrong 0.004133992362767458,0.0011126368772238493,0.020666513592004776,0.007844890467822552
Correct 0.0001271803630515933,0.1721809208393097,0.008439455181360245,0.000134367510327138
Correct 0.004046932328492403,0.00045835014316253364,0.030610309913754463,0.00027761940145865083
Correct 0.000408047140808776,0.023899486288428307,0.19700074195861816,0.05220053344964981
Correct 0.05534425005316734,0.18432624638080597,0.25993838906288147,0.00012206530664116144
Wrong 0.00013484532246366143,0.0019048162503167987,0.6572580933570862,0.00035234782262705266
Correct 4.91914979647845e-05,8.498092938680202e-05,0.7216371893882751,3.860598008031957e-05
Correct 0.0002621011808514595,0.0068654268980026245,0.4521244168281555,7.749556243652478e-05
Correct 0.08869799971580505,0.009722311981022358,0.14173683524131775,0.008782267570495605
Wrong 0.007984059862792492,0.1680063009262085,0.018414171412587166,0.00016317710105795413
Correct 0.014868815429508686,0.005556045100092888,0.036229126155376434,0.3775143325328827
Correct 0.002608322771266103,0.0014746302040293813,0.09194040298461914,1.8001399439526722e-05
Wrong 0.0006228137062862515,0.003584193531423807,0.37128087878227234,0.004898446146398783
Correct 0.0003510368405841291,0.0017407911363989115,0.23339612782001495,0.029673924669623375
Correct 0.42648330330848694,0.0005840604426339269,0.1165958121418953,0.0004205722361803055
Wrong 0.0009100766037590802,0.0023058191873133183,0.008634084835648537,0.0025925852824002504
Correct 1.3002415471419226e-05,0.0001685755414655432,0.766197919845581,0.012777910567820072
Wrong 0.19143016636371613,0.056586842983961105,0.3359687030315399,0.00019178482762072235
Wrong 0.000522236805409193,0.0064120227470994,0.35832372307777405,0.0013545185793191195
Wrong 0.0010966192930936813,0.0004535518819466233,0.5252439975738525,2.5598630600143224e-05
Wrong 4.974918920197524e-05,0.00045736966421827674,0.16538245975971222,0.017161983996629715
Wrong 0.0017152143409475684,0.00905598234385252,0.06691160798072815,0.05904952436685562
Correct 0.0013984785182401538,0.0009316250798292458,0.0015599139733240008,0.7130946516990662
Wrong 0.03240622207522392,0.5654938220977783,0.010357465595006943,0.001327223377302289
Correct 0.025440040975809097,0.018611976876854897,0.019812507554888725,0.26927101612091064
Correct 0.0023831729777157307,0.02502613142132759,0.021073821932077408,0.25673213601112366
Wrong 0.00016049426631070673,0.005269960965961218,0.0986606702208519,7.513764558098046e-06
Correct 1.9336761397426017e-05,3.726937939063646e-05,0.9447458982467651,1.8998332507180749e-06
Correct 0.0009688040008768439,0.003861441044136882,0.14043201506137848,1.7343087165500037e-05
Correct 0.4762537181377411,0.022628625854849815,0.004251496400684118,8.958204489317723e-06
Wrong 0.0004592525365296751,0.10889778286218643,0.15356981754302979,3.151515920762904e-05
Wrong 0.00022778274433221668,0.029588498175144196,0.18700271844863892,1.161617456091335e-05
Wrong 0.019911890849471092,0.019001554697752,0.024777527898550034,0.0031504821963608265
Wrong 0.004834944382309914,0.005310777574777603,0.010559691116213799,0.005310298874974251
Correct 0.00428839772939682,0.005092271137982607,0.2652670741081238,0.06707558035850525
Wrong 7.25972859072499e-05,3.323405690025538e-05,0.03818414360284805,0.00014546354941558093
Wrong 0.00021846499294042587,0.2821885049343109,0.00162652344442904,0.09452879428863525
Correct 0.0004299517022445798,0.0003509084926918149,0.001366294571198523,0.9230886101722717
Correct 0.028523966670036316,0.13822166621685028,0.010411638766527176,0.001465348294004798
Wrong 0.004055086523294449,0.0035233201924711466,0.009727816097438335,0.23938636481761932
Wrong 0.002617782214656472,0.0031086402013897896,0.005125066731125116,0.7488281726837158
Wrong 0.0014549833722412586,0.0019731028005480766,0.027660585939884186,1.086068823497044e-05
Wrong 0.0001329215883743018,0.010391773656010628,0.019719604402780533,0.004758208990097046
Wrong 0.003784487023949623,0.0005988283664919436,0.017227549105882645,0.0007511544972658157
Wrong 0.0698726549744606,0.002094078343361616,0.009987665340304375,0.0008139495621435344
Wrong 0.018403252586722374,0.09794587641954422,0.015020283870398998,0.27902036905288696
Wrong 0.0009275330230593681,0.0013074869057163596,0.07137615978717804,0.003934196662157774
Wrong 0.01939103752374649,0.004033050034195185,0.05926256626844406,0.11422813683748245
Wrong 0.00011873673793161288,0.0003958010929636657,0.060068242251873016,0.004560032393783331
Correct 2.2352376618073322e-05,0.0005084663862362504,0.007767010014504194,0.00010412197298137471
Wrong 0.0008485239814035594,0.010176395997405052,0.05500747635960579,7.771646050969139e-05
Correct 0.006412791088223457,0.14146257936954498,0.12290399521589279,0.0005223311600275338
Correct 9.576650336384773e-05,0.0005299939075484872,0.09710775315761566,0.003482409054413438
Wrong 0.0007799906306900084,0.11755935102701187,0.04291224479675293,0.007173062767833471
Correct 3.9289086998905987e-05,0.0003556684823706746,0.007906250655651093,0.03771872818470001
Correct 7.53135172999464e-05,0.6053727269172668,0.00023015428450889885,1.5192085811577272e-05
Wrong 0.014792023226618767,0.1257944256067276,0.29708340764045715,0.0004718682321254164
Correct 1.3924263839726336e-06,1.695405262580607e-05,9.164827497443184e-05,0.011276676319539547
Wrong 0.002231443766504526,0.011877692304551601,0.004614286590367556,0.002031700685620308
Wrong 0.0001833944406826049,0.01716545596718788,0.04813660681247711,0.00037043949123471975
Wrong 0.0010653516510501504,0.00019399977463763207,0.7719636559486389,0.00015225482638925314
Wrong 0.0013683880679309368,0.0272549856454134,0.06046813353896141,0.06851940602064133
Correct 0.006745950784534216,0.2780078649520874,0.0008120237034745514,0.0007279490819200873
Correct 0.0006058957078494132,0.002867933129891753,0.3041468858718872,0.0003850912326015532
Correct 0.0005480707623064518,0.0004472865257412195,0.37606626749038696,4.820376943825977e-06
Correct 0.09873026609420776,0.0028008255176246166,0.023449894040822983,0.04313097149133682
Wrong 0.19884787499904633,0.027771009132266045,0.030974198132753372,0.0006429695640690625
Wrong 0.050224218517541885,0.03046359121799469,0.02688281238079071,0.030943484976887703
Correct 0.0012574093416333199,0.00409074267372489,0.04905496537685394,0.19707687199115753
Wrong 0.0004233344516251236,0.007272959221154451,0.009192338213324547,0.00047224576701410115
Correct 0.005673753097653389,0.0860200822353363,0.5187669992446899,3.945030039176345e-05
Correct 0.5185081362724304,0.029714439064264297,0.23008620738983154,3.619973358581774e-05
Wrong 0.0002964120067190379,0.0095130056142807,0.3982216417789459,0.002993372967466712
Correct 6.458664574893191e-05,0.04466000571846962,0.0025591545272618532,0.007177319843322039
Wrong 0.005628043785691261,0.030187640339136124,0.024637984111905098,0.0846586748957634
Correct 0.00134451559279114,0.19337917864322662,0.40938395261764526,0.0009387320606037974
Correct 0.00024255953030660748,0.07800564914941788,0.028696443885564804,8.317086758324876e-05
Wrong 2.4085999029921368e-05,0.0009105334174819291,0.004276582505553961,0.0013458257308229804
Wrong 0.046479374170303345,0.056507840752601624,0.17540621757507324,0.013743153773248196
Wrong 0.003295533126220107,0.020025359466671944,0.05572023615241051,0.007781016640365124
Wrong 0.07821264863014221,0.02088717371225357,0.008505121804773808,0.021389013156294823
Correct 0.006239284761250019,0.029534125700592995,0.028625434264540672,0.011842319741845131
Wrong 0.015087117440998554,0.007949811406433582,0.06060683727264404,0.004322330933064222
Correct 0.00010427000961499289,0.0002704417274799198,0.9424917101860046,0.0001447625836590305
Wrong 0.0721045434474945,0.17296113073825836,0.006301382090896368,0.0371195524930954
Correct 0.10530503839254379,0.008249265141785145,0.10206051915884018,0.02368216961622238
Correct 0.0001589438325027004,0.014982773922383785,0.02509141154587269,0.013857769779860973
Wrong 0.00020443316316232085,0.0035382299683988094,0.7290224432945251,0.0012714751064777374
Wrong 2.906034751504194e-05,0.011444063857197762,0.003954443149268627,0.0004301035951357335
Wrong 0.0008572122314944863,0.027937740087509155,0.08605122566223145,0.10877887904644012
Wrong 0.0033677888568490744,0.0534982904791832,0.5319237112998962,0.00989711843430996
Wrong 0.004561177920550108,7.490718417102471e-05,0.022099390625953674,2.8013280825689435e-05
Wrong 0.0001315138943027705,0.008934557437896729,0.767403781414032,0.0014930927427485585
Wrong 0.0003042334283236414,0.0046480437740683556,0.524771511554718,0.0016702753491699696
Wrong 0.0008788809063844383,0.013218790292739868,0.17141640186309814,1.4555796042259317e-05
Wrong 0.0021815153304487467,0.006666731555014849,0.027415825054049492,0.07223209738731384
Wrong 0.011963729746639729,0.004910017363727093,0.005520198494195938,0.0008467853185720742
Wrong 9.556948498357087e-05,0.001051458646543324,0.00313878757879138,0.28032779693603516
Correct 0.00012154517753515393,0.00128634471911937,0.6259354948997498,0.0002306367241544649
Wrong 0.0004191345942672342,0.057976823300123215,0.11001880466938019,0.03461969643831253
Wrong 0.0022235962096601725,0.0031356976833194494,0.07305729389190674,0.00011975464440183714
Wrong 0.001882402808405459,0.05331157147884369,0.3939068913459778,0.06738954037427902
Wrong 7.075598114170134e-05,0.017308542504906654,0.03133682161569595,0.0007546617998741567
Correct 2.826323725457769e-05,0.0010113901225849986,0.07909299433231354,0.001733862329274416
Correct 0.0008644201443530619,0.0028122728690505028,0.08347560465335846,0.5978363156318665
Correct 0.0007481217617169023,0.001302687800489366,0.03866419568657875,4.326887574279681e-05
Correct 0.0024656530003994703,0.030991487205028534,0.7992491722106934,0.00030861239065416157
Correct 0.06877950578927994,0.002709240885451436,0.009454921819269657,0.02651667408645153
Correct 0.00030016430537216365,0.008839571848511696,0.40009576082229614,0.0014096484519541264
Correct 0.0005909348838031292,0.02397562377154827,0.5542586445808411,2.8740741981891915e-05
Correct 0.00020527427841443568,0.012692286632955074,0.06247128173708916,0.0013169975718483329
Correct 0.0003177567559760064,0.14299947023391724,0.08147828280925751,3.736782309715636e-05
Wrong 0.014061660505831242,0.18813738226890564,0.029306191951036453,0.026269741356372833
Wrong 0.1255958080291748,0.01767674833536148,0.08236639946699142,0.0010870364494621754
Correct 0.08393409848213196,0.05171212926506996,0.030398935079574585,0.011448328383266926
Wrong 0.0026450150180608034,0.011762354522943497,0.018503058701753616,1.928594610944856e-05
Wrong 0.022872434929013252,0.011413393542170525,0.3308905363082886,0.0014623998431488872
Wrong 0.0015090344240888953,0.0021613866556435823,0.6685165166854858,0.001020940369926393
Correct 0.0068096318282186985,0.04011409729719162,0.15138892829418182,0.0008727418025955558
Wrong 0.08139713853597641,0.008250510320067406,0.06854236871004105,0.08529967814683914
Correct 3.217149060219526e-05,0.004243871662765741,0.3241988718509674,4.260264176991768e-05
Correct 1.1042689038731623e-05,0.00011504424037411809,0.6713554859161377,3.4015502023976296e-05
Wrong 0.0003979124885518104,0.00028433205443434417,0.03159838169813156,0.18183793127536774
Correct 0.0004964302061125636,0.07719884812831879,0.07139713317155838,0.025457406416535378
Wrong 0.0007001485791988671,0.10636892914772034,0.06156040355563164,5.032892204326345e-06
Correct 0.00020332362328190356,0.0023268135264515877,0.0004953855532221496,0.13522322475910187
Wrong 0.09519179910421371,0.009877745062112808,0.03501953184604645,0.02995990589261055
Correct 0.0009601390920579433,0.016883984208106995,0.24425429105758667,0.010731924325227737
Correct 0.00028669260791502893,0.00016592608881182969,0.19518961012363434,0.00048010345199145377
Correct 0.00010163569822907448,0.5748647451400757,0.0035267893690615892,0.05182565376162529
Correct 1.2887731827504467e-05,0.460533082485199,0.000692426401656121,1.6910149724935764e-06
Correct 0.0020602107979357243,0.0014159519923850894,0.004715394228696823,0.2740524411201477
Correct 0.00033452146453782916,0.0016592219471931458,0.022199995815753937,0.0009163737995550036
Wrong 0.00025802094023674726,0.03769051283597946,0.5042759776115417,0.00018730561714619398
Wrong 9.930043597705662e-05,0.0005123704322613776,0.01568620279431343,0.007070555351674557
Wrong 0.017134344205260277,0.06671536713838577,0.09262475371360779,1.1087769962614402e-05
Wrong 0.013662728480994701,0.0016318493289873004,0.8002739548683167,0.011151241138577461
Correct 6.133657734608278e-05,0.005785305052995682,0.5543054342269897,0.005434577818959951
Correct 6.2099675233184826e-06,0.017517508938908577,0.0020277691073715687,5.320540367392823e-05
Wrong 0.0012019900605082512,0.007716040126979351,0.19899441301822662,2.457411028444767e-05
Wrong 0.000450477353297174,0.031086081638932228,0.0032509970478713512,0.0014888148289173841
Correct 0.5195303559303284,0.0008188040228560567,0.05475843325257301,0.0002186182828154415
Wrong 0.011999735608696938,0.0009183416841551661,0.10047005861997604,0.0017289610113948584
