grade confidence_levels
Correct 15.765625953674316,36.03125,4.539100646972656,1.8148775100708008
Correct 44.65625,1.3572633266448975,4.381016731262207,6.672124862670898
Correct 9.296975135803223,3.071223258972168,3.2032241821289062,41.96875
Correct 4.058943748474121,32.75002670288086,2.1288301944732666,2.4562289714813232
Wrong 43.9375,5.501108646392822,1.2771179676055908,8.617368698120117
Correct 12.093759536743164,2.9701454639434814,4.219198703765869,40.46875
Wrong 41.0,0.3853332996368408,5.4144062995910645,9.50783920288086
Wrong 38.1875,21.234697341918945,8.016167640686035,4.176974296569824
Correct 31.5,1.9110339879989624,8.773970603942871,38.15625
Wrong 40.125,2.9313418865203857,21.359376907348633,19.984376907348633
Correct 22.359375,3.787529945373535,7.652364253997803,38.09375
Correct 11.132814407348633,2.848332405090332,39.9375,5.968774795532227
Wrong 43.4375,4.024004936218262,18.5625,5.60949182510376
Correct 20.656253814697266,37.718772888183594,6.520040988922119,9.828246116638184
Correct 17.25,36.8125,9.171895980834961,31.015625
Correct 16.2343807220459,10.406328201293945,10.593771934509277,36.34375
Correct 10.585944175720215,7.214883804321289,6.336001396179199,39.84375
Wrong 43.125,7.14873743057251,26.5625,14.562501907348633
Correct 9.140746116638184,1.480093240737915,38.71875,0.9322165250778198
Correct 40.78125,2.085578203201294,5.095373630523682,11.343799591064453
Wrong 43.40625,2.8706111907958984,10.125032424926758,6.281460285186768
Wrong 19.84375,40.5625,3.7524163722991943,2.8897688388824463
Wrong 39.03125,3.579782247543335,7.486234664916992,2.2728004455566406
Correct 42.75,9.010456085205078,2.8456032276153564,8.632908821105957
Correct 42.46875,2.548898458480835,6.852285861968994,1.535771369934082
Wrong 21.6875057220459,31.562782287597656,3.669142246246338,17.593856811523438
Correct 42.34375,5.885289669036865,3.8536124229431152,4.8337626457214355
Correct 16.468751907348633,40.46875,5.101634979248047,4.683671951293945
Correct 42.40625,-1.4881339073181152,1.1182342767715454,1.1373693943023682
Correct 41.09375,3.619541883468628,8.460992813110352,6.039154529571533
Wrong 9.008378028869629,37.18751525878906,6.035991191864014,1.8861559629440308
Correct 14.671900749206543,1.3844101428985596,2.7353174686431885,40.28125
Wrong 24.71875,24.75004005432129,34.28125,8.47657299041748
Correct 3.3309009075164795,-2.380009174346924,37.25,-0.023300504311919212
Wrong 35.625003814697266,7.677903175354004,26.2031307220459,6.951010227203369
Wrong 33.5625,1.2504855394363403,4.676496982574463,31.078125
Wrong 31.25,3.633321523666382,19.250001907348633,30.109375
Correct 10.609423637390137,1.4627724885940552,12.320351600646973,37.96875
Correct 6.980490684509277,0.9315556883811951,9.26562786102295,41.1875
Correct 1.2053258419036865,38.125022888183594,4.063816070556641,1.845582127571106
Wrong 39.84375,0.9113516211509705,7.726963520050049,7.027578830718994
Correct 14.367189407348633,4.871175765991211,6.664073944091797,39.53125
Correct 17.562509536743164,3.3217575550079346,40.65625,2.3709046840667725
Wrong 0.21519972383975983,32.15669250488281,0.8592389225959778,-0.6651200652122498
Correct 8.015647888183594,34.437503814697266,2.5940935611724854,0.6856673955917358
Wrong 28.046878814697266,20.703266143798828,31.796878814697266,5.860310077667236
Correct 40.34375,-1.176080584526062,3.468588352203369,1.0239381790161133
Correct 6.902413845062256,34.5000114440918,1.5889050960540771,-0.05971928685903549
Correct 15.070323944091797,-0.6664617657661438,37.625,5.027554035186768
Wrong 41.9375,4.717081069946289,8.453534126281738,6.152637481689453
Correct 43.4375,6.189151763916016,5.805044651031494,5.711032867431641
Correct 12.171945571899414,-0.2730143070220947,1.9628336429595947,40.15625
Wrong 8.710943222045898,36.5625,3.7344987392425537,12.062501907348633
Wrong 27.046875,27.35938262939453,24.00000762939453,8.203145027160645
Correct 30.984375,33.9375114440918,2.8462796211242676,5.348251819610596
Wrong 39.34375,5.937675476074219,23.28125,29.703125
Correct 41.96875,10.797975540161133,3.1105570793151855,2.810429334640503
Correct 40.1875,4.904884338378906,4.10074520111084,3.270658493041992
Correct 43.9375,0.7293763756752014,7.215101718902588,3.4606118202209473
Correct 13.210944175720215,4.246471881866455,7.597684860229492,38.8125
Correct 14.468770980834961,19.812564849853516,9.726601600646973,34.46875
Wrong 16.3281307220459,34.81251525878906,30.515625,2.534095525741577
Correct 25.484378814697266,38.468753814697266,11.7578763961792,15.92188835144043
Wrong 41.9375,2.213712215423584,3.7038538455963135,4.067578315734863
Correct 13.773468971252441,-0.6992598176002502,0.6340503096580505,34.59375
Correct 40.53125,-1.190132737159729,12.476604461669922,3.889573574066162
Correct 40.84375,-2.0776925086975098,1.2077375650405884,0.7222901582717896
Wrong 44.4375,4.409204959869385,1.2765637636184692,3.057565450668335
Wrong 8.750027656555176,2.205153226852417,4.621847629547119,37.0625
Correct 6.656357288360596,38.28125,3.2235116958618164,3.9330129623413086
Wrong 41.59375,1.3652877807617188,3.7564897537231445,18.359384536743164
Wrong 39.375,0.4881904423236847,3.2602956295013428,2.2939162254333496
Correct 39.28125,12.078665733337402,24.71875,11.679695129394531
Correct 39.09375,0.3638901114463806,9.453129768371582,25.453125
Correct 44.84375,2.3267877101898193,4.906505107879639,6.933629035949707
Wrong 28.484376907348633,0.935236394405365,3.233203411102295,33.90625
Correct 42.09375,5.11494255065918,8.906375885009766,4.266651153564453
Wrong 43.25,1.9308592081069946,2.6962833404541016,3.8705849647521973
Correct 10.390634536743164,38.0625,5.164198875427246,5.957154750823975
Correct 43.34375,1.8350391387939453,14.109432220458984,5.668793678283691
Correct 24.187501907348633,32.59381103515625,-1.3850109577178955,-2.6399641036987305
Correct 4.8635358810424805,39.312503814697266,3.4885475635528564,2.652831792831421
Correct 40.09375,-1.9389232397079468,2.179138660430908,2.774477481842041
Correct 4.765871047973633,37.625,3.0343821048736572,0.5454773902893066
Wrong 41.34375,0.7292918562889099,4.348519325256348,7.304773807525635
Wrong 10.62502670288086,24.015628814697266,6.758116722106934,37.84375
Correct 14.22656536102295,3.7877118587493896,41.53125,2.959412097930908
Wrong 45.375,10.945364952087402,5.117574691772461,5.640836238861084
Wrong 37.0625,1.78037428855896,3.6532599925994873,6.160536766052246
Correct 14.250001907348633,0.5230624675750732,42.46875,2.7740120887756348
Correct 6.090029716491699,5.336449146270752,39.90625,4.62539529800415
Correct 11.789066314697266,34.3125,1.8542020320892334,2.3563897609710693
Wrong 42.6875,16.000017166137695,8.08600902557373,4.726953506469727
Correct 45.28125,3.8291194438934326,9.117229461669922,7.875073432922363
Wrong 42.21875,1.3230761289596558,3.526212215423584,1.9318076372146606
Correct 23.453125,40.9375,14.882816314697266,19.015625
Correct 13.726577758789062,0.9369029998779297,6.105686664581299,42.75
Correct 5.418098449707031,34.78125762939453,2.7469587326049805,5.672118663787842
Correct 38.65625,18.406435012817383,6.673829078674316,27.906253814697266
Wrong 42.25,7.1334662437438965,7.601688385009766,5.597792148590088
Correct 7.80082368850708,1.2632372379302979,39.65625,9.125019073486328
Wrong 15.453132629394531,40.187503814697266,6.023618698120117,4.633044242858887
Correct 7.0627007484436035,36.37500762939453,2.9773266315460205,2.971531391143799
Correct 29.84375,34.468753814697266,3.1165378093719482,3.5709266662597656
Correct 45.03125,2.53265118598938,4.54172945022583,4.127650260925293
Wrong 36.25,26.1252498626709,1.774857521057129,7.316981792449951
Correct 21.953163146972656,0.906450629234314,4.32091760635376,37.781253814697266
Wrong 16.5625057220459,18.125131607055664,36.46875,2.2040185928344727
Correct 40.25,0.9763789176940918,20.90625,3.498636484146118
Correct 8.671880722045898,-0.6983973383903503,37.96875,0.4175061285495758
Wrong 41.4375,2.3242404460906982,6.851618766784668,1.2841486930847168
Correct 8.609423637390137,37.6875,5.847799301147461,7.168018817901611
Correct 43.90625,-0.8365007638931274,1.9642844200134277,2.5124521255493164
Wrong 12.6640625,2.617518424987793,40.03125,6.578136920928955
Correct 15.33594036102295,1.9542372226715088,40.875,12.187501907348633
Correct 7.800832748413086,34.343753814697266,6.0118207931518555,3.4300355911254883
Wrong 44.875,3.240605592727661,15.656250953674316,6.281357765197754
Wrong 43.375,7.840625286102295,23.296876907348633,7.714876651763916
Wrong 39.34375,13.984514236450195,7.308802604675293,26.015626907348633
Correct 11.539164543151855,1.1804448366165161,37.187503814697266,1.030626654624939
Wrong 41.125,6.554872035980225,7.390710830688477,21.25
Correct 23.40625,9.375313758850098,37.25,2.7201743125915527
Correct 27.000001907348633,37.28125762939453,3.5853078365325928,4.055331707000732
Correct 9.289074897766113,0.7806028723716736,6.304706573486328,38.125
Correct 19.67188262939453,7.383071422576904,10.515680313110352,42.09375
Wrong 39.8125,-0.08157157152891159,20.812503814697266,2.7937822341918945
Wrong 40.15625,7.75904655456543,13.617206573486328,8.375032424926758
Wrong 40.4375,2.6551308631896973,8.265681266784668,22.015625
Correct 41.46875,2.3018970489501953,2.269076108932495,4.150974750518799
Correct 2.0641653537750244,35.12501525878906,-0.1649845391511917,-0.8237727880477905
Correct 25.203125,33.37500762939453,28.421875,9.914106369018555
Correct 10.523439407348633,2.6904382705688477,5.7930192947387695,41.03125
Correct 15.445369720458984,3.4816153049468994,3.818545341491699,40.1875
Correct 26.453125,2.05965518951416,34.40625,7.214922904968262
Correct 19.0312557220459,36.562522888183594,15.632840156555176,0.2843678593635559
Wrong 43.5,0.2539514899253845,7.6172966957092285,3.7810142040252686
Correct 11.859430313110352,4.540858745574951,37.656253814697266,2.0974647998809814
Wrong 39.15625,4.356929779052734,2.752540111541748,30.3125
Correct 42.5625,15.343828201293945,19.031253814697266,14.710946083068848
Correct 44.5,-0.4537038207054138,3.9667561054229736,1.5233160257339478
Correct 31.328125,5.865775108337402,34.53125,2.8898589611053467
Correct 47.0625,4.385953903198242,6.024270057678223,16.20313262939453
Correct 39.9375,1.2122015953063965,4.656696319580078,20.984375
Wrong 38.78125,3.7818734645843506,8.343765258789062,3.6020853519439697
Correct 3.1275553703308105,35.84375762939453,15.820319175720215,6.710997581481934
Correct 44.21875,6.67211389541626,2.0544397830963135,11.804697036743164
Correct 20.40625,4.969555377960205,40.03125,7.4063286781311035
Correct 8.078163146972656,-0.6319174766540527,38.0625,3.305983781814575
Wrong 34.875003814697266,-1.5963431596755981,19.125057220458984,1.7260079383850098
Wrong 39.21875,0.20829762518405914,3.1042935848236084,6.75804328918457
Correct 41.34375,10.250971794128418,10.32822036743164,12.601581573486328
Correct 8.757845878601074,0.15570136904716492,38.59375,3.6515045166015625
Wrong 38.9375,1.7111105918884277,24.90625,2.1312830448150635
Correct 19.828126907348633,0.5036916732788086,38.59375,3.1082215309143066
Wrong 41.1875,0.5375658869743347,13.921887397766113,2.4968979358673096
Correct 43.875,-0.6424241662025452,3.2562220096588135,7.801050186157227
Wrong 37.5625,6.107768535614014,7.594670295715332,20.703237533569336
Wrong 8.960945129394531,29.250001907348633,8.32813549041748,36.28125
Correct 11.63282299041748,-0.5458788275718689,1.990044116973877,37.53125
Wrong 29.375,32.281253814697266,4.554789066314697,16.359375
Correct 7.507911205291748,-0.6520936489105225,38.0625,1.4916884899139404
Correct 2.2680487632751465,37.500003814697266,1.4771580696105957,1.3496793508529663
Correct 42.21875,-0.6209952235221863,2.305873394012451,1.9731916189193726
Correct 8.937592506408691,38.000003814697266,5.359781742095947,3.3984222412109375
Correct 13.250035285949707,33.750003814697266,4.765956878662109,4.543186187744141
Correct 29.984375,0.38754016160964966,5.336225509643555,35.9375
Correct 6.253921031951904,9.984450340270996,37.46875,4.527413368225098
Wrong 38.96875,23.125102996826172,4.7703070640563965,7.554781436920166
Correct 45.15625,6.371988773345947,5.469214916229248,1.7671881914138794
Correct 23.234375,1.871264934539795,41.03125,4.177493095397949
Wrong 10.796883583068848,1.2825299501419067,33.5625,35.53125
Correct 2.162410259246826,36.75000762939453,0.03703877329826355,1.1340786218643188
Wrong 43.96875,-1.0656806230545044,4.043554306030273,1.2263851165771484
Correct 37.8125,13.078768730163574,24.156253814697266,0.9444951415061951
Correct 16.000003814697266,1.6015243530273438,41.65625,0.9879744052886963
Correct 11.218775749206543,6.738893508911133,3.1341967582702637,37.46875
Wrong 41.375,26.812557220458984,12.4454345703125,9.164140701293945
Correct 5.252455234527588,32.31285095214844,4.63451623916626,2.0635781288146973
Correct 41.03125,4.6304931640625,7.750249862670898,4.345752239227295
Correct 11.60937786102295,4.227356910705566,42.40625,18.1875
Wrong 43.46875,1.3470851182937622,8.320338249206543,5.535284996032715
Correct 43.8125,-0.5766469836235046,4.985756874084473,6.219287872314453
Correct 43.09375,0.28934672474861145,0.47066831588745117,1.2687963247299194
Wrong 8.25782299041748,11.382818222045898,39.25,8.515634536743164
Correct 26.921875,35.84375,7.859419345855713,29.875
Correct 11.195332527160645,1.7339061498641968,39.65625,2.1293842792510986
Correct 21.281253814697266,7.4611711502075195,5.699498176574707,36.875
Correct 41.4375,0.3429751396179199,-0.45429879426956177,2.644101142883301
Wrong 15.93750286102295,34.53125,7.710994243621826,30.84375
Wrong 17.750011444091797,1.447914958000183,2.500535488128662,37.09375
Correct 8.906311988830566,37.343753814697266,4.921972274780273,1.8776912689208984
Correct 6.074283599853516,2.3132174015045166,36.71875,0.4848438799381256
Correct 19.937501907348633,2.2855868339538574,37.125,1.7433170080184937
Wrong 27.078125,36.9375,17.609397888183594,14.11719799041748
Correct 41.40625,7.200621604919434,4.170677661895752,4.5054755210876465
Correct 18.34375,21.07815170288086,36.09375,3.642834186553955
Correct 9.664100646972656,33.21875762939453,8.585962295532227,2.88712739944458
Correct 40.15625,3.7008841037750244,4.243068218231201,3.762908697128296
Correct 7.277379035949707,1.6540483236312866,4.984550476074219,40.3125
Correct 12.328190803527832,3.2974987030029297,41.96875,5.758081436157227
Wrong 43.21875,-0.16290010511875153,15.039074897766113,0.3429184556007385
Correct 40.9375,0.8485850095748901,4.930430889129639,5.879208564758301
Correct 41.71875,0.07825540006160736,1.937377691268921,6.261818885803223
Wrong 6.69926643371582,41.4375,20.078125,11.63281536102295
Correct 31.203125,3.079486131668091,6.277410984039307,40.46875
Correct 36.53125,26.96887969970703,9.305730819702148,11.28915786743164
Correct 20.375,29.46877098083496,3.6879658699035645,2.789921283721924
Correct 4.86345911026001,0.19934213161468506,40.3125,2.3922126293182373
Wrong 40.84375,20.937528610229492,9.476637840270996,15.73437786102295
Wrong 11.515631675720215,36.8125,2.9088306427001953,0.7829957604408264
Correct 7.769779205322266,1.609531283378601,36.09375,0.413702130317688
Wrong 30.921875,3.223849058151245,37.21875,8.203229904174805
Wrong 9.820321083068848,1.8105435371398926,41.875,18.015625
Correct 8.757821083068848,35.78125,4.464956760406494,3.37528395652771
Wrong 30.09375,7.040318965911865,33.15625,6.785429000854492
Wrong 43.0625,7.3294901847839355,5.49984073638916,8.508049011230469
Correct 42.84375,2.6432247161865234,-0.560896098613739,-0.4583268165588379
Wrong 12.73438549041748,1.687231421470642,1.958968162536621,37.46875
Wrong 27.640625,30.718782424926758,26.5,14.22657299041748
Correct 4.863415718078613,4.626333236694336,34.1875,0.6662649512290955
Wrong 26.437501907348633,34.406307220458984,4.586750507354736,2.793612480163574
Correct 41.5625,2.5473060607910156,9.28128433227539,3.7719173431396484
Correct 13.24219036102295,1.206919550895691,39.1875,0.5204152464866638
Wrong 10.00786018371582,-1.7483999729156494,4.5236992835998535,38.3125
Wrong 27.359375,14.265641212463379,36.59375,2.8402891159057617
Wrong 45.28125,-0.9295868873596191,4.181870937347412,13.554698944091797
Wrong 14.054703712463379,1.9336646795272827,32.9375,24.6406307220459
Correct 41.46875,-1.7195920944213867,2.806009292602539,2.026616096496582
Correct 40.9375,1.052903413772583,3.876361608505249,4.622593402862549
Correct 15.640625953674316,39.34375,12.140630722045898,8.992199897766113
Correct 41.875,2.900008201599121,4.081911563873291,2.8285114765167236
Correct 23.9375,35.8125,3.49194598197937,3.9209542274475098
Correct 10.750054359436035,36.65625,1.6210650205612183,3.1209495067596436
Wrong 42.4375,2.907050848007202,12.328268051147461,-1.1484763622283936
Wrong 14.843755722045898,5.769983291625977,34.53125,25.734375
Correct 30.265625,3.925351142883301,35.84375,8.398479461669922
Wrong 38.0625,5.84835958480835,5.902500152587891,24.296875
Wrong 39.0,1.6018823385238647,21.828134536743164,3.6981077194213867
Correct 8.039210319519043,19.562519073486328,38.21875,-0.5574252009391785
Correct 7.550817012786865,34.718753814697266,6.578176498413086,2.1170599460601807
Correct 7.613327503204346,38.15625,8.304701805114746,4.507918834686279
Wrong 10.593761444091797,37.25,6.390683650970459,2.1354024410247803
Wrong 20.40625,24.171878814697266,29.609375,30.40625
Correct 41.75,-0.13253827393054962,4.313823699951172,10.195332527160645
Wrong 17.54689598083496,36.343753814697266,3.291637420654297,11.86722183227539
Wrong 41.40625,0.8455460071563721,1.6563414335250854,11.32814884185791
Correct 18.375011444091797,14.710977554321289,11.093811988830566,38.0
Correct 11.960939407348633,-0.039530038833618164,4.266101837158203,41.90625
Correct 42.5625,2.471348524093628,2.5510480403900146,2.837556838989258
Wrong 44.625,9.820442199707031,8.507894515991211,7.578235626220703
Wrong 34.875,29.984378814697266,15.078126907348633,4.133028507232666
Wrong 39.9375,5.0251240730285645,26.875001907348633,14.421905517578125
Wrong 17.109378814697266,36.250003814697266,14.406259536743164,23.593751907348633
Wrong 12.179706573486328,37.5625114440918,5.406403541564941,1.7885682582855225
Correct 43.96875,4.743096828460693,1.8607975244522095,8.335984230041504
Wrong 42.25,0.7397308945655823,4.773687839508057,2.895085334777832
Wrong 42.84375,0.9464784860610962,10.773580551147461,2.493013858795166
Correct 2.5575432777404785,37.46875762939453,5.3283185958862305,4.9652628898620605
Correct 43.1875,0.18984347581863403,9.937726020812988,1.9138134717941284
Correct 13.140645027160645,3.3727903366088867,11.453131675720215,44.75
Wrong 41.125,-1.9087016582489014,4.028377056121826,2.9471242427825928
Correct 40.6875,0.2534390389919281,6.863708972930908,2.644437789916992
Correct 44.15625,4.786743640899658,1.7396608591079712,1.7894933223724365
Wrong 39.03125,-1.5141655206680298,26.75,6.6680378913879395
Wrong 41.40625,8.117233276367188,20.65625,32.0625
Wrong 29.828126907348633,35.31250762939453,1.7183573246002197,1.285514235496521
Wrong 20.796876907348633,-0.5270796418190002,2.932856559753418,35.65625
Wrong 32.125,32.53125,22.46875,27.109375
Wrong 36.40625,22.15659523010254,2.60547137260437,2.648026466369629
Correct 43.0,3.080781936645508,8.781801223754883,1.004408359527588
Correct 27.71875,2.83367657661438,39.1875,14.273439407348633
Wrong 37.03125,27.75004768371582,12.445328712463379,3.6490190029144287
Correct 25.859375,39.843753814697266,7.386789321899414,8.312533378601074
Correct 16.859384536743164,35.78125762939453,2.7376444339752197,10.898481369018555
Correct 34.0625,17.187530517578125,12.05471134185791,36.28125
Correct 6.058712959289551,-0.6502659916877747,38.15625,0.8884068727493286
Correct 9.679719924926758,1.6464848518371582,4.848366737365723,41.6875
Correct 17.53125,8.609402656555176,7.917989730834961,41.1875
Correct 41.65625,-0.08390562981367111,5.087987422943115,5.281973361968994
Wrong 32.656253814697266,14.881309509277344,0.3293780982494354,-1.3832110166549683
Wrong 23.21875,6.212165832519531,39.40625,3.712061643600464
Correct 14.765628814697266,0.3999215364456177,40.03125,2.6281371116638184
Correct 35.75,25.156347274780273,1.7911850214004517,0.8429099321365356
Wrong 37.6875,21.314311981201172,2.778033494949341,1.9083993434906006
Correct 10.789068222045898,3.197993755340576,38.375,10.093755722045898
Correct 41.125,9.641677856445312,2.6912002563476562,7.746214866638184
Correct 17.625001907348633,1.1803879737854004,40.78125,3.4905271530151367
Correct 15.578125953674316,32.62500762939453,-0.7700963020324707,-0.5315624475479126
Correct 20.875001907348633,37.093807220458984,4.699505805969238,-0.6029015779495239
Correct 13.75003719329834,2.3340885639190674,35.90625,3.07086181640625
Wrong 11.867195129394531,35.250003814697266,24.984375,11.554691314697266
Correct 39.75,-0.9091207981109619,1.3809003829956055,1.6162868738174438
Correct 16.218751907348633,37.9375,18.156251907348633,5.8712239265441895
Correct 41.875,0.4139057993888855,7.9532151222229,2.0463545322418213
Wrong 26.796875,33.4375,16.890625,28.359375
Correct 4.348062038421631,-2.588808059692383,32.875003814697266,-0.8523635864257812
Correct 42.96875,6.150172710418701,3.9405581951141357,6.652627468109131
Correct 44.625,2.546468734741211,18.593751907348633,2.7863736152648926
Correct 42.0625,-0.4413265287876129,3.9222609996795654,8.125269889831543
Correct 16.796905517578125,1.388978362083435,33.625003814697266,3.6007306575775146
Wrong 27.7968807220459,-0.12410812079906464,37.59375,15.80476188659668
Wrong 38.4375,6.531796455383301,31.484375,7.847710132598877
Wrong 39.75,2.035015344619751,25.21875,3.4947948455810547
Correct 4.340227127075195,-0.5013426542282104,3.992626190185547,37.625
Correct 44.46875,1.9972484111785889,2.573113203048706,5.274511814117432
Correct 29.328125,10.219070434570312,33.4375,24.312501907348633
Wrong 42.40625,1.8627437353134155,4.215917110443115,14.921879768371582
Correct 17.5468807220459,38.281253814697266,13.781270027160645,5.215024948120117
Correct 44.125,-1.2970596551895142,3.466254234313965,1.7472730875015259
Wrong 2.911749839782715,37.09375,-0.25739744305610657,4.195767879486084
Correct 10.187588691711426,38.00001525878906,0.5279361605644226,1.5345582962036133
Correct 2.8732199668884277,28.39165687561035,19.859384536743164,2.3457086086273193
Correct 45.8125,0.23570571839809418,4.084003448486328,3.241762399673462
Correct 39.46875,3.6490139961242676,22.203134536743164,3.2783806324005127
Wrong 15.820316314697266,3.278228759765625,40.59375,5.097750663757324
Wrong 40.3125,6.173195838928223,21.437501907348633,5.722732067108154
Correct 40.21875,-2.2047698497772217,1.3818272352218628,4.606521129608154
Correct 23.218751907348633,2.491910696029663,10.265652656555176,38.5625
Correct 10.210939407348633,38.84375,8.250015258789062,11.921879768371582
Correct 42.5,-1.618717908859253,3.1824984550476074,3.956698417663574
Wrong 41.65625,1.7637189626693726,6.828192234039307,3.6456878185272217
Correct 10.640634536743164,3.3991401195526123,5.746159553527832,40.9375
Correct 39.6875,18.75027847290039,4.378974437713623,0.5665519833564758
Correct 3.750506639480591,-2.113874912261963,41.125,0.7323889136314392
Wrong 40.75,3.8100616931915283,1.8097623586654663,22.562501907348633
Correct 12.976630210876465,39.68750762939453,3.6042580604553223,3.1412079334259033
Correct 41.0,2.524160385131836,6.797144412994385,5.2191853523254395
Wrong 11.625006675720215,4.480702877044678,38.625,5.636780261993408
Wrong 25.546875,36.28126525878906,10.281280517578125,7.421944618225098
Correct 43.4375,14.843924522399902,8.50068187713623,5.298150539398193
Correct 44.71875,4.996706485748291,5.6135969161987305,13.476567268371582
Wrong 29.625,35.218753814697266,5.793216705322266,20.546875
Correct 32.8125,5.218959808349609,35.46875,25.078125
Correct 20.109378814697266,2.2208406925201416,36.65625,5.1100029945373535
Correct 20.484375,38.40625,8.656285285949707,11.234378814697266
Correct 44.90625,-0.28029003739356995,3.505134105682373,3.9748926162719727
Correct 12.093819618225098,34.18755340576172,3.312852621078491,5.555469989776611
Correct 12.484378814697266,8.929702758789062,5.222986698150635,43.25
Wrong 8.039087295532227,34.437503814697266,5.839888572692871,2.4458136558532715
Correct 6.2188897132873535,0.12163597345352173,42.15625,3.2892558574676514
Wrong 42.25,0.40864241123199463,3.7021965980529785,3.5556650161743164
Correct 8.57814884185791,0.08251360803842545,9.507820129394531,38.8125
Correct 40.34375,-1.0561378002166748,-0.13781924545764923,1.47516930103302
Correct 22.296875,-0.6366660594940186,3.106671094894409,41.96875
Correct 44.625,1.7015767097473145,4.556570053100586,6.504208564758301
Wrong 4.3796844482421875,34.375091552734375,2.127077579498291,3.453946113586426
Correct 42.59375,-0.48568403720855713,6.535637855529785,6.254257678985596
Wrong 41.53125,1.0754963159561157,9.257882118225098,28.453125
Correct 9.00004768371582,38.062503814697266,7.14860200881958,5.3168792724609375
Wrong 18.203125,19.875059127807617,37.125,27.453126907348633
Wrong 39.09375,17.281431198120117,1.9240473508834839,-0.8521722555160522
Wrong 41.09375,-0.42770591378211975,14.59377384185791,1.5551024675369263
Correct 3.7349345684051514,36.03126525878906,4.242865562438965,5.1683454513549805
Wrong 15.250008583068848,13.14846134185791,40.3125,3.4346556663513184
Correct 43.96875,4.708130836486816,0.9841069579124451,0.7324106097221375
Wrong 41.03125,-2.060912609100342,2.3579583168029785,0.682440996170044
Correct 25.937501907348633,3.6732304096221924,38.21875,3.177962064743042
Correct 8.695512771606445,1.090835452079773,37.0,0.9685300588607788
Correct 39.125,-1.1287204027175903,1.215291976928711,0.7763649821281433
Correct 10.812501907348633,1.3583248853683472,40.46875,6.597678184509277
Correct 45.75,0.3634353280067444,4.143367767333984,2.6956276893615723
Correct 14.40626049041748,38.812503814697266,9.750048637390137,1.341180443763733
Correct 5.441559791564941,3.5122828483581543,41.6875,13.171880722045898
Correct 11.234378814697266,-0.5649434924125671,3.184049367904663,39.625
Wrong 34.78125,34.093753814697266,12.50781536102295,11.859395027160645
Correct 14.812500953674316,2.599336624145508,9.210958480834961,42.0625
Correct 7.1915998458862305,37.65625762939453,0.18608099222183228,-0.6591302752494812
Wrong 38.59375,10.390989303588867,14.257840156555176,9.750029563903809
Wrong 41.5625,7.926784515380859,8.656302452087402,12.929695129394531
Correct 28.109375,35.500003814697266,16.5625057220459,20.500001907348633
Correct 8.250004768371582,39.375,9.039064407348633,12.921875953674316
Correct 11.187505722045898,1.3274528980255127,38.5625,2.3840126991271973
Wrong 45.1875,11.35158920288086,12.171881675720215,16.859376907348633
Wrong 35.90625,16.00127601623535,26.8906307220459,6.093935489654541
Correct 6.9414567947387695,37.375,6.304769039154053,12.726570129394531
Correct 4.578857898712158,35.218753814697266,3.253110647201538,1.4603524208068848
Correct 43.03125,-0.989596426486969,5.601652145385742,4.501092433929443
Wrong 11.671915054321289,10.195754051208496,39.25,3.561405658721924
Correct 42.0,-0.419142484664917,2.453887939453125,3.9685745239257812
Correct 24.25,29.57815170288086,34.21875,11.953142166137695
Wrong 39.1875,2.4185619354248047,5.0243377685546875,6.12912130355835
Wrong 3.5163395404815674,37.53125,6.234430313110352,4.668220520019531
Correct 8.132939338684082,36.43750762939453,2.6016793251037598,2.720120906829834
Correct 6.808682441711426,-0.4343867301940918,39.5625,6.0900654792785645
Correct 6.5156636238098145,-1.231665015220642,3.6056482791900635,37.28125
Correct 41.46875,0.5612550973892212,3.7877166271209717,10.507911682128906
Correct 2.311671495437622,37.062503814697266,14.289066314697266,-0.13582433760166168
Correct 36.90625,9.710967063903809,8.781262397766113,37.21875
Correct 15.789076805114746,38.0625114440918,6.199512958526611,6.969271659851074
Wrong 41.875,-1.2211116552352905,14.804692268371582,1.9447001218795776
Correct 4.098034858703613,38.84375,2.252225875854492,1.2548222541809082
Correct 41.75,-1.8901939392089844,4.1827521324157715,1.7253512144088745
Correct 24.375,6.340080738067627,40.59375,4.664242744445801
Wrong 45.9375,8.453633308410645,14.70313549041748,20.5625
Correct 25.671875,29.250001907348633,19.515626907348633,32.25
Wrong 40.15625,23.375045776367188,11.593947410583496,13.250048637390137
Correct 37.0,5.377041339874268,6.422299861907959,33.09375
Correct 5.2151594161987305,1.7853895425796509,4.469567775726318,38.62500762939453
Correct 43.78125,14.938212394714355,4.181333541870117,4.95756196975708
Correct 14.500001907348633,38.59375,3.2036008834838867,2.6472883224487305
Correct 32.71875,6.308828353881836,36.53125,12.484382629394531
Correct 13.203354835510254,1.5707929134368896,3.6868207454681396,31.687551498413086
Wrong 42.4375,3.0333611965179443,15.265626907348633,7.546894073486328
Correct 7.5235676765441895,0.027012445032596588,3.61484432220459,36.5625
Correct 16.9062557220459,22.140661239624023,24.359375,34.9375
Correct 44.15625,16.359472274780273,10.554734230041504,12.265634536743164
Correct 4.211236000061035,-1.6779084205627441,40.71875,2.2871594429016113
Correct 7.878977298736572,15.765731811523438,4.172505855560303,36.90625
Correct 43.9375,14.390697479248047,1.12656569480896,4.426755905151367
Wrong 42.65625,5.290830135345459,14.843759536743164,4.894739151000977
Correct 35.09375,22.140647888183594,2.3068628311157227,0.623430073261261
Correct 43.125,3.4707372188568115,12.640786170959473,23.01563262939453
Correct 39.3125,0.38741686940193176,2.871471643447876,3.038780450820923
Wrong 21.421875,19.203170776367188,35.78125,18.609378814697266
Correct 44.375,3.3047704696655273,3.8360321521759033,4.46966552734375
Wrong 38.6875,1.7420594692230225,7.414546966552734,3.1137356758117676
Correct 12.679716110229492,38.781253814697266,4.062872409820557,0.6813014149665833
Wrong 41.40625,3.6995255947113037,7.058886528015137,25.171875
Correct 29.28125,40.78125,15.453125953674316,20.1875
Correct 46.59375,-0.3153296709060669,1.4211158752441406,4.710109710693359
Wrong 5.043304920196533,0.2528337836265564,37.53125,9.117199897766113
Correct 2.319145441055298,-0.7201955914497375,34.968753814697266,-1.3436834812164307
Correct 24.9375,35.62500762939453,16.984376907348633,5.535240650177002
Wrong 16.531253814697266,39.0625,8.968769073486328,10.195337295532227
Wrong 35.65625,27.062509536743164,18.968753814697266,12.359394073486328
Correct 30.765625,-1.1017942428588867,3.065171241760254,33.8125
Wrong 14.109378814697266,18.32814598083496,40.25,10.023443222045898
Correct 43.09375,5.832408905029297,7.85942268371582,5.430180549621582
Correct 15.054689407348633,40.46875,7.55081033706665,4.761816024780273
Wrong 21.171875,39.90625,8.296895980834961,24.671875
Wrong 24.609376907348633,33.21876525878906,5.218927383422852,4.144736289978027
Correct 18.64063835144043,4.482916831970215,36.65625,-0.2953806221485138
Correct 39.6875,2.6210813522338867,3.1709561347961426,3.0809757709503174
Correct 5.500050067901611,1.1201691627502441,41.5625,4.543071746826172
Correct 45.4375,6.480771064758301,17.890626907348633,30.609375
Correct 9.421881675720215,-0.2543002963066101,38.375,0.09123004227876663
Correct 7.1915669441223145,-0.02440810017287731,39.90625,3.7075862884521484
Correct 14.57033920288086,1.6513439416885376,5.134185314178467,36.250003814697266
Correct 11.085992813110352,2.7217254638671875,36.375,2.288283348083496
Correct 44.15625,0.6789117455482483,2.4834043979644775,1.9421807527542114
Correct 12.101564407348633,2.6128575801849365,42.3125,4.054957866668701
Correct 12.74219799041748,3.6509010791778564,5.7540106773376465,41.40625
Correct 13.296902656555176,1.7608386278152466,36.34375,4.10225248336792
Correct 42.34375,1.6089208126068115,2.142009973526001,3.645451545715332
Correct 12.546900749206543,0.8589023351669312,9.445324897766113,40.625
Correct 38.3125,24.359596252441406,0.3663689196109772,0.4523163437843323
Correct 39.875,-2.4921600818634033,0.42157986760139465,-1.2965751886367798
Correct 24.890625,3.20639967918396,37.78125,3.1858644485473633
Wrong 38.84375,3.553790807723999,6.461014747619629,33.75
Correct 30.65625,31.000030517578125,6.953621864318848,11.320356369018555
Wrong 21.375001907348633,2.520085096359253,5.375345230102539,37.8125
Correct 44.9375,3.037750720977783,5.414355754852295,2.980703353881836
Correct 17.4531307220459,4.512449741363525,6.269667625427246,41.1875
Correct 35.0,32.5,21.953125,12.445316314697266
Correct 14.578146934509277,2.671072006225586,6.359476566314697,40.71875
Correct 39.65625,16.281349182128906,26.203125,21.34375
Correct 22.187501907348633,35.90626525878906,2.4035775661468506,3.2798848152160645
Wrong 42.0,1.0976439714431763,17.046918869018555,7.62122917175293
Correct 41.84375,-1.4602320194244385,1.7898879051208496,1.4951391220092773
Correct 22.375,39.21875,21.3125,21.484375
Correct 11.265921592712402,36.46879196166992,4.279816627502441,2.2439029216766357
Wrong 39.6875,16.187862396240234,8.000875473022461,3.7697160243988037
Wrong 29.859375,32.812503814697266,20.703125,19.796875
Correct 40.46875,0.7157754898071289,2.8928191661834717,2.2223639488220215
Correct 3.1783878803253174,38.125,-0.7323880195617676,0.5352206826210022
Wrong 40.875,17.859445571899414,9.882845878601074,10.164104461669922
Correct 42.9375,9.734654426574707,18.937501907348633,7.011758804321289
Wrong 44.59375,8.297897338867188,4.5109405517578125,6.293460845947266
Wrong 42.1875,4.0080108642578125,2.5361714363098145,7.703279972076416
Correct 42.96875,6.264849662780762,6.341248989105225,5.001355171203613
Correct 42.75,0.10733751952648163,0.7225028276443481,2.9748969078063965
Wrong 34.96875,6.598043441772461,32.09375,9.351576805114746
Wrong 40.4375,1.3847341537475586,10.078171730041504,24.234375
Wrong 35.21875,6.914302825927734,33.09375,13.44531536102295
Correct 22.15625,14.648452758789062,41.1875,3.6321799755096436
Correct 40.53125,-1.3824230432510376,2.3104450702667236,24.046886444091797
Correct 9.000031471252441,37.59375,4.179962635040283,3.861604690551758
Correct 11.835949897766113,5.063830852508545,41.21875,7.304795265197754
Correct 16.406253814697266,2.563636064529419,5.082199573516846,40.5625
Correct 42.21875,1.5717442035675049,5.621683597564697,7.304852485656738
Wrong 15.44531536102295,4.887550354003906,21.437501907348633,38.09375
Correct 10.086057662963867,40.18750762939453,11.242252349853516,10.804760932922363
Wrong 13.625008583068848,33.062522888183594,25.078125,24.593751907348633
Correct 1.0420520305633545,35.31250762939453,3.232898235321045,2.018918752670288
Correct 41.0,16.000225067138672,0.8537737727165222,3.153808116912842
Wrong 16.953125,30.375001907348633,29.984375,15.726563453674316
Wrong 42.59375,0.414823979139328,2.1327831745147705,23.39063262939453
Wrong 31.65625,4.5870041847229,34.59375,5.090015888214111
Correct 28.265626907348633,2.8069581985473633,36.28125,2.4669787883758545
Wrong 11.132817268371582,28.6406307220459,9.500005722045898,37.875
Correct 44.53125,3.93440580368042,7.317605972290039,17.98438262939453
Correct 39.5625,26.484397888183594,10.953150749206543,5.695655345916748
Correct 7.054713726043701,3.0209507942199707,9.101567268371582,40.875
Correct 45.03125,0.5173014402389526,8.125263214111328,2.5965192317962646
Correct 43.0625,0.05718216300010681,2.9292657375335693,2.4443740844726562
Correct 10.13282299041748,9.57833480834961,9.781268119812012,35.9375
Wrong 33.875,12.156579971313477,32.09375,8.05471134185791
Wrong 40.25,25.95315170288086,1.1834430694580078,7.906276702880859
Wrong 45.375,4.422678470611572,12.57031536102295,11.468762397766113
Wrong 10.73438835144043,0.42598387598991394,31.28125,29.859376907348633
