grade confidence_levels
Correct 12.031394004821777,22.68777847290039,7.257934093475342,4.086528778076172
Wrong 10.656365394592285,22.781394958496094,10.94540023803711,12.640664100646973
Correct 12.117236137390137,5.8717427253723145,8.109457015991211,26.140628814697266
Correct 6.453369617462158,23.953197479248047,5.215287208557129,8.9297456741333
Wrong 25.562515258789062,1.2676407098770142,3.6869380474090576,9.476656913757324
Correct 6.418308258056641,5.217723369598389,16.453157424926758,24.093761444091797
Wrong 22.875045776367188,2.7415921688079834,2.999436616897583,5.879336357116699
Wrong 26.187503814697266,5.042389869689941,9.000114440917969,7.281360626220703
Wrong 21.85939598083496,11.446487426757812,17.062524795532227,20.906261444091797
Wrong 19.531282424926758,2.5865044593811035,18.406286239624023,18.312517166137695
Correct 8.140847206115723,6.9079437255859375,15.914085388183594,23.078136444091797
Correct 14.531275749206543,2.572169780731201,24.8593807220459,5.68765115737915
Wrong 20.60940933227539,6.769698619842529,17.531326293945312,7.711099147796631
Correct 7.773809432983398,24.59389877319336,12.882845878601074,11.617217063903809
Wrong 6.69202995300293,17.906749725341797,19.781267166137695,22.343761444091797
Wrong 13.257912635803223,18.189311981201172,18.781291961669922,9.35171127319336
Wrong 6.808810234069824,24.81272315979004,8.429800033569336,7.183689117431641
Correct 18.781272888183594,5.77643346786499,9.23459243774414,21.140642166137695
Correct 9.304898262023926,4.392452239990234,24.765636444091797,5.457212924957275
Correct 24.750009536743164,3.872077703475952,6.734644412994385,13.109395980834961
Wrong 21.031278610229492,6.209176063537598,19.46879005432129,7.531439781188965
Wrong 18.375011444091797,19.40662956237793,6.06309700012207,4.500402927398682
Wrong 14.382863998413086,12.000575065612793,13.632847785949707,23.64063262939453
Correct 24.218769073486328,4.997513294219971,12.875080108642578,17.484394073486328
Correct 25.406265258789062,7.346435546875,2.7022578716278076,4.1995744705200195
Wrong 17.343767166137695,21.484691619873047,10.554856300354004,8.648531913757324
Correct 23.921937942504883,10.872010231018066,5.985694885253906,8.601844787597656
Wrong 24.109386444091797,15.094482421875,5.2230329513549805,6.6915364265441895
Correct 25.203136444091797,3.0399434566497803,3.235232353210449,4.594113826751709
Correct 24.390634536743164,3.2419357299804688,10.562588691711426,8.312564849853516
Correct 4.516738414764404,17.71977424621582,20.656299591064453,9.195441246032715
Wrong 25.04688835144043,6.50380802154541,9.297001838684082,12.132844924926758
Wrong 22.156291961669922,11.736372947692871,11.765732765197754,10.734479904174805
Correct 8.179758071899414,4.109779357910156,23.109390258789062,11.992207527160645
Wrong 19.609386444091797,7.282780647277832,21.671892166137695,5.972804069519043
Correct 19.921897888183594,4.252375602722168,14.195357322692871,21.51563262939453
Wrong 18.43754005432129,2.5974714756011963,8.718896865844727,14.359445571899414
Correct 4.785392761230469,1.6258978843688965,16.593765258789062,24.765628814697266
Wrong 20.187509536743164,5.6166090965271,22.890634536743164,12.43751335144043
Correct 7.2230329513549805,25.39070701599121,4.090261936187744,5.586112976074219
Wrong 25.6875057220459,4.7331743240356445,12.000028610229492,7.488319396972656
Wrong 22.625024795532227,1.7628782987594604,17.156309127807617,5.547186374664307
Correct 4.133329391479492,2.2720797061920166,25.71875762939453,6.9531683921813965
Wrong 5.183751106262207,4.510705471038818,23.484384536743164,7.273505687713623
Correct 11.273537635803223,23.3594970703125,12.875021934509277,4.105753421783447
Wrong 7.9417619705200195,5.484527587890625,22.687541961669922,6.38336706161499
Correct 23.796899795532227,3.7747585773468018,9.9845609664917,6.894744396209717
Correct 8.211397171020508,24.344106674194336,11.523515701293945,4.672372817993164
Wrong 21.921913146972656,5.372389793395996,18.937570571899414,15.343777656555176
Wrong 24.5312557220459,8.290484428405762,18.42188835144043,9.476591110229492
Correct 24.500015258789062,9.901041984558105,6.121650218963623,9.101616859436035
Correct 7.5743608474731445,5.438411235809326,11.648452758789062,26.218751907348633
Wrong 7.996167182922363,3.6060550212860107,8.523467063903809,27.171876907348633
Wrong 5.601909160614014,21.906429290771484,19.43752098083496,9.02348804473877
Wrong 23.984392166137695,3.7371904850006104,16.81255531311035,4.891185760498047
Wrong 24.750009536743164,3.3994505405426025,6.945518493652344,9.726588249206543
Correct 22.62506866455078,7.53427267074585,16.890701293945312,7.832291603088379
Correct 25.2656307220459,3.4906489849090576,7.949347972869873,7.11337423324585
Correct 27.281251907348633,2.6930832862854004,5.058774948120117,5.1680779457092285
Wrong 22.609416961669922,3.134320020675659,9.961148262023926,12.398503303527832
Correct 11.468831062316895,4.676658630371094,5.484500885009766,26.359378814697266
Correct 9.218804359436035,4.832033634185791,23.92188262939453,5.746206760406494
Wrong 24.85938262939453,13.117541313171387,6.363480567932129,6.000156402587891
Correct 16.593767166137695,2.3633949756622314,13.601614952087402,24.18750762939453
Wrong 23.92188262939453,7.832974910736084,9.336010932922363,20.500003814697266
Correct 21.109397888183594,1.9539347887039185,17.093812942504883,6.515718936920166
Correct 22.875019073486328,2.980729818344116,1.9310353994369507,5.746358871459961
Wrong 23.70313835144043,17.172765731811523,9.343887329101562,5.465073108673096
Wrong 6.195474147796631,4.731362819671631,6.375046730041504,28.078126907348633
Correct 14.085968017578125,20.203502655029297,3.4949469566345215,7.492250442504883
Correct 20.171886444091797,9.36764144897461,7.285282611846924,23.140628814697266
Wrong 9.640743255615234,24.484485626220703,8.04709529876709,13.156279563903809
Wrong 17.23440933227539,21.422117233276367,14.632872581481934,9.812610626220703
Wrong 19.6250057220459,4.621891498565674,7.320367336273193,24.718753814697266
Correct 23.3125057220459,6.947490215301514,19.15626335144043,8.218803405761719
Wrong 21.171897888183594,4.464853286743164,18.10940933227539,8.164092063903809
Correct 22.796911239624023,7.4351091384887695,8.086347579956055,7.1917338371276855
Wrong 26.703126907348633,2.692164897918701,2.592757225036621,4.625199794769287
Correct 5.383173942565918,24.328197479248047,6.082326889038086,5.5744171142578125
Correct 27.093753814697266,3.304655075073242,6.26974630355835,6.050865650177002
Wrong 27.0000057220459,2.657214641571045,1.9846709966659546,3.8715059757232666
Correct 5.894871711730957,24.3126277923584,5.215182304382324,7.289141654968262
Correct 25.406253814697266,2.7353172302246094,2.1572489738464355,3.3440744876861572
Correct 11.421978950500488,25.15633201599121,11.882856369018555,9.562531471252441
Wrong 23.57813835144043,5.170555591583252,14.24222469329834,8.21881103515625
Wrong 17.890663146972656,16.516666412353516,5.434813022613525,16.328176498413086
Correct 14.984397888183594,2.7210617065429688,23.984378814697266,5.445522785186768
Correct 14.914177894592285,19.563112258911133,15.789144515991211,15.17973804473877
Wrong 24.218759536743164,4.964452743530273,19.390653610229492,9.906280517578125
Correct 15.320322036743164,4.596431255340576,23.7343807220459,9.031302452087402
Correct 8.82044506072998,4.0175981521606445,22.734392166137695,10.421945571899414
Wrong 25.015649795532227,4.069181442260742,1.9912837743759155,4.383153915405273
Wrong 24.718761444091797,4.171441078186035,6.594085693359375,16.437511444091797
Correct 25.6718807220459,2.5643110275268555,3.2661616802215576,6.378975868225098
Correct 5.567216873168945,23.312816619873047,17.64064598083496,6.894649982452393
Wrong 19.296890258789062,18.156414031982422,16.93751335144043,22.23438262939453
Wrong 27.640628814697266,4.9121575355529785,3.7113726139068604,7.3906779289245605
Correct 5.926044464111328,26.51567268371582,6.027499198913574,5.820449352264404
Wrong 13.835957527160645,3.243378162384033,4.699372291564941,27.234376907348633
Wrong 23.718767166137695,11.884405136108398,18.187524795532227,7.406425952911377
Wrong 7.390841007232666,10.625787734985352,20.21877098083496,23.0781307220459
Wrong 21.218788146972656,15.626315116882324,10.344218254089355,5.312878608703613
Wrong 18.71879768371582,17.017024993896484,18.390647888183594,4.6682305335998535
Wrong 24.812511444091797,1.8328490257263184,1.9490717649459839,3.637655735015869
Correct 21.031272888183594,15.391324043273926,16.796911239624023,20.015644073486328
Wrong 12.054950714111328,9.460941314697266,20.500099182128906,6.144882678985596
Correct 6.214914321899414,3.541510820388794,5.2422356605529785,28.765625
Wrong 18.468765258789062,5.261834144592285,21.203149795532227,6.429849624633789
Correct 24.937503814697266,4.092711448669434,14.023472785949707,7.023519039154053
Correct 6.316734313964844,4.203100681304932,25.421878814697266,6.078232765197754
Correct 13.859421730041504,3.687582492828369,22.45314598083496,4.855792999267578
Wrong 20.015644073486328,19.563220977783203,4.28162145614624,3.4107911586761475
Correct 24.71876335144043,6.338322162628174,2.4333534240722656,5.6643195152282715
Wrong 10.945399284362793,5.286170959472656,23.562511444091797,15.19532585144043
Wrong 25.937503814697266,2.825618267059326,7.398549556732178,8.945344924926758
Wrong 21.65629005432129,10.844320297241211,6.860111713409424,4.63754940032959
Wrong 23.54689598083496,2.4631381034851074,4.016631126403809,4.309276580810547
Wrong 21.171916961669922,5.813140869140625,19.921955108642578,6.278132438659668
Wrong 22.859394073486328,13.024837493896484,5.110557556152344,6.363539695739746
Correct 8.3906831741333,3.287137508392334,24.671876907348633,6.63285493850708
Wrong 22.140642166137695,11.42414665222168,11.28136157989502,19.593769073486328
Correct 10.078202247619629,5.577665328979492,24.03126335144043,5.1605072021484375
Wrong 23.07814598083496,5.76036262512207,15.539090156555176,11.468839645385742
Correct 5.964959144592285,4.192237854003906,7.460971355438232,27.609375
Wrong 22.81251335144043,14.438643455505371,9.656394958496094,7.500076770782471
Wrong 19.234416961669922,9.09145450592041,11.83630084991455,16.687538146972656
Wrong 22.593772888183594,16.266666412353516,8.336236953735352,17.60939598083496
Wrong 24.28125762939453,6.2873053550720215,15.703154563903809,16.62500762939453
Correct 22.984392166137695,4.20603609085083,6.008543491363525,12.492234230041504
Wrong 25.20314598083496,4.4896240234375,4.066922187805176,6.6212639808654785
Wrong 21.515663146972656,11.120092391967773,18.375051498413086,8.73450756072998
Correct 11.765645027160645,3.231153964996338,5.824270248413086,25.578125
Correct 18.234386444091797,5.153567790985107,8.961030006408691,25.328128814697266
Correct 17.500022888183594,6.376086235046387,23.10938835144043,7.2149577140808105
Correct 10.297024726867676,23.26584243774414,5.168484687805176,5.738570690155029
Wrong 26.8125057220459,2.8844780921936035,2.8873136043548584,4.531541347503662
Wrong 23.281274795532227,14.34632396697998,15.796897888183594,5.016053676605225
Wrong 23.281267166137695,11.502816200256348,12.445418357849121,8.898571014404297
Correct 23.437517166137695,2.4727330207824707,6.722984790802002,4.92233419418335
Correct 23.50000762939453,2.280874252319336,5.625452518463135,4.7580060958862305
Wrong 24.6093807220459,3.3274037837982178,9.56259536743164,5.261881351470947
Correct 23.43751335144043,4.456845283508301,12.03911304473877,15.83594799041748
Correct 25.0468807220459,2.4499924182891846,4.773968696594238,8.671903610229492
Wrong 26.375001907348633,3.058957815170288,3.7992866039276123,4.964963436126709
Wrong 22.593774795532227,4.898819923400879,20.593786239624023,5.508085250854492
Correct 20.046903610229492,19.047195434570312,5.407273769378662,14.14065933227539
Wrong 21.765634536743164,4.648366928100586,21.00000762939453,6.3321638107299805
Correct 15.109387397766113,2.7272021770477295,24.3125057220459,5.746270656585693
Correct 11.820345878601074,3.393998146057129,25.1718807220459,6.195425033569336
Wrong 24.031261444091797,6.1891350746154785,3.329547166824341,7.714910984039307
Wrong 17.265655517578125,10.10534954071045,19.234413146972656,19.296903610229492
Wrong 24.25000762939453,3.1336610317230225,20.578134536743164,5.902567386627197
Wrong 20.953149795532227,2.4113667011260986,18.40630531311035,5.187880039215088
Correct 14.554736137390137,4.564014911651611,23.968765258789062,5.828283786773682
Wrong 22.703144073486328,3.152892827987671,3.554008722305298,6.207179069519043
Correct 23.140636444091797,7.05299711227417,6.03944206237793,21.640640258789062
Wrong 21.312551498413086,3.1801512241363525,5.922994136810303,11.093830108642578
Wrong 6.0119428634643555,3.8098909854888916,7.203183174133301,27.343751907348633
Wrong 24.5000057220459,2.709231376647949,5.355713367462158,21.109378814697266
Wrong 22.765634536743164,3.676060676574707,7.472944736480713,8.976600646972656
Correct 16.875038146972656,5.513446807861328,21.906274795532227,6.269680976867676
Wrong 22.578153610229492,16.142070770263672,3.6081724166870117,3.9341955184936523
Correct 25.921878814697266,2.412729263305664,3.8303754329681396,5.14858865737915
Wrong 20.609432220458984,14.377533912658691,6.35323429107666,5.340555191040039
Wrong 24.906253814697266,3.027259588241577,1.574224591255188,4.968840599060059
Correct 8.203226089477539,3.7684710025787354,5.5664801597595215,27.500001907348633
Wrong 21.046892166137695,3.3415603637695312,19.87502098083496,6.843892574310303
Wrong 24.29688262939453,7.986634254455566,6.266011714935303,5.492396354675293
Correct 25.000009536743164,4.308679580688477,2.497474431991577,3.9400525093078613
Wrong 24.98438262939453,3.2188003063201904,3.5356295108795166,6.738402843475342
Correct 9.328227996826172,4.7200703620910645,24.062515258789062,8.078177452087402
Correct 11.125092506408691,23.141157150268555,4.422327041625977,4.883049488067627
Wrong 25.8750057220459,1.986171007156372,3.5143795013427734,7.222725868225098
Correct 24.609384536743164,11.914716720581055,4.191951274871826,5.101757526397705
Correct 12.914117813110352,2.8319828510284424,24.2968807220459,5.312680721282959
Correct 19.453147888183594,5.023810863494873,16.562524795532227,22.84375762939453
Wrong 16.125024795532227,22.34388542175293,7.29312801361084,6.215005397796631
Correct 6.00431489944458,24.469011306762695,6.980592727661133,5.36759614944458
Correct 25.437509536743164,6.174635410308838,4.2819929122924805,5.0744123458862305
Correct 5.101935386657715,1.4323924779891968,25.375011444091797,7.187564849853516
Wrong 22.9531307220459,1.314210057258606,6.426027297973633,14.86719799041748
Correct 24.9062557220459,2.8112242221832275,5.894834995269775,7.316473960876465
Correct 25.687503814697266,3.2617173194885254,2.604099750518799,5.293126583099365
Wrong 11.49230670928955,7.760555744171143,22.09376335144043,18.14063835144043
Correct 16.562543869018555,22.219253540039062,3.8854799270629883,5.883166790008545
Wrong 24.40627098083496,10.21472454071045,12.304818153381348,7.148597240447998
Wrong 23.67188262939453,5.419466495513916,8.937572479248047,19.9843807220459
Correct 26.2656307220459,7.924572944641113,3.6528232097625732,5.0665740966796875
Wrong 21.20316505432129,13.072189331054688,18.343809127807617,14.429738998413086
Wrong 21.03126335144043,2.0749425888061523,12.367209434509277,20.37500762939453
Correct 6.457283020019531,24.515777587890625,7.683711051940918,5.945433616638184
Correct 6.805251121520996,7.65535306930542,23.390666961669922,6.53950309753418
Wrong 24.578134536743164,2.6872427463531494,16.187509536743164,4.465210914611816
Wrong 22.781272888183594,11.822061538696289,15.390689849853516,14.02347183227539
Correct 22.687538146972656,16.2042236328125,3.116945743560791,4.973565101623535
Correct 18.125011444091797,4.044782638549805,21.500022888183594,6.2541117668151855
Correct 6.168615818023682,21.469085693359375,8.312787055969238,7.0626397132873535
Correct 24.250019073486328,1.9998465776443481,4.422508716583252,4.695777893066406
Correct 8.250114440917969,4.149971008300781,8.500044822692871,25.937503814697266
Correct 13.593812942504883,13.938661575317383,21.187528610229492,15.882835388183594
Wrong 28.375001907348633,2.867497444152832,3.8068857192993164,4.6212968826293945
Correct 23.93751335144043,10.336952209472656,13.335986137390137,10.710963249206543
Correct 21.328136444091797,3.470407485961914,20.18751335144043,7.6055006980896
Wrong 12.039132118225098,7.697005271911621,10.812597274780273,24.76563262939453
Correct 12.484394073486328,4.297648906707764,6.500063896179199,27.75
Correct 24.156265258789062,4.212347984313965,12.000062942504883,6.265771865844727
Wrong 22.250015258789062,10.996411323547363,4.4427618980407715,9.390774726867676
Correct 11.461020469665527,2.501791477203369,24.60938835144043,5.933833122253418
Wrong 24.468759536743164,4.600525379180908,16.609403610229492,7.8438005447387695
Wrong 15.437532424926758,25.56262969970703,8.976656913757324,5.316626071929932
Correct 12.367277145385742,3.8117589950561523,22.234403610229492,5.629358291625977
Wrong 20.890647888183594,10.064451217651367,19.750051498413086,13.093805313110352
Wrong 5.5902228355407715,1.8354103565216064,24.562509536743164,14.359407424926758
Correct 15.375045776367188,23.500259399414062,9.562582015991211,4.527734279632568
Wrong 17.26564598083496,9.377671241760254,22.328161239624023,6.957155227661133
Wrong 21.234416961669922,2.821120500564575,18.546934127807617,7.800940990447998
Correct 26.1250057220459,2.589552164077759,2.278379201889038,4.070946216583252
Wrong 15.648460388183594,4.864807605743408,10.242252349853516,25.015628814697266
Wrong 16.968778610229492,17.09453582763672,15.484513282775879,6.879237651824951
Correct 10.398531913757324,5.000839710235596,22.656269073486328,5.094025611877441
Wrong 20.84380340576172,8.419654846191406,8.617692947387695,9.390816688537598
Correct 25.250003814697266,2.6601016521453857,7.265722274780273,4.843895435333252
Correct 5.875151634216309,3.8562116622924805,24.234378814697266,6.961001873016357
Wrong 11.726595878601074,2.793281316757202,14.710968971252441,24.296878814697266
Wrong 21.23438835144043,8.144808769226074,19.421920776367188,5.972919464111328
Wrong 22.98438835144043,3.5246143341064453,3.067652463912964,7.3008713722229
Correct 6.4922637939453125,3.664742946624756,8.914084434509277,26.593751907348633
Correct 26.281251907348633,3.045560121536255,4.023827075958252,5.215000629425049
Correct 20.484416961669922,2.566058397293091,10.047078132629395,11.765787124633789
Wrong 24.406265258789062,14.883703231811523,7.594039440155029,8.273537635803223
Correct 22.640668869018555,3.1768012046813965,16.625051498413086,7.109646320343018
Correct 17.375041961669922,21.469268798828125,4.1843743324279785,5.883133411407471
Correct 13.656306266784668,21.187686920166016,11.757881164550781,17.437511444091797
Wrong 25.18750762939453,4.99233865737915,12.828192710876465,4.957252502441406
Wrong 16.781272888183594,3.733283281326294,21.96878433227539,7.6407880783081055
Wrong 22.09377670288086,13.252219200134277,18.87503433227539,15.554716110229492
Wrong 23.71877098083496,4.946451187133789,6.4893269538879395,8.078383445739746
Wrong 21.937536239624023,5.1442975997924805,12.781538009643555,5.148958206176758
Correct 13.015643119812012,5.677376747131348,24.9218807220459,6.109440326690674
Wrong 23.375003814697266,3.8795413970947266,17.98438835144043,4.715092658996582
Correct 13.50786018371582,23.109527587890625,15.968770027160645,7.757904529571533
Wrong 20.609390258789062,14.666557312011719,4.3689680099487305,5.125352382659912
Wrong 20.500011444091797,5.824963092803955,6.422072410583496,23.687503814697266
Correct 25.7343807220459,3.9545702934265137,3.145186424255371,5.402502536773682
Wrong 9.398802757263184,21.359798431396484,15.070361137390137,16.812543869018555
Wrong 24.312509536743164,4.260321617126465,6.101934432983398,16.4062557220459
Wrong 14.625020980834961,5.585158824920654,23.625009536743164,13.531259536743164
Correct 6.546973705291748,2.004875898361206,5.820382595062256,27.75
Correct 26.468753814697266,3.3743224143981934,6.890804767608643,13.875011444091797
Wrong 20.43756866455078,3.7922611236572266,7.953892230987549,9.242652893066406
Wrong 27.468753814697266,4.9049859046936035,6.078459739685059,4.746303558349609
Wrong 19.828170776367188,3.537858009338379,19.343860626220703,6.9690446853637695
Wrong 17.250041961669922,14.784011840820312,19.015684127807617,6.824731826782227
Wrong 18.046894073486328,4.943504810333252,18.20315933227539,19.7031307220459
Correct 23.531267166137695,7.552332401275635,2.731614828109741,7.332094669342041
Wrong 25.203134536743164,2.7527878284454346,2.610629081726074,5.972857475280762
Wrong 24.453136444091797,3.9093966484069824,4.5006937980651855,6.492292881011963
Correct 11.257902145385742,25.031463623046875,11.62503433227539,5.464985370635986
Correct 24.70313835144043,2.6975748538970947,4.715282440185547,5.004069805145264
Correct 4.953449249267578,4.110396862030029,6.6680474281311035,30.015625
Wrong 19.515642166137695,8.05616283416748,21.265636444091797,14.203144073486328
Correct 27.234376907348633,3.407954454421997,3.1155588626861572,5.761768341064453
Correct 26.0937557220459,3.0649919509887695,1.9591246843338013,3.726977825164795
Wrong 4.726800918579102,2.8135528564453125,23.546886444091797,9.414108276367188
Wrong 20.578147888183594,11.282341003417969,15.72661018371582,15.500025749206543
Wrong 20.703140258789062,19.172359466552734,15.796921730041504,6.566568374633789
Wrong 16.671897888183594,13.695907592773438,20.515649795532227,19.81251335144043
Wrong 23.312509536743164,13.78950023651123,19.640642166137695,12.859395980834961
Correct 18.18755340576172,22.437976837158203,16.265676498413086,6.871450424194336
Correct 25.5000057220459,4.865147113800049,7.589964389801025,5.878986358642578
Wrong 26.593751907348633,2.0287394523620605,2.438298225402832,5.035376071929932
Wrong 19.859411239624023,17.032438278198242,10.578389167785645,6.699850559234619
Wrong 22.03127670288086,20.063125610351562,13.336082458496094,8.38300895690918
Wrong 21.45314598083496,8.345547676086426,4.243490219116211,18.734397888183594
Wrong 25.906261444091797,6.163147449493408,11.046943664550781,5.828263282775879
Correct 15.625035285949707,2.6968190670013428,22.281288146972656,7.402456760406494
Wrong 25.984378814697266,3.091676950454712,7.937612533569336,10.945332527160645
Correct 18.03128433227539,8.75902271270752,4.26998233795166,23.57813262939453
Correct 22.89064598083496,7.2144975662231445,17.359394073486328,9.203190803527832
Wrong 22.79689598083496,6.098013877868652,18.25002098083496,10.89848804473877
Wrong 21.406259536743164,5.342721462249756,21.87501335144043,4.918483734130859
Correct 19.125032424926758,9.737136840820312,21.28130340576172,10.672025680541992
Correct 19.656269073486328,17.219316482543945,4.1105241775512695,5.824471950531006
Wrong 26.312509536743164,2.041642427444458,2.7663958072662354,3.3931221961975098
Correct 14.742240905761719,10.900314331054688,23.578142166137695,13.320343971252441
Correct 23.00002670288086,14.70414924621582,8.820649147033691,9.984479904174805
Wrong 22.609390258789062,3.192154884338379,12.648526191711426,6.226734161376953
Wrong 25.437511444091797,12.565084457397461,1.793710470199585,2.9304559230804443
Wrong 21.921884536743164,16.25078010559082,3.5106515884399414,4.69952392578125
Wrong 19.53131675720215,12.292718887329102,18.953227996826172,9.13297176361084
Correct 5.203594207763672,7.132068157196045,23.062522888183594,7.211254119873047
Correct 25.187515258789062,4.033018112182617,15.195342063903809,4.910519123077393
Wrong 23.578136444091797,9.352988243103027,16.82814598083496,12.421894073486328
Correct 26.718753814697266,2.7233684062957764,4.094048976898193,7.53911828994751
Wrong 25.76563262939453,3.5570404529571533,5.46927547454834,6.304841995239258
Correct 5.105944633483887,2.722048759460449,22.625028610229492,6.215076923370361
Correct 24.56251335144043,8.82141399383545,10.359465599060059,16.546884536743164
Wrong 14.257859230041504,22.82843780517578,18.625032424926758,6.390717506408691
Wrong 5.324581623077393,2.422309160232544,9.132848739624023,28.031251907348633
Correct 6.465181827545166,2.908407211303711,25.10938262939453,6.31260871887207
Wrong 25.4687557220459,4.693924427032471,18.765634536743164,14.125011444091797
Wrong 23.67188262939453,4.268725872039795,6.387087345123291,7.7188615798950195
Correct 7.160396099090576,2.0172903537750244,25.015634536743164,6.367288112640381
Correct 5.9415602684021,3.397669792175293,6.171936511993408,26.875001907348633
Correct 26.359378814697266,3.1624951362609863,3.8850462436676025,7.4141082763671875
Wrong 8.03921890258789,23.671974182128906,8.047143936157227,10.757864952087402
Wrong 24.7968807220459,3.8653838634490967,6.019865989685059,10.218771934509277
Wrong 23.500009536743164,10.476982116699219,6.910344123840332,17.76563262939453
Correct 25.812503814697266,3.0336227416992188,2.8578133583068848,5.086069107055664
Wrong 8.836026191711426,24.578174591064453,4.078376770019531,6.019595146179199
Wrong 24.70313262939453,8.033560752868652,5.348184585571289,7.925873756408691
Wrong 20.015642166137695,6.870500087738037,12.742262840270996,7.492319583892822
Correct 23.015647888183594,15.164752960205078,7.4182329177856445,5.336280345916748
Correct 24.67188262939453,3.659841775894165,3.3118863105773926,6.089954376220703
Wrong 20.125038146972656,4.028054714202881,21.140701293945312,7.254186630249023
Wrong 21.03131103515625,14.838432312011719,13.953259468078613,4.356553077697754
Correct 23.98438835144043,3.313704252243042,8.156379699707031,10.367222785949707
Wrong 26.421884536743164,2.3694446086883545,2.6687393188476562,5.07058048248291
Wrong 13.961030960083008,3.5549066066741943,10.507962226867676,23.78127098083496
Correct 27.531251907348633,3.001185178756714,3.3308253288269043,5.234528064727783
Wrong 24.453144073486328,5.144013404846191,3.6482765674591064,9.718826293945312
Correct 8.101661682128906,4.266716957092285,6.347716808319092,29.109375
Correct 24.437515258789062,2.1409244537353516,2.6676859855651855,4.0591044425964355
Correct 12.20316219329834,2.797464370727539,25.26563262939453,7.402406215667725
Correct 7.00018310546875,3.1188595294952393,5.632875442504883,28.500001907348633
Correct 10.796952247619629,25.06256103515625,10.546953201293945,9.211024284362793
Correct 23.562519073486328,7.6547746658325195,15.085972785949707,9.804736137390137
Wrong 21.92189598083496,4.993686199188232,20.656286239624023,7.589980602264404
Wrong 9.218892097473145,18.266042709350586,19.546924591064453,12.687553405761719
Correct 24.390636444091797,5.369966506958008,8.601672172546387,6.234464168548584
Wrong 19.734384536743164,2.736083507537842,19.828157424926758,15.492198944091797
Wrong 20.031301498413086,10.674439430236816,10.156465530395508,18.781293869018555
Correct 15.656275749206543,5.058152198791504,22.06251335144043,6.894619464874268
Correct 19.562528610229492,3.481402635574341,22.65629768371582,6.152743816375732
Wrong 26.125009536743164,2.689115285873413,1.402902603149414,2.817551374435425
Correct 23.81252098083496,2.5713071823120117,7.789266109466553,14.781269073486328
Wrong 23.984392166137695,6.01085901260376,7.070865631103516,6.097822666168213
Correct 5.703361988067627,3.1015679836273193,10.94534969329834,27.171876907348633
Wrong 23.843765258789062,4.002841949462891,13.484469413757324,5.551034450531006
Correct 5.492398262023926,2.366215229034424,25.5937557220459,8.320343017578125
Wrong 27.468751907348633,2.586824893951416,3.311253547668457,5.008009433746338
Correct 8.484625816345215,4.235537052154541,16.671911239624023,24.95313835144043
Correct 24.546878814697266,4.3150715827941895,5.1292009353637695,19.92188262939453
Correct 14.257824897766113,3.7255711555480957,4.672106742858887,26.734376907348633
Correct 25.640628814697266,3.1671411991119385,12.554712295532227,7.925831317901611
Wrong 11.328215599060059,24.562650680541992,4.281646251678467,5.226747035980225
Correct 26.0312557220459,2.022935390472412,12.49222183227539,7.007901668548584
Wrong 18.406341552734375,14.267914772033691,18.562543869018555,15.125086784362793
Correct 5.652705669403076,25.17195701599121,9.031330108642578,7.617263317108154
Correct 12.304732322692871,4.84515380859375,8.906340599060059,25.875001907348633
Correct 21.00000762939453,4.113983154296875,21.515634536743164,13.84376335144043
Wrong 23.03127670288086,2.6373231410980225,14.648527145385742,4.234909534454346
Wrong 6.093966007232666,4.118356704711914,5.11734676361084,26.484376907348633
Correct 25.54688262939453,9.829288482666016,4.254398345947266,4.957230567932129
Correct 20.500032424926758,4.8416242599487305,13.421995162963867,15.960963249206543
Wrong 24.5000057220459,2.7820661067962646,15.117229461669922,8.85163688659668
Wrong 19.390695571899414,11.596890449523926,10.859869003295898,6.688013076782227
Correct 12.87503433227539,2.975940227508545,24.56250762939453,6.222745895385742
Correct 27.984375,2.693173408508301,2.7056119441986084,4.785289287567139
Correct 6.226715087890625,3.9800641536712646,25.7656307220459,6.574296474456787
Correct 24.875001907348633,3.548711061477661,5.554829120635986,6.023494720458984
Correct 8.937654495239258,21.81294059753418,3.187028169631958,4.4535369873046875
Wrong 9.883010864257812,21.15679359436035,19.062524795532227,8.140746116638184
Correct 9.671957015991211,2.903395652770996,5.281314849853516,28.53125
Correct 16.812524795532227,22.406469345092773,5.21932315826416,6.953222274780273
Wrong 21.140668869018555,13.02540397644043,14.617268562316895,13.929780006408691
Wrong 24.453153610229492,11.066468238830566,4.879491806030273,4.039492607116699
Wrong 24.7968807220459,8.821051597595215,15.69532299041748,14.242194175720215
Wrong 19.890649795532227,18.328628540039062,7.789622783660889,11.156354904174805
Wrong 20.85941505432129,11.771984100341797,15.59382438659668,12.562570571899414
Wrong 8.281339645385742,3.3527283668518066,6.582071781158447,28.796875
Correct 9.906292915344238,5.997457027435303,23.65625762939453,6.199313163757324
Wrong 15.273488998413086,8.931605339050293,20.92190170288086,19.718774795532227
Wrong 24.39063262939453,4.495537757873535,18.156259536743164,5.035412311553955
Correct 13.70327091217041,23.953474044799805,5.96922492980957,12.843801498413086
Correct 6.379255294799805,24.01589584350586,4.742508888244629,4.968998908996582
Correct 21.54695701599121,5.2835564613342285,19.609464645385742,8.203421592712402
Correct 13.97663402557373,21.71906280517578,10.625137329101562,6.914224624633789
Correct 25.50001335144043,2.505293130874634,2.7786593437194824,4.785700798034668
Correct 13.265679359436035,3.3026065826416016,23.265640258789062,9.453185081481934
Wrong 27.000001907348633,2.8360393047332764,2.5943996906280518,5.718825340270996
Wrong 15.664100646972656,20.328624725341797,17.296916961669922,8.976675987243652
Correct 8.547189712524414,25.156402587890625,7.437670707702637,4.844043254852295
Wrong 22.828153610229492,6.337763786315918,9.195597648620605,5.801296234130859
Correct 14.859384536743164,4.043694019317627,10.070341110229492,26.656251907348633
Correct 25.359386444091797,10.368992805480957,5.176278591156006,5.593943119049072
Wrong 4.039535999298096,11.986117362976074,25.187519073486328,6.422143459320068
Wrong 19.20316505432129,20.07871437072754,16.18757438659668,14.57817554473877
Correct 7.218961238861084,23.796985626220703,14.046907424926758,5.656468391418457
Wrong 21.54692840576172,2.5946474075317383,17.578187942504883,5.098048210144043
Correct 6.457607746124268,23.203351974487305,17.093795776367188,5.516000270843506
Correct 26.781251907348633,2.305647850036621,7.183682441711426,14.859379768371582
Wrong 23.89063835144043,5.5738911628723145,8.133048057556152,7.57824182510376
Wrong 19.640714645385742,3.406846046447754,19.0626220703125,19.515663146972656
Wrong 18.531314849853516,15.727459907531738,18.734426498413086,14.671934127807617
Wrong 18.125045776367188,6.218464374542236,15.265685081481934,17.31255340576172
Wrong 9.74231243133545,4.036381721496582,5.3360676765441895,27.0937557220459
Correct 12.484444618225098,2.6508708000183105,3.0805463790893555,26.609378814697266
Correct 24.656251907348633,4.700553894042969,5.76576566696167,21.125001907348633
Wrong 23.84377098083496,8.311273574829102,9.601746559143066,7.437788009643555
Wrong 4.6760172843933105,2.7977547645568848,19.015653610229492,23.3593807220459
Wrong 22.046913146972656,7.074213027954102,3.440330743789673,8.773599624633789
Wrong 21.343767166137695,6.858356475830078,18.921890258789062,17.593761444091797
Wrong 13.015722274780273,23.828248977661133,4.957244396209717,7.277432441711426
Correct 5.703293323516846,3.5792903900146484,6.5430426597595215,28.421876907348633
Correct 23.187536239624023,5.596449851989746,13.898528099060059,5.57061767578125
Correct 4.636916160583496,2.980933904647827,26.015628814697266,6.203174114227295
Wrong 20.85941505432129,8.56628704071045,19.20317840576172,12.718785285949707
Wrong 17.218772888183594,21.04717254638672,12.961098670959473,8.906371116638184
Wrong 18.125030517578125,7.481204986572266,17.828245162963867,8.304863929748535
Correct 22.109432220458984,7.899001598358154,6.700397968292236,5.961144924163818
Wrong 9.507936477661133,2.658677101135254,13.093772888183594,24.406259536743164
Correct 25.00002098083496,6.167455196380615,9.078495025634766,12.031299591064453
Wrong 21.50002098083496,21.15665054321289,12.304807662963867,7.12531042098999
Correct 23.593774795532227,7.6167378425598145,7.562809944152832,7.070545196533203
Correct 19.968786239624023,7.929210662841797,4.368313789367676,21.156278610229492
Wrong 26.281253814697266,4.5215044021606445,4.281646251678467,5.468881607055664
Wrong 20.48440933227539,17.407047271728516,20.093780517578125,14.39066219329834
Wrong 23.718759536743164,9.157330513000488,6.644856929779053,9.445356369018555
Correct 22.73442840576172,4.320765018463135,13.007940292358398,5.340529918670654
Wrong 17.515701293945312,9.943005561828613,19.90633201599121,8.14885425567627
Correct 5.855762958526611,3.6229963302612305,23.40627098083496,7.168128967285156
Wrong 25.500011444091797,7.569058418273926,5.340299129486084,5.027631759643555
Correct 12.640670776367188,6.864273548126221,13.41408634185791,25.406253814697266
Wrong 22.578136444091797,15.72025203704834,16.953157424926758,15.859392166137695
Correct 17.43752098083496,4.1152777671813965,6.015825271606445,25.85938262939453
Wrong 10.507882118225098,4.145561695098877,24.87500762939453,6.1134185791015625
Correct 21.68752098083496,5.274862766265869,18.98443031311035,6.402472496032715
Wrong 24.00001335144043,5.399569511413574,8.000154495239258,5.347854137420654
Wrong 25.06251335144043,5.940713405609131,17.203157424926758,8.664117813110352
Correct 22.812530517578125,10.654184341430664,4.552801609039307,7.785356044769287
Correct 16.296911239624023,2.9959285259246826,23.312515258789062,5.88309907913208
Correct 25.2656307220459,5.471193313598633,4.766067028045654,5.293112277984619
Correct 7.105596542358398,3.579502582550049,24.625009536743164,6.773486137390137
Wrong 22.171886444091797,6.001845359802246,8.023614883422852,22.50000762939453
Correct 4.492523670196533,2.83394193649292,26.7031307220459,6.691496849060059
Correct 19.578153610229492,6.800263404846191,22.359407424926758,6.2503981590271
Correct 10.320365905761719,2.382797956466675,7.843810558319092,26.578126907348633
Correct 6.976773262023926,4.156634330749512,25.03125762939453,6.925844669342041
Correct 27.656253814697266,2.729684352874756,2.364144802093506,4.535333156585693
Wrong 21.578142166137695,5.093896865844727,21.015647888183594,15.49220085144043
Correct 8.58608627319336,2.446702718734741,19.48438835144043,22.9218807220459
Correct 16.62503433227539,10.782661437988281,21.140655517578125,11.382857322692871
Correct 24.5156307220459,3.4022347927093506,5.28562593460083,8.59378433227539
Correct 8.836048126220703,2.867030620574951,4.95713472366333,28.093751907348633
Correct 25.031253814697266,6.912416458129883,4.812923908233643,9.0860013961792
Correct 25.703128814697266,3.7221834659576416,3.0297555923461914,5.254019737243652
Wrong 22.937532424926758,6.095814228057861,19.015666961669922,9.96104907989502
Correct 13.625046730041504,6.289790630340576,9.179737091064453,25.718751907348633
Wrong 19.281272888183594,20.234649658203125,11.99228572845459,20.812515258789062
Wrong 20.73440170288086,2.8539748191833496,4.407503604888916,18.437517166137695
Correct 24.609384536743164,8.798955917358398,7.297196865081787,10.484402656555176
Correct 20.64065933227539,5.01848030090332,6.301042079925537,23.312511444091797
Wrong 16.890676498413086,8.773846626281738,18.06254768371582,15.132889747619629
Correct 23.000003814697266,3.4739184379577637,4.847824573516846,24.484376907348633
Correct 24.265642166137695,7.712368965148926,2.335261106491089,3.5281739234924316
Correct 14.45315170288086,23.87510871887207,5.547136306762695,5.390872955322266
Correct 16.92188835144043,5.7994914054870605,23.3750057220459,9.625022888183594
Correct 24.843759536743164,7.346441268920898,5.629295825958252,5.336181640625
Wrong 14.312540054321289,10.828325271606445,11.101597785949707,25.375003814697266
Wrong 17.98439598083496,15.539655685424805,17.781274795532227,20.06251335144043
Correct 21.3906307220459,4.720343112945557,23.0156307220459,10.851582527160645
Wrong 18.296890258789062,6.817140102386475,10.843774795532227,25.937501907348633
Correct 24.453134536743164,2.474780321121216,3.2387850284576416,4.316679954528809
Correct 5.391037940979004,24.51584815979004,5.3166303634643555,8.046943664550781
Wrong 19.921926498413086,14.470155715942383,18.65630340576172,19.031282424926758
Correct 22.750036239624023,3.39514422416687,8.914466857910156,10.859418869018555
Wrong 25.06251335144043,4.83502197265625,5.578495025634766,11.960963249206543
Wrong 25.1718807220459,3.5159473419189453,9.132935523986816,5.70720100402832
Correct 21.500028610229492,5.369730472564697,15.523480415344238,16.500028610229492
Correct 25.4062557220459,3.766066551208496,5.649518966674805,5.2853546142578125
Wrong 23.3750057220459,8.243698120117188,18.640640258789062,7.691476821899414
Wrong 21.906278610229492,17.64115333557129,14.968829154968262,9.976645469665527
Correct 16.14072036743164,4.3441481590271,23.390727996826172,6.918394565582275
Correct 9.218954086303711,14.992721557617188,24.32813835144043,9.734411239624023
Wrong 6.750164985656738,3.655176877975464,5.128968238830566,28.859375
Wrong 4.977491855621338,16.79998016357422,21.718828201293945,6.461522579193115
Correct 11.953262329101562,2.9656784534454346,23.32814598083496,4.8325090408325195
Wrong 23.76563262939453,5.477593898773193,14.179769515991211,7.625076770782471
Correct 23.18751335144043,4.494872093200684,7.019677639007568,21.625009536743164
Wrong 22.796899795532227,6.059811592102051,14.054824829101562,13.273484230041504
Correct 6.176316738128662,24.859506607055664,11.476683616638184,7.3672990798950195
Correct 17.78127098083496,5.2443671226501465,23.593778610229492,5.828400611877441
Wrong 24.687517166137695,7.504785537719727,13.21098804473877,5.871408462524414
Correct 24.89063262939453,5.460794448852539,4.270103454589844,5.9611592292785645
Correct 11.570392608642578,11.815485954284668,23.125024795532227,15.398463249206543
Correct 9.695401191711426,3.0149898529052734,5.0782341957092285,28.359376907348633
Wrong 18.265634536743164,15.172867774963379,21.921886444091797,6.390705585479736
Wrong 8.453240394592285,22.469003677368164,14.015656471252441,5.582218170166016
Wrong 13.351593017578125,11.368061065673828,11.640674591064453,22.406261444091797
Correct 23.140636444091797,3.032689332962036,17.796890258789062,7.816493988037109
Correct 22.18751335144043,5.723819732666016,19.51565933227539,7.324452877044678
Wrong 17.796926498413086,3.2577755451202393,18.125080108642578,17.95319175720215
Correct 27.609376907348633,3.3721864223480225,5.531319618225098,4.828268051147461
Correct 25.906253814697266,5.095492362976074,3.426304340362549,4.972811222076416
Correct 18.265663146972656,7.185053825378418,6.5160393714904785,22.062509536743164
Wrong 24.546884536743164,3.5025086402893066,5.008212089538574,7.457108974456787
Wrong 10.390791893005371,7.721142292022705,19.35940933227539,15.750044822692871
Wrong 25.984376907348633,3.281670331954956,16.9687557220459,7.328152179718018
Correct 6.36730432510376,4.192878723144531,20.656253814697266,22.859376907348633
