grade confidence_levels
Wrong 2.741435764619382e-06,1.0127475036370015e-07,1.3076917639409658e-05,1.565464202712974e-07
Correct 2.4609344109194353e-06,8.231625514554253e-08,7.757706043776125e-06,5.322919491845823e-07
Correct 1.6251647139142733e-06,1.0928826554845728e-07,1.002986027742736e-05,2.1923698056980356e-07
Wrong 1.786546135917888e-06,1.1771520291858906e-07,1.1287045708741061e-05,1.4133831882645609e-06
Wrong 1.232795625583094e-06,1.640460567386981e-07,3.925268538296223e-05,3.8204927932383725e-07
Correct 1.2598380635608919e-05,3.5667781617121364e-07,4.64393560832832e-05,1.4732485453805566e-07
Wrong 3.439444526520674e-06,2.5274943027397967e-07,4.895156598649919e-05,8.974528782346169e-07
Wrong 1.0944525001832517e-06,1.8515454769385542e-07,5.96086829318665e-06,1.5898305605333007e-07
Wrong 3.6653682400356047e-06,9.985500781795054e-08,1.2791329936590046e-05,3.574888296498102e-07
Correct 3.2592026855127187e-06,1.5169035805229214e-07,2.209067315561697e-05,2.1840075703494222e-07
Wrong 4.174526964106917e-07,7.725328998731129e-08,5.582492576650111e-06,1.6607954478331521e-07
Wrong 9.755241308084805e-07,1.4256107760957093e-07,7.747786003164947e-05,1.8701192061598704e-07
Correct 3.108069358859211e-05,1.2758936236423324e-06,0.00018741076928563416,4.20673450207687e-06
Wrong 8.444739250990096e-06,3.4739268812700175e-06,1.11826720967656e-05,3.0112355489109177e-06
Wrong 1.6746274695833563e-06,3.0198691547411727e-07,1.4017379726283252e-05,6.508694241347257e-07
Wrong 4.391547463455936e-06,6.077427769923816e-07,1.9832781617878936e-05,2.2053598058846546e-07
Wrong 2.8523387300083414e-05,1.30711941892514e-06,2.6792124117491767e-05,9.098792475015216e-07
Wrong 4.889202955382643e-06,6.96297263402812e-07,0.00015690097643528134,2.9959454650452244e-07
Wrong 3.230224592698505e-06,2.9705469728469325e-07,1.732247619656846e-05,1.3606253901343734e-07
Wrong 0.0006538705201819539,4.622118922270602e-06,0.00010508004197617993,1.855057416833006e-05
Wrong 6.983357252465794e-06,3.9646641880608513e-07,6.174945156089962e-05,7.079972874635132e-07
Wrong 1.1977542726526735e-06,2.3418331807079085e-07,1.858448376879096e-05,1.1885942967637675e-06
Wrong 3.7598579183395486e-06,3.0594642907999514e-07,2.5887948140734807e-05,7.883626267357613e-07
Correct 3.7075255931995343e-06,4.982084078619664e-07,4.6591987484134734e-05,1.6325104752468178e-06
Correct 1.6626499927951954e-06,9.791706361284014e-07,1.858352516137529e-05,1.6598785634869273e-07
Wrong 2.166634885725216e-06,2.6390895868644293e-07,1.1171141522936523e-05,3.003610231644416e-07
Wrong 8.601698937127367e-05,4.2500266772549367e-07,1.1282975719950628e-05,1.4459490103035932e-06
Correct 4.77861613035202e-05,1.625188929210708e-06,4.055066892760806e-05,5.854892515344545e-05
Correct 0.0002927754248958081,3.410832960071275e-06,0.00010603191913105547,8.911979421100114e-06
Wrong 7.985861884662881e-06,4.785520673067367e-07,3.2071566238300875e-05,1.6515528841409832e-05
Correct 1.9594651803345187e-06,2.1453547560668085e-07,1.6531914297956973e-05,1.4678099660159205e-06
Wrong 1.4465117601503152e-06,1.9084464497609588e-07,1.1286503649898805e-05,1.404844880426026e-07
Wrong 4.585435362969292e-06,2.396253080405586e-07,3.309022940811701e-05,1.4917959560989402e-05
Wrong 4.280534994904883e-06,5.669936058438907e-07,9.950804269465152e-06,2.477762336638989e-06
Wrong 1.1559792483240017e-06,1.4370199608038092e-07,1.2042909474985208e-05,2.560040854859835e-07
Correct 2.7205373953620438e-06,1.2848877872784215e-07,1.15412522063707e-05,1.479261186432268e-06
Wrong 2.114129756591865e-06,2.1764151370007312e-07,9.252194104192313e-06,4.329535556735209e-07
Wrong 1.4073393685976043e-06,2.3360601630884048e-07,3.854687292914605e-06,3.774473782414134e-07
Correct 6.072708629289991e-07,5.1346738416668813e-08,5.895485628570896e-06,1.1192678073257412e-07
Correct 0.00023200528812594712,1.043871816364117e-05,0.00012811644410248846,2.5628933144616894e-05
Wrong 1.102090777749254e-06,5.303356687136329e-08,4.7492640078417026e-06,1.8497351561563846e-07
Wrong 2.1861769710085355e-06,1.37333458383182e-07,1.3813273653795477e-05,2.3508383151238377e-07
Correct 8.04724040790461e-05,6.557450888067251e-06,0.00041505973786115646,1.6221725672949106e-05
Wrong 1.8706758055486716e-05,1.9922748833778314e-05,5.852146932738833e-05,0.00014040079258847982
Correct 1.6414880974480184e-06,1.805405247523595e-07,5.433030310086906e-05,6.842366815362766e-07
Wrong 2.7469044653116725e-05,1.7752056464814814e-06,5.011854227632284e-05,0.0001156602447736077
Wrong 1.2554747854665038e-06,2.449895646350342e-07,6.0336774367897306e-06,3.076881966990186e-07
Wrong 5.304264777805656e-05,2.1446692699100822e-05,6.347474845824763e-05,1.5316678400267847e-05
Correct 3.838199972960865e-06,1.650445256018429e-07,1.816569420043379e-05,5.319782303558895e-07
Wrong 2.7816467991215177e-06,2.0400439382228797e-07,1.1349022315698676e-05,4.285496970624081e-07
Wrong 4.031356638733996e-06,6.288408940235968e-07,8.016233550733887e-06,1.664634652343011e-07
Wrong 3.0437533951044315e-06,1.6312010586716497e-07,1.9079938283539377e-05,2.530714198201167e-07
Correct 4.155494480073685e-06,1.258706276985322e-07,3.2359780561819207e-06,1.4284903215866507e-07
Correct 6.037038929207483e-06,3.8689350390086474e-07,1.2193228030810133e-05,1.065943706635153e-06
Correct 3.083733099629171e-05,8.554310397812515e-07,5.1634804549394175e-05,1.7537838630232727e-06
Correct 0.00012267801503185183,7.092935447872151e-06,0.00015628201072104275,9.332813351647928e-05
Wrong 4.89667286274198e-07,5.696176330616254e-08,1.0881220987357665e-05,5.89743791579167e-08
Correct 3.110938905592775e-06,2.387446613738575e-07,4.0336391975870356e-05,2.646371513037593e-07
Correct 3.308258965262212e-05,7.276199085026747e-06,0.0006340043619275093,1.3472120372171048e-05
Wrong 1.4385323083843105e-06,1.2144536754021829e-07,1.620351758901961e-05,6.384681228155387e-07
Wrong 1.3199314707890153e-06,8.675030471749778e-08,5.13718578076805e-06,6.142192887637066e-07
Wrong 1.090802697945037e-06,1.2931195669807494e-07,9.568572750140447e-06,4.108201494545938e-07
Wrong 8.116167009575292e-06,4.6615534188276797e-07,1.8427912436891347e-05,5.031654382037232e-07
Wrong 3.614992237999104e-06,2.9518724886656855e-07,3.6500681744655594e-05,3.260446135300299e-07
Wrong 8.750346751185134e-06,5.212219775785343e-07,1.3762826711172238e-05,3.290061840743874e-07
Wrong 2.1476005258591613e-06,1.339378883358222e-07,8.103527761704754e-06,2.840000661308295e-07
Correct 1.4838079778201063e-06,1.0830835606157052e-07,1.2419899576343596e-05,1.759774050924534e-07
Wrong 8.192579116439447e-06,1.7059699075616663e-07,2.0115869119763374e-05,3.128495222881611e-07
Wrong 2.705577799133607e-06,1.7839867894053896e-07,1.0951194781227969e-05,3.8983066019682155e-07
Correct 2.5219460439984687e-06,3.0094849989836803e-07,5.054199846199481e-06,1.2983263104615617e-06
Wrong 1.229848203365691e-05,1.0943920187855838e-06,4.787742727785371e-05,8.844343142300204e-07
Wrong 9.557256817060988e-07,1.085567546965649e-07,5.125278221385088e-06,3.078954478041851e-07
Wrong 4.942409759678412e-06,2.3236073332100204e-07,4.4390551920514554e-05,1.889075633698667e-07
Correct 0.0005032942281104624,1.87712321348954e-05,0.008380412124097347,0.0001282517478102818
Wrong 1.5590019302180735e-06,1.0197118882615541e-07,1.0004129762819503e-05,1.6697737237336696e-07
Wrong 7.948382290123845e-07,4.820173771236114e-08,1.3649810171045829e-05,1.4035533979495085e-07
Wrong 2.101598511217162e-05,1.3773488944934797e-06,2.762418625934515e-05,1.7664164033703855e-06
Correct 4.3683062358468305e-06,2.530989888782642e-07,0.00011089375766459852,3.672644197649788e-07
Wrong 1.4754285984963644e-05,1.5298290634291334e-07,3.05037792713847e-05,3.7990523082953587e-07
Correct 3.9860886317910627e-05,1.3355125702219084e-05,0.005915612448006868,2.871086871891748e-05
Wrong 7.410944249386375e-07,2.8880359081995266e-07,3.301370088593103e-05,1.2312264061620226e-06
Correct 1.2342682111921022e-06,1.1727797755156644e-07,2.1872361685382202e-05,2.4704647216822195e-07
Wrong 2.6965217330143787e-06,1.9062885314724554e-07,2.853289151971694e-05,5.228043278293626e-07
Wrong 5.327337476046523e-06,1.2138374927417317e-07,7.110928891052026e-06,5.617026204163267e-07
Wrong 4.4469989006756805e-06,2.6668129748941283e-07,1.247066757059656e-05,1.942998324011569e-06
Wrong 3.50794980477076e-05,6.695979095638904e-07,1.4621579794038553e-05,3.9917958361002093e-07
Wrong 9.90117678156821e-06,8.947803848968761e-07,1.893476837722119e-05,2.470568745138735e-07
Wrong 0.0002596206031739712,1.0398901395092253e-05,0.0003866607148665935,1.088563021767186e-05
Wrong 3.3892379747157975e-07,7.750688268970407e-08,9.447692718822509e-06,1.0257620886022778e-07
Wrong 0.0001743484754115343,6.965186116758559e-07,3.741065302165225e-05,2.4110190679493826e-06
Correct 6.208243576111272e-05,2.1295762053341605e-05,0.00015245380927808583,0.00032275787089020014
Wrong 1.8976893443323206e-06,1.2952686745393294e-07,7.048702627798775e-06,1.195009105003919e-07
Wrong 0.00013447341916617006,3.116451580353896e-06,9.609405969968066e-05,6.491186468338128e-06
Wrong 1.9428739506111015e-06,1.3322916458946565e-07,5.238307494437322e-06,3.754025215130241e-07
Correct 1.0181181096413638e-05,2.421706142285984e-07,8.93218966666609e-05,4.011843088846945e-07
Wrong 7.587890195281943e-06,1.8860372108520096e-07,2.6480394808459096e-05,1.3501104376700823e-06
Wrong 7.812355761416256e-06,4.5572369344881736e-07,4.53033389931079e-05,2.2790189291299612e-07
Wrong 1.4859035672998289e-06,2.156871090619461e-07,1.0806179489009082e-05,3.1763894980940677e-07
Wrong 5.44145041203592e-06,6.162172780932451e-07,2.7200268959859386e-05,6.449390639318153e-07
Wrong 4.671054284699494e-06,1.8938855816941214e-07,1.2498140677053016e-05,2.535547878323996e-07
Wrong 1.8024259134108433e-06,1.2456362696866563e-07,1.6187674191314727e-05,1.0498064995090317e-07
Wrong 0.00025786302285268903,0.00016138584760483354,0.0001480684004491195,0.00018284963152837008
Correct 1.0707681212807074e-06,5.6488413946453875e-08,8.354370947927237e-06,3.3962763268391427e-07
Correct 0.00029037854983471334,7.163345344451955e-06,0.001175631070509553,9.631232387619093e-06
Wrong 2.4066334844974335e-06,1.902673432141455e-07,1.2409596820361912e-05,3.9929838635544e-07
Wrong 0.00011524216824909672,1.8107200958183967e-05,8.56368278618902e-05,3.1694523840997135e-06
Wrong 1.109158529288834e-05,4.443427883416007e-07,7.698266563238576e-05,2.9916259336459916e-07
Correct 1.0318180102331098e-05,4.215436604226852e-07,1.7966764062293805e-05,1.1332675967423711e-05
Wrong 8.739723398321075e-07,8.444695964726634e-08,7.259486665134318e-06,1.5316949486532394e-07
Correct 3.895305326295784e-06,3.628501588082145e-07,1.992927172977943e-05,2.610972558159119e-07
Correct 1.0762675628939178e-05,2.668021465979109e-07,4.53071879746858e-05,4.8800109198055e-07
Wrong 6.61272497382015e-06,2.368124967233598e-07,3.6588608054444194e-05,6.19986678884743e-07
Wrong 5.0313865358475596e-06,2.6802339903042594e-07,9.771249096957035e-06,2.753239698449761e-07
Wrong 1.2469874945963966e-06,1.194063088405528e-07,1.0275323802488856e-05,1.9350724755895499e-07
Correct 8.446828587693744e-07,1.3124281394993886e-07,1.0947884220513515e-05,1.9178708043909865e-06
Wrong 9.894411050481722e-06,2.298692379554268e-06,2.429485903121531e-05,2.094437695632223e-05
Wrong 0.0009429558995179832,2.964378109027166e-05,0.0004930103314109147,0.0002023479901254177
Wrong 7.8256540291477e-05,7.696943612245377e-06,4.4236778194317594e-05,7.948272832436487e-05
Wrong 7.283366812771419e-06,1.5048356090119341e-06,2.1910143914283253e-05,1.8820202285496634e-07
Wrong 4.563254151435103e-06,2.1794780025174987e-07,9.659582246968057e-06,2.9412214530566416e-07
Correct 2.264028626086656e-05,5.765049877481943e-07,1.9515759049681947e-05,6.287396445259219e-06
Wrong 8.228404112742282e-06,4.405927711559343e-07,1.6746053006500006e-05,5.140506118550547e-07
Correct 1.6597789453953737e-06,1.34120625716605e-07,6.9863308453932405e-06,3.024074146651401e-07
Wrong 1.7526563169667497e-06,1.5877822079346515e-07,1.6368127035093494e-05,1.8773613419398316e-07
Correct 2.8474721602833597e-06,1.8442290183884325e-07,1.0171211215492804e-05,4.4196781345817726e-07
Correct 7.9988503784989e-06,6.821531428613525e-07,2.7911923098145053e-05,5.707437935598136e-07
Wrong 4.314151283324463e-06,2.2733897253601754e-07,8.713222086953465e-06,4.917095566270291e-07
Wrong 1.7035905557349906e-06,1.1166440572196734e-07,6.632195436395705e-06,4.0816630075823923e-07
Wrong 1.4809513686486753e-06,1.2368447244170966e-07,1.60438175953459e-05,2.574388986431586e-07
Wrong 1.6563710687478306e-06,2.8064988555343007e-07,7.421391728712479e-06,8.660588264319813e-07
Wrong 3.5419052437646315e-06,8.302982905661338e-07,4.147551589994691e-05,6.764104796275205e-07
Wrong 9.736879292177036e-06,8.254311865130148e-07,8.345073001692072e-05,7.703046321694274e-06
Correct 2.1491698589670705e-06,1.3034360790697974e-07,6.737164949299768e-05,2.722419196743431e-07
Correct 6.032813871570397e-06,5.914670282436418e-07,3.136015584459528e-05,8.16730960195855e-07
Wrong 9.049139180206112e-07,9.219011332106675e-08,5.083857558929594e-06,5.6551087368461594e-08
Wrong 1.3399360341281863e-06,1.428062432751176e-07,1.7369720808346756e-05,3.014282015101344e-07
Correct 2.2386213913705433e-06,1.5451966817181528e-07,9.497641258349176e-06,3.0069324452597357e-07
Wrong 3.7004556361353025e-06,2.3129553028411465e-07,6.967023182369303e-06,2.5488944288554194e-07
Wrong 5.905210969103791e-07,2.663577447492571e-07,8.673066076880787e-06,1.6085870413462544e-07
Wrong 7.819966413080692e-06,1.893700982691371e-07,1.0521629519644193e-05,7.219585427264974e-07
Correct 1.0899277640419314e-06,2.5765916689124424e-07,1.1533322322065942e-05,2.777503596007591e-07
Wrong 1.257657118003408e-06,2.406554528988636e-07,1.3102487173455302e-05,1.1168289404395182e-07
Correct 2.361463884881232e-06,2.1519851145512803e-07,1.8571172404335812e-05,6.211087111296365e-07
Correct 0.0006395689561031759,7.581685349578038e-05,0.0011490264441817999,2.5387540517840534e-05
Correct 3.8233924897213e-06,3.010711111528508e-07,0.00014916615327820182,2.474855875789217e-07
Wrong 1.1106722922704648e-05,2.3547646321731008e-07,1.6670755940140225e-05,3.8034221461202833e-07
Wrong 1.5071608459038544e-06,4.717509582974344e-08,7.957208254083525e-06,8.149972785531645e-08
Correct 8.365204280380567e-07,1.4413686244552082e-07,1.2679691280936822e-05,1.8308790572518774e-07
Wrong 2.8665533591265557e-06,1.8727284611941286e-07,7.669337719562463e-06,3.0226246394704503e-07
Wrong 2.223544015578227e-06,1.6298696436933824e-07,8.723734936211258e-06,1.8117073352641455e-07
Wrong 5.5717123359499965e-06,4.499533190482907e-07,5.8493707911111414e-05,1.1059978533012327e-06
Wrong 5.243864052317804e-06,1.306477628304492e-07,1.540922312415205e-05,4.108650557554938e-07
Wrong 1.4597586641684757e-06,1.197824701648642e-07,5.093387244414771e-06,5.245334477876895e-07
Wrong 1.6977173800114542e-06,8.506317499268334e-07,1.988018811971415e-05,2.4371240670006955e-07
Wrong 3.8724160731362645e-06,2.0984447246519267e-07,2.0604958990588784e-05,2.478347198575648e-07
Wrong 2.1107023258082336e-06,1.6381514456043078e-07,1.354544838250149e-05,2.857798335753614e-07
Wrong 1.7606054143470828e-06,2.2083250428295287e-07,1.593499291629996e-05,3.2210382983066665e-07
Wrong 1.105020032809989e-06,1.1644640096619696e-07,1.7552163626533e-05,5.262060653876688e-07
Wrong 3.0447701647062786e-05,2.2428330339607783e-06,4.464201265363954e-05,9.379402763443068e-05
Correct 0.00039271419518627226,2.6328571038902737e-05,0.00016498197510372847,0.0002419460070086643
Correct 1.011845324683236e-05,5.551872277465009e-07,5.3840005421079695e-05,7.624910836057097e-07
Wrong 3.1246247090166435e-05,7.440453941853775e-07,0.00011790644202847034,6.0260435930104e-07
Wrong 2.375123813180835e-06,1.8209954077974544e-07,2.270779623358976e-05,2.3713423047411197e-07
Wrong 0.00021603434288408607,2.9197062758612446e-06,0.00013000142644159496,2.3680526282987557e-05
Wrong 1.0619226031849394e-06,9.793149757797437e-08,1.4205720617610496e-05,5.95711696860235e-07
Wrong 2.2898600491316756e-06,7.214364359242609e-07,9.659075294621289e-05,4.840467795474979e-07
Wrong 2.131178553099744e-05,1.0137914614460897e-06,2.395887531747576e-05,6.412322545656934e-05
Correct 2.9010750495217508e-06,2.1315044307357311e-07,1.3306653272593394e-05,4.96426821428031e-07
Correct 1.4584600194211816e-06,1.219140841612898e-07,2.5640885723987594e-05,1.3677924926014384e-07
Wrong 2.332025360374246e-06,2.7240287181484746e-07,1.2507184692367446e-05,1.2982247881154763e-06
Wrong 4.002201421826612e-06,2.5896818556248036e-07,9.32292387005873e-05,2.2239750308017392e-07
Wrong 1.6158552398337633e-06,1.3608506321816094e-07,1.3846550245943945e-05,1.166591943047024e-07
Wrong 8.410472946707159e-05,2.2661317416350357e-05,8.215120760723948e-05,0.0009184481459669769
Correct 6.537415902130306e-05,2.8345934879325796e-06,0.00010609984747134149,4.81204233437893e-06
Wrong 2.8994979857088765e-06,1.7866706514269026e-07,1.5070871086209081e-05,1.4559910255229624e-07
Wrong 1.4304549722510274e-06,2.389677717928862e-07,4.689370598498499e-06,4.5379221091934596e-07
Wrong 1.236198022525059e-05,7.912362889328506e-07,2.616836536617484e-05,2.038372986135073e-05
Wrong 2.7218054583499907e-06,1.0960389573710927e-07,5.164247795619303e-06,1.1239615815838988e-07
Wrong 1.0817907423188444e-05,6.611641083509312e-07,1.7833330275607295e-05,6.397742708941223e-07
Correct 2.0230045265634544e-06,9.439286685619663e-08,1.7608634152566083e-05,3.356527145115251e-07
Wrong 1.0153182302019559e-05,1.8735447326889698e-07,3.3277523471042514e-05,2.1933625760084396e-07
Correct 6.294000627349305e-07,6.180840728120529e-08,8.096454621409066e-06,3.0919429150344513e-07
Correct 2.440290018057567e-06,1.9479772106478777e-07,5.762452474300517e-06,2.280177824331986e-07
Wrong 2.0413576748978812e-06,1.0027146402080689e-07,1.0527123777137604e-05,2.2383018460914172e-07
Correct 1.875637394732621e-06,8.194923850624036e-08,1.6073836377472617e-05,1.013972621421999e-07
Wrong 2.6438622171554016e-06,1.6262532653854578e-07,5.05499474456883e-06,1.4864919251067477e-07
Wrong 5.686643817170989e-06,3.226194849048625e-07,3.825255771516822e-05,9.961313480744138e-07
Wrong 1.5469596519324114e-06,2.2173566094352282e-07,1.125055587181123e-05,2.6162555855080427e-07
Correct 7.459360494976863e-05,1.6499432149430504e-06,0.00010768045467557386,2.870156322387629e-06
Wrong 2.1751056920038536e-06,2.51746314461343e-07,1.680603872955544e-06,8.312285615375004e-08
Wrong 3.1121821848500986e-06,6.757932879963846e-08,1.5678659110562876e-05,1.0741613465370392e-07
Wrong 1.3299959391588345e-06,6.418873255142898e-08,7.707471013418399e-06,2.580438831500942e-07
Wrong 4.462358901946573e-06,3.766663780879753e-07,3.0481733119813725e-05,2.660703728452063e-07
Wrong 7.898185003796243e-07,1.3928806197327503e-07,1.124553909903625e-05,8.76767600743733e-08
Wrong 9.631503417040221e-07,1.464851635546438e-07,1.414907819707878e-05,1.9347807267422468e-07
Wrong 8.97697077562043e-07,1.3167040435746458e-07,6.842108177806949e-06,1.3557264821884019e-07
Correct 2.1598863895633258e-05,1.6563009239689563e-06,0.00012140273611294106,3.813121338680503e-06
Correct 1.3042988484812668e-06,1.852736204455141e-07,4.385897409520112e-05,2.451270120218396e-07
Wrong 0.00010002973431255668,6.3995394157245755e-06,9.469739597989246e-05,2.609433067846112e-05
Wrong 1.3451364111460862e-06,1.988344990877522e-07,1.8856104361475445e-05,9.763471098267473e-07
Correct 1.074437591341848e-06,1.2407194560637436e-07,1.308500395680312e-05,6.075712803976785e-07
Wrong 1.6490496363985585e-06,1.8397270196146565e-07,1.8144974092138e-05,4.5620191713169334e-07
Wrong 3.001207687702845e-06,1.7805982679419685e-06,7.678678230149671e-05,2.5629503852542257e-07
Wrong 6.146750592961325e-07,6.516081896279502e-08,1.0311996447853744e-05,1.6163288307780022e-07
Wrong 9.703175237518735e-06,3.464169253675209e-07,4.4861801143269986e-05,3.270282320499973e-07
Wrong 6.153845788503531e-06,5.628097028420598e-07,1.4417066267924383e-05,4.6754320237596403e-07
Correct 5.645513738272712e-06,5.893778620702506e-07,1.0461707461217884e-05,7.24981782695977e-06
Wrong 4.01197803512332e-06,2.3583334041177295e-07,3.6599427403416485e-05,4.646940112706943e-07
Wrong 0.0001200747792609036,2.657096956681926e-06,4.486316902330145e-05,1.6870653780642897e-06
Wrong 1.0082432027047616e-06,1.8823466518824716e-07,2.348334965063259e-05,3.768437863982399e-07
Wrong 7.116084816516377e-06,3.110369277692371e-07,9.801310625334736e-06,2.624562682740361e-07
Wrong 1.7654330804361962e-05,9.450833431401406e-07,5.188393697608262e-05,1.2994391909160186e-06
Wrong 6.73022032060544e-06,2.5907473855113494e-07,1.0420751095807645e-05,2.4720557689761335e-07
Correct 3.3082155823649373e-06,1.8023357029051112e-07,1.917888039315585e-05,1.706837053916388e-07
Wrong 4.963725928064378e-07,1.0798220273500192e-07,2.794795364025049e-05,1.805152862743853e-07
Wrong 3.744660716620274e-05,8.16946521808859e-06,0.0001539832301205024,0.0018614660948514938
Wrong 2.871766582757118e-06,4.113140334993659e-07,2.5993616873165593e-05,8.623266012364184e-07
Wrong 3.4197396416857373e-06,2.407057593245554e-07,3.1198585929814726e-05,7.226500429169391e-07
Wrong 8.360591164091602e-05,1.9382882783247624e-06,2.163903263863176e-05,9.508888751952327e-07
Wrong 8.543059266230557e-06,1.030189082484867e-06,1.672279177000746e-05,1.35210996177193e-06
Wrong 1.7961245930564473e-06,1.4737605624759453e-07,6.776465397706488e-06,2.2311034797439788e-07
Wrong 1.1926118759220117e-06,2.2573058799935097e-07,5.732817498937948e-06,2.3164543563325424e-06
Correct 1.9022552351088962e-06,1.6900902721772582e-07,1.2792981578968465e-05,7.391804501821753e-07
Wrong 5.386219754655031e-07,4.272265741178671e-08,6.065954039513599e-06,2.894093995564617e-07
Wrong 1.6946413552432205e-06,1.364121118285766e-07,1.5579285900457762e-05,2.4908862883421534e-07
Wrong 2.2126098428998375e-06,2.195458677078932e-07,0.00011890927271451801,4.5687733063459746e-07
Correct 1.3901380043535028e-05,1.1087521443187143e-06,6.630796997342259e-05,6.881964509375393e-06
Wrong 1.2441500985005405e-06,1.272697573995174e-07,9.336305083706975e-06,9.245905516763742e-07
Wrong 6.103308010096953e-07,7.739490115454828e-08,1.3564981600211468e-05,8.023509963095421e-07
Correct 1.359103521281213e-06,1.2140263550008967e-07,1.6043260984588414e-05,1.9284780705675075e-07
Wrong 1.6088068832686986e-06,1.4949303306366346e-07,4.116362106287852e-05,1.5877485282089765e-07
Correct 2.516600261515123e-06,2.0615514984001493e-07,4.710408393293619e-05,3.2386938642048335e-07
Wrong 2.387260565228644e-06,1.3731657588778035e-07,4.600677584676305e-06,1.2007390068902168e-06
Correct 1.4990839645179221e-06,2.396727154518885e-07,9.546041837893426e-06,2.9422898251141305e-07
Correct 1.2918234233438852e-06,1.0196893640568305e-07,2.8049507818650454e-05,1.3970742429592065e-06
Wrong 6.1460186771000735e-06,2.2851702397019835e-07,1.9227069060434587e-05,1.070498640842743e-07
Wrong 0.0005099836271256208,3.776798166654771e-06,0.00037896219873800874,4.923821506963577e-06
Wrong 1.0219426940238918e-06,1.4256062286222004e-07,5.697404048987664e-06,9.903670843414147e-07
Wrong 6.141221092548221e-06,3.046207552870328e-07,2.4471006327075884e-05,8.513368925378018e-07
Wrong 3.8037051126593724e-06,9.63194906944409e-07,2.0559109543683007e-05,1.056412088473735e-06
Wrong 8.017069376364816e-06,2.4059625047812006e-07,3.564696089597419e-05,3.234268035612331e-07
Correct 4.8333558879676275e-06,3.06781828385283e-07,6.553088496730197e-06,3.907183838691708e-07
Wrong 1.2468501154216938e-05,1.3790081538900267e-06,2.921127452282235e-05,2.45563001044502e-06
Correct 7.852168891986366e-06,1.6926780688208964e-07,1.0897791071329266e-05,9.68137101153843e-07
Wrong 7.306546194740804e-07,9.190389960167522e-08,2.1853116777492687e-05,3.42514994144949e-07
Wrong 9.640011739975307e-07,1.250339067837558e-07,3.96330551666324e-06,2.52439946279992e-07
Wrong 2.275065526191611e-05,1.1543101209099405e-05,8.584804891142994e-05,0.0017110012704506516
Correct 2.0528846107481513e-06,2.1203709366091061e-07,5.579063326877076e-06,5.580573088082019e-06
Wrong 6.3105130720941816e-06,4.307048016016779e-07,6.26079327048501e-06,4.363143375485379e-07
Wrong 8.465724386041984e-05,1.4264292076404672e-05,3.018429379153531e-05,6.842922175565036e-06
Wrong 1.6628013327135704e-05,4.798657755600289e-07,6.575587030965835e-05,8.091681706900999e-07
Wrong 3.429713979130611e-05,4.8768738452054095e-06,5.878482625121251e-05,8.740365956327878e-06
Wrong 1.7199311059812317e-06,2.5806525627558585e-07,1.3738888810621575e-05,1.9378940407932532e-07
Correct 7.458043910446577e-06,2.42568921748898e-06,2.2435471692006104e-05,8.77133004451025e-07
Wrong 5.825896550959442e-06,3.829917716302589e-07,3.888200080837123e-05,1.8444826821450988e-07
Wrong 1.666292519075796e-05,3.190835400346259e-07,2.8341441066004336e-05,5.1935251121904e-07
Wrong 8.556353350286372e-06,1.896041794680059e-07,0.00021891102369409055,1.3843357749010465e-07
Wrong 0.00014984629524406046,1.63211407198105e-05,0.00011853141768369824,0.00016716601385269314
Wrong 1.772501946106786e-06,1.1626254803331904e-07,1.6295676687150262e-05,1.618006564285679e-07
Wrong 2.439476475046831e-06,1.5504261341448e-07,2.2080697817727923e-05,6.774648113605508e-07
Correct 2.9466325486282585e-06,3.6839901440544054e-07,1.2020354915875942e-05,3.9271805007956573e-07
Wrong 7.880786142777652e-06,3.7822510989826696e-07,8.339589112438262e-05,3.021653185442119e-07
Wrong 1.2474315553845372e-05,8.324594091391191e-06,2.539311935834121e-05,1.5987449160093092e-06
Wrong 3.935784661734942e-06,1.1914846709260019e-07,2.3870491077104816e-06,2.0950521673057665e-07
Wrong 4.202905984129757e-05,4.3060276766482275e-07,6.663312524324283e-05,3.3649257602519356e-07
Wrong 1.4800541521253763e-06,3.412128251056856e-07,8.383230124309193e-06,2.2178446101861482e-07
Wrong 7.571350124635501e-07,7.23943358593715e-08,6.960437531233765e-06,6.843213782303792e-07
Wrong 4.298479780118214e-06,1.167861796602665e-06,3.487603316898458e-05,6.594502792722778e-07
Wrong 5.393945343712403e-07,7.459412643129326e-08,5.934194177825702e-06,8.34020426054849e-08
Wrong 8.441109571322158e-07,2.3001362592367514e-07,1.6301239156746306e-05,3.746395407233649e-07
Correct 2.3408624656440224e-06,1.9023282504804229e-07,1.1789343261625618e-05,2.115038341798936e-06
Wrong 1.457027678952727e-06,1.6758046683662542e-07,2.9718146834056824e-05,2.011992705774901e-07
Wrong 2.3707812033535447e-06,2.2374085517640196e-07,7.651551641174592e-06,4.3865347265636956e-07
Correct 5.195672656554962e-06,1.2767978319061513e-07,1.3163048606656957e-05,1.8498249687581847e-07
Correct 1.341529696219368e-06,1.4763405431494903e-07,3.028873834409751e-05,2.435182864246599e-07
Wrong 2.325432433281094e-06,2.0146349299920985e-07,2.9681195883313194e-05,1.0321034551452613e-06
Wrong 5.762603336734173e-07,6.854250500509806e-08,4.871558121521957e-05,1.7925876250046713e-07
Wrong 2.362282202739152e-06,3.4927205661006155e-07,3.9329992432612926e-05,4.3717386688513216e-07
Wrong 2.6240300030622166e-06,2.0148206658632262e-07,8.602681191405281e-06,2.604075916678994e-06
Wrong 4.162904133409029e-06,1.2562621520828543e-07,1.0141243365069386e-05,1.859451828067904e-07
Wrong 1.1347122381266672e-05,1.5565990452159895e-07,8.631319360574707e-06,4.68834514322225e-07
Wrong 1.6519054497621255e-06,1.1331103877409987e-07,2.665492684172932e-05,1.1429042245936216e-07
Wrong 1.2573617595990072e-06,2.9250961119942076e-07,4.855534371017711e-06,2.940857370958838e-07
Wrong 9.039789574671886e-07,1.168674685914084e-07,1.2971392607141752e-05,2.2329842863655358e-07
Wrong 4.729146894533187e-06,2.8699034260171175e-07,1.6893838619580492e-05,4.4718930780618393e-07
Wrong 1.1664524208754301e-06,1.1486430651075352e-07,2.1960531739750877e-06,2.73906721304229e-07
Wrong 2.2677229935652576e-05,4.944316742694355e-07,7.671026833122596e-05,4.388201944038883e-07
Wrong 2.9756533876934554e-06,1.2493850931605266e-07,1.5833520592423156e-05,1.8518151989610487e-07
Wrong 1.0861677992579644e-06,1.229689274850898e-07,1.4643294889538083e-05,1.9407370643875765e-07
Wrong 9.632813089410774e-07,7.75081687720558e-08,1.6159263395820744e-05,8.392602524054382e-08
Wrong 1.945244775924948e-06,1.3217149330557731e-07,6.63015634927433e-06,8.633128345536534e-07
Wrong 1.2982425232621608e-06,3.1887574891698023e-07,6.253588799154386e-05,1.118268357913621e-07
Correct 8.759784009271243e-07,7.704961291210566e-08,7.447977623087354e-06,1.4758998645447718e-07
Wrong 0.00020205076725687832,5.105146556161344e-06,0.00010813772678375244,5.18901833856944e-05
Wrong 3.71393821296806e-06,1.0430868542243843e-06,7.3278242780361325e-06,4.1691149021971796e-07
Correct 6.548717010446126e-06,6.075158012208703e-07,3.2228403142653406e-05,5.998721235300764e-07
Correct 1.7750534198057721e-06,2.8947027885806165e-07,2.3742270059301518e-05,4.4029508217136026e-07
Wrong 1.0787932296807412e-05,4.144923764215491e-07,6.710912566632032e-05,6.114685788816132e-07
Wrong 5.821709123665642e-07,1.972822616380654e-07,1.3453862266032957e-05,7.532788686148706e-07
Wrong 0.00011547003668965772,2.1378958990680985e-05,0.004871199373155832,0.00014596250548493117
Correct 1.1448996701801661e-06,5.191640539692344e-08,2.105478870362276e-06,1.5996278079910553e-07
Wrong 1.4728611859027296e-06,1.5648905105081212e-07,1.672121106821578e-05,1.9943350082485267e-07
Wrong 1.2531072570709512e-06,1.2405634208789706e-07,6.576895248144865e-05,1.7515085914965312e-07
Wrong 0.008781923912465572,0.0005274396389722824,0.0034659444354474545,0.0008427792345173657
Wrong 4.297406121622771e-05,6.850182217021938e-07,0.00046197138726711273,2.705123733903747e-06
Wrong 0.0035635726526379585,0.00033935598912648857,0.00046743039274588227,0.0008332980796694756
Correct 2.4858770757418824e-06,1.3093386996843037e-07,6.39649988443125e-06,4.2378565012768377e-07
Wrong 5.069370672572404e-05,7.721128895354923e-06,0.00015613176219630986,3.099262175965123e-05
Wrong 1.2651769793592393e-05,3.682242777358624e-07,2.7848076570080593e-05,1.6470293076054077e-06
Correct 2.6337086183048086e-06,1.8193586015513574e-07,6.777235284971539e-06,1.1780261957028415e-06
Wrong 1.9210960999771487e-06,4.2775434394570766e-07,8.342980436282232e-06,3.920698361525865e-07
Wrong 1.9162554963259026e-05,6.341034577417304e-07,1.3271626812638715e-05,1.0078833838633727e-06
Wrong 1.6801382116682362e-06,5.298889504956605e-07,2.449384737701621e-05,7.446792693599491e-08
Wrong 5.507163791662606e-07,1.2292501594401983e-07,1.1770802302635275e-05,3.3400891652490827e-07
Correct 1.6876824702194426e-06,1.2664693826991424e-07,3.388783079572022e-05,1.4641473455867526e-07
Correct 4.361251285445178e-06,1.204370221330464e-07,5.609687650576234e-05,9.51028425788536e-07
Wrong 2.4850726276781643e-06,1.7270598107188562e-07,3.796293094637804e-05,2.6212632064925856e-07
Wrong 1.8091433275913005e-06,7.680224456407814e-08,1.0086821930599399e-05,1.1899124530145855e-07
Wrong 5.95444589635008e-06,1.7007577923777717e-07,1.5083389371284284e-05,7.570817501800775e-07
Wrong 2.0287925508455373e-06,1.518659757948626e-07,1.176436217065202e-05,9.43830286814773e-07
Wrong 1.3144258446118329e-06,6.60025847309953e-08,2.9845450626453385e-06,2.001117138661357e-07
Wrong 3.28603277921502e-06,1.7520240191970515e-07,0.00010964468674501404,6.422890237445245e-07
Correct 8.416231139563024e-05,1.9499439076753333e-06,5.4761883802711964e-05,6.580168587788648e-07
Correct 2.183578999392921e-06,3.325149293686991e-07,8.368156159122009e-06,2.377513226292649e-07
Correct 2.900733079513884e-06,2.651034947120934e-07,1.2401844287524e-05,1.238173240381002e-06
Wrong 5.46310366189573e-06,1.8013484748280462e-07,2.26402553380467e-05,2.4489980887665297e-07
Wrong 8.457194780930877e-06,1.8889301145463833e-07,7.775300764478743e-05,2.6990696255779767e-07
Wrong 1.3223381756688468e-05,1.510475044597115e-06,0.00016104582755360752,1.2493708254623925e-06
Correct 3.153342277073534e-06,1.347092819514728e-07,8.911031727620866e-06,2.31258937333223e-07
Wrong 3.470873707556166e-05,4.956330030836398e-07,6.534392014145851e-05,8.10188282684976e-07
Wrong 1.3735113952861866e-06,1.76587178657428e-07,4.23837082053069e-05,9.589595038050902e-07
Wrong 8.252255065599456e-05,2.938810666819336e-06,8.579855784773827e-05,0.00047858708421699703
Wrong 3.1991867217584513e-06,2.6117618290300015e-07,1.2261765732546337e-05,8.956500892054464e-07
Wrong 5.541440941669862e-07,9.231806075149507e-08,3.5363787901587784e-05,3.0138991746753163e-07
Wrong 1.9779836293309927e-06,2.339655509331351e-07,2.7941472581005655e-05,1.516960082881269e-06
Wrong 2.24394716497045e-06,2.495311264283373e-07,8.533870641258545e-06,1.8173954003941617e-06
Correct 1.3489583352566115e-06,1.778643934358115e-07,1.1834158613055479e-05,3.7613256154145347e-07
Wrong 1.8225191524834372e-06,1.3499865758603846e-07,1.4672885299660265e-05,2.7740603059100977e-07
Wrong 9.184635132442054e-07,2.4375597718062636e-07,1.69233389897272e-05,4.954571295456844e-07
Correct 1.4508445929095615e-06,2.1878884126635967e-07,6.26394321443513e-05,5.909167839490692e-07
Wrong 1.649214027565904e-06,2.054789831618109e-07,4.894694211543538e-05,2.0332281280843745e-07
Correct 9.418115041626152e-06,2.9828620995431265e-07,1.5405110389110632e-05,6.462011583607818e-07
Wrong 7.834206371626351e-06,1.8033723847565852e-07,3.221462611691095e-05,4.009656890957558e-07
Wrong 2.2663425625069067e-06,8.812432383820124e-08,0.00012565117503982037,2.9731438644375885e-07
Wrong 4.6063792979111895e-05,1.683844743638474e-06,6.149610271677375e-05,7.56551060021593e-07
Wrong 7.860702453399426e-07,6.138409958111879e-08,1.8707444269239204e-06,8.555721819902828e-08
Wrong 3.5200155252823606e-06,1.4758003885617654e-07,1.947711643879302e-05,3.432993764818093e-07
Correct 1.1811657714133617e-05,5.94485698002245e-07,5.579076059802901e-06,1.6891584664335824e-06
Correct 2.7515807232703082e-06,1.71754805933233e-07,1.7114682123064995e-05,5.768181381426984e-07
Wrong 6.103319378780725e-07,6.546499520254656e-08,9.250979019270744e-06,2.2809739164131315e-07
Wrong 1.3311033399077132e-05,2.2662476112600416e-05,2.2818661818746477e-05,5.494943025041721e-07
Wrong 6.82521567796357e-06,2.3626982681435038e-07,5.397601398726692e-06,3.8828392234790954e-07
Wrong 2.231154212495312e-06,2.4700020162526926e-07,8.820787115837447e-06,3.924778866348788e-07
Correct 3.6707254480461415e-07,3.5691179789409944e-08,4.9089403546531685e-06,9.471271056327168e-08
Wrong 4.385868578538066e-06,4.0269830492434266e-07,1.4046276191947982e-05,6.623297963415098e-07
Wrong 3.7426189010147937e-06,1.3476439164605836e-07,5.288171814754605e-05,4.0408798440694227e-07
Wrong 3.4499348657845985e-06,2.517991219974647e-07,2.5884952265187167e-05,4.744388206745498e-07
Wrong 2.4113571726047667e-06,3.4643167623471527e-07,1.6602591131231748e-05,1.021135290102393e-06
Wrong 8.845416346048296e-07,3.425614352181583e-07,6.433103408198804e-06,3.0336732947944256e-07
Wrong 0.000238268738030456,1.4773027032788377e-05,9.551107359584421e-05,1.3870178008801304e-05
Wrong 3.357802052050829e-05,9.026101679410203e-07,0.00010100844519911334,2.4522439616703195e-06
Wrong 1.8710347831074614e-06,1.8088122999415646e-07,1.3930884961155243e-05,6.723811338815722e-07
Correct 1.4313329756987514e-06,1.2801612570001453e-07,1.4676741557195783e-05,3.0351634450198617e-07
Wrong 1.4386779412234318e-06,2.7492907861415006e-07,5.823475476063322e-06,2.505096517779748e-06
Correct 7.458915206370875e-06,3.4836213558264717e-07,2.314813536941074e-05,7.56245583488635e-07
Wrong 7.532413519584225e-07,9.277906087845622e-08,3.794117674260633e-06,1.5367082539796684e-07
Wrong 1.4463753359450493e-06,1.0786979487420467e-07,2.6652656742953695e-05,2.0045555970682472e-07
Wrong 3.152344288537279e-05,1.561354292789474e-05,5.116169631946832e-05,0.00011262897896813229
Wrong 3.2787829695735127e-06,1.7511543148884812e-07,5.798886377306189e-06,3.298853243904887e-07
Correct 4.606453785527265e-06,1.5870195113620866e-07,1.3431249499262776e-05,3.443912248712877e-07
Correct 4.3697564251488075e-06,3.005953885804047e-07,4.9227244744542986e-05,2.5550045279487676e-07
Wrong 8.732009519007988e-06,3.0920722338123596e-07,2.6891417292063124e-05,7.397402441711165e-07
Wrong 8.856405884216656e-07,1.0546107631626e-07,1.7235297491424717e-05,1.9010360574611695e-07
Wrong 6.2105082179186866e-06,5.070431825515698e-07,5.984208837617189e-05,3.32484046339232e-06
Correct 4.730611544800922e-05,5.104956244394998e-07,3.570453554857522e-05,3.328539150970755e-07
Wrong 8.802318006928544e-06,3.366110661318089e-07,5.184826659387909e-05,5.499828148458619e-07
Wrong 1.6448203723484767e-06,7.820380432121965e-08,2.6540174076217227e-05,2.5335768327749975e-07
Wrong 3.5203875086153857e-06,1.4179782681367215e-07,2.0898260117974132e-05,1.7605006519261224e-07
Wrong 1.988536041608313e-06,2.168823556303323e-07,2.598488390503917e-05,4.836732045987446e-07
Wrong 3.6583842302206904e-06,2.5461451969022164e-07,9.486935596214607e-06,4.8463771236129105e-06
Wrong 1.2375568303468754e-06,1.5507451678331563e-07,8.067810085776728e-06,4.7344377662739134e-07
Wrong 4.185721081739757e-06,2.2173119873514224e-07,7.5192619988229126e-06,3.820248366537271e-07
Correct 2.610742740216665e-06,1.1658898557698194e-07,6.116757049312582e-06,2.0139769674187846e-07
Wrong 1.7216407286468893e-05,2.8144040697952732e-06,3.7016390706412494e-05,3.2099389954964863e-06
Correct 0.00031922850757837296,5.773584052803926e-05,0.00035333025152795017,0.00010946240945486352
Wrong 3.0295927899715025e-06,1.675079204233043e-07,1.5024953427200671e-05,1.5754714866034192e-07
Wrong 2.486843413862516e-06,1.8820604452685075e-07,0.00011080101830884814,7.604730001276039e-08
Wrong 9.282903192797676e-07,1.922646220009483e-07,5.1460418035276234e-05,2.338035614002365e-07
Wrong 1.3853923519491218e-06,1.6450218254249194e-07,3.271043624408776e-06,2.9856019523322175e-07
Wrong 3.946172455471242e-06,1.6469996921841812e-07,1.2341328329057433e-05,2.533357417178195e-07
Wrong 2.9063780857541133e-06,1.6204704422762006e-07,2.7944356588704977e-06,6.047001193110191e-07
Wrong 6.8289505179564e-06,3.3566939805496077e-07,5.628428698400967e-05,1.1152319530083332e-06
Correct 8.517965852661291e-07,5.575616768282998e-08,1.9231511032558046e-05,2.9211653895799827e-07
Wrong 2.1027303773735184e-06,1.3131075604633224e-07,1.0267801371810492e-05,1.4375314094650093e-07
Wrong 2.202555378971738e-06,3.980499627687095e-07,8.310018529300578e-06,4.840412088924495e-07
Correct 3.10042264572985e-06,1.1278761746780219e-07,5.834966486872872e-06,3.0710046416970727e-07
Wrong 4.135925337322988e-06,2.3275318028481706e-07,4.1116778447758406e-05,5.019213062951167e-07
Wrong 4.05222181143472e-06,3.1714012038719375e-07,3.639455098891631e-05,9.779544143384555e-07
Wrong 3.0699225135322195e-06,1.9399178086132451e-07,5.689858426194405e-06,3.124530962850258e-07
Wrong 1.4827498944214312e-06,7.953045155772998e-08,3.563891732483171e-05,1.075297433317246e-07
Wrong 3.3040998914657393e-06,2.0509493481313257e-07,1.3800510714645498e-05,1.882675860542804e-06
Wrong 8.459205673716497e-06,8.556422130823194e-07,3.397388354642317e-05,5.252240498521132e-06
Wrong 0.00014488882152363658,8.180359145626426e-06,9.650774882175028e-05,3.7433185298141325e-06
Wrong 1.651671300351154e-05,1.6625405123704695e-06,0.00010195733193540946,6.687817949568853e-05
Correct 1.4207193999027368e-05,3.0319822030833166e-07,4.957964119967073e-05,2.7181994255442987e-07
Wrong 3.90342393075116e-06,3.96061153651317e-07,2.1429324988275766e-05,1.8729666635408648e-06
Wrong 1.2871134913439164e-06,1.4961304373173334e-07,2.447157385176979e-05,3.20544899068409e-07
Wrong 2.957722017526976e-06,1.9224184200083982e-07,1.2645583410630934e-05,2.1029515551163058e-07
Correct 3.6144701880402863e-06,2.5564494876562094e-07,9.30005990085192e-06,1.961939801731205e-07
Wrong 1.4341518408400589e-06,2.099215237194585e-07,1.1363718840584625e-05,4.531444517397176e-07
Wrong 5.7047891459660605e-06,3.2897526125452714e-07,1.770728158589918e-05,2.5278924908889167e-07
Correct 1.5447056966877426e-06,2.0875202721981623e-07,1.686541691015009e-05,2.11121596294106e-06
Correct 6.498471520899329e-06,6.945377890588134e-07,2.1981342797516845e-05,2.2815249849372776e-06
Correct 1.6194843510675128e-06,2.3781551306001347e-07,1.10645305539947e-05,4.225678367220098e-07
Wrong 1.8131624983652728e-06,1.5798391928001365e-07,1.339348000328755e-05,1.7166323686979013e-06
Wrong 7.555217507615453e-06,5.51070286292088e-07,1.5991316104191355e-05,5.760518320130359e-07
Correct 2.074646090477472e-06,1.1227816543168956e-07,1.9679306205944158e-05,1.1003408673104786e-07
Wrong 2.6753859856398776e-05,6.38851474832336e-07,5.797236372018233e-05,3.923730105270806e-07
Wrong 3.00681995213381e-06,2.2600268323458295e-07,1.4231328350433614e-05,5.87557508424652e-07
Wrong 2.536429383326322e-05,2.3424620394507656e-06,3.521222242852673e-05,9.685739996712073e-07
Correct 0.0008615921251475811,7.769442163407803e-05,0.0003676607448142022,0.00023008519201539457
Wrong 3.656499757198617e-05,7.09458163328236e-07,4.143019759794697e-05,3.2203611226577777e-06
Wrong 1.3539157635023003e-06,1.4369577172601566e-07,2.325369860045612e-05,3.450525696280238e-07
Correct 3.494720203889301e-06,3.8464858675979485e-07,1.0928232768492308e-05,3.448341487910511e-07
Wrong 5.651939773088088e-06,2.486139010215993e-07,1.253706341231009e-05,3.375324695298332e-06
Wrong 6.799004950153176e-06,3.8470662389045174e-07,1.6435098586953245e-05,8.185828619389213e-07
Correct 0.0001510491711087525,1.5803776477696374e-05,5.343492011888884e-05,3.318437302368693e-05
Wrong 1.037978904605552e-06,2.0179496118544193e-07,4.081185761606321e-05,5.428199187917926e-07
Correct 2.380885234742891e-06,1.005410723564637e-07,1.73151620401768e-05,1.1405277433595984e-07
Correct 3.971142632508418e-06,1.593733571780831e-07,2.650178430485539e-05,6.432774171116762e-07
Wrong 2.572015000623651e-05,1.1330806046316866e-05,4.584694033837877e-05,5.145010163687402e-06
Wrong 9.109346865443513e-05,1.1495625585666858e-05,4.370517490315251e-05,5.612768291030079e-05
Wrong 1.8657932514543063e-06,3.0076023449510103e-07,7.15092346581514e-06,2.7636866661850945e-07
Correct 2.9883499337302055e-06,1.1151450252100403e-07,6.693125033052638e-05,2.2527754595103033e-07
Correct 1.4434020158660132e-05,3.1092685048861313e-07,3.489351365715265e-05,2.686810773866455e-07
Wrong 4.234060725138988e-06,1.6728077412153652e-07,9.46618638408836e-06,2.408855266367027e-07
Correct 4.9607888286118396e-06,3.9572316268277064e-07,1.6779535144451074e-05,6.663925091743295e-07
Correct 2.201594043071964e-06,1.575855606006371e-07,1.552054163767025e-05,2.934883696070756e-07
Correct 1.0558569556451403e-05,1.8566635162642342e-07,2.552155638113618e-05,2.9976749260640645e-07
Wrong 4.108336725039408e-06,1.9897009906344465e-07,0.00011453260231064633,1.6834657401432196e-07
Correct 1.9875456018780824e-06,2.415293351987202e-07,5.2352133934618905e-06,1.374865661318836e-07
Correct 9.867474091151962e-07,9.690523228300663e-08,6.19927523075603e-05,3.2542021699555335e-07
Wrong 8.571299986215308e-05,1.4106050912232604e-05,0.0007943326490931213,0.0003062651085201651
Wrong 1.3473922990669962e-06,1.8838545656763017e-07,4.0933984564617276e-05,2.398270453340956e-07
Correct 6.586993777091266e-07,6.133560503940316e-08,4.1621087802923284e-06,8.746691548822128e-08
Wrong 8.466503641102463e-05,2.8373087843647227e-05,0.00010290739737683907,5.585232429439202e-06
Wrong 2.116940549967694e-06,1.3841207646692055e-07,1.4922889931767713e-05,5.610767743746692e-07
Wrong 2.6496311420487473e-06,2.0500142738910654e-07,3.462075983406976e-05,1.6824279214233684e-07
Wrong 1.8322461983188987e-06,5.824103865847974e-08,1.7758180774762877e-06,1.993927583043842e-07
Wrong 1.980546585400589e-06,1.89882754852988e-07,6.016918268869631e-05,4.4895415385326487e-07
Wrong 1.9970686935266713e-06,3.172935691964085e-07,1.850342596299015e-05,6.235686669242568e-07
Wrong 1.1815481002486194e-06,1.4250325364173477e-07,1.0610177014314104e-05,1.6703862115718948e-07
Wrong 2.612701337056933e-06,2.231025035825951e-07,5.8408895711181685e-06,1.5725316870884853e-06
Wrong 1.576653085066937e-05,1.5514685856032884e-06,3.87156214856077e-05,2.0847251107625198e-06
Wrong 4.3786681089841295e-06,4.4708789914693625e-07,1.2765181963914074e-05,2.1723042664234526e-05
Correct 6.707175634801388e-05,2.374687710471335e-06,2.3177719413070008e-05,7.690677534810675e-07
Correct 0.00016529689310118556,6.785852019675076e-05,0.0002206887729698792,7.451230339938775e-05
Wrong 8.496468240082322e-07,1.1785584064227805e-07,5.682129267370328e-05,3.2378665082433145e-07
Correct 4.143209480389487e-06,1.7889907155677065e-07,8.303590220748447e-06,3.9462889844799065e-07
Wrong 5.532986051548505e-06,7.999802278391144e-07,2.3289971068152227e-05,3.196423676854465e-07
Correct 3.988130629295483e-05,2.7847268029290717e-06,2.534733539505396e-05,0.00024814752396196127
Wrong 1.374716362079198e-06,1.4523988056680537e-07,8.68755432748003e-06,1.0484274781674685e-07
Correct 4.559653825708665e-05,1.1804829682660056e-06,1.5271867596311495e-05,9.613933116270346e-07
Wrong 3.1804852369532455e-06,2.8606908131223463e-07,1.5171220184129197e-05,5.443201871457859e-07
Wrong 1.5029753512862953e-06,3.2833696650413913e-07,2.601541746116709e-05,9.780725349628483e-07
Correct 1.2381757187540643e-05,2.2935073502594605e-06,1.5407969840453006e-05,4.222262646180752e-07
Wrong 1.929334302985808e-06,2.6732035962595546e-07,1.947940472746268e-05,1.8523768119393935e-07
Wrong 1.6863548353285296e-06,3.831139565591002e-07,1.1081348930019885e-05,3.024315162747371e-07
Wrong 4.598131909006042e-06,2.651869124292716e-07,2.4468272386002354e-05,1.6566791316563467e-07
Wrong 3.842657406494254e-06,3.6671181646852347e-07,9.809280527406372e-06,3.1551900292470236e-07
Wrong 3.980860583396861e-06,2.1267273098146688e-07,9.927361134032253e-06,2.5765470468286367e-07
Correct 1.979785338335205e-06,1.7374570404626866e-07,2.8188753276481293e-05,3.322294332974707e-07
Wrong 6.38809410702379e-07,9.417457391691642e-08,3.125168223050423e-05,2.835273278378736e-07
Wrong 1.1957283732044743e-06,1.0024735530578255e-07,9.476814739173278e-06,4.29782829769465e-07
Wrong 2.7571657028602203e-06,2.2431301260894543e-07,5.940047049080022e-05,2.753612875494582e-07
Wrong 5.749667707277695e-06,3.8943028357607545e-07,1.6895881344680674e-05,5.82927725645277e-07
Wrong 1.9845360839099158e-06,1.22480216191434e-07,4.882810389972292e-05,7.187566666289058e-07
Wrong 1.8117160607289406e-06,2.963616907436517e-07,3.062717223656364e-05,7.093943850122741e-07
Wrong 2.48861010732071e-06,1.7930672413513093e-07,2.166088052035775e-05,2.1761343305115588e-07
Wrong 1.316774842052837e-06,2.46143514459618e-07,3.9386821299558505e-05,2.1840403974238143e-07
Wrong 5.980990863463376e-06,1.0173328490736822e-07,4.110054760531057e-06,3.4155161188209604e-07
Correct 2.0466142814257182e-05,7.020846624072874e-07,7.254770753206685e-05,6.278975774876017e-07
Correct 1.02212391084322e-06,1.6576090899889095e-07,1.4781555364606902e-05,2.2284417866558215e-07
Wrong 2.727592573137372e-06,1.2024587192627223e-07,3.94520211557392e-05,4.023922599571961e-07
Wrong 2.011362994380761e-06,9.586146632045711e-08,4.6392501644731965e-06,3.6077068443773896e-07
Correct 3.513897354423534e-06,1.622825607228151e-07,5.614166184386704e-06,1.33396804358199e-06
Wrong 8.902118793230329e-07,1.230685739983528e-07,1.4589628335670568e-05,1.8816174929270346e-07
Correct 1.3730576711168396e-06,3.2824146956045297e-07,2.113825576088857e-05,2.84475021317121e-07
Wrong 7.306144311769458e-07,6.45031690282849e-08,6.61332524032332e-06,1.8919972433195653e-07
Wrong 5.473259534483077e-07,8.954033603458811e-08,1.2067591342201922e-05,2.1100970570842037e-07
Wrong 2.8159805879113264e-05,3.641107014118461e-06,6.007280899211764e-05,7.291424935829127e-06
Wrong 5.034831701777875e-06,2.2826189649549633e-07,4.691757112595951e-06,1.5728016933280742e-06
Correct 1.7260314280065359e-06,7.150817395995546e-07,7.629524043295532e-05,3.8220082387852017e-07
Wrong 2.9378015824477188e-05,1.6081514786492335e-06,0.0003578701289370656,2.8416357054084074e-06
Correct 1.6699314073775895e-05,3.5086818570562173e-06,5.6923676311271265e-05,5.771586984337773e-06
Wrong 6.49547610009904e-06,4.3810285887957434e-07,0.00010159341036342084,2.878002192119311e-07
Wrong 8.055579883148312e-07,6.397656449053102e-08,2.126229264831636e-05,1.9898580205790495e-07
Wrong 2.247043994429987e-06,2.5992429186771915e-07,5.793547097709961e-05,4.3410733496784815e-07
Wrong 2.0501613562373677e-06,1.0368944458605256e-07,1.5996703950804658e-05,2.1036329655998998e-07
Wrong 6.760058568033855e-06,4.915743829769781e-07,2.694221620913595e-05,2.791125552903395e-07
