grade confidence_levels
Correct 0.0017538235988467932,0.00044343603076413274,6.733220288879238e-06,0.9977954626083374
Correct 0.9926559925079346,0.005902547854930162,0.0001648464531172067,0.0012765156570822
Correct 1.2554183115298656e-07,2.3454302322534204e-07,8.543229235158378e-09,0.9999982118606567
Wrong 0.1451338529586792,0.8094915747642517,0.0442633219063282,0.0010740174911916256
Correct 0.07905818521976471,0.7984594106674194,0.12244772166013718,3.40537226293236e-05
Correct 0.9999992847442627,7.307419114255254e-09,2.2286368306367876e-09,3.2106564629152956e-10
Correct 0.9994004964828491,0.0005357463960535824,1.611025624015383e-07,5.388142744777724e-05
Correct 2.468288403179031e-05,6.17923944901122e-07,0.9999744892120361,1.3156359557342512e-07
Correct 0.9999598264694214,3.8831058191135526e-05,4.4761602424614466e-08,7.337920351346838e-07
Correct 0.9121450781822205,1.2051382327626925e-05,0.0055959830060601234,0.08223237097263336
Correct 0.00029594203806482255,2.683276534298784e-06,4.8311212594853714e-05,0.9996531009674072
Correct 1.1189424640178913e-06,2.688247180415715e-09,1.5960855748176073e-08,0.9999984502792358
Correct 0.00033015161170624197,2.74117638809912e-07,0.9996665716171265,5.624528967018705e-07
Correct 1.1078984130108438e-07,2.0176328163756807e-08,5.690995674711985e-09,0.9999942779541016
Correct 8.170693945430685e-06,0.07986187189817429,0.9139707088470459,0.006158286239951849
Wrong 0.999997615814209,2.09045788324147e-06,1.4532512970788503e-08,8.02561572754712e-09
Correct 0.0132169583812356,2.5119161364273168e-05,0.9863395690917969,0.0004182715783827007
Correct 8.280395924487038e-09,0.9999998807907104,8.071592838554409e-10,3.5817476762289857e-10
Correct 2.726468665059656e-06,0.9999966621398926,2.069831737117056e-07,2.069831737117056e-07
Correct 0.0006659925566054881,0.0010642531560733914,0.9982694387435913,1.0389792493015193e-07
Correct 0.00044407829409465194,0.0003100166213698685,5.089862952445401e-06,0.9992406368255615
Wrong 0.014956898987293243,0.9850305914878845,1.2613944818440359e-05,2.0187391314152592e-08
Correct 0.963681697845459,1.1413150787120685e-05,8.837961649987847e-05,0.0362163670361042
Correct 1.0,6.904000704466284e-10,2.8333957402537635e-10,4.1225672875455643e-10
Correct 7.112421371857636e-07,0.9999971389770508,6.615582748281668e-08,3.596829856178374e-08
Wrong 0.9996680021286011,3.2231163515916705e-08,0.0003301520773675293,1.9056227706926165e-09
Correct 0.9999998807907104,4.527753727501249e-10,1.0527341220978315e-09,9.290346825174822e-10
Correct 3.0674022127641365e-05,3.0849673748889472e-06,0.01691432110965252,0.9830507636070251
Correct 0.00031999772181734443,1.0243149262123552e-07,9.379900411943254e-09,0.999678373336792
Correct 0.9999985694885254,5.896413313166704e-07,7.979927829637745e-08,2.5360156996612204e-07
Correct 0.9999964237213135,2.6729351176868477e-08,3.791027936017599e-09,1.179354356395379e-07
Correct 0.44533398747444153,0.0003935979038942605,4.416045703692362e-05,0.5542271137237549
Wrong 0.050422314554452896,0.002081177430227399,0.9221277236938477,0.02535393089056015
Correct 2.935654563884782e-08,2.2993826842565568e-09,0.9999997615814209,1.0907280056926538e-07
Correct 0.004751196131110191,3.219663085474167e-06,0.9944068193435669,0.0008386359550058842
Correct 1.808603933284303e-08,0.9999995231628418,2.6465725166957554e-09,1.4085422606058273e-08
Wrong 0.9648032188415527,0.03514295443892479,2.656725700944662e-05,2.6155368686886504e-05
Wrong 0.9994843006134033,0.0004511815495789051,3.94238049921114e-05,2.5059292966034263e-05
Correct 0.999997615814209,1.6280503132293234e-06,1.8846050409138115e-07,3.466319355993619e-07
Correct 0.0005637130234390497,0.011322480626404285,0.00025408537476323545,0.9878590703010559
Correct 0.9999998807907104,1.8476060681393847e-09,4.644880924331574e-09,5.181739481940895e-09
Wrong 0.008847326040267944,5.60854189757265e-08,5.027464666795822e-08,0.9911494255065918
Correct 9.777224363460846e-08,0.9999998807907104,1.4532545833390031e-08,1.4166084971733994e-09
Correct 0.016402943059802055,2.810440037137596e-06,0.9835915565490723,2.2582521523872856e-06
Wrong 0.22797511518001556,0.0006923674372956157,0.7712298631668091,0.00010131574526894838
Correct 1.6279844885502825e-06,0.9999572038650513,3.763625136343762e-05,2.9478990200004773e-06
Correct 0.9999984502792358,2.3090683498594444e-07,2.829129925885354e-07,6.719771761254378e-08
Correct 0.9999980926513672,4.944441300835933e-09,5.602785790870257e-09,2.160066792100679e-09
Correct 0.9999761581420898,8.05925992608536e-07,2.657662037108821e-07,2.1782605472253636e-05
Correct 2.769253569567809e-06,5.391062950366177e-05,5.20327319009084e-07,0.9999421834945679
Correct 3.905482117261272e-06,9.777183862524907e-08,0.9999957084655762,3.432114326074043e-08
Correct 3.1071590456122067e-07,0.9999881982803345,4.664398147724569e-07,8.801074727671221e-06
Correct 3.1875640615908196e-06,3.2749486678085304e-08,1.47613503642674e-08,0.9999964237213135
Wrong 0.9997381567955017,1.0084946922006566e-07,3.3067266258512973e-07,0.00026119014364667237
Correct 0.039638642221689224,1.1504403829576404e-07,0.9603563547134399,3.4201692589164168e-09
Wrong 5.9754351241281256e-05,4.707124503511295e-07,0.9045945405960083,0.09534355998039246
Correct 0.028411397710442543,0.00028292182832956314,0.0005805179243907332,0.9707222580909729
Wrong 0.9999327659606934,7.570646403110004e-07,2.0579150259436574e-06,6.401985592674464e-05
Wrong 0.3385242521762848,0.0052211652509868145,0.6324465274810791,0.02376813255250454
Correct 6.93309019084154e-08,1.40263287096154e-10,2.3859583753171876e-10,0.9999998807907104
Correct 0.262830913066864,0.7371274828910828,3.618487244239077e-05,2.242051095890929e-06
Correct 2.8012204111860228e-08,0.9999994039535522,4.099090844533748e-09,1.7087554704531271e-09
Wrong 0.3207243084907532,0.00020738710009027272,9.202746878145263e-05,0.6789733171463013
Correct 0.9999758005142212,1.0289370038663037e-05,8.013369551918004e-06,5.338054961612215e-06
Correct 0.0010614468483254313,0.00036682619247585535,0.0029307485092431307,0.9956371188163757
Correct 1.0,3.753640176462625e-10,3.8727929196902267e-10,6.092759075038146e-10
Correct 0.01155779231339693,0.010857542045414448,0.977364718914032,0.0002184080658480525
Wrong 0.0019749479833990335,0.9915724992752075,0.003576168790459633,0.002873532474040985
Correct 1.6280478121188935e-06,1.7603393871468143e-06,1.4908430046034482e-07,0.9999960660934448
Correct 2.447680502726257e-09,9.343549545182128e-11,1.0,5.051074558615198e-10
Correct 0.06116342917084694,0.0006284017581492662,0.32047343254089355,0.6177287101745605
Correct 2.8453348122070565e-08,1.4085428823307211e-08,1.0,8.814435403792231e-09
Wrong 0.00034056478762067854,2.6981476253240544e-07,0.999470055103302,0.00018807775632012635
Correct 0.00013287710316944867,0.7877410650253296,0.0001051144499797374,0.21201762557029724
Wrong 2.6932963237413787e-07,2.1765174551546806e-08,0.002323153428733349,0.997672975063324
Wrong 0.8622098565101624,0.0013584898551926017,0.13642142713069916,9.297578799305484e-06
Correct 3.7694494636753006e-08,0.9999982118606567,1.1382751408106628e-09,2.2766936946805316e-10
Correct 1.562395368637226e-07,2.7036442529215776e-10,1.036412733412817e-09,0.9999995231628418
Correct 0.32080528140068054,3.0355102353496477e-05,0.6791447401046753,1.2457708180590998e-05
Correct 1.611976188087283e-07,8.013485057745129e-06,1.4761258881890171e-08,0.9999902248382568
Correct 0.000909767986740917,0.001365723554044962,4.2550411308184266e-05,0.997681736946106
Correct 0.9999995231628418,6.758259729622296e-09,9.004509360366342e-10,1.1929038867819486e-09
Wrong 0.9152820706367493,0.07997645437717438,8.394086762564257e-05,0.004655187949538231
Wrong 0.6311882734298706,0.3173814117908478,0.04295290261507034,0.008457927964627743
Correct 1.1659509254968725e-05,1.5056838265081751e-06,0.9999865293502808,3.307548013253836e-07
Correct 6.276694648477132e-07,0.9999978542327881,2.0816868229189822e-08,3.0941516016014248e-09
Correct 2.817255762010973e-09,3.8127423440670327e-10,4.97275221000848e-10,0.9999974966049194
Correct 0.0013879528269171715,1.1638692740234546e-05,0.9982011318206787,0.00039765509427525103
Correct 0.7201793193817139,0.14631330966949463,0.13321979343891144,0.000286899070488289
Correct 1.6441945263068192e-05,1.3006648259761278e-05,0.9999500513076782,2.046233021246735e-05
Correct 1.4761395661366805e-08,2.0494166363960176e-08,0.9999995231628418,9.329489358833598e-08
Correct 0.01282120868563652,0.9871783256530762,1.2464210108475982e-08,1.4428369610186564e-09
Correct 6.214778380808639e-08,0.9999992847442627,4.6448782597963145e-09,3.526215708316016e-10
Correct 0.9999948740005493,5.122873858454113e-07,1.8162164678869885e-06,8.446190236099937e-07
Correct 5.771911673946306e-06,1.4144678743832628e-06,0.999992847442627,6.758213988433681e-09
Correct 1.6536896509933285e-06,3.0941531559136592e-09,0.9999983310699463,2.35886155053322e-08
Correct 0.8561992645263672,0.08216695487499237,0.028396138921380043,0.03319844603538513
Correct 0.0005566645413637161,0.9908691644668579,0.008572697639465332,8.634776804683497e-07
Wrong 0.0004910926800221205,0.498075932264328,0.498075932264328,0.003356009256094694
Correct 4.353373242338421e-06,0.9991907477378845,1.4438109019465628e-07,0.000804081792011857
Correct 0.9999997615814209,2.8616280456361665e-09,3.326532649339242e-08,3.8891108999905555e-08
Correct 6.957434379728511e-06,0.999300479888916,2.0566137663990958e-06,0.0006878431304357946
Correct 0.9999997615814209,2.923337405480453e-10,9.343546769624567e-11,4.819767918107232e-10
Correct 0.00010554654727457091,1.3230600615088406e-08,1.1978008274127205e-07,0.9998915195465088
Correct 0.9999995231628418,3.526216818539041e-10,7.449323102814986e-11,4.7722173435182924e-11
Correct 0.9999960660934448,2.0580453110596864e-06,3.689871732603933e-07,3.059011248751631e-07
Correct 1.0952989214274567e-05,0.9999768733978271,1.1189182487214566e-06,6.240825769054936e-06
Correct 0.08509580045938492,3.0866085580782965e-05,6.270825451792916e-06,0.9148661494255066
Correct 0.00029439624631777406,0.0021083829924464226,0.9944315552711487,0.003165057860314846
Wrong 0.18458938598632812,0.000340023310855031,0.06182970106601715,0.7532399296760559
Correct 0.9999998807907104,1.004526017922558e-09,1.1744097916377427e-09,4.2114679799087895e-11
Correct 0.004754784516990185,1.8254408132634126e-05,6.889141513966024e-05,0.995157778263092
Wrong 8.902256354303972e-08,1.6212212017308048e-08,0.9999990463256836,6.475946179307357e-07
Correct 0.9999994039535522,2.7150358405947372e-08,7.153166592388516e-08,2.9189385486461106e-07
Correct 0.9999997615814209,1.906255375772048e-09,1.773093477597243e-10,4.916297058343844e-08
Correct 0.999997615814209,1.2698371243402562e-09,2.461691406274724e-10,2.0176397441673544e-08
Correct 0.9999725818634033,6.932900475931092e-08,2.6015518415078986e-06,2.4300165023305453e-05
Correct 0.998571515083313,1.3268809198052622e-06,0.0014103329740464687,1.56673850142397e-05
Correct 0.0011335050221532583,0.9988100528717041,4.3950760300504044e-05,1.1829186405520886e-05
Wrong 0.8354611396789551,1.1750127669074573e-05,0.164512038230896,8.731953130336478e-06
Correct 0.9999998807907104,1.9667665274170076e-09,8.727473188585577e-10,1.1562025781231e-09
Wrong 0.33451059460639954,6.101067992858589e-05,0.00016584423428867012,0.665253758430481
Correct 8.233244130906314e-08,0.9999994039535522,1.2626090395428946e-08,1.4389163194294952e-09
Correct 0.4452412724494934,9.059251169674098e-05,0.0005549464840441942,0.5541117191314697
Wrong 0.9999635219573975,5.4843265928639084e-08,1.7982414135531144e-07,3.591299173422158e-05
Correct 1.9555676189497717e-08,2.006155881417726e-07,0.9999997615814209,2.1265811334103546e-09
Wrong 0.7747587561607361,0.15740178525447845,0.0527229942381382,0.01510539185255766
Correct 0.3252362310886383,7.660345545446035e-06,0.667341411113739,0.007413494400680065
Wrong 0.0016391633544117212,2.4503509848727845e-05,0.4991646707057953,0.4991646707057953
Correct 0.9999995231628418,2.0494166363960176e-08,7.614507779862834e-08,2.0494166363960176e-08
Correct 0.9999990463256836,9.889515872885113e-10,1.3808855447994262e-10,9.14630537973693e-10
Correct 0.0031785534229129553,0.6863763928413391,0.03312128409743309,0.27732113003730774
Correct 4.181185602192272e-07,0.9999991655349731,1.125350834740857e-07,8.105597970597955e-08
Correct 0.0007096162298694253,0.9992140531539917,4.754132532980293e-05,2.794810279738158e-05
Wrong 0.9201200008392334,0.0014272566186264157,0.07792556285858154,0.0005250583053566515
Wrong 0.8695126175880432,0.009074178524315357,0.12141115963459015,1.5792312524354202e-06
Correct 0.0003350700717419386,0.9988297820091248,5.249273272056598e-06,0.0008293063729070127
Correct 0.2566826641559601,0.199904665350914,0.5433971881866455,1.3624175153381657e-05
Correct 5.7477311798947994e-08,0.9999994039535522,1.4307232731880504e-08,3.0636299053199423e-10
Correct 4.1163573882840865e-07,0.9999979734420776,1.6119886936394323e-07,3.192371034188568e-09
Correct 6.894660145917442e-06,0.009708404541015625,8.815771934678196e-08,0.9902841448783875
Correct 0.09781880676746368,0.055735476315021515,0.8450255393981934,0.0014172832015901804
Correct 0.00019110404537059367,1.0085646096058554e-07,8.989238722278969e-07,0.9998075366020203
Correct 1.191105184261687e-06,2.2603203433391172e-06,0.9999959468841553,6.153443088408039e-09
Correct 0.9999967813491821,7.690358643230866e-07,1.136561422754312e-06,1.2679257679337752e-06
Correct 7.071884738252265e-06,0.9999914169311523,1.1910997272934765e-06,1.5381603191144677e-07
Correct 0.0006872710073366761,0.00034022380714304745,0.0005028182058595121,0.9984692931175232
Wrong 0.022776411846280098,0.7542511820793152,0.22295621037483215,1.1469950550235808e-05
Correct 0.9998658895492554,5.8286845160182565e-05,5.771179075964028e-06,4.539384462987073e-05
Correct 0.02580658532679081,0.9683849811553955,0.005758227314800024,4.9818434490589425e-05
Correct 0.9999972581863403,1.5056999700391316e-06,2.345428100625213e-07,4.812505949303159e-07
Correct 0.999998927116394,7.901201470872365e-09,1.826624327350146e-07,2.496699380571954e-07
Wrong 0.0023547005839645863,0.0173990149050951,0.00013706002209801227,0.9801087975502014
Correct 0.999382734298706,0.0001559083175379783,9.9668850452872e-06,0.0004511356819421053
Correct 3.905436187778832e-06,5.955078904662514e-06,5.422160938906018e-06,0.9999839067459106
Correct 0.0029810303822159767,0.9970182180404663,5.4681727590377704e-08,2.836850576670713e-08
Correct 8.66463415150065e-06,4.5728199005168335e-09,1.8085852815374892e-08,0.9999891519546509
Correct 3.5763571304414654e-07,2.382367654263362e-07,0.9999991655349731,2.0377470377752616e-07
Correct 2.5612778244976653e-06,0.9999957084655762,2.0494088204259242e-08,3.326519149027263e-08
Wrong 0.0008563604787923396,5.306095408741385e-05,0.14401768147945404,0.8550723791122437
Correct 0.004328025970607996,0.9948694705963135,0.0008006042917259037,1.8353621271671727e-06
Wrong 0.9867592453956604,1.5242022527672816e-05,0.013222581706941128,2.648666622917517e-06
Correct 1.9555674413140878e-08,0.9999996423721313,1.3026888012745985e-08,9.680760193475635e-09
Correct 4.6111701522022486e-05,3.041396439584787e-06,1.321122454100987e-05,0.9999312162399292
Correct 0.00010391062824055552,2.5357547883686493e-07,1.2429050677553732e-08,0.9998956918716431
Correct 0.9999537467956543,1.7158772891434637e-07,4.53978318546433e-05,1.7158772891434637e-07
Correct 5.691016102815638e-09,1.0505216835321463e-10,2.335587945268003e-09,0.9999978542327881
Wrong 0.847764790058136,0.10446511954069138,0.018729563802480698,0.029008915647864342
Correct 0.00010554668551776558,1.3495597386281588e-06,0.9998928308486938,1.0406687778186097e-07
Correct 8.233218551367827e-08,0.9999963045120239,1.1317918158226803e-08,1.262605131557848e-08
Correct 1.6212224451805923e-08,0.9999997615814209,2.6465731828295702e-09,3.9957281927627264e-10
Correct 0.002434315625578165,1.3597976249002386e-05,1.1273118616372813e-05,0.9975384473800659
Wrong 0.9996134638786316,0.00035696005215868354,2.281969500472769e-05,4.709109816758428e-06
Correct 1.0,3.160881834052276e-10,4.3204126387585973e-10,3.987338584310329e-11
Correct 0.9525604248046875,0.04742518812417984,1.3189338460506406e-05,1.5597005642575823e-07
Correct 9.988057492194002e-09,1.9062544875936283e-09,5.780644407593627e-09,0.9999992847442627
Wrong 0.9993321299552917,0.00011054995411541313,0.0004043749358970672,0.00015110387175809592
Wrong 0.04903968796133995,0.00020041398238390684,0.025441454723477364,0.9253110289573669
Correct 0.009412353858351707,2.191734529333189e-05,0.9905625581741333,2.8749302600772353e-06
Correct 0.005831564776599407,0.6331993937492371,0.3607861399650574,0.00016033905558288097
Correct 0.00027248417609371245,0.03513508662581444,0.9645872116088867,5.230231181485578e-06
Correct 0.9999974966049194,1.7061818198271794e-06,4.520931611295964e-07,2.4579878754593665e-07
Wrong 0.038428667932748795,2.8157364795333706e-05,0.0009471277589909732,0.9605957269668579
Correct 0.09006906300783157,0.0002232589031336829,0.9096653461456299,4.129874287173152e-05
Correct 0.2942131459712982,0.7057806253433228,6.754912078577036e-07,2.6452613610672415e-07
Correct 6.2503597852980874e-09,8.105590865170598e-08,6.0580567229351345e-09,0.9999982118606567
Wrong 0.814947783946991,0.18183943629264832,0.003032459644600749,0.00017928994202520698
Correct 0.00015117682050913572,0.9998146891593933,2.7259725356998388e-06,3.0237268219934776e-05
Correct 6.250367334814655e-09,3.4177261021284266e-10,0.9999994039535522,7.823252601291131e-10
Wrong 0.0032668171916157007,0.001861376455053687,0.9948244094848633,4.73324726044666e-05
Wrong 0.17097434401512146,0.0030829550232738256,0.8156729936599731,0.010267808102071285
Correct 0.9999991655349731,1.3363870721150306e-07,1.2307700414382339e-09,1.9977366427781362e-09
Correct 0.30734941363334656,0.6926226019859314,1.2123135093133897e-05,9.590188710717484e-06
Correct 0.00016338976274710149,0.0004511336446739733,0.9993782043457031,6.639347247983096e-06
Correct 3.541074278246015e-08,8.105600102226163e-08,0.9999994039535522,7.901205023586044e-09
Correct 0.021516380831599236,0.003857674542814493,0.0007135980413295329,0.9739058017730713
Correct 0.9999996423721313,1.125351332120772e-07,1.8370855059401947e-08,8.152017727525163e-09
Wrong 0.0010344209149479866,0.5615589618682861,5.4822299716761336e-05,0.4373425543308258
Correct 0.013222639448940754,8.032016921788454e-06,0.9867635369300842,7.829476658116619e-07
Correct 0.00041731525561772287,9.870515214061015e-07,0.999581515789032,1.8946085589277573e-08
Correct 0.001235388102941215,1.6390887367379037e-06,0.022948674857616425,0.975802481174469
Correct 0.012053601443767548,1.3258234503155109e-05,0.9879316687583923,5.061075398771209e-07
Wrong 0.9973479509353638,7.746413757558912e-06,0.0026316202711313963,1.2573669664561749e-05
Correct 2.081690553268345e-08,0.9999996423721313,5.022312787872352e-09,1.2501525370467448e-09
Correct 0.00016346429765690118,0.9998340606689453,1.1363764542693389e-06,5.804042757517891e-07
Correct 2.5360165523125033e-07,1.9062535994152086e-09,0.999998927116394,4.5728643094378185e-09
Correct 0.0007576638017781079,0.10079707950353622,0.8983946442604065,4.341759267845191e-05
Correct 9.874636361928424e-07,0.9999988079071045,1.1317946579936233e-08,1.0693113061677195e-09
Correct 0.05665209889411926,3.7422400964715052e-06,0.9433421492576599,5.829285782965599e-07
Wrong 0.9999991655349731,1.103255264922609e-09,1.6467520680407688e-08,6.893609452163219e-07
Correct 0.0017657778225839138,0.6286603808403015,0.36957037448883057,3.0555863759218482e-06
Correct 0.9999996423721313,1.92524929332194e-08,1.72578236146137e-08,6.0580656047193315e-09
Correct 0.9999994039535522,5.152232773752985e-08,8.198697831751645e-10,7.163944437671432e-11
Correct 0.9999996423721313,4.229211647555076e-09,3.1428830649105066e-09,2.299382462211952e-09
Correct 5.507597506948514e-06,7.571101718895079e-07,1.378800220663834e-07,0.9999929666519165
Correct 0.9999167919158936,7.722145528532565e-05,2.368607738389983e-06,1.357320371653259e-07
Wrong 0.00021653874136973172,0.9997590184211731,2.2469181203632616e-05,1.787636961125827e-06
Correct 0.9999988079071045,2.7150344195092657e-08,5.263334212912696e-09,8.280387930881261e-09
Correct 1.0145353002144475e-08,0.9999998807907104,2.2414002598392102e-10,7.27676321976567e-11
Wrong 0.9824679493904114,0.01744089461863041,7.12769542587921e-05,9.496734492131509e-06
Correct 4.092910785402637e-06,1.3026838274754482e-08,0.9999958276748657,1.8475986296451197e-09
Correct 5.368738698052766e-07,0.9999973773956299,1.336384656269729e-07,1.4144742408461752e-06
Correct 1.637328068682109e-07,1.98630463188465e-08,9.093964692397094e-09,0.9999700784683228
Correct 0.0005664611817337573,0.8101977109909058,0.008455172181129456,0.18077954649925232
Correct 1.1317949244471492e-08,0.9999990463256836,2.500460671850391e-10,1.181134218208868e-10
Correct 0.7838456034660339,0.20447835326194763,0.011535878293216228,0.00013856537407264113
Correct 0.9658464193344116,0.03104708343744278,0.0014074151404201984,0.0016976668266579509
Correct 0.004169981461018324,0.14699693024158478,0.8198829889297485,0.02894541062414646
Correct 0.0012446518521755934,7.286228537850548e-06,0.00014634781109634787,0.998601496219635
Correct 0.9999974966049194,5.804990905744489e-07,1.2167924978712108e-07,2.049412728410971e-08
Wrong 0.7824270129203796,0.0002584056928753853,0.21727213263511658,4.2183572077192366e-05
Correct 0.008291053585708141,0.002956266049295664,0.9887356162071228,1.677361797192134e-05
Correct 4.247030176429689e-07,0.9999992847442627,6.933085927585125e-08,8.628365577578734e-08
Correct 0.9999982118606567,1.6305038430530772e-09,2.688246292237295e-09,1.1317940362687295e-08
Correct 2.4198814685405523e-07,0.9999979734420776,1.6028102436393965e-06,2.2380247344244708e-07
Correct 0.9995126724243164,0.00038592697819694877,2.3912421966088004e-05,7.599352829856798e-05
Correct 0.023184088990092278,0.00014447355351876467,0.8432101607322693,0.13341523706912994
Correct 0.9999954700469971,3.378903912221176e-08,7.422465309048221e-09,2.1600614630301607e-09
Correct 0.000910270435269922,0.0008551199571229517,5.794746584797394e-07,0.9982327222824097
Correct 1.4532538727962674e-08,0.9999994039535522,6.691582288276265e-10,7.582556804663909e-10
Correct 0.015414593741297722,0.9839397668838501,0.0005703184870071709,7.250785711221397e-05
Correct 0.00010720600403146818,1.6185684216907248e-05,0.9998666048049927,9.971709914680105e-06
Correct 4.812510496776667e-07,5.714997541872435e-07,0.9999982118606567,5.930176172341817e-08
Wrong 0.0004573511250782758,0.9974441528320312,0.0012627869145944715,0.000828155898489058
Correct 6.014139944454655e-05,0.999937891960144,8.314771093864692e-07,7.689906169616734e-07
Correct 0.9429638385772705,4.775855632033199e-05,0.0003584478690754622,0.056629378348588943
Correct 0.9997239708900452,0.00011410391016397625,5.827857239637524e-05,5.3063246014062315e-05
Correct 0.9999681711196899,7.0717201197112445e-06,4.664304924517637e-07,2.3923319531604648e-05
Correct 2.1355396029321128e-07,0.9999986886978149,5.547512449410874e-10,5.905296807107163e-10
Correct 1.2237594049224754e-08,0.9999967813491821,1.876695909786008e-09,2.923328801252012e-10
Correct 0.03209700807929039,0.9677877426147461,8.081342093646526e-05,3.11563526338432e-05
Correct 1.873588985290553e-06,2.4679695343365893e-05,0.9998452663421631,0.00012730754679068923
Correct 0.00011056534276576713,0.0004172692133579403,0.9994712471961975,7.852067795965922e-08
Correct 1.0,4.432176847757319e-09,5.515933043653831e-09,3.2937141902777967e-09
Correct 1.4532544057033192e-08,6.412059860849695e-08,0.9999997615814209,5.602795116743664e-09
Wrong 0.9172766804695129,9.891386980598327e-06,0.08269499987363815,1.416875693394104e-05
Correct 0.01674950309097767,0.004508067853748798,0.005270465277135372,0.9734715819358826
Correct 9.368711289425846e-06,1.143062036135234e-07,0.9999899864196777,9.042364723654828e-08
Wrong 0.9973661303520203,0.002631668234243989,2.957097535727371e-07,1.0543856632239113e-07
Correct 0.9999979734420776,3.7479858860933746e-07,1.725779341654743e-08,4.476330772718029e-08
Wrong 0.9999998807907104,4.5990553032559944e-10,1.507971969516575e-09,4.432176847757319e-09
Correct 0.9999953508377075,3.1071812145455624e-07,2.715024827182333e-08,4.222831648803549e-06
Correct 0.005652973894029856,7.574989285785705e-05,0.8656076192855835,0.12866108119487762
Correct 8.579224299865018e-07,2.964900431834394e-07,1.003012926048541e-06,0.9999978542327881
Correct 0.0007544885156676173,0.0012056692503392696,0.9980314373970032,7.873793947510421e-06
Correct 2.4097301931647053e-09,0.999998927116394,7.70196018073932e-10,9.490679769852406e-11
Correct 6.41205559759328e-08,6.864683932406024e-09,0.9999991655349731,3.6174343520656294e-09
Wrong 0.7080929279327393,0.005078801419585943,0.28609541058540344,0.0007316707633435726
Correct 3.0590192068302713e-07,3.4321242736723434e-08,1.0632225766471493e-08,0.9999986886978149
Correct 9.530677580471547e-09,1.2952718009273667e-07,0.9999998807907104,2.6204624581360747e-10
Correct 0.5850877165794373,7.610410193592543e-06,0.41488930583000183,9.324469829152804e-06
Correct 0.9999998807907104,1.3026890677281244e-08,6.023573462243803e-08,8.410792950996893e-09
Correct 0.1364191323518753,0.0006028161733411252,0.0007740312721580267,0.8621954321861267
Correct 1.267925881620613e-06,1.7330493164990912e-06,0.9999969005584717,1.7805595220465875e-08
Correct 3.39293978868227e-06,6.0141293943161145e-05,0.9999361038208008,3.6896506117045647e-07
Correct 0.9999719858169556,5.714847475246643e-07,2.7108777430839837e-05,6.512853900630944e-08
Correct 2.7305848693259804e-09,1.7805650287527897e-08,1.0,1.0693124163907441e-09
Correct 0.9999918937683105,6.0489060160762165e-06,2.95244229064906e-09,6.758208215273953e-09
Correct 1.1979304304077232e-07,8.071592838554409e-10,0.9999997615814209,6.250369555260704e-09
Correct 8.233246262534522e-08,1.1496187113380074e-08,0.9999996423721313,6.7582601737115056e-09
Wrong 0.007725950796157122,0.007034556940197945,0.9807668924331665,0.004471436608582735
Wrong 0.9999938011169434,5.682432401954429e-06,5.399463276489769e-08,7.658067957549974e-09
Correct 0.733948826789856,0.02017994597554207,0.2458420693874359,2.8501155611593276e-05
Correct 0.9999995231628418,1.4908481205111457e-07,3.732265163591819e-09,4.765037431297969e-08
Correct 1.8738682001639972e-06,1.1979238934145542e-07,3.1875572403805563e-06,0.9999942779541016
Correct 3.6124183679930866e-05,0.009708068333566189,0.9902498126029968,5.989976671116892e-06
Correct 3.6174372386454934e-09,1.4761402766794163e-08,1.0,8.327814549069501e-10
Correct 0.999981164932251,4.5659048737434205e-06,1.4285452380136121e-05,2.2285964185186913e-09
Wrong 0.7600134611129761,0.022950418293476105,0.005986974574625492,0.21104809641838074
Wrong 0.0003615733585320413,0.8394187688827515,0.1602058708667755,1.3588379260909278e-05
Correct 1.7603351807338186e-06,0.9999936819076538,1.2289120832065237e-06,3.288739208073821e-06
Correct 0.002800845308229327,2.5001265385071747e-05,0.9971699118614197,3.490958988550119e-06
Wrong 0.0010005038930103183,5.70928648357949e-07,0.9989989399909973,5.9242502459255775e-08
Correct 9.761493856785819e-05,0.9998949766159058,5.954549578746082e-06,6.276048907238874e-07
Correct 0.9999978542327881,1.1726409638868063e-06,5.714995268135681e-07,2.981878921559655e-08
Correct 0.7931041717529297,2.1747636935742776e-07,6.134202124030708e-08,0.20689359307289124
Wrong 0.05201185494661331,0.0041380375623703,0.7885703444480896,0.15527869760990143
Correct 0.9730106592178345,0.0011216155253350735,0.024358846247196198,0.0013958730269223452
Correct 1.4085428823307211e-08,1.0,1.2501528701136522e-09,6.385156292587624e-10
Correct 4.425412498676451e-06,0.9999779462814331,1.384589086228516e-05,1.5056708662086749e-06
Wrong 0.013539590872824192,0.007024246267974377,0.9793293476104736,0.00010665755689842626
Correct 5.263334657001906e-09,4.972759981569652e-10,2.228635942458368e-09,0.999998927116394
Wrong 1.9333581349201268e-06,1.725779341654743e-08,0.9999979734420776,6.412048492165923e-08
Wrong 0.9098788499832153,1.776653698470909e-05,0.09009020775556564,8.708302630111575e-07
Correct 0.9999998807907104,1.5623959370714147e-07,1.925249826228992e-08,5.315784790127509e-08
Correct 5.658601764935156e-08,1.7907544336281944e-09,1.672679417197287e-08,0.9999960660934448
Correct 1.8660150757909832e-08,0.9999994039535522,1.1206291450349681e-09,7.946451274776223e-10
Correct 0.00628942996263504,6.26304026809521e-05,0.9936355352401733,9.509924439043971e-07
Wrong 0.44540494680404663,3.604845915106125e-05,0.10915117710828781,0.44540494680404663
Wrong 0.9940861463546753,1.0127852192454156e-06,0.005911052227020264,6.239588969947363e-07
Correct 0.0011689928360283375,0.0001271220826311037,0.0003146301896777004,0.9983886480331421
Wrong 0.005425263196229935,0.7563971281051636,0.00016382876492571086,0.23801089823246002
Wrong 2.1344983906601556e-05,0.9953172206878662,0.004609233234077692,5.2010298531968147e-05
Wrong 0.9541147351264954,0.0031331342179328203,0.002119984943419695,0.04063110798597336
Correct 0.08166465163230896,0.00034433900145813823,0.012138367630541325,0.9058477878570557
Correct 2.5758512833817804e-07,3.237640839870437e-06,2.507120370864868e-05,0.9999593496322632
Correct 0.00026117978268302977,3.590347841964103e-05,7.932110293040751e-07,0.9996986389160156
Wrong 0.007575503550469875,0.9921952486038208,0.00022521379287354648,3.4735433018795447e-06
Correct 6.643426331720548e-06,5.203533532949223e-07,0.9999922513961792,1.9444183863015496e-07
Correct 0.010327907279133797,2.025152207352221e-05,0.9896482825279236,3.358031335665146e-06
Wrong 1.4367496987688355e-06,1.315666651180436e-07,2.964900431834394e-07,0.9999978542327881
Correct 0.0007132376777008176,0.14023357629776,0.8590347766876221,1.575747228343971e-05
Correct 1.2805431651941035e-05,4.737831602596998e-07,0.9999839067459106,2.8572783321578754e-06
Correct 0.06948073953390121,2.2368192276189802e-06,0.0008746334933675826,0.9296420216560364
Wrong 0.9517300724983215,0.04451300948858261,0.002081901067867875,0.0016728545306250453
Correct 4.3318927055224776e-05,2.1567225303442683e-06,0.999954104423523,4.9934890000713494e-08
Correct 5.838246863731911e-08,0.9999997615814209,2.82913362070758e-07,4.867792391394232e-09
Correct 2.817261535170701e-09,4.0586506377948695e-10,2.029197476716149e-09,0.9999995231628418
Correct 2.430020504107233e-05,0.999974250793457,5.453157996271329e-07,7.338026648540108e-07
Correct 0.9380028247833252,0.00012516505375970155,0.06186799332499504,1.3904581237511593e-06
Wrong 0.060082755982875824,0.9398524761199951,2.3564189177704975e-05,3.885077967424877e-05
Wrong 0.8266531229019165,4.89483390992973e-05,0.1732759028673172,2.0404702809173614e-05
Correct 1.6280487216135953e-06,0.9999966621398926,7.496434051290635e-08,9.57080601438065e-07
Wrong 0.019688164815306664,0.001566380844451487,0.9787417054176331,3.1198128453979734e-06
Correct 0.9999748468399048,2.1354887280722323e-07,2.01759355888953e-08,2.3187432816484943e-05
Correct 4.7378563294842024e-07,0.9999891519546509,4.31386752097751e-07,9.66609877650626e-06
Correct 0.000185221855645068,0.9997938275337219,1.8339447706239298e-05,2.560760549386032e-06
Correct 0.9999984502792358,1.0527326788078994e-09,8.375489884970833e-11,6.729897195079104e-11
Correct 0.40708568692207336,0.0006025399197824299,3.996939540229505e-06,0.5923061966896057
Correct 1.6797304169813287e-06,0.9999977350234985,2.3222893830165958e-08,6.6534706633092355e-09
Correct 0.9999997615814209,6.214781222979582e-08,3.3789181230758913e-08,4.432176403668109e-09
Wrong 0.6926389932632446,1.2979215853192727e-06,9.495797144154494e-07,0.30735668540000916
Wrong 0.9863550066947937,0.013636723160743713,2.207491434091935e-07,5.348261765902862e-06
Wrong 6.891912107676035e-07,0.00022341107251122594,2.2822878236183897e-05,0.999752938747406
Correct 0.041995253413915634,0.001933692954480648,0.9558075666427612,0.00026169687043875456
Correct 4.3315652874298394e-05,7.030824781395495e-05,7.071086201904109e-06,0.9998785257339478
Wrong 0.6316089630126953,0.31759291887283325,0.050250500440597534,0.0005162807647138834
Correct 0.0001233942894032225,0.9998742341995239,6.932219065447498e-08,2.433437629179025e-08
Correct 0.15827174484729767,0.8292846083641052,0.0018426199676468968,0.007879885844886303
Wrong 7.689660606047255e-07,6.512424022275809e-08,0.9999059438705444,9.314584895037115e-05
Wrong 0.9626665711402893,5.823126684845192e-06,0.0373266339302063,4.855186261920608e-07
Correct 0.9999994039535522,3.210656740471052e-10,2.385957265094163e-10,3.581746566005961e-10
Correct 6.502804899355397e-05,0.999933123588562,1.9141599238992058e-07,1.3362988227072492e-07
Correct 6.502815085696056e-05,3.888857591505257e-08,7.422014114411013e-09,0.9999346733093262
Correct 0.9999986886978149,9.184841331943971e-08,9.777212994777074e-08,6.023566356816445e-08
Correct 0.10970345884561539,0.8902754783630371,2.8825093068007845e-06,1.7114245565608144e-05
Correct 7.307423999236562e-09,1.790761317010947e-09,1.0,3.5061404890512904e-09
Correct 0.9999831914901733,8.939626241044607e-06,6.747983661625767e-06,8.059316769504221e-07
Correct 1.0,5.723617690911453e-10,2.7462213059159524e-10,1.9362749181794925e-09
Wrong 0.9964015483856201,2.67454856839322e-06,0.0035935852210968733,6.452648904087255e-07
Wrong 0.019035475328564644,0.5739569067955017,8.728203283681069e-06,0.40699636936187744
Correct 0.00016865247744135559,6.89244075147144e-07,2.237648146774518e-07,0.9998296499252319
Correct 0.9998205304145813,5.337225957191549e-06,0.00017400448268745095,2.2155512979793457e-08
Correct 6.512962613669515e-08,0.9999886751174927,1.1125604942208156e-05,9.476304541067293e-08
Correct 0.02517690882086754,0.9747462868690491,7.296154944924638e-05,4.338451731200621e-07
Correct 3.4663264614209766e-07,7.0825958431441904e-09,0.9999996423721313,1.7629974147226335e-09
Wrong 0.9446679353713989,0.006775637157261372,0.048525214195251465,3.089096207986586e-05
Correct 2.7535590561456047e-05,0.9999687671661377,1.577915099915117e-06,1.1078701334099605e-07
Correct 4.2228289203194436e-06,0.9999947547912598,5.399468250288919e-08,1.6990181705978102e-08
Correct 0.14797218143939972,0.00014363562513608485,0.0003610999265220016,0.8515211939811707
Correct 1.7305975461567868e-06,5.674411113432143e-06,0.9985822439193726,0.0014103481080383062
Correct 6.53652532491833e-05,0.04084300994873047,0.9590907096862793,5.926601716055302e-07
Correct 0.9999995231628418,8.025631714758674e-09,2.029197476716149e-09,2.6465727387403604e-09
Wrong 0.0037072214763611555,7.269321031344589e-06,1.015024622574856e-06,0.9962843060493469
Wrong 0.00016065365343820304,0.9524099826812744,1.1279656973783858e-05,0.04741770029067993
Correct 5.2553805289790034e-06,1.255410353451225e-07,6.512983929951588e-08,0.9999918937683105
Correct 0.11586422473192215,0.0008310371194966137,0.883303701877594,7.94175662122143e-07
Wrong 0.7956633567810059,0.151855006814003,0.052479688078165054,1.1611739410000155e-06
Correct 5.45329271517403e-07,2.0936099520696416e-09,4.792320318358634e-09,0.999998927116394
Wrong 0.9699355363845825,0.0006572798592969775,0.02505265176296234,0.004353498108685017
Correct 9.476407569763978e-08,3.307590930035076e-07,0.9999995231628418,1.3307800417194926e-09
Correct 6.604576628888026e-05,9.609602420823649e-05,0.9998373985290527,4.204448700306784e-08
Wrong 4.3694701162166893e-05,0.0007275821408256888,0.8627254962921143,0.13650301098823547
Correct 7.333526446018368e-05,2.284830316057196e-06,0.0047548324801027775,0.9951678514480591
Correct 0.999975323677063,1.5446164979948662e-05,5.33805223312811e-06,3.5559094158088556e-06
Correct 5.122549850966607e-07,6.709215813316405e-05,5.714617259400256e-07,0.9999316930770874
Correct 0.01691454090178013,2.0755347577505745e-05,9.262871003556938e-07,0.9830633997917175
Correct 1.2359555512375664e-07,2.2159465373761122e-08,3.326529451896931e-08,0.9999988079071045
Correct 4.476306258993645e-08,5.7719098549569026e-06,0.9999924898147583,1.6536799876121222e-06
Correct 0.14776697754859924,9.816867532208562e-07,0.0018894043751060963,0.8503403067588806
Correct 2.5109768486686335e-08,3.5817174226515647e-10,7.94638577161777e-10,0.9999911785125732
Correct 1.484592559997111e-09,4.812516749552742e-07,6.250367778903865e-09,0.9999995231628418
Correct 3.340538341944921e-06,1.9444264864887373e-07,0.9999964237213135,9.833178715723534e-09
Correct 0.02283914014697075,0.9711449146270752,0.005957945249974728,5.5734872148605064e-05
Wrong 0.007577128708362579,0.992408037185669,1.2908547432743944e-05,1.4258450846682535e-06
Correct 0.9999990463256836,3.911379220511435e-09,1.4993847941013883e-08,8.410786733747955e-09
Correct 2.6688489015214145e-05,0.9999717473983765,5.804841407552885e-07,2.1477106315614947e-08
Correct 0.0009697464411146939,3.3564029422450403e-07,5.2502973630907945e-06,0.9990246295928955
Wrong 0.00011977300164289773,0.897594153881073,0.00157769990619272,0.1007072702050209
Correct 3.426847615628503e-05,3.0287377938975624e-08,7.0420270503746e-08,0.9999653100967407
Wrong 0.002760322066023946,0.014463053084909916,3.315612775622867e-05,0.9827426671981812
Wrong 0.9999994039535522,3.791039926426265e-09,2.1940853578428232e-09,1.4761394773188385e-08
Correct 0.06754502654075623,0.9324302673339844,2.3746250008116476e-05,2.764568876045814e-07
Wrong 9.591256093699485e-05,1.4480629943136591e-05,0.6858655214309692,0.3140121400356293
Wrong 7.816467586962972e-06,0.3702218532562256,0.6297686100006104,3.891590267812717e-07
Correct 0.9365754723548889,0.06177385151386261,0.0016462173080071807,1.810739490792912e-06
Correct 0.4455183148384094,2.0545021470752545e-05,0.5544564723968506,2.3547951855107385e-07
Correct 0.20181219279766083,0.7981826663017273,1.5431760402861983e-06,2.928434014393133e-06
Wrong 0.13660797476768494,1.496300114922633e-06,0.8633888959884644,1.601924424221579e-07
Wrong 0.006692621856927872,1.7937363736564294e-05,1.6078949556685984e-05,0.993273138999939
Correct 0.3063604533672333,0.023623982444405556,0.6691527366638184,0.0008605035254731774
Correct 1.760342343004595e-06,1.3574302215602074e-07,0.9999977350234985,3.1071886041900143e-07
Correct 4.888301532446349e-07,0.9999992847442627,8.362898284985931e-08,5.964141180925253e-09
Correct 4.0524813016418193e-07,1.5936615454847924e-05,0.9999836683273315,5.871584551897513e-09
Correct 0.9999995231628418,1.4615761934066995e-09,9.004508805254829e-10,1.9863632516603502e-08
Correct 1.9637602690636413e-06,1.8738330709311413e-06,1.98332763829967e-05,0.9999755620956421
Correct 3.0765384906317195e-08,0.9999992847442627,3.6744010056821708e-09,8.727468192581966e-10
Wrong 0.03382949158549309,0.007787991780787706,0.00015666161198168993,0.9582253098487854
Correct 7.979935645607839e-08,2.1477703171512985e-08,0.9999995231628418,4.691162303060992e-08
Correct 0.9999995231628418,1.0246439785532857e-07,3.711014073815022e-08,1.8660152534266672e-08
Wrong 1.591853470017668e-05,0.0011335493763908744,0.9988491535186768,1.0336632385588018e-06
Wrong 0.989983320236206,0.010013540275394917,2.1021137399657164e-06,6.411084996216232e-07
Correct 2.7956793928751722e-05,7.840676698833704e-05,0.9995248317718506,0.00036825856659561396
Wrong 0.9913302659988403,0.005367153789848089,0.00269877421669662,0.0006021779263392091
Correct 6.681161153210269e-07,5.30750367033761e-05,0.999946117401123,5.072084618973349e-08
Correct 3.3596535331525956e-07,3.850712193553818e-09,2.71501612303382e-08,0.9999921321868896
Correct 4.1163602304550295e-07,0.9999986886978149,1.6052258411392017e-09,2.2993802417659026e-09
Correct 3.7322669399486585e-09,1.0,3.8727929196902267e-10,4.253431495904181e-10
Correct 3.4265682188561186e-05,1.3286246485222364e-06,7.967009150888771e-05,0.999883770942688
Correct 0.00014189335342962295,0.9834536910057068,0.016400642693042755,7.445880214618228e-07
Correct 0.9999850988388062,1.7603200603844016e-06,7.296323929040227e-06,5.42216730536893e-06
Wrong 2.536013425924466e-07,0.999997615814209,1.5294118611564045e-06,5.043464739173942e-07
Correct 1.0,1.917171837950704e-10,1.6110297124116713e-11,2.8944969684974176e-11
Correct 0.02740507386624813,0.005926762241870165,0.9660621285438538,0.0006054568802937865
Wrong 0.9999996423721313,1.2554201589409786e-07,2.1477706724226664e-08,9.680760193475635e-09
Correct 0.07338664680719376,0.032565128058195114,0.89403235912323,1.5405848898808472e-05
Correct 6.962238330743276e-06,0.9999904632568359,8.186292461687117e-07,2.0698189473478124e-07
Correct 0.9998462200164795,8.989587172436586e-07,5.8373505140707493e-08,0.00015118159353733063
Correct 0.9993311166763306,1.7591687537787948e-06,5.6548390858779385e-08,0.0006667008274234831
Correct 0.00031503778882324696,2.2245787931751693e-06,4.5195054099167464e-07,0.9996820688247681
Correct 8.445312005278538e-07,3.689483776270208e-07,0.00010720860882429406,0.999890923500061
Correct 9.530674915936288e-09,4.2958117063562895e-09,3.274959325949567e-08,0.9999996423721313
Correct 0.0008288068347610533,0.0009391612838953733,0.998228132724762,2.1196206034801435e-06
Correct 5.453294420476595e-07,3.950353288928454e-08,0.9999992847442627,8.90225848593218e-08
Correct 0.05665120109915733,7.922196346044075e-06,1.368832636217121e-05,0.9433271884918213
Correct 3.4663256087696936e-07,1.1142484268589214e-08,0.9999994039535522,1.5558394572678935e-09
Wrong 0.0001832226407714188,0.14700207114219666,0.8459386229515076,0.006875379476696253
Correct 2.5215695131919347e-06,5.043456212661113e-07,4.1811719597717456e-07,0.9999959468841553
Wrong 0.999757707118988,0.0002269303658977151,9.663861419539899e-06,5.336890808393946e-06
Correct 8.764239112224459e-08,0.999998927116394,3.432125339486447e-08,3.73226338723498e-09
Correct 0.9999995231628418,2.06115280398933e-09,3.596838382691203e-08,3.1741990369482664e-08
Correct 0.04603341221809387,3.445685024416889e-06,0.9539559483528137,1.3705988521905965e-06
Correct 3.596838027419835e-08,0.9999994039535522,4.867790615037393e-09,9.184847726828593e-08
Correct 7.614460173499538e-08,2.3090565548500308e-07,5.093696927360725e-06,0.9999933242797852
Correct 0.9991511106491089,1.7488375306129456e-05,7.106403927537031e-07,0.0008295731386169791
Correct 0.13652853667736053,0.000557960825972259,2.5691593691590242e-05,0.8628868460655212
Wrong 0.9998750686645508,4.0691149479243904e-05,8.349281415576115e-05,3.4658947356547287e-07
Wrong 0.0006174926529638469,0.11584890633821487,0.8831868767738342,0.00034638194483704865
Correct 0.006288834381848574,0.7499643564224243,0.16219116747379303,0.0815548449754715
Correct 0.007507484871894121,0.2730487883090973,4.00160533899907e-05,0.7193877100944519
Correct 0.9997554421424866,0.0002378204371780157,4.564873961498961e-06,5.987811846352997e-07
Correct 2.123377498719492e-06,3.5763508776653907e-07,0.9999973773956299,2.0816857571048786e-08
Correct 0.9999932050704956,4.5209122845335514e-07,3.1381352982862154e-06,1.0845104725376586e-06
Correct 7.527988145739073e-06,0.9999922513961792,3.2241619152273415e-08,1.167713925553926e-08
Correct 2.9772672860417515e-05,9.515918463876005e-06,5.0145363275078125e-06,0.999955415725708
Correct 0.9997890591621399,8.348563278559595e-05,1.2216647519380786e-05,0.00011411133891670033
Correct 3.0894832434569253e-06,3.2377508887293516e-06,0.9999933242797852,2.8012033581603646e-08
Correct 5.626393431157339e-07,0.9999979734420776,6.615588432623554e-08,1.386702574990295e-08
Correct 0.00039202519110403955,0.9995656609535217,3.9427013689419255e-05,2.6830418846657267e-06
Correct 0.0006262775277718902,0.9992833733558655,5.140799476066604e-05,3.702778849401511e-05
Wrong 2.5360168365295976e-07,9.680755752583536e-09,1.1142479827697116e-08,0.9999990463256836
Correct 4.501968575709725e-09,2.461694736943798e-10,1.1929028875812264e-09,0.999998927116394
Wrong 6.5404346969444305e-06,4.247004028457013e-07,0.999993085861206,1.955554651544844e-08
Wrong 4.6463876060443e-05,0.23931840062141418,7.903771620476618e-05,0.7605523467063904
Wrong 0.2882828414440155,0.03901483491063118,0.6702776551246643,0.002417398849502206
Correct 6.205039971973747e-05,0.9999364614486694,9.570229622113402e-07,9.18427005558442e-08
Correct 0.9999996423721313,1.3574329216226033e-07,5.2333700040207987e-08,8.152017727525163e-09
Correct 4.611270924215205e-05,4.3137117700098315e-07,0.999953031539917,6.932765472811298e-08
Correct 0.9999938011169434,4.710901976068271e-06,1.2482646525313612e-06,7.979889460330014e-08
Correct 9.452331141801551e-05,0.9989614486694336,0.0005700485198758543,0.00037384696770459414
Wrong 0.046226490288972855,1.8415326849208213e-05,0.6792933344841003,0.2744593024253845
Wrong 0.9999608993530273,6.375302632477542e-07,3.763638960663229e-05,5.714784379051707e-07
Correct 0.02033234015107155,0.979667067527771,4.4543817523390317e-08,2.577998259312153e-08
Wrong 7.02995021129027e-05,0.9997541308403015,7.483343506464735e-05,0.00010069937707157806
Correct 0.9490075707435608,0.05029555782675743,1.0233555258309934e-05,0.0006845741881988943
Correct 0.02226068638265133,0.9765951037406921,0.0011434752959758043,6.838288868493692e-07
Correct 5.539165499612864e-07,1.2047885356025745e-08,3.6898796906825737e-07,0.9999982118606567
Correct 0.9999986886978149,9.570825341143063e-07,9.436635917126068e-10,1.9780270477109951e-10
Correct 3.541076409874222e-08,9.146313706409614e-10,1.0,1.4845932261309258e-09
Correct 4.157195689913351e-06,0.9999552965164185,4.00635035475716e-05,2.7419682169238513e-07
Correct 0.0003199696366209537,5.56023842364084e-05,2.7958632927038707e-05,0.9995905756950378
Correct 0.0013351188972592354,0.9602035284042358,0.03841297701001167,2.7709507776307873e-05
Correct 0.9999997615814209,4.295812594534709e-09,7.3074222228797225e-09,2.900587825482859e-10
Wrong 0.0015921564772725105,0.0017486417200416327,0.9948474168777466,0.0018041495932266116
Wrong 0.12251080572605133,0.8773879408836365,8.173273090505973e-05,1.9413226254982874e-05
Correct 1.3232035023236222e-08,2.8012220099071783e-08,1.0,1.866016141605087e-08
Wrong 6.17936620983528e-07,0.9999949932098389,4.222830284561496e-06,9.04240948784718e-08
Correct 0.9999850988388062,1.2029604476992972e-05,2.9022774015174946e-06,8.814303953386116e-09
Correct 6.933063900760317e-08,0.9999960660934448,4.501955697122639e-09,2.8453236211589683e-08
Correct 0.9999998807907104,4.457557378767518e-10,5.461512908588873e-10,6.943536717818333e-11
