grade confidence_levels
Correct 34.125,34.75,30.90625,36.5
Wrong 35.15625,31.3125,34.875,32.65625
Wrong 36.46875,27.625,30.171875,37.0625
Correct 21.875,20.328125,39.5625,19.578125
Wrong 38.0625,23.046875,21.328125,37.375
Wrong 29.46875,31.53125,25.0,38.90625
Correct 31.515625,39.25,31.78125,27.953125
Correct 23.21875,24.3125,23.828125,38.71875
Wrong 32.84375,39.9375,28.234375,26.265625
Correct 32.78125,33.625,39.53125,28.484375
Correct 32.5,25.6875,38.5,23.875
Correct 38.6875,16.765625,17.109375,20.71875
Wrong 25.421875,29.5,38.15625,25.265625
Correct 39.4375,30.40625,22.90625,27.75
Correct 19.140625,20.296875,20.296875,38.75
Correct 22.125,39.03125,20.328125,18.140625
Wrong 38.09375,33.21875,31.53125,31.890625
Wrong 36.0625,29.328125,27.28125,36.0
Wrong 38.21875,36.84375,32.03125,25.203125
Correct 25.375,22.21875,23.375,39.0625
Correct 19.171875,17.078125,20.21875,38.34375
Wrong 37.125,22.421875,23.921875,37.625
Correct 39.21875,35.6875,24.984375,22.3125
Correct 23.328125,39.46875,21.59375,22.71875
Correct 38.65625,18.78125,17.453125,16.515625
Correct 35.21875,27.03125,37.875,22.5625
Correct 28.078125,30.671875,41.375,26.171875
Wrong 33.03125,23.515625,21.90625,38.53125
Correct 27.25,39.8125,26.859375,25.453125
Correct 34.15625,32.34375,29.1875,36.96875
Wrong 27.703125,26.53125,41.5,31.640625
Correct 38.03125,29.359375,35.6875,27.515625
Correct 28.9375,39.0,28.65625,24.375
Correct 26.359375,21.9375,40.28125,22.703125
Correct 32.0625,25.4375,39.28125,23.78125
Correct 39.3125,25.28125,24.71875,24.296875
Wrong 30.8125,28.0,37.5,34.125
Correct 33.28125,26.78125,29.015625,39.59375
Wrong 36.96875,28.265625,33.0625,29.765625
Wrong 26.125,25.859375,38.75,36.875
Correct 38.15625,18.96875,16.5625,17.328125
Wrong 33.46875,39.75,30.25,28.6875
Wrong 32.6875,36.9375,30.015625,35.71875
Correct 29.921875,27.671875,38.84375,26.71875
Wrong 35.40625,29.53125,37.59375,33.5625
Wrong 35.59375,31.140625,37.0625,29.140625
Correct 24.609375,39.34375,21.40625,19.875
Wrong 26.671875,39.0,21.765625,19.734375
Correct 21.796875,21.234375,22.390625,38.53125
Correct 19.78125,19.453125,40.0,18.90625
Wrong 36.09375,28.453125,32.59375,30.828125
Correct 37.78125,19.4375,17.53125,14.84375
Wrong 38.65625,35.03125,35.40625,29.3125
Correct 31.0625,33.0,40.21875,29.453125
Correct 36.34375,24.90625,27.28125,36.4375
Correct 35.15625,31.5,37.90625,27.21875
Correct 35.625,32.9375,29.96875,36.8125
Correct 24.609375,27.0,40.65625,23.0
Correct 39.46875,30.09375,27.0625,21.515625
Correct 38.90625,19.59375,15.3671875,14.296875
Wrong 34.125,38.15625,33.3125,30.78125
Correct 36.9375,36.15625,24.484375,24.046875
Correct 32.8125,27.859375,25.6875,38.5625
Correct 38.6875,28.765625,30.59375,25.734375
Wrong 36.6875,32.65625,33.28125,35.375
Correct 37.40625,20.203125,22.609375,16.875
Correct 36.40625,37.1875,19.921875,18.265625
Wrong 37.125,26.765625,34.625,27.59375
Correct 34.21875,30.90625,40.1875,23.671875
Correct 36.34375,36.15625,36.40625,33.375
Correct 30.859375,28.546875,40.40625,26.078125
Correct 35.84375,24.984375,24.34375,37.8125
Correct 38.65625,24.3125,18.84375,18.15625
Correct 30.734375,27.296875,22.3125,37.6875
Correct 25.046875,30.578125,40.0625,29.5
Wrong 29.140625,34.75,28.6875,38.25
Correct 33.75,38.8125,26.40625,25.078125
Correct 38.46875,37.6875,24.96875,23.53125
Correct 28.625,24.515625,24.09375,39.28125
Correct 25.8125,26.5,39.78125,24.015625
Correct 37.90625,21.53125,15.53125,17.828125
Correct 25.671875,22.90625,23.09375,38.78125
Correct 30.625,36.875,23.21875,37.375
Correct 37.9375,32.28125,30.65625,30.640625
Wrong 37.1875,33.1875,35.65625,31.1875
Correct 32.375,39.03125,25.8125,24.9375
Correct 36.6875,29.640625,38.15625,25.5
Correct 38.125,26.5,27.234375,25.453125
Correct 37.96875,33.21875,33.28125,34.5
Wrong 25.96875,39.59375,29.953125,35.25
Correct 27.15625,39.21875,24.484375,25.453125
Correct 38.5,35.0,33.90625,27.34375
Wrong 37.78125,29.890625,35.53125,24.03125
Wrong 26.359375,24.40625,38.6875,34.71875
Correct 35.875,35.0625,33.4375,36.875
Correct 39.21875,18.140625,15.390625,15.15625
Correct 25.6875,37.03125,36.75,24.765625
Correct 37.46875,34.125,34.65625,27.875
Correct 37.53125,30.609375,37.9375,27.59375
Correct 23.328125,25.390625,41.40625,21.65625
Correct 31.484375,32.875,40.09375,26.3125
Correct 24.109375,26.65625,39.625,23.984375
Correct 38.0625,23.390625,27.96875,21.84375
Correct 30.828125,40.15625,31.3125,29.390625
Wrong 33.46875,38.46875,22.640625,22.59375
Wrong 34.78125,38.03125,34.625,24.765625
Correct 38.21875,18.796875,15.96875,13.6875
Correct 26.5625,25.0,22.921875,39.21875
Correct 23.28125,39.28125,23.921875,24.875
Correct 40.3125,28.109375,27.25,30.5
Wrong 33.28125,30.375,37.375,26.921875
Correct 33.96875,39.34375,32.6875,28.296875
Wrong 33.1875,36.90625,36.0625,26.78125
Correct 30.125,32.0625,41.4375,24.96875
Correct 19.5625,39.4375,17.109375,17.390625
Correct 28.125,25.453125,39.8125,24.9375
Correct 31.9375,34.65625,38.21875,27.3125
Wrong 31.90625,37.5625,37.09375,26.34375
Correct 20.90625,19.90625,19.09375,38.28125
Correct 30.25,38.53125,32.5,29.390625
Wrong 34.125,39.5,28.546875,27.65625
Correct 26.484375,29.671875,39.6875,27.171875
Correct 31.90625,37.875,25.59375,23.96875
Correct 37.53125,20.4375,18.25,20.703125
Correct 21.265625,39.625,19.296875,17.78125
Correct 37.90625,27.296875,27.546875,23.796875
Correct 34.09375,34.71875,29.09375,39.15625
Wrong 28.984375,32.65625,40.34375,28.234375
Correct 25.875,40.0,27.453125,23.0625
Correct 38.46875,29.75,28.0625,31.6875
Wrong 25.71875,33.5,28.703125,36.84375
Correct 25.171875,38.96875,25.9375,23.46875
Correct 26.6875,29.953125,42.0,26.578125
Correct 38.0,22.203125,24.5625,20.96875
Correct 20.28125,20.28125,19.6875,39.03125
Correct 37.25,18.96875,16.203125,19.515625
Wrong 37.09375,32.65625,34.21875,27.984375
Correct 31.359375,25.921875,40.5,27.140625
Correct 30.6875,40.8125,30.8125,31.078125
Correct 28.34375,40.125,24.34375,25.4375
Correct 21.96875,39.53125,18.765625,17.984375
Correct 30.4375,37.6875,29.203125,33.75
Wrong 27.078125,39.4375,26.515625,23.25
Correct 24.5,26.78125,40.09375,20.265625
Correct 38.25,24.453125,21.984375,36.375
Correct 28.671875,28.0,40.125,25.453125
Correct 22.5,39.375,23.109375,19.109375
Wrong 34.84375,36.0,31.921875,34.875
Correct 33.5625,30.25,29.640625,38.625
Correct 29.40625,31.171875,31.796875,39.75
Correct 28.890625,38.34375,32.90625,29.25
Wrong 37.03125,29.0625,27.328125,37.0625
Correct 38.34375,21.125,19.6875,24.640625
Correct 22.375,39.5625,18.828125,16.578125
Correct 28.203125,30.21875,27.109375,39.375
Correct 27.59375,38.875,21.96875,21.703125
Correct 37.96875,19.671875,19.453125,21.03125
Correct 30.46875,33.5625,40.78125,29.421875
Wrong 30.578125,24.25,33.25,37.59375
Correct 24.703125,39.4375,24.421875,25.0
Correct 34.90625,28.03125,34.53125,38.28125
Wrong 35.78125,36.3125,29.46875,25.734375
Correct 29.890625,39.0625,24.0,25.109375
Correct 29.234375,26.765625,39.53125,24.9375
Correct 39.0,33.40625,35.09375,27.75
Correct 37.9375,28.640625,26.171875,35.8125
Correct 22.921875,19.703125,21.40625,38.15625
Correct 22.84375,39.1875,21.703125,20.15625
Wrong 27.140625,23.609375,39.5,21.53125
Wrong 36.9375,36.8125,24.0625,28.671875
Correct 22.28125,39.15625,18.296875,16.71875
Correct 39.59375,25.9375,24.65625,24.921875
Wrong 24.0,39.28125,28.140625,23.53125
Correct 39.0625,31.140625,35.3125,27.421875
Correct 36.375,35.96875,38.84375,23.75
Correct 26.4375,25.265625,40.71875,23.28125
Correct 25.765625,40.4375,24.625,23.984375
Correct 37.875,38.375,29.515625,24.0
Correct 20.03125,38.3125,19.21875,16.5625
Correct 21.875,23.515625,22.09375,38.96875
Correct 29.828125,33.75,25.515625,39.34375
Wrong 36.59375,27.71875,30.125,32.84375
Correct 38.65625,26.28125,22.8125,25.484375
Wrong 36.46875,35.5625,35.5,26.359375
Wrong 37.25,26.484375,32.53125,32.6875
Correct 34.34375,30.3125,37.875,24.390625
Correct 26.265625,24.265625,40.53125,22.140625
Wrong 33.5625,30.1875,39.40625,24.0625
Correct 26.8125,39.15625,21.203125,19.53125
Correct 39.4375,31.125,28.15625,25.578125
Correct 28.140625,27.171875,24.59375,39.34375
Wrong 38.5,35.21875,25.53125,20.28125
Correct 20.515625,38.875,21.109375,19.984375
Correct 39.5625,38.0625,30.390625,22.984375
Correct 28.03125,29.875,28.734375,39.84375
Correct 30.96875,27.84375,39.90625,25.921875
Correct 38.59375,21.5625,18.859375,15.6953125
Correct 38.625,23.984375,20.5,19.234375
Correct 35.03125,26.078125,26.765625,36.4375
Wrong 35.71875,39.21875,23.71875,22.3125
Correct 36.34375,36.75,34.375,27.25
Correct 34.65625,32.625,38.59375,28.1875
Correct 24.421875,26.40625,25.796875,39.0
Wrong 37.71875,29.484375,34.59375,31.65625
Wrong 35.6875,34.5625,31.734375,37.09375
Correct 24.078125,27.015625,22.65625,39.125
Wrong 35.0625,33.6875,28.546875,30.453125
Correct 32.375,30.046875,39.0625,31.890625
Correct 27.3125,31.0,41.09375,26.46875
Correct 24.46875,39.90625,24.71875,22.140625
Correct 23.796875,38.9375,23.25,21.4375
Correct 26.765625,27.765625,41.46875,29.140625
Correct 34.21875,30.359375,36.78125,26.90625
Wrong 35.1875,34.46875,36.625,26.03125
Wrong 35.625,30.8125,35.25,27.421875
Wrong 37.1875,29.9375,31.90625,29.203125
Correct 40.0625,32.15625,31.46875,24.96875
Correct 38.75,20.421875,19.65625,15.75
Wrong 36.84375,32.09375,33.84375,36.46875
Correct 30.296875,40.25,31.21875,25.265625
Correct 34.59375,36.90625,29.984375,32.46875
Correct 22.625,38.875,19.875,19.640625
Correct 25.0,24.46875,40.0,24.4375
Correct 23.09375,24.1875,26.578125,39.46875
Wrong 22.59375,39.125,31.71875,26.28125
Wrong 32.40625,38.4375,30.625,32.0625
Correct 36.34375,38.875,22.90625,21.71875
Correct 33.65625,39.40625,31.296875,31.125
Correct 20.28125,20.28125,40.15625,20.6875
Wrong 37.8125,27.546875,28.3125,32.1875
Wrong 37.34375,31.359375,33.5625,30.796875
Correct 39.46875,28.125,23.6875,25.328125
Correct 38.375,21.15625,18.09375,16.09375
Correct 26.421875,39.21875,27.34375,22.609375
Correct 27.140625,40.125,35.40625,26.8125
Correct 38.28125,26.609375,28.578125,23.140625
Correct 25.84375,24.625,40.40625,25.578125
Correct 38.59375,28.96875,23.34375,23.96875
Correct 38.4375,19.453125,16.53125,15.3515625
Correct 20.109375,20.359375,18.359375,38.75
Correct 29.96875,39.21875,25.515625,25.4375
Correct 19.421875,18.59375,19.25,39.25
Correct 39.125,25.515625,26.078125,24.015625
Correct 25.03125,37.65625,27.296875,33.3125
Correct 28.359375,26.953125,40.21875,26.53125
Correct 31.390625,32.375,30.1875,35.34375
Correct 38.65625,19.375,18.578125,24.25
Wrong 36.875,37.71875,22.96875,24.15625
Correct 24.25,24.375,25.234375,38.5625
Correct 25.78125,30.546875,40.53125,25.59375
Correct 29.984375,39.5,27.640625,30.203125
Correct 26.328125,27.109375,26.25,39.0625
Correct 26.421875,37.5625,35.96875,24.125
Correct 38.5625,25.0625,25.265625,22.453125
Correct 38.46875,25.546875,25.015625,18.390625
Correct 36.34375,35.8125,37.28125,27.71875
Correct 33.875,30.515625,26.59375,38.75
Correct 26.0,37.8125,27.375,23.578125
Wrong 30.953125,39.21875,29.15625,28.375
Wrong 37.25,25.40625,23.96875,35.28125
Correct 38.90625,24.828125,33.0625,26.015625
Correct 25.4375,40.1875,26.21875,24.390625
Correct 25.734375,39.40625,22.828125,25.625
Correct 27.46875,39.875,24.5625,31.328125
Wrong 35.59375,33.4375,37.4375,29.296875
Correct 38.8125,30.375,28.859375,32.84375
Correct 37.9375,33.9375,29.15625,29.59375
Correct 37.875,35.96875,32.65625,29.515625
Wrong 38.96875,31.46875,34.9375,26.5625
Correct 37.71875,28.90625,23.234375,19.140625
Correct 22.109375,38.15625,25.734375,22.546875
Correct 38.4375,22.328125,17.875,16.84375
Correct 38.59375,29.0625,26.34375,29.5625
Wrong 36.03125,27.53125,29.171875,37.125
Wrong 24.390625,39.28125,22.84375,23.796875
Correct 35.34375,31.046875,36.5625,29.21875
Correct 28.078125,40.125,29.4375,26.765625
Correct 38.40625,18.046875,16.4375,14.578125
Correct 23.625,39.75,24.171875,21.625
Correct 28.96875,24.765625,38.65625,35.4375
Correct 27.484375,22.484375,20.625,38.21875
Correct 31.734375,39.6875,26.265625,23.8125
Wrong 35.34375,26.9375,24.984375,37.46875
Correct 39.125,28.390625,29.296875,23.953125
Correct 23.0,23.578125,40.3125,20.15625
Correct 22.0625,40.03125,22.4375,19.671875
Wrong 36.15625,31.0,37.71875,26.203125
Correct 20.546875,19.90625,40.21875,18.765625
Correct 24.859375,38.71875,20.875,17.390625
Correct 37.40625,18.734375,21.015625,22.5625
Correct 32.5625,39.5,27.5625,28.703125
Wrong 34.125,31.171875,35.0,31.921875
Correct 39.6875,27.359375,31.34375,22.03125
Correct 22.859375,20.703125,39.96875,19.4375
Correct 38.53125,23.9375,21.234375,20.671875
Correct 30.203125,26.890625,28.703125,39.15625
Correct 21.4375,38.78125,19.765625,18.75
Correct 21.8125,24.609375,39.09375,19.5625
Correct 20.828125,21.640625,23.703125,38.71875
Correct 31.75,30.53125,30.78125,37.96875
Correct 38.65625,31.0625,26.203125,33.84375
Correct 26.265625,38.84375,23.546875,25.984375
Correct 25.359375,22.140625,19.78125,38.65625
Correct 38.15625,29.953125,26.140625,23.25
Correct 33.96875,30.125,39.90625,27.703125
Correct 38.03125,23.234375,24.046875,23.890625
Correct 38.4375,30.21875,34.6875,24.859375
Correct 20.765625,21.984375,39.15625,23.359375
Correct 32.4375,25.3125,40.15625,24.171875
Correct 38.46875,29.15625,25.046875,29.59375
Correct 36.125,27.578125,25.65625,37.90625
Correct 32.4375,27.0625,40.40625,24.890625
Correct 28.109375,25.296875,40.1875,23.390625
Correct 38.21875,26.53125,29.140625,26.984375
Wrong 38.78125,30.359375,27.53125,33.875
Correct 36.625,33.5,24.453125,31.984375
Correct 33.8125,34.3125,38.15625,32.71875
Correct 39.375,28.328125,28.375,25.578125
Wrong 27.125,33.375,24.84375,38.5625
Correct 25.9375,20.9375,22.046875,38.40625
Wrong 32.78125,26.875,27.5625,39.25
Correct 21.5,39.03125,18.984375,17.484375
Correct 20.640625,28.46875,21.046875,38.8125
Correct 37.78125,24.984375,24.265625,22.234375
Correct 20.25,21.109375,40.0625,18.796875
Correct 24.84375,39.125,30.34375,24.90625
Wrong 31.296875,33.09375,39.75,33.1875
Correct 35.78125,32.40625,29.5625,34.4375
Correct 39.15625,20.78125,27.078125,21.390625
Wrong 37.40625,35.9375,28.640625,26.171875
Wrong 37.40625,36.5625,31.296875,26.96875
Correct 29.375,38.71875,28.375,24.328125
Correct 22.390625,24.265625,39.75,22.953125
Correct 36.09375,32.875,29.8125,35.15625
Correct 25.0,26.484375,39.34375,23.296875
Wrong 37.3125,31.875,30.59375,35.875
Correct 21.65625,39.25,23.03125,19.71875
Wrong 36.25,30.8125,26.078125,31.9375
Correct 30.1875,27.90625,40.875,25.0625
Wrong 36.53125,35.625,29.90625,34.25
Correct 30.171875,28.203125,32.15625,39.25
Correct 31.703125,40.40625,28.015625,24.015625
Correct 32.75,39.5,25.390625,21.1875
Correct 23.984375,39.0,19.046875,18.359375
Correct 23.4375,22.140625,22.5,38.59375
Wrong 38.9375,33.375,29.78125,31.0
Wrong 32.65625,40.03125,26.875,21.75
Correct 38.4375,21.25,21.3125,26.1875
Correct 19.234375,19.75,18.5625,38.5
Correct 38.0,19.859375,17.890625,16.671875
Correct 39.78125,32.40625,29.109375,24.671875
Correct 30.5625,27.734375,25.09375,38.8125
Correct 26.015625,24.71875,26.640625,38.34375
Wrong 32.3125,34.875,35.4375,34.3125
Correct 39.03125,31.234375,27.8125,24.328125
Wrong 31.5625,28.15625,39.96875,22.25
Correct 36.21875,27.03125,31.984375,36.8125
Correct 38.375,25.421875,19.21875,17.90625
Correct 19.21875,17.671875,17.234375,39.3125
Wrong 35.0,28.9375,39.09375,24.578125
Wrong 35.40625,31.484375,30.421875,32.59375
Wrong 38.8125,30.515625,35.8125,23.34375
Correct 35.875,28.421875,26.96875,36.75
Correct 24.5625,24.21875,40.34375,24.375
Correct 39.28125,26.703125,24.34375,21.515625
Wrong 34.0,32.75,34.15625,35.59375
Correct 32.375,27.296875,39.46875,24.625
Correct 38.96875,21.296875,19.125,18.078125
Correct 22.09375,19.078125,20.71875,38.21875
Correct 32.90625,32.0,39.0,28.03125
Correct 30.28125,39.9375,29.46875,23.46875
Wrong 38.65625,34.28125,23.859375,31.78125
Correct 25.15625,38.53125,21.453125,19.1875
Correct 20.8125,38.4375,21.140625,21.125
Correct 29.3125,27.328125,40.375,25.265625
Correct 20.15625,20.65625,22.578125,39.28125
Wrong 21.890625,19.0,21.140625,38.71875
Correct 30.40625,39.8125,25.890625,26.1875
Correct 19.765625,39.375,20.828125,17.859375
Correct 29.703125,22.765625,39.9375,24.40625
Correct 38.25,24.34375,19.09375,20.265625
Wrong 37.59375,28.828125,29.4375,36.09375
Wrong 32.15625,32.4375,30.6875,38.5
Correct 31.0625,39.34375,30.828125,25.109375
Correct 38.90625,29.5,24.90625,20.90625
Wrong 22.359375,39.78125,24.71875,20.09375
Wrong 28.109375,40.25,30.765625,25.15625
Correct 21.953125,38.34375,21.25,17.96875
Correct 38.5625,35.21875,27.375,26.234375
Correct 34.03125,33.875,32.875,34.40625
Correct 28.3125,39.59375,30.921875,26.546875
Correct 23.453125,40.125,22.046875,22.390625
Correct 23.078125,22.359375,40.03125,23.75
Wrong 32.46875,34.4375,37.34375,29.078125
Wrong 27.1875,40.59375,28.109375,32.65625
Correct 29.328125,29.265625,31.5625,39.09375
Wrong 33.90625,34.28125,33.0625,36.90625
Correct 38.5,26.109375,23.15625,35.375
Correct 20.90625,23.71875,22.84375,39.4375
Correct 27.546875,29.515625,41.59375,24.890625
Correct 28.484375,25.390625,40.46875,24.140625
Correct 34.5625,24.421875,38.46875,24.953125
Correct 39.125,29.15625,29.84375,23.640625
Wrong 33.96875,31.203125,30.296875,32.15625
Correct 32.375,41.40625,23.921875,22.46875
Correct 21.0625,21.84375,20.625,38.84375
Correct 28.03125,24.609375,39.84375,21.1875
Correct 23.484375,39.375,25.515625,21.78125
Correct 30.40625,24.609375,40.3125,20.453125
Correct 29.203125,39.9375,25.03125,23.0625
Correct 29.125,38.875,29.15625,26.140625
Correct 35.6875,25.265625,24.421875,38.1875
Wrong 38.28125,19.0,18.625,17.0
Correct 22.875,38.1875,21.25,33.96875
Correct 26.71875,38.28125,30.40625,30.40625
Correct 31.09375,40.375,34.9375,30.78125
Correct 35.5,28.15625,38.21875,26.515625
Correct 38.71875,26.46875,23.0625,26.1875
Wrong 23.953125,36.5625,26.953125,36.09375
Correct 36.90625,18.90625,21.28125,18.078125
Correct 21.84375,24.703125,41.125,23.171875
Correct 26.59375,24.421875,25.921875,39.21875
Wrong 32.5625,30.4375,32.3125,34.65625
Correct 30.5,29.234375,40.1875,27.03125
Correct 24.03125,25.3125,40.9375,20.515625
Correct 33.375,33.8125,33.6875,37.96875
Correct 32.84375,26.390625,39.4375,25.5625
Wrong 37.59375,24.171875,24.59375,25.546875
Wrong 25.53125,32.09375,41.1875,26.390625
Correct 29.5,30.6875,40.71875,24.421875
Correct 21.71875,38.125,22.453125,18.53125
Correct 38.5,23.546875,22.90625,22.421875
Correct 25.046875,39.625,23.921875,21.578125
Correct 33.59375,29.859375,30.84375,40.09375
Wrong 32.34375,30.875,33.78125,30.375
Correct 24.84375,25.84375,38.84375,35.6875
Correct 38.5,25.0,22.96875,21.9375
Correct 33.03125,38.03125,26.328125,35.25
Correct 28.625,39.125,28.21875,23.921875
Correct 32.125,39.59375,20.609375,19.140625
Correct 27.234375,27.265625,25.265625,39.65625
Correct 33.5625,38.46875,24.34375,26.71875
Wrong 28.203125,38.53125,31.171875,28.875
Correct 35.21875,40.53125,28.046875,24.984375
Correct 26.890625,25.078125,36.3125,38.84375
Correct 32.1875,28.203125,39.03125,25.5625
Correct 22.609375,39.21875,25.953125,21.015625
Correct 27.765625,40.875,31.9375,26.515625
Wrong 34.65625,35.78125,33.15625,30.203125
Correct 32.90625,32.875,39.84375,28.265625
Correct 23.015625,33.65625,24.703125,39.625
Correct 31.4375,31.328125,26.203125,38.25
Wrong 37.34375,29.15625,37.03125,27.96875
Correct 31.296875,28.5625,40.21875,27.546875
Wrong 20.90625,20.21875,19.3125,37.125
Correct 32.59375,28.859375,38.1875,27.515625
Correct 39.21875,33.0625,24.703125,23.671875
Wrong 39.53125,29.65625,33.625,29.546875
Correct 38.84375,20.6875,16.71875,17.203125
Correct 36.9375,22.953125,24.75,22.84375
Wrong 28.703125,32.15625,30.421875,27.375
Wrong 33.46875,37.8125,36.03125,26.875
Correct 38.53125,20.78125,20.15625,29.296875
Correct 25.90625,21.625,18.609375,37.96875
Correct 20.171875,19.1875,40.1875,19.9375
Correct 20.078125,20.453125,39.9375,17.75
Wrong 38.15625,33.8125,32.34375,33.125
Correct 27.0625,40.1875,26.734375,21.171875
Correct 35.65625,26.15625,38.1875,22.578125
Wrong 36.5,30.734375,30.4375,34.59375
Correct 34.46875,39.46875,27.390625,22.890625
Correct 25.171875,25.203125,40.0625,26.984375
Correct 32.0625,36.1875,39.1875,28.1875
Correct 20.609375,38.78125,20.03125,17.828125
Wrong 34.40625,35.78125,35.15625,30.96875
Wrong 31.53125,34.09375,29.90625,36.1875
Wrong 29.3125,28.875,37.4375,35.75
Correct 24.8125,24.15625,25.171875,38.78125
Correct 29.625,25.765625,36.125,38.96875
Correct 19.3125,38.25,19.109375,18.359375
Wrong 37.28125,30.578125,28.59375,36.6875
Wrong 34.0625,34.125,36.40625,34.15625
Correct 24.140625,23.734375,39.0625,21.671875
Correct 26.921875,23.140625,22.265625,38.625
Correct 30.75,25.828125,23.75,39.59375
Correct 32.875,28.921875,40.0,24.40625
Correct 21.234375,39.5,22.484375,18.125
Wrong 21.640625,39.21875,20.96875,19.09375
Correct 27.46875,39.90625,22.578125,21.34375
Correct 30.125,30.0625,24.5625,40.21875
Wrong 35.625,32.1875,30.609375,29.25
Correct 38.65625,24.796875,28.625,23.078125
Correct 25.078125,27.484375,40.46875,21.4375
Correct 33.5,33.5,29.71875,36.0625
Correct 32.71875,31.53125,32.78125,39.65625
Correct 34.3125,29.078125,27.96875,38.21875
Correct 23.28125,38.90625,21.5,33.28125
Correct 35.4375,29.15625,26.75,38.90625
Correct 27.84375,39.375,24.515625,23.921875
Correct 35.90625,26.734375,32.21875,22.96875
