grade confidence_levels
Wrong 10.60945987701416,7.277636528015137,11.46096420288086,7.406515598297119
Wrong 7.832770347595215,6.482193470001221,10.554823875427246,7.977004051208496
Wrong 9.851805686950684,7.340490818023682,12.3438138961792,7.781742572784424
Correct 9.172186851501465,6.911037445068359,10.539129257202148,9.500268936157227
Wrong 7.8286004066467285,6.357112884521484,11.484467506408691,8.29732894897461
Wrong 9.93776798248291,6.9773736000061035,12.625041007995605,8.304950714111328
Wrong 10.000514030456543,7.407781600952148,10.81257438659668,10.390939712524414
Wrong 9.680011749267578,7.336902618408203,12.109424591064453,8.515923500061035
Wrong 10.164421081542969,7.278188705444336,10.437631607055664,7.62537956237793
Correct 13.000073432922363,10.273527145385742,15.55470085144043,13.265645027160645
Correct 9.289310455322266,6.567338943481445,10.664159774780273,7.758216857910156
Wrong 9.047121047973633,6.996947765350342,11.56255054473877,8.070550918579102
Wrong 13.296958923339844,11.578203201293945,18.84376335144043,13.007831573486328
Wrong 11.297215461730957,8.329146385192871,11.734430313110352,8.328489303588867
Wrong 8.797269821166992,7.539950370788574,11.015697479248047,7.656646728515625
Wrong 8.687868118286133,6.751362323760986,11.546947479248047,7.547394275665283
Wrong 8.922150611877441,6.33711051940918,11.742247581481934,8.500269889831543
Wrong 9.117467880249023,6.587601661682129,11.281322479248047,7.59813928604126
Wrong 10.422196388244629,6.723595142364502,12.89848518371582,7.680224418640137
Wrong 12.14851188659668,8.367533683776855,12.093770027160645,9.7970609664917
Wrong 10.687606811523438,7.707475662231445,12.054717063903809,8.09402847290039
Wrong 8.133337020874023,6.544887542724609,10.742352485656738,8.609686851501465
Wrong 11.546978950500488,8.320615768432617,12.046920776367188,8.711148262023926
Wrong 8.383278846740723,6.497971057891846,11.265716552734375,7.613944053649902
Wrong 12.796971321105957,12.296978950500488,13.453143119812012,10.320377349853516
Correct 10.515983581542969,8.914786338806152,11.757872581481934,8.641127586364746
Correct 10.968941688537598,7.606083393096924,11.265697479248047,8.578417778015137
Wrong 10.257989883422852,7.5121660232543945,10.632880210876465,9.218938827514648
Wrong 12.703176498413086,9.281435012817383,12.726583480834961,10.0704345703125
Correct 12.422021865844727,10.750236511230469,12.726587295532227,12.742283821105957
Wrong 10.570490837097168,7.965240478515625,13.16409683227539,11.523508071899414
Wrong 8.219499588012695,6.463106155395508,11.921956062316895,6.969451427459717
Wrong 10.039471626281738,7.625936508178711,11.796931266784668,10.070586204528809
Correct 8.219690322875977,6.716979503631592,10.109563827514648,7.453763008117676
Correct 8.640914916992188,6.759276390075684,10.711042404174805,7.524044513702393
Wrong 9.85953426361084,7.3951005935668945,12.96097183227539,10.203245162963867
Correct 17.187511444091797,15.312514305114746,16.281253814697266,17.593753814697266
Wrong 10.539352416992188,6.9814066886901855,11.578193664550781,8.609689712524414
Wrong 10.359498977661133,7.410521507263184,11.601600646972656,9.890755653381348
Correct 12.304719924926758,9.968832015991211,12.390640258789062,12.64065170288086
Wrong 9.30484676361084,7.2855706214904785,10.726627349853516,8.320560455322266
Correct 11.804774284362793,8.172263145446777,11.64065933227539,10.015752792358398
Wrong 12.992236137390137,11.968794822692871,13.89063549041748,13.304701805114746
Correct 10.000439643859863,8.329011917114258,11.296940803527832,9.164474487304688
Wrong 10.937795639038086,6.489371299743652,12.414115905761719,7.293447017669678
Wrong 10.66427230834961,8.016474723815918,10.953186988830566,10.851778030395508
Wrong 11.289151191711426,10.17201042175293,11.117218971252441,9.711048126220703
Wrong 12.515861511230469,13.008211135864258,11.625044822692871,10.711071968078613
Wrong 11.60164737701416,8.640830993652344,12.742208480834961,10.820426940917969
Correct 9.406423568725586,7.301270961761475,10.90630054473877,8.750216484069824
Wrong 14.156279563903809,11.843815803527832,12.015645027160645,12.62503433227539
Correct 15.062521934509277,12.765655517578125,14.625008583068848,12.773459434509277
Wrong 11.023643493652344,6.711700439453125,12.382862091064453,8.180068016052246
Wrong 12.421916961669922,10.93754768371582,12.125011444091797,13.828137397766113
Wrong 11.023735046386719,7.383979320526123,11.789112091064453,8.883316993713379
Correct 11.11750316619873,7.953871726989746,11.41413688659668,8.094278335571289
Wrong 10.164304733276367,7.695834159851074,10.93756103515625,7.188011646270752
Correct 9.484530448913574,7.242967128753662,11.843782424926758,7.2620463371276855
Wrong 10.867470741271973,8.602276802062988,12.90628433227539,9.820653915405273
Wrong 8.726981163024902,6.493406772613525,10.789177894592285,7.641234397888184
Wrong 10.45345687866211,8.313207626342773,11.210988998413086,9.594268798828125
Wrong 9.297112464904785,6.477500915527344,11.437562942504883,8.5001802444458
Correct 14.031281471252441,12.132841110229492,13.421884536743164,17.73438835144043
Wrong 11.007991790771484,8.961111068725586,11.687546730041504,9.156575202941895
Wrong 13.468822479248047,10.484536170959473,13.718766212463379,10.265722274780273
Correct 14.390667915344238,12.40630054473877,13.734389305114746,13.937511444091797
Wrong 10.383056640625,7.4811882972717285,12.039113998413086,8.094216346740723
Correct 10.39871883392334,7.7392048835754395,12.429718017578125,8.172298431396484
Correct 11.718865394592285,8.562841415405273,12.578153610229492,11.156333923339844
Correct 8.914358139038086,6.392031669616699,11.328221321105957,8.422297477722168
Wrong 13.156322479248047,8.422088623046875,11.617218971252441,8.812685012817383
Wrong 8.680059432983398,6.485600471496582,11.156333923339844,7.512101650238037
Wrong 11.445387840270996,7.90272331237793,12.515656471252441,9.461091041564941
Wrong 13.875042915344238,11.453173637390137,14.80469799041748,13.109392166137695
Wrong 15.687530517578125,13.070358276367188,14.05469799041748,14.625017166137695
Wrong 8.071154594421387,6.041873455047607,10.797056198120117,6.922715663909912
Wrong 9.757966041564941,6.985339164733887,11.51567554473877,7.363771438598633
Wrong 9.539361000061035,6.504901885986328,11.218842506408691,8.117671012878418
Wrong 13.383007049560547,8.367744445800781,13.406279563903809,11.476736068725586
Correct 10.172066688537598,7.083003520965576,12.687549591064453,9.000521659851074
Wrong 9.25793743133545,7.0435051918029785,12.234408378601074,9.171993255615234
Wrong 7.9264140129089355,6.170279502868652,10.609572410583496,8.219446182250977
Wrong 9.42212963104248,7.156749725341797,11.56254768371582,7.898735523223877
Wrong 12.953290939331055,10.39078140258789,13.070337295532227,11.765739440917969
Correct 9.09398078918457,6.664875030517578,11.742265701293945,8.430013656616211
Wrong 10.781521797180176,6.786438941955566,11.40629768371582,8.625726699829102
Correct 12.312545776367188,10.601645469665527,12.429703712463379,11.937536239624023
Wrong 10.66415786743164,8.687737464904785,11.531281471252441,9.03921890258789
Wrong 9.39096450805664,6.7120208740234375,11.765697479248047,8.359648704528809
Wrong 13.562555313110352,8.539231300354004,13.007831573486328,12.718792915344238
Wrong 10.2500581741333,7.234703540802002,12.359395980834961,10.687570571899414
Correct 14.554742813110352,9.304919242858887,12.82033634185791,9.523571968078613
Wrong 12.570636749267578,8.93010425567627,12.0313138961792,10.49252986907959
Correct 13.656283378601074,10.781301498413086,13.992198944091797,16.984386444091797
Wrong 10.50018310546875,7.789778232574463,12.507859230041504,8.914352416992188
Wrong 8.812896728515625,6.146674633026123,11.44539737701416,7.621629238128662
Wrong 12.859439849853516,9.718912124633789,13.46877384185791,9.515756607055664
Wrong 10.187724113464355,7.266427993774414,11.695359230041504,7.523962497711182
Correct 10.328376770019531,8.313095092773438,11.109437942504883,7.687894821166992
Correct 9.39078426361084,6.758436679840088,12.437533378601074,8.008033752441406
Correct 9.187936782836914,6.676817893981934,10.59388256072998,7.543399333953857
Wrong 11.468842506408691,8.430410385131836,12.898456573486328,13.89067554473877
Wrong 8.859658241271973,6.094478130340576,11.242247581481934,8.836216926574707
Wrong 12.8359956741333,10.343805313110352,15.140633583068848,14.265647888183594
Wrong 10.922356605529785,8.610433578491211,11.234443664550781,8.047653198242188
Wrong 14.0156888961792,11.906343460083008,14.273452758789062,13.562539100646973
Wrong 9.820676803588867,7.294073104858398,11.914139747619629,7.242753982543945
Wrong 9.055153846740723,6.458143711090088,12.140671730041504,8.883133888244629
Wrong 10.11743450164795,8.156560897827148,11.242244720458984,10.031511306762695
Wrong 14.335959434509277,12.882829666137695,14.757818222045898,15.218757629394531
Wrong 16.562515258789062,15.57813549041748,16.656253814697266,16.500003814697266
Wrong 9.758126258850098,7.090671062469482,12.437561988830566,9.156522750854492
Correct 13.90634536743164,8.797162055969238,15.171899795532227,9.492324829101562
Wrong 14.593769073486328,10.546941757202148,12.890633583068848,12.984393119812012
Wrong 8.445786476135254,6.4464826583862305,10.671998023986816,8.5160493850708
Wrong 10.672279357910156,8.399243354797363,11.585984230041504,12.062666893005371
Wrong 16.73439598083496,13.375036239624023,13.750006675720215,15.781262397766113
Wrong 13.281290054321289,10.703181266784668,13.281261444091797,14.929697036743164
Correct 13.562568664550781,15.32817554473877,14.296889305114746,15.867213249206543
Wrong 14.09380054473877,11.039117813110352,16.406265258789062,11.953139305114746
Wrong 12.296929359436035,10.734450340270996,11.765643119812012,12.140658378601074
Wrong 14.921931266784668,17.25002098083496,15.664074897766113,16.64063835144043
Wrong 8.83651351928711,7.9151835441589355,11.312578201293945,7.7192769050598145
Wrong 9.367406845092773,7.133764266967773,11.40629768371582,7.027990341186523
Wrong 8.883428573608398,6.927080154418945,10.367317199707031,7.9615864753723145
Wrong 8.398889541625977,6.696522235870361,11.320378303527832,7.2114577293396
Wrong 12.203190803527832,8.007996559143066,12.117212295532227,10.742229461669922
Wrong 10.828280448913574,7.320951461791992,11.000070571899414,8.734695434570312
Wrong 9.422096252441406,7.238823890686035,12.703168869018555,8.672171592712402
Wrong 9.039472579956055,7.641566753387451,11.531309127807617,7.7893290519714355
Wrong 14.789128303527832,11.914283752441406,14.84376335144043,11.835999488830566
Wrong 11.0469970703125,7.789440155029297,13.453142166137695,10.976628303527832
Correct 8.74239730834961,5.9271159172058105,12.039105415344238,7.578585147857666
Wrong 9.367419242858887,7.22350549697876,11.468802452087402,7.87157678604126
Wrong 9.750507354736328,6.895789623260498,11.164133071899414,7.446172714233398
Wrong 8.758173942565918,7.117916584014893,11.468805313110352,7.578682899475098
Correct 10.937674522399902,8.203622817993164,11.960983276367188,8.828415870666504
Correct 9.273682594299316,6.180691719055176,11.414114952087402,7.562990188598633
Wrong 14.781298637390137,12.35943603515625,12.921895980834961,10.968803405761719
Wrong 9.968999862670898,7.993288516998291,11.914103507995605,7.445823669433594
Wrong 10.265782356262207,7.738767623901367,11.296931266784668,7.703455924987793
Wrong 11.95330810546875,8.5708589553833,11.960976600646973,9.437740325927734
Correct 7.680461406707764,5.876707077026367,10.789217948913574,7.621821880340576
Wrong 16.718765258789062,12.25003719329834,14.593756675720215,11.890643119812012
Wrong 8.187846183776855,6.126314163208008,10.679790496826172,7.7310686111450195
Correct 9.4537353515625,7.200667381286621,9.625201225280762,6.60658597946167
Wrong 12.000053405761719,8.96884822845459,12.515637397766113,9.664159774780273
Wrong 11.539271354675293,9.51605224609375,11.289128303527832,8.976868629455566
Wrong 9.250327110290527,6.598689079284668,11.593819618225098,7.785686016082764
Wrong 8.92253303527832,6.029082775115967,11.586018562316895,7.707874774932861
Wrong 11.86732292175293,12.47663688659668,14.312520027160645,15.414098739624023
Wrong 11.117425918579102,7.383561134338379,10.843829154968262,8.477023124694824
Wrong 9.265853881835938,7.906996726989746,12.593791007995605,10.281349182128906
Wrong 8.1879301071167,7.055728912353516,10.92979621887207,8.01612377166748
Wrong 9.843937873840332,6.5437750816345215,11.960999488830566,8.062931060791016
Wrong 9.945601463317871,8.17245101928711,11.15632152557373,7.633310794830322
Wrong 10.039494514465332,7.255765914916992,11.336013793945312,7.887615203857422
Wrong 11.093816757202148,9.445393562316895,12.437519073486328,15.046895027160645
Wrong 13.257962226867676,11.67211627960205,12.59378719329834,14.812579154968262
Wrong 14.750028610229492,11.609404563903809,13.218757629394531,15.101576805114746
Wrong 10.804840087890625,7.773971080780029,12.57033920288086,9.765741348266602
Wrong 7.946014881134033,5.7947587966918945,11.695405006408691,7.461660861968994
Wrong 8.672389030456543,6.407588005065918,11.586007118225098,7.617753982543945
Correct 9.750293731689453,7.321284294128418,11.1485013961792,7.2662787437438965
Wrong 10.586066246032715,8.461305618286133,11.523481369018555,11.211003303527832
Wrong 8.84424114227295,5.9118194580078125,12.578198432922363,7.949948310852051
Wrong 8.797367095947266,7.028565406799316,10.99229621887207,8.594308853149414
Wrong 11.3282470703125,10.773582458496094,12.273463249206543,12.070403099060059
Wrong 12.140985488891602,9.688257217407227,12.054746627807617,10.594022750854492
Wrong 9.812963485717773,7.805942058563232,11.796932220458984,10.000343322753906
Wrong 14.781290054321289,12.593790054321289,13.89063835144043,12.859393119812012
Wrong 11.132942199707031,8.297371864318848,12.218791007995605,9.734519004821777
Correct 10.281645774841309,7.789844989776611,11.304789543151855,9.281608581542969
Wrong 13.828217506408691,10.640741348266602,13.335960388183594,14.57036018371582
Correct 13.664105415344238,11.578177452087402,14.492204666137695,13.390656471252441
Correct 8.055742263793945,6.471079349517822,11.117347717285156,7.1336445808410645
Wrong 10.898599624633789,8.859643936157227,11.523483276367188,12.750131607055664
Wrong 10.671968460083008,8.383052825927734,12.468770980834961,10.054807662963867
Wrong 8.570932388305664,6.54882287979126,11.375116348266602,8.164661407470703
Wrong 9.484842300415039,6.997875213623047,11.84380054473877,7.992863655090332
Wrong 16.35941505432129,11.66412353515625,13.10157585144043,12.375036239624023
Wrong 9.125343322753906,6.505175590515137,11.367304801940918,8.46904182434082
Wrong 9.414534568786621,6.998054027557373,10.09388256072998,6.489675521850586
Correct 9.773914337158203,7.302313804626465,11.453197479248047,7.785729885101318
Wrong 11.648580551147461,7.820878028869629,12.007843971252441,8.218996047973633
Correct 10.351920127868652,8.344383239746094,11.273496627807617,8.344176292419434
Correct 8.85986328125,6.4466962814331055,10.75792121887207,7.738720893859863
Correct 13.656306266784668,8.828329086303711,12.218766212463379,8.656383514404297
Wrong 14.453254699707031,9.633138656616211,12.92190170288086,9.953384399414062
Wrong 10.343924522399902,6.8445725440979,11.9844331741333,7.645086765289307
Wrong 13.92971420288086,11.570331573486328,17.7031307220459,13.445321083068848
Wrong 11.633048057556152,8.58639144897461,12.445343971252441,11.047113418579102
Wrong 12.523639678955078,9.359959602355957,12.062540054321289,9.398661613464355
Wrong 9.718968391418457,7.125779628753662,12.203166007995605,8.031641960144043
Wrong 9.601791381835938,7.293850421905518,11.73443603515625,8.61752700805664
Wrong 13.82815933227539,13.156269073486328,12.765636444091797,14.687524795532227
Wrong 10.570536613464355,8.305367469787598,11.750056266784668,9.820496559143066
Wrong 9.703418731689453,7.496947765350342,12.70315170288086,8.328455924987793
Correct 15.781277656555176,15.00004768371582,13.554695129394531,16.328136444091797
Wrong 9.094123840332031,6.55594539642334,11.21884536743164,8.039661407470703
Wrong 8.640949249267578,5.798498630523682,11.968832015991211,7.516294002532959
Correct 14.187519073486328,11.664093971252441,14.773443222045898,14.453131675720215
Wrong 9.531561851501465,7.4188761711120605,11.961004257202148,8.125447273254395
Wrong 7.458079814910889,5.800027847290039,10.094037055969238,7.129977703094482
Wrong 9.055091857910156,6.829448223114014,11.640702247619629,7.8832244873046875
Wrong 11.203238487243652,8.04736328125,11.781285285949707,9.17988109588623
Wrong 12.617277145385742,13.125052452087402,17.421886444091797,18.03126335144043
Correct 10.804802894592285,7.469045639038086,11.828160285949707,9.968918800354004
Wrong 14.757871627807617,11.117317199707031,14.359393119812012,13.63283920288086
Wrong 10.828299522399902,8.172557830810547,12.085988998413086,8.242557525634766
Wrong 10.359530448913574,7.594211101531982,10.937554359436035,8.234676361083984
Correct 9.07059097290039,7.110782623291016,12.625049591064453,7.30912446975708
Correct 11.554852485656738,8.281805992126465,13.851603507995605,10.586140632629395
Wrong 10.6646089553833,7.411527633666992,10.648587226867676,7.4889655113220215
Correct 8.203843116760254,6.435458183288574,11.195457458496094,7.422443866729736
Correct 13.648508071899414,10.656607627868652,12.968762397766113,13.921905517578125
Wrong 10.414214134216309,8.17995834350586,11.968771934509277,8.632987022399902
Wrong 9.937786102294922,7.860071659088135,11.132863998413086,8.156730651855469
Wrong 13.351597785949707,11.648472785949707,13.023448944091797,12.578136444091797
Wrong 10.508078575134277,8.126568794250488,11.781293869018555,8.609719276428223
Wrong 10.328524589538574,7.950031280517578,11.625073432922363,9.67209243774414
Wrong 7.465923309326172,5.740258693695068,12.031328201293945,7.133791446685791
Correct 9.742668151855469,7.704880237579346,10.73448371887207,8.422372817993164
Wrong 9.414258003234863,8.273786544799805,11.828161239624023,10.390734672546387
Wrong 14.07816219329834,11.49226188659668,12.531262397766113,12.343778610229492
Wrong 7.8286356925964355,5.733234882354736,11.046996116638184,6.993721961975098
Wrong 12.523472785949707,9.718844413757324,12.359387397766113,12.062519073486328
Wrong 10.500076293945312,6.492673397064209,11.22658634185791,9.29701042175293
Correct 9.234582901000977,6.817081928253174,12.359413146972656,9.187725067138672
Wrong 10.500243186950684,7.403263568878174,11.882882118225098,7.727147579193115
Wrong 8.023759841918945,6.064150810241699,11.453192710876465,7.305264472961426
Wrong 7.840444087982178,5.814614295959473,10.984487533569336,7.504517555236816
Wrong 11.23452091217041,7.242809772491455,12.156296730041504,9.765872955322266
Wrong 14.312542915344238,11.890752792358398,13.343766212463379,11.648496627807617
Wrong 7.82852840423584,5.599830627441406,12.703186988830566,7.465715408325195
Correct 13.54690170288086,11.046941757202148,12.882821083068848,11.515639305114746
Wrong 14.070401191711426,8.81281566619873,12.468786239624023,9.781379699707031
Wrong 9.477765083312988,8.166640281677246,10.000275611877441,7.758767604827881
Wrong 13.125086784362793,9.00019359588623,13.468766212463379,10.757908821105957
Wrong 10.961037635803223,8.914332389831543,12.968768119812012,11.81258773803711
Wrong 9.93008804321289,7.477541923522949,11.187605857849121,8.500534057617188
Correct 13.164093017578125,10.81253433227539,12.45313835144043,13.453145027160645
Correct 13.89077091217041,10.000279426574707,13.70315170288086,11.015803337097168
Wrong 11.390727996826172,8.773590087890625,12.52346420288086,13.125091552734375
Correct 8.703391075134277,5.89655876159668,11.586017608642578,6.735368251800537
Wrong 10.000085830688477,7.707269191741943,10.57034969329834,9.00792407989502
Wrong 10.086479187011719,7.919427394866943,12.187546730041504,10.71906566619873
Wrong 8.8674898147583,6.563946723937988,10.562583923339844,8.219255447387695
Wrong 8.969278335571289,6.560092449188232,9.773621559143066,6.6491475105285645
Correct 10.188488960266113,7.464134693145752,11.195502281188965,7.923223972320557
Wrong 10.750174522399902,8.015984535217285,11.60941219329834,9.476832389831543
Wrong 11.297296524047852,7.540042400360107,11.835986137390137,10.633119583129883
Wrong 13.101618766784668,11.242280006408691,12.640650749206543,13.54691219329834
Wrong 9.344019889831543,6.962092399597168,11.531325340270996,8.6097412109375
Wrong 9.242563247680664,6.950133800506592,11.148526191711426,7.852070331573486
Wrong 10.984731674194336,7.477548599243164,10.07044506072998,7.2897443771362305
Wrong 8.211527824401855,6.575517177581787,11.4063720703125,7.738755702972412
Wrong 12.703171730041504,11.679759979248047,12.84376049041748,16.140634536743164
Correct 13.359434127807617,10.796951293945312,13.625019073486328,11.726606369018555
Wrong 13.125107765197754,11.046967506408691,12.296904563903809,11.73444652557373
Wrong 11.546985626220703,10.812630653381348,11.968780517578125,11.687561988830566
Wrong 7.96928071975708,5.896109580993652,11.007914543151855,7.344471454620361
Wrong 9.36760425567627,8.048853874206543,11.203227043151855,7.016628742218018
Wrong 8.391357421875,6.248779773712158,10.812687873840332,7.438132286071777
Wrong 12.296991348266602,7.6880784034729,12.750039100646973,9.039386749267578
Wrong 10.375130653381348,7.680062770843506,11.695357322692871,7.976928234100342
Wrong 8.641031265258789,6.298114776611328,10.515731811523438,7.434285640716553
Wrong 11.312638282775879,11.062623023986816,13.085968971252441,12.90631103515625
Correct 8.727025032043457,6.388835430145264,11.937579154968262,7.523819446563721
Correct 12.648585319519043,7.926573753356934,12.585986137390137,8.281713485717773
Wrong 13.406288146972656,12.125054359436035,14.593758583068848,15.250011444091797
Wrong 8.352018356323242,6.579756736755371,10.492323875427246,7.188103199005127
Wrong 11.937612533569336,11.66413688659668,12.593766212463379,15.109406471252441
Correct 12.664182662963867,8.804973602294922,13.375022888183594,11.882857322692871
Wrong 9.195589065551758,6.860415935516357,11.523509979248047,7.703540325164795
Correct 12.17202091217041,9.929898262023926,12.75783920288086,9.515725135803223
Wrong 7.867687702178955,6.227809429168701,11.359468460083008,7.375436782836914
Wrong 10.53138256072998,8.492506980895996,12.460970878601074,9.695475578308105
Wrong 11.39852523803711,7.922214031219482,11.875031471252441,12.73444938659668
Correct 10.601648330688477,8.133040428161621,12.523455619812012,11.703166961669922
Wrong 8.125633239746094,6.2328901290893555,10.703243255615234,6.758790969848633
Wrong 8.664629936218262,6.977824687957764,9.187707901000977,6.551654815673828
Wrong 8.102477073669434,6.173951148986816,11.211081504821777,7.199791431427002
Wrong 8.594463348388672,6.970181465148926,10.859556198120117,7.192248821258545
Correct 11.500195503234863,8.500462532043457,12.382843971252441,9.05501651763916
Wrong 10.164240837097168,6.5905442237854,12.250046730041504,7.586292266845703
Wrong 10.546991348266602,7.492528438568115,11.68753433227539,8.000280380249023
Correct 10.226752281188965,7.668344020843506,11.335987091064453,8.726767539978027
Wrong 7.5709967613220215,5.911623001098633,11.96098804473877,7.5161919593811035
Wrong 9.531726837158203,7.485485553741455,10.765722274780273,7.64133358001709
Wrong 7.9343390464782715,6.349116325378418,10.422059059143066,8.016034126281738
Wrong 8.719341278076172,7.341055393218994,10.500154495239258,7.758550643920898
Wrong 11.476602554321289,10.03131103515625,13.648445129394531,11.867213249206543
Correct 10.87508487701416,8.554869651794434,12.156279563903809,9.52353572845459
Wrong 9.133008003234863,6.915041446685791,11.250070571899414,7.524048328399658
Wrong 12.289133071899414,8.781427383422852,12.203153610229492,11.125027656555176
Wrong 10.969070434570312,8.282156944274902,11.156314849853516,8.515972137451172
Correct 14.156318664550781,13.031338691711426,18.359384536743164,13.546903610229492
Wrong 9.914254188537598,8.016057014465332,11.851598739624023,9.63293743133545
Wrong 13.367254257202148,10.836176872253418,14.812516212463379,13.29690933227539
Wrong 11.625083923339844,7.707333087921143,13.242202758789062,10.609451293945312
Wrong 9.625226020812988,7.200157642364502,10.515707015991211,7.391064643859863
Wrong 10.82831859588623,9.49245834350586,12.578173637390137,10.898588180541992
Correct 14.445369720458984,10.750140190124512,13.265639305114746,11.296947479248047
Correct 10.015812873840332,6.965570449829102,12.906288146972656,8.47680950164795
Wrong 11.172200202941895,8.680929183959961,12.125040054321289,8.781578063964844
Wrong 10.937625885009766,8.625164985656738,11.929717063903809,9.461064338684082
Correct 12.086280822753906,9.141209602355957,13.04690933227539,11.625288963317871
Correct 12.92973518371582,10.164170265197754,13.656264305114746,13.328158378601074
Wrong 9.141046524047852,7.028193950653076,10.617281913757324,7.406735897064209
Wrong 8.898996353149414,6.697232723236084,12.093846321105957,7.51259708404541
Wrong 15.460986137390137,14.429736137390137,14.617196083068848,14.226577758789062
Wrong 11.781329154968262,10.359580993652344,11.750035285949707,9.742291450500488
Wrong 12.734466552734375,11.96885871887207,12.742210388183594,14.031262397766113
Wrong 9.000319480895996,7.399031639099121,10.992264747619629,9.890768051147461
Wrong 13.281435012817383,12.406365394592285,16.609392166137695,16.71877670288086
Correct 11.0469970703125,7.746495246887207,12.820344924926758,9.57054328918457
Wrong 10.641051292419434,7.520537376403809,11.796932220458984,8.563274383544922
Wrong 15.078194618225098,12.937578201293945,15.382826805114746,14.04689884185791
Wrong 9.453567504882812,6.747618675231934,12.984429359436035,7.059879302978516
Correct 8.766051292419434,6.438668251037598,10.867281913757324,8.922101020812988
Wrong 8.078556060791016,6.298262119293213,10.336085319519043,8.195796966552734
Wrong 16.093774795532227,11.906309127807617,14.640632629394531,14.132823944091797
Wrong 9.906473159790039,7.0555830001831055,11.15632152557373,8.258257865905762
Wrong 12.515681266784668,11.1406831741333,13.117197036743164,16.093769073486328
Wrong 15.367206573486328,13.39065933227539,13.820321083068848,13.992201805114746
Wrong 10.383086204528809,6.821438312530518,12.531330108642578,8.156736373901367
Wrong 14.859400749206543,11.976591110229492,17.45313262939453,12.648447036743164
Wrong 11.054825782775879,8.742485046386719,12.125020980834961,10.078268051147461
Wrong 13.76568603515625,10.336036682128906,14.000020027160645,12.14850902557373
Correct 9.312711715698242,6.856415748596191,11.562554359436035,7.902631759643555
Wrong 14.796895027160645,11.796907424926758,15.367194175720215,15.343756675720215
Wrong 13.179752349853516,9.539216995239258,11.742217063903809,12.42192268371582
Wrong 10.484593391418457,6.840624809265137,11.265684127807617,7.309067726135254
Wrong 14.609430313110352,11.36727523803711,13.203141212463379,15.796893119812012
Wrong 8.601982116699219,5.411727428436279,12.500061988830566,7.692099094390869
Wrong 10.929882049560547,8.797242164611816,12.320354461669922,10.179800987243652
Wrong 9.336276054382324,6.595180034637451,10.750099182128906,7.406863212585449
Correct 12.187538146972656,9.125101089477539,12.695326805114746,11.20316219329834
Wrong 9.445576667785645,7.320873737335205,12.88284969329834,10.859519958496094
Wrong 10.226648330688477,8.265880584716797,12.03127384185791,10.179736137390137
Wrong 10.179920196533203,6.860283374786377,11.859424591064453,7.891003131866455
Wrong 11.218860626220703,8.078426361083984,11.19534969329834,8.547112464904785
Wrong 8.586350440979004,5.420116901397705,11.92195987701416,7.492858409881592
Wrong 13.500152587890625,10.156482696533203,12.60158920288086,10.461109161376953
Correct 11.000099182128906,8.13314151763916,12.890664100646973,11.054798126220703
Wrong 14.20316219329834,10.664116859436035,14.52344799041748,11.187528610229492
Correct 12.718796730041504,8.844297409057617,11.218786239624023,10.500162124633789
Wrong 9.867585182189941,6.891831398010254,12.265668869018555,8.687853813171387
Wrong 7.91845703125,5.493869304656982,11.023566246032715,7.734888553619385
Wrong 12.59378433227539,11.945357322692871,11.945327758789062,12.718765258789062
Wrong 10.242566108703613,8.36044979095459,11.015692710876465,7.961512088775635
Wrong 13.101656913757324,9.859488487243652,12.859402656555176,11.773491859436035
Wrong 11.242314338684082,7.5278143882751465,13.539092063903809,10.140762329101562
Correct 15.765670776367188,11.53133487701416,13.085951805114746,11.132858276367188
Wrong 7.832942008972168,5.939398765563965,10.015849113464355,7.469494819641113
Wrong 12.25016975402832,11.89073371887207,13.468782424926758,11.953253746032715
Wrong 9.594042778015137,6.926403522491455,11.312555313110352,9.242325782775879
Wrong 10.562714576721191,8.82089900970459,11.914119720458984,8.00826644897461
Wrong 15.156296730041504,12.76565933227539,14.000007629394531,15.226577758789062
Wrong 12.882916450500488,8.781538009643555,12.351609230041504,11.187629699707031
Correct 9.906481742858887,7.1920294761657715,11.640671730041504,9.609505653381348
Wrong 9.383369445800781,6.829658508300781,11.937559127807617,8.43779468536377
Correct 8.430301666259766,6.091801166534424,11.726659774780273,8.10208797454834
Wrong 9.306132316589355,7.0725555419921875,11.961071014404297,7.114758491516113
Wrong 14.007837295532227,10.367250442504883,13.070323944091797,12.937516212463379
Correct 8.930069923400879,6.430798053741455,11.679759979248047,7.535869121551514
Wrong 9.195696830749512,7.3757548332214355,11.79692268371582,7.7230916023254395
Wrong 9.343997955322266,6.243223190307617,10.390711784362793,6.867675304412842
Wrong 13.187521934509277,9.953193664550781,13.125007629394531,13.164076805114746
Wrong 8.086714744567871,6.095916271209717,10.242406845092773,7.075253009796143
Wrong 16.953153610229492,12.500069618225098,14.265639305114746,15.765645980834961
Wrong 11.570430755615234,7.402916431427002,11.921923637390137,7.578425884246826
Wrong 8.570690155029297,6.184630393981934,10.492279052734375,7.500510215759277
Correct 10.172496795654297,6.536868095397949,11.101714134216309,7.1965861320495605
Wrong 11.71931266784668,8.930672645568848,11.796975135803223,9.156845092773438
Correct 9.484522819519043,6.391387462615967,12.632842063903809,7.176229953765869
Wrong 12.711044311523438,9.804880142211914,12.83596420288086,11.265716552734375
Wrong 9.968912124633789,7.238736152648926,10.664143562316895,8.156487464904785
Correct 9.883241653442383,8.10244369506836,11.156322479248047,9.46897029876709
Wrong 8.601911544799805,6.407565593719482,10.500120162963867,7.641058444976807
Wrong 9.45366096496582,7.294139385223389,10.14857292175293,7.660873889923096
Wrong 12.937552452087402,12.007906913757324,12.367199897766113,13.773463249206543
Wrong 12.54697322845459,10.570465087890625,11.812528610229492,9.953246116638184
Wrong 13.632826805114746,11.937533378601074,13.390631675720215,14.359384536743164
Correct 11.859418869018555,10.179752349853516,13.08596134185791,11.468790054321289
Wrong 8.781612396240234,6.552090167999268,10.156386375427246,7.6098785400390625
Wrong 9.094409942626953,7.477717399597168,11.000147819519043,8.633148193359375
Wrong 10.250190734863281,8.000493049621582,12.195352554321289,8.594045639038086
Wrong 11.453411102294922,7.852503299713135,11.226618766784668,7.5668416023254395
Wrong 12.11724853515625,9.992303848266602,11.179717063903809,12.007881164550781
Wrong 11.28909683227539,8.961095809936523,11.765645027160645,12.640649795532227
Correct 8.734718322753906,6.1065568923950195,11.890677452087402,8.078486442565918
Wrong 10.601766586303711,8.46119213104248,12.523468017578125,12.312578201293945
Wrong 11.875061988830566,8.687674522399902,13.515641212463379,12.140665054321289
Wrong 11.226802825927734,8.625393867492676,12.25783634185791,10.672077178955078
Wrong 10.72677993774414,7.5199408531188965,12.281295776367188,10.22683048248291
Wrong 8.351892471313477,6.727310657501221,11.359431266784668,8.703348159790039
Wrong 12.890664100646973,12.656281471252441,14.281259536743164,13.906256675720215
Correct 9.34398078918457,6.629958629608154,12.882856369018555,8.8596830368042
Correct 9.617366790771484,6.89922571182251,12.578164100646973,8.594062805175781
Correct 8.695744514465332,6.766655921936035,11.765690803527832,7.21150541305542
Wrong 9.336272239685059,7.153450012207031,11.07819652557373,7.707424163818359
Wrong 15.632842063903809,13.195355415344238,15.750004768371582,15.289073944091797
Wrong 11.382919311523438,7.5979695320129395,11.79690170288086,9.242359161376953
Wrong 9.562833786010742,6.903809070587158,10.929777145385742,9.203380584716797
Correct 9.219143867492676,7.173121929168701,10.859472274780273,8.273756980895996
Wrong 9.1018648147583,6.325641632080078,11.539138793945312,7.133578777313232
Correct 10.968932151794434,7.69607400894165,11.687548637390137,8.281469345092773
Wrong 10.578283309936523,9.30495834350586,12.500019073486328,10.656364440917969
Wrong 9.48486328125,7.430695533752441,10.789151191711426,7.430273532867432
Wrong 8.187858581542969,6.169342041015625,10.703242301940918,8.094155311584473
Wrong 11.19539737701416,9.6408109664917,12.43752384185791,11.828173637390137
Wrong 10.695499420166016,7.805382251739502,12.257843017578125,8.75804328918457
Wrong 12.359410285949707,10.242255210876465,16.562511444091797,14.429697036743164
Wrong 13.648467063903809,14.015643119812012,13.835944175720215,15.515632629394531
Correct 11.031350135803223,7.863648414611816,12.382842063903809,8.898640632629395
Wrong 10.437684059143066,7.781668663024902,12.101612091064453,8.5079927444458
Correct 13.695342063903809,10.984476089477539,13.25001049041748,13.937516212463379
Wrong 10.664205551147461,8.75821590423584,11.789091110229492,8.547226905822754
Correct 10.640763282775879,7.949537754058838,12.257856369018555,10.50793743133545
Wrong 10.281428337097168,7.285722255706787,11.000062942504883,7.180233478546143
Wrong 13.671931266784668,10.437575340270996,12.984389305114746,11.382840156555176
Correct 11.015775680541992,7.797377586364746,11.335988998413086,8.26585578918457
Wrong 13.578186988830566,10.531331062316895,13.171894073486328,13.60159969329834
Wrong 11.828348159790039,9.781588554382324,12.54690170288086,11.359539031982422
Correct 10.367697715759277,6.596007347106934,11.562581062316895,8.04003620147705
Wrong 8.797207832336426,6.582942008972168,10.890714645385742,8.172195434570312
Wrong 12.281323432922363,8.164504051208496,12.671913146972656,9.375123023986816
Correct 11.81263542175293,8.617522239685059,12.406278610229492,10.3986177444458
Wrong 12.562662124633789,10.898699760437012,12.531279563903809,11.218941688537598
Wrong 10.65633773803711,8.601704597473145,11.789088249206543,9.554803848266602
Wrong 10.500053405761719,8.461143493652344,11.562515258789062,8.132941246032715
Wrong 8.5239896774292,6.048564910888672,12.140704154968262,7.2077765464782715
Wrong 10.594011306762695,7.523974895477295,11.171952247619629,8.047289848327637
Wrong 11.851600646972656,9.015719413757324,12.531267166137695,13.304718017578125
Wrong 9.203413009643555,6.790044784545898,11.078198432922363,8.055030822753906
Wrong 11.507929801940918,7.988610744476318,12.132844924926758,8.945549964904785
Wrong 13.4766263961792,8.18769359588623,13.140649795532227,9.320452690124512
Wrong 11.117446899414062,7.297591209411621,11.882855415344238,8.968953132629395
Wrong 9.023721694946289,6.696387767791748,11.359434127807617,7.840277194976807
Wrong 8.172541618347168,6.052544593811035,11.445412635803223,7.649237632751465
Wrong 10.617507934570312,6.797976493835449,12.046921730041504,8.727019309997559
Wrong 9.031542778015137,5.736386299133301,11.421956062316895,6.45406436920166
Wrong 8.555020332336426,6.208432674407959,10.94540786743164,7.609760761260986
Wrong 12.047207832336426,9.953989028930664,11.546937942504883,9.336221694946289
Wrong 8.875194549560547,6.613926887512207,11.71098804473877,7.9417219161987305
Wrong 10.234530448913574,8.031673431396484,11.742231369018555,9.422019958496094
Correct 9.180020332336426,5.930837154388428,12.125044822692871,7.867642402648926
Correct 14.25007438659668,11.640706062316895,15.187517166137695,13.750018119812012
Correct 13.796903610229492,13.164077758789062,15.015632629394531,16.312503814697266
Wrong 15.562530517578125,11.53130054473877,15.968756675720215,14.796891212463379
Correct 8.562982559204102,5.958420753479004,10.796987533569336,7.871499061584473
Correct 9.968929290771484,7.402812957763672,11.640664100646973,8.47691535949707
Wrong 13.421916007995605,10.828275680541992,13.093759536743164,16.40626335144043
Wrong 15.421911239624023,13.781279563903809,14.718762397766113,14.750009536743164
Correct 14.12507152557373,11.312626838684082,12.500024795532227,11.757927894592285
Correct 8.36751937866211,6.391517639160156,11.218827247619629,7.719069957733154
Wrong 11.09381103515625,8.57828426361084,12.078145980834961,10.2031888961792
Wrong 8.610143661499023,6.759681701660156,11.187585830688477,8.02380657196045
Wrong 11.523653030395508,9.656546592712402,12.89847469329834,16.54692840576172
Correct 8.672666549682617,5.912264823913574,9.992406845092773,7.125903606414795
Wrong 9.445622444152832,7.313076019287109,11.328190803527832,7.359912872314453
Wrong 11.390703201293945,7.609702110290527,12.867210388183594,10.257953643798828
Correct 9.937631607055664,7.972983360290527,11.429729461669922,10.64069938659668
Correct 10.671972274780273,7.410547733306885,12.84377384185791,7.7892913818359375
Wrong 10.148909568786621,8.508328437805176,11.156320571899414,7.961625099182129
Wrong 8.062925338745117,5.7869648933410645,11.359463691711426,7.235445499420166
Correct 13.14850902557373,9.554917335510254,13.796894073486328,10.42197036743164
Wrong 14.312561988830566,13.789095878601074,15.015640258789062,14.437514305114746
Wrong 10.828397750854492,8.133862495422363,11.41412353515625,7.969278335571289
Correct 9.687857627868652,7.618173599243164,12.234411239624023,8.640911102294922
Correct 12.562559127807617,10.937561988830566,13.703136444091797,12.742209434509277
Wrong 12.781305313110352,9.742307662963867,12.476578712463379,12.062536239624023
Wrong 11.468876838684082,7.297316074371338,12.859410285949707,8.22680377960205
Wrong 12.281347274780273,10.226696014404297,12.640645980834961,12.156340599060059
Wrong 10.531389236450195,7.695831298828125,13.070337295532227,8.922059059143066
Wrong 9.531780242919922,7.5757060050964355,11.265756607055664,7.321059226989746
Wrong 9.953265190124512,6.879476547241211,11.92972183227539,9.83601188659668
Wrong 8.055201530456543,6.435209274291992,12.367264747619629,7.539567947387695
Correct 8.938228607177734,6.099695682525635,10.023637771606445,6.895540714263916
Wrong 12.328203201293945,9.429817199707031,13.789077758789062,11.906281471252441
Correct 10.476719856262207,7.8598504066467285,10.609427452087402,9.062867164611816
Wrong 7.855956077575684,5.798068046569824,10.484468460083008,7.25056791305542
Wrong 8.508665084838867,7.0524187088012695,10.82826042175293,7.578877925872803
Correct 9.078402519226074,6.700606822967529,10.859460830688477,7.621617794036865
Wrong 8.656622886657715,6.899191379547119,10.820411682128906,7.644882678985596
Wrong 9.328634262084961,7.505436897277832,11.437618255615234,7.094370365142822
Wrong 11.523484230041504,7.46506929397583,11.921895980834961,9.007901191711426
Wrong 8.922257423400879,6.345080852508545,11.703215599060059,7.840473175048828
Wrong 12.687630653381348,10.586190223693848,14.992213249206543,13.187543869018555
Wrong 10.648731231689453,7.434708595275879,11.953157424926758,10.703383445739746
Correct 10.531530380249023,8.086588859558105,12.609418869018555,9.609570503234863
Wrong 13.710975646972656,11.28909969329834,15.515637397766113,14.57032299041748
Wrong 11.335987091064453,9.56261920928955,12.500018119812012,12.13286304473877
Wrong 7.9499616622924805,6.05634880065918,11.296981811523438,7.125971794128418
Wrong 8.9064302444458,6.051435470581055,12.445338249206543,7.094038009643555
Wrong 9.078478813171387,6.8878703117370605,12.226633071899414,8.109964370727539
Wrong 11.109512329101562,8.586321830749512,11.898475646972656,10.172079086303711
Wrong 10.203248023986816,7.418393611907959,12.484400749206543,7.87528133392334
