grade confidence_levels
Correct 0.7540450096130371,0.0006020818836987019,0.012187976390123367,0.002254553372040391
Wrong 0.22659385204315186,0.0023280512541532516,0.038164492696523666,0.362095445394516
Wrong 0.019613267853856087,0.008979590609669685,0.05087273195385933,0.43266087770462036
Wrong 0.059404417872428894,0.000639617326669395,0.29239749908447266,0.3582541048526764
Correct 0.016660533845424652,0.0015988583909347653,0.6655001044273376,0.014250503852963448
Correct 0.0040555186569690704,0.013719604350626469,0.07895074039697647,0.28879085183143616
Wrong 0.20933033525943756,0.0007490874268114567,0.12305879592895508,0.47173309326171875
Correct 0.02504696696996689,0.007759151514619589,0.01920405961573124,0.8557683229446411
Correct 0.0122785409912467,0.0003885735059157014,0.7837584018707275,0.0016105934046208858
Correct 0.0017476218054071069,0.0005247309454716742,0.919545590877533,0.00014571256178896874
Wrong 0.007762771099805832,0.0005450300523079932,0.9257319569587708,0.025453124195337296
Wrong 0.2942880094051361,0.0017362800426781178,0.17032046616077423,0.4022439420223236
Wrong 0.0015692447777837515,0.010557589121162891,0.800285279750824,0.013769685290753841
Correct 0.002959092380478978,0.0014197854325175285,0.059434790164232254,0.7240651845932007
Wrong 0.001492205890826881,0.34841033816337585,0.4913359582424164,0.011921943165361881
Wrong 0.004417175892740488,0.0016505761304870248,0.8032156825065613,0.017470277845859528
Correct 0.008124621585011482,0.0015029017813503742,0.015907209366559982,0.9245187044143677
Correct 0.04521716758608818,0.013158907182514668,0.061804261058568954,0.06787895411252975
Wrong 0.0053506349213421345,0.002128332620486617,0.7459908127784729,0.12963394820690155
Wrong 0.038434404879808426,0.0028280196711421013,0.4004950225353241,0.43985843658447266
Wrong 0.022725015878677368,0.01715371012687683,0.33394068479537964,0.007377731613814831
Correct 0.015782466158270836,0.0038076925557106733,0.8616912961006165,0.0009044068865478039
Wrong 0.010792406275868416,0.000878998776897788,0.49619266390800476,0.04202301427721977
Wrong 0.08903300017118454,0.003479252103716135,0.13158172369003296,0.17985177040100098
Correct 0.0012625721283257008,0.00022112278384156525,0.9516046047210693,0.0014993419172242284
Correct 0.3323531448841095,0.0017714877612888813,0.13220040500164032,0.04787999019026756
Correct 0.010401066392660141,0.0003615088062360883,0.8659091591835022,0.058012451976537704
Correct 0.037338241934776306,0.001963443122804165,0.5401716232299805,0.2632594704627991
Correct 0.49013441801071167,0.0008156579569913447,0.054991383105516434,0.01152684073895216
Correct 0.0020873805042356253,0.007635321468114853,0.9394397735595703,0.0021536408457905054
Wrong 0.05876747518777847,0.06978793442249298,0.20193780958652496,0.34350886940956116
Wrong 0.309596985578537,0.011277033016085625,0.08463876694440842,0.20303861796855927
Correct 0.004682757426053286,0.21529565751552582,0.11889734119176865,0.14797034859657288
Correct 0.03829929232597351,0.016731683164834976,0.6085343360900879,0.06827584654092789
Correct 0.04154283553361893,0.0009769926546141505,0.7838543653488159,0.004734376445412636
Wrong 0.07702337205410004,0.0014555101515725255,0.4099278151988983,0.17908474802970886
Wrong 0.008660601451992989,0.002725176280364394,0.25309956073760986,0.6988309621810913
Wrong 0.011383827775716782,0.1408674418926239,0.4339008629322052,0.013309044763445854
Wrong 0.028755197301506996,0.0009243330569006503,0.7771953344345093,0.07695286720991135
Correct 0.0022491503041237593,0.0001980697561521083,0.9216594696044922,0.0003140515473205596
Correct 0.008032599464058876,0.00012682698434218764,0.9430606365203857,0.003296572482213378
Correct 0.006747337989509106,0.0003082664916291833,0.7326343059539795,0.2034454047679901
Wrong 0.00677025131881237,0.0013754562241956592,0.9006887674331665,0.007552763447165489
Wrong 0.005390590988099575,0.0046834214590489864,0.47031447291374207,0.14343814551830292
Correct 0.016074391081929207,0.001616639900021255,0.12643450498580933,0.7506774067878723
Wrong 0.32954663038253784,0.0011078297393396497,0.3852778375148773,0.015174130909144878
Wrong 0.048623718321323395,0.0008836418273858726,0.5227521657943726,0.05095715448260307
Wrong 0.005652715917676687,0.7175813317298889,0.00491115590557456,0.01178126409649849
Correct 0.009866025298833847,0.00028207243303768337,0.19509190320968628,0.6703811287879944
Correct 0.5387709140777588,0.0008357158512808383,0.12998346984386444,0.021553555503487587
Correct 0.004756907466799021,0.06566698849201202,0.22564661502838135,0.4702886939048767
Correct 0.03718886896967888,0.00026055792113766074,0.9010009765625,0.0009094372508116066
Wrong 0.06624186784029007,0.0012227746192365885,0.6187391877174377,0.06834454089403152
Wrong 0.013949011452496052,0.3770149052143097,0.2591167688369751,0.0135198337957263
Wrong 0.019858721643686295,0.008951016701757908,0.3465460240840912,0.001240117009729147
Correct 0.05248517543077469,0.0008483415003865957,0.25433510541915894,0.6197271943092346
Wrong 0.025233065709471703,0.016808820888400078,0.4267840087413788,0.1474928855895996
Wrong 0.007570701185613871,0.28408849239349365,0.3535527288913727,0.03611776977777481
Wrong 0.005258262623101473,0.0630655586719513,0.5799392461776733,0.0011550867930054665
Correct 0.10642462223768234,0.0005584642058238387,0.07429613173007965,0.003698997898027301
Correct 0.005108080338686705,0.0009748927550390363,0.054065532982349396,0.7821704745292664
Wrong 0.026904068887233734,0.0815856009721756,0.32775625586509705,0.014177447184920311
Wrong 0.04171310365200043,0.0022808846551924944,0.28505659103393555,0.4147556722164154
Wrong 0.024229658767580986,0.007866211235523224,0.802374541759491,0.010421045124530792
Correct 0.033231377601623535,0.002814376261085272,0.7682492733001709,0.006751358509063721
Wrong 0.039854299277067184,0.002628663554787636,0.6432128548622131,0.24035197496414185
Correct 0.4737681448459625,0.0005050821928307414,0.19749540090560913,0.03888923302292824
Correct 0.008721085265278816,0.0014236762654036283,0.0071179307997226715,0.9469467401504517
Correct 0.009243319742381573,0.00047480533248744905,0.8064558506011963,0.012438241392374039
Correct 0.026014290750026703,0.0032560646068304777,0.3219086229801178,0.04936647042632103
Wrong 0.033605169504880905,0.009933645837008953,0.7891261577606201,0.01041039265692234
Correct 0.01402293797582388,0.0012841124553233385,0.9235194325447083,0.0026763244532048702
Correct 0.007887455634772778,0.0003957724547944963,0.926019549369812,0.00010569186270004138
Wrong 0.009186659008264542,0.03156743571162224,0.6440327167510986,0.08061033487319946
Correct 0.36112627387046814,0.01797936111688614,0.0844448134303093,0.004139091353863478
Wrong 0.06616756319999695,0.00778005039319396,0.781282901763916,0.03770112991333008
Correct 0.03780230134725571,0.20118890702724457,0.11110685765743256,0.0013345842016860843
Correct 0.03505626693367958,0.49155765771865845,0.04098474234342575,0.0047443462535738945
Wrong 0.02457905374467373,0.0006299148080870509,0.9223186373710632,0.0015469241188839078
Correct 0.002020337153226137,0.00027990672970190644,0.9831508994102478,0.0033309748396277428
Wrong 0.05569625273346901,0.005870325956493616,0.28284791111946106,0.3866080343723297
Wrong 0.024566421285271645,0.0005687883240170777,0.8659936785697937,0.003594861598685384
Wrong 0.015436150133609772,0.004090166185051203,0.9256160259246826,0.023907961323857307
Wrong 0.06126468628644943,0.010813829489052296,0.7463526129722595,0.024753106757998466
Correct 0.05666409432888031,0.001954140840098262,0.36949512362480164,0.049230653792619705
Wrong 0.023024123162031174,0.0018899310380220413,0.09106185287237167,0.014184737578034401
Correct 0.03912556916475296,0.00045550393406301737,0.5749441981315613,0.005052586086094379
Correct 0.0018121396424248815,8.541953866370022e-05,0.9837597608566284,7.193052442744374e-05
Correct 0.010490616783499718,0.6097087860107422,0.18306750059127808,0.06132003664970398
Wrong 0.012392119504511356,0.0037207859568297863,0.606487512588501,0.24124446511268616
Wrong 0.008100184611976147,0.04961956664919853,0.442253053188324,0.06782201677560806
Correct 0.008263573050498962,0.00021013211517129093,0.8429057598114014,0.0002894692588597536
Correct 0.01771051622927189,0.006025681737810373,0.07573797553777695,0.6645809412002563
Wrong 0.046081557869911194,0.0019623879343271255,0.2912440001964569,0.21643438935279846
Correct 0.027643153443932533,0.0009167914977297187,0.7471372485160828,0.0009990646503865719
Correct 0.01302703469991684,0.5715084075927734,0.037694890052080154,0.015230156481266022
Correct 0.020066482946276665,0.0004364525666460395,0.8803318738937378,0.0023228623904287815
Correct 0.0009631871362216771,0.0013372479006648064,0.9768784046173096,0.00014541929704137146
Wrong 0.016551297158002853,0.09376950562000275,0.7261175513267517,0.0022052458953112364
Wrong 0.1716485470533371,0.0012120585888624191,0.4452206492424011,0.0008265552460215986
Wrong 0.011345583945512772,0.018415680155158043,0.8600162267684937,0.012460694648325443
Wrong 0.0208427794277668,0.042103566229343414,0.03228184953331947,0.010645450092852116
Correct 0.10440246760845184,0.0020355188753455877,0.3818872570991516,0.3020986020565033
Wrong 0.011513588018715382,0.0007594021735712886,0.943668782711029,0.0044388798996806145
Wrong 0.1383666843175888,0.03666346147656441,0.1617664098739624,0.005892361048609018
Wrong 0.028490105643868446,0.1800629049539566,0.23854398727416992,0.0027341109234839678
Correct 0.006895617116242647,0.00818873755633831,0.9031455516815186,0.00013763124297838658
Correct 0.01391078345477581,0.000300209125271067,0.0313483327627182,0.8879474401473999
Correct 0.012266161851584911,0.0028682933188974857,0.36411377787590027,0.31634825468063354
Correct 0.002951309084892273,0.00010178023512708023,0.9567075371742249,0.00012181505735497922
Correct 0.6763206124305725,0.001116740982979536,0.01666879467666149,0.050547678023576736
Correct 0.014455067925155163,0.00082833954365924,0.03808393329381943,0.8270944952964783
Wrong 0.16570837795734406,0.0020217783749103546,0.057267140597105026,0.30958372354507446
Correct 0.49653998017311096,0.0018048397032544017,0.12359791994094849,0.04012659192085266
Correct 0.06266499310731888,0.002355020260438323,0.018523650243878365,0.8126497268676758
Correct 0.005182522814720869,0.6277665495872498,0.03829387575387955,0.004645584151148796
Correct 0.03890042006969452,0.04272369667887688,0.18850566446781158,0.5897826552391052
Correct 0.004582298919558525,0.002033376833423972,0.005441591609269381,0.9009483456611633
Wrong 0.003101869486272335,0.5298699736595154,0.22789348661899567,0.0015597189776599407
Correct 0.15815114974975586,0.0003889663494192064,0.8158041834831238,0.003777930047363043
Correct 0.026373079046607018,0.4899086356163025,0.019598763436079025,0.019907444715499878
Correct 0.015759972855448723,0.4979995787143707,0.16167624294757843,0.001454498153179884
Correct 0.060464244335889816,0.2884584963321686,0.15930140018463135,0.06238359585404396
Correct 0.01684468612074852,0.00017306431254837662,0.8373838067054749,0.0017478923546150327
Correct 0.01810217648744583,0.050768718123435974,0.07159529626369476,0.734475314617157
Wrong 0.02957894466817379,0.002974826842546463,0.5581124424934387,0.35475847125053406
Wrong 0.11324549466371536,0.004601721651852131,0.1572253704071045,0.4621118903160095
Wrong 0.17128312587738037,0.0010590569581836462,0.15115651488304138,0.5275887846946716
Correct 0.011735388077795506,0.4136870205402374,0.026862509548664093,0.010356441140174866
Correct 0.013996145687997341,0.25999370217323303,0.18726567924022675,0.013996143825352192
Wrong 0.007027843035757542,0.003167696064338088,0.739613950252533,0.02530822902917862
Wrong 0.055729035288095474,0.0005815830663777888,0.6085764169692993,0.17165730893611908
Wrong 0.020877473056316376,0.04283774271607399,0.08789708465337753,0.16166795790195465
Wrong 0.05573360249400139,0.002448759274557233,0.01866838149726391,0.8318958878517151
Wrong 0.030120952054858208,0.013576563447713852,0.08992433547973633,0.2643028199672699
Correct 0.11144182085990906,0.0015896291006356478,0.6514008641242981,0.025655372068285942
Wrong 0.4582592844963074,0.04983330890536308,0.19103030860424042,0.059178560972213745
Correct 0.0048398845829069614,8.659197919769213e-05,0.9515941739082336,0.00023354981385637075
Correct 0.0038238984998315573,0.006304537877440453,0.8653584122657776,0.0028864294290542603
Wrong 0.012903818860650063,0.00037181712104938924,0.8236703872680664,0.0003806348831858486
Wrong 0.008586756885051727,0.0007329204236157238,0.9470421671867371,0.010686389170587063
Correct 0.02063213661313057,0.01251399889588356,0.34355461597442627,0.039769455790519714
Correct 0.0022896211594343185,0.00020803420920856297,0.9093760848045349,0.0006358043756335974
Wrong 0.16141138970851898,0.02893933840095997,0.3637439012527466,0.01598189026117325
Wrong 0.04785468056797981,0.0023456027265638113,0.46118149161338806,0.18344570696353912
Wrong 0.08500715345144272,0.007199294399470091,0.3992578983306885,0.09784258902072906
Wrong 0.05454012751579285,0.00018916667613666505,0.8665851354598999,0.0014087273739278316
Wrong 0.009881849400699139,0.009881817735731602,0.13016724586486816,0.008858021348714828
Wrong 0.07667502015829086,0.006100203841924667,0.38938623666763306,0.18977242708206177
Wrong 0.14320772886276245,0.007953927852213383,0.25529351830482483,0.18971902132034302
Correct 0.10609465092420578,0.14501376450061798,0.05951344594359398,0.42621931433677673
Wrong 0.014503639191389084,0.006237921305000782,0.40444695949554443,0.01383945345878601
Correct 0.023744264617562294,0.002880498068407178,0.1224818080663681,0.6518661975860596
Correct 0.34340700507164,0.0009874306851997972,0.2182818502187729,0.013315332122147083
Wrong 0.053542859852313995,0.0004931119037792087,0.8245644569396973,0.03622890263795853
Correct 0.033375199884176254,0.0004873595025856048,0.0017143918666988611,0.860754668712616
Wrong 0.16731537878513336,0.008330115117132664,0.07196115702390671,0.007825439795851707
Correct 0.00495076272636652,0.0011576772667467594,0.9434465169906616,0.0009448693599551916
Wrong 0.09531374275684357,0.03851013258099556,0.15961985290050507,0.03192610293626785
Correct 0.13335806131362915,0.0006322136032395065,0.6879104375839233,0.0022413970436900854
Correct 0.0023055137135088444,0.8737601041793823,0.013267284259200096,0.0022697709500789642
Correct 0.03502977266907692,0.00039837328949943185,0.052585817873477936,0.8620582818984985
Wrong 0.011954770423471928,0.002354030031710863,0.7281469702720642,0.01712440885603428
Correct 0.0015967786312103271,0.00014172210649121553,0.9372848272323608,3.6397257645148784e-05
Wrong 0.05077219754457474,0.0024500233121216297,0.6584217548370361,0.05664047598838806
Wrong 0.007886781357228756,0.0027255869936197996,0.6168076395988464,0.26528695225715637
Correct 0.0045062764547765255,0.00019190015154890716,0.9141266942024231,0.005435605999082327
Wrong 0.030988730490207672,0.03979020565748215,0.12844423949718475,0.1016080304980278
Correct 0.00546840438619256,0.000533050624653697,0.9341245293617249,0.0003207955742254853
Correct 0.02452149987220764,0.00017865003610495478,0.9346503019332886,0.0022106782998889685
Wrong 0.5514408946037292,0.0010398701997473836,0.03811689838767052,0.011092662811279297
Correct 0.006616181693971157,0.0001427842944394797,0.9819268584251404,0.0014086663722991943
Wrong 0.165344700217247,0.0009164183284156024,0.49362635612487793,0.028732607141137123
Wrong 0.011388756334781647,0.12244048714637756,0.3126619756221771,0.05694014951586723
Correct 0.025035033002495766,0.0022569713182747364,0.829043447971344,0.006633618846535683
Correct 0.06971623748540878,0.003417144063860178,0.05514988303184509,0.46903714537620544
Wrong 0.2835656702518463,0.0031501122284680605,0.08124244213104248,0.6003062725067139
Wrong 0.2555163502693176,0.011226581409573555,0.31306374073028564,0.10989608615636826
Correct 0.03189016878604889,0.0199563167989254,0.6608614325523376,0.03090897761285305
Correct 0.01683352142572403,0.7046830654144287,0.03619762882590294,0.0015657601179555058
Correct 0.008923908695578575,0.000404534483095631,0.8961478471755981,0.00012051814701408148
Correct 0.09236323833465576,0.005376155953854322,0.4075232446193695,0.2322009950876236
Correct 0.10016260296106339,0.010393358767032623,0.7517591714859009,0.006504012271761894
Wrong 0.0030198025051504374,0.00019154681649524719,0.7743805646896362,0.01374693214893341
Wrong 0.03278207778930664,0.0007472384604625404,0.497018963098526,0.1613588184118271
Correct 0.011504589579999447,0.0023741028271615505,0.23471425473690033,0.6380202174186707
Correct 0.0025047992821782827,0.0004251853097230196,0.9492824673652649,0.0017486312426626682
Correct 0.39901021122932434,0.0031678234227001667,0.08765038847923279,0.01955755613744259
Wrong 0.003480749437585473,0.0010782846948131919,0.8651219010353088,0.019414059817790985
Correct 0.004838899243623018,0.00038799934554845095,0.8937582969665527,0.00022809323854744434
Correct 0.0024885842576622963,0.00011639245349215344,0.9730758666992188,7.753418321954086e-05
Correct 0.012185829691588879,0.32425323128700256,0.06384909152984619,0.00021131323592271656
Wrong 0.03138965740799904,0.008853848092257977,0.32708674669265747,0.002874428406357765
Correct 0.006665690336376429,0.028063561767339706,0.5549322962760925,0.021517109125852585
Wrong 0.04325636103749275,0.00048810127191245556,0.6356459259986877,0.035304807126522064
Wrong 0.010657895356416702,0.007325053680688143,0.8735359907150269,0.0007084780954755843
Wrong 0.0034400736913084984,0.15816175937652588,0.20628142356872559,0.003898113965988159
Correct 0.017603596672415733,0.0008764300146140158,0.5391398668289185,0.0014005327830091119
Correct 0.013958515599370003,0.21834804117679596,0.020629286766052246,0.003018738701939583
Wrong 0.00810657162219286,0.004691720008850098,0.8140714764595032,0.009778391569852829
Correct 0.3616955280303955,0.0007728752680122852,0.01162664033472538,0.07011780142784119
Wrong 0.020125919952988625,0.0014130601193755865,0.6769734621047974,0.003443139372393489
Wrong 0.06111915782094002,0.027548523619771004,0.36287960410118103,0.0013823187910020351
Correct 0.2544151544570923,0.0013246540911495686,0.23529446125030518,0.007803655229508877
Correct 0.0058637866750359535,0.00017845953698270023,0.9263883829116821,0.0006180383497849107
Wrong 0.007411246653646231,0.00042802849202416837,0.8566213846206665,0.003041568910703063
Correct 0.0039687310345470905,0.0008449903107248247,0.004291212651878595,0.8981345891952515
Correct 0.02465173229575157,0.5523710250854492,0.19695353507995605,0.09017214179039001
Correct 0.03379900008440018,0.015965472906827927,0.03077421337366104,0.7004196643829346
Wrong 0.4538247585296631,0.0706918016076088,0.11296502500772476,0.008987503126263618
Correct 0.04129200801253319,0.002366213593631983,0.5700166821479797,0.05219795182347298
Correct 0.006197407841682434,0.00013167319411877543,0.9639164805412292,0.00046318949898704886
Wrong 0.05241215229034424,0.010160544887185097,0.6796897053718567,0.07625918835401535
Correct 0.18789325654506683,0.0010495618917047977,0.10057181864976883,0.4578303098678589
Correct 0.6205345988273621,0.0027420390397310257,0.1428544521331787,0.05338108912110329
Correct 0.0017933094641193748,0.00023158373369369656,0.9145530462265015,0.011512549594044685
Wrong 0.17975854873657227,0.00909056793898344,0.5201469659805298,0.12947513163089752
Wrong 0.11374562233686447,0.001957095228135586,0.24079857766628265,0.3395814895629883
Correct 0.006657523103058338,0.002526907017454505,0.13582542538642883,0.7228825688362122
Correct 0.004392562434077263,0.0006328081944957376,0.9485279321670532,0.0005584515165537596
Correct 0.003069865284487605,0.0002385790430707857,0.9348463416099548,0.0010282756993547082
Correct 0.0735955610871315,0.23025989532470703,0.16074688732624054,0.10542074590921402
Wrong 0.18565034866333008,0.04142404720187187,0.22393590211868286,0.044790204614400864
Wrong 0.011369310319423676,0.02369564026594162,0.4910472631454468,0.08667515963315964
Correct 0.043042540550231934,0.007717079017311335,0.5162332057952881,0.030048541724681854
Wrong 0.003215799806639552,0.0003310905594844371,0.9056911468505859,0.004327333066612482
Wrong 0.03431389480829239,0.000435335241490975,0.5987973809242249,0.29642683267593384
Correct 0.032845959067344666,0.0006816945970058441,0.030855843797326088,0.8339739441871643
Wrong 0.021823324263095856,0.004793938715010881,0.6377685070037842,0.16125361621379852
Wrong 0.10836414992809296,0.0032723010517656803,0.3782263398170471,0.0008273689891211689
Correct 0.0027882291469722986,0.621203601360321,0.07304167747497559,0.008068015798926353
Correct 0.002496518660336733,0.00028229784220457077,0.9761772751808167,0.0008493970963172615
Correct 0.23989896476268768,0.001667733071371913,0.33306553959846497,0.017378227785229683
Wrong 0.1550384908914566,0.01685960404574871,0.22557872533798218,0.09403558820486069
Correct 0.010826531797647476,0.00060132029466331,0.0034067099913954735,0.8206717371940613
Wrong 0.39363089203834534,0.0010632704943418503,0.4125206768512726,0.02119019441306591
Correct 0.07363893836736679,0.4372137486934662,0.15834777057170868,0.001931984443217516
Correct 0.02244916930794716,0.32477378845214844,0.025438152253627777,0.011113139800727367
Wrong 0.017351798713207245,0.011925699189305305,0.6213032603263855,0.10464471578598022
Correct 0.025825878605246544,0.13115431368350983,0.10538510978221893,0.043931249529123306
Correct 0.023337921127676964,0.00301380199380219,0.22491011023521423,0.5925605297088623
Correct 0.43749064207077026,0.001209764275699854,0.20029686391353607,0.24927429854869843
Wrong 0.0051179928705096245,0.0005924502620473504,0.8742669224739075,0.01435376051813364
Wrong 0.030539514496922493,0.3899018168449402,0.11525441706180573,0.1930154412984848
Wrong 0.013974693603813648,0.0015557104488834739,0.47006383538246155,0.20535634458065033
Wrong 0.20601995289325714,0.07231967151165009,0.3092713952064514,0.04596923291683197
Correct 0.13516966998577118,0.1156165823340416,0.040585149079561234,0.0807134285569191
Wrong 0.054019585251808167,0.005103712435811758,0.10743029415607452,0.05661201849579811
Correct 0.04954560101032257,0.00113820587284863,0.09256307780742645,0.7056659460067749
Correct 0.05846363306045532,0.0011309845140203834,0.04553129896521568,0.7464116215705872
Wrong 0.10226410627365112,0.0007993101608008146,0.36255666613578796,0.44421422481536865
Correct 0.004587670788168907,0.00037364751915447414,0.12994606792926788,0.7595651149749756
Wrong 0.03410068526864052,0.011784857138991356,0.5590217709541321,0.01688103936612606
Correct 0.012396389618515968,0.0015515873674303293,0.8163982629776001,0.013829168863594532
Correct 0.017857346683740616,0.4678000807762146,0.04087569937109947,0.01575905829668045
Wrong 0.09640052169561386,0.0007360263261944056,0.8198603987693787,0.0008471613400615752
Wrong 0.10920100659132004,0.01244492270052433,0.07050515711307526,0.10420030355453491
Wrong 0.031194087117910385,0.001994164427742362,0.11957869678735733,0.6364155411720276
Correct 0.02514621429145336,0.0011946196900680661,0.6796490550041199,0.14246270060539246
Correct 0.005955869797617197,0.519635796546936,0.17405585944652557,0.04833361506462097
Correct 0.0077870250679552555,0.0147771704941988,0.9286268949508667,0.004103475250303745
Correct 0.046891968697309494,0.0029054456390440464,0.04991573467850685,0.8311744332313538
Correct 0.0024610257241874933,0.04866471141576767,0.7263822555541992,0.0002718385949265212
Correct 0.009088119491934776,0.05567142739892006,0.6471565365791321,0.0017076072981581092
Correct 0.35758262872695923,0.0026051474269479513,0.13154688477516174,0.0030936934053897858
Wrong 0.05505593121051788,0.05680346488952637,0.2354433685541153,0.224662184715271
Correct 0.10918913781642914,0.0023748972453176975,0.03079812042415142,0.45970281958580017
Correct 0.0179244726896286,0.013959579169750214,0.8772473335266113,0.00031082602799870074
Correct 0.006242124829441309,0.005508653353899717,0.8048803210258484,0.00137121242005378
Wrong 0.018518267199397087,0.013761591166257858,0.5851569175720215,0.21865755319595337
Correct 0.43545904755592346,0.0004642409039661288,0.21556715667247772,0.03305835649371147
Correct 0.002114160917699337,0.000577978789806366,0.9514920711517334,0.0018951221136376262
Wrong 0.014138207770884037,0.0014901517424732447,0.2795700132846832,0.6919434666633606
Wrong 0.0450005978345871,0.0016911764396354556,0.5482180118560791,0.006482951808720827
Correct 0.5508345365524292,0.016633687540888786,0.09875857084989548,0.13711318373680115
Wrong 0.01622975803911686,0.022532757371664047,0.8588495850563049,0.016229763627052307
Correct 0.013940725475549698,0.0011091157793998718,0.8491083979606628,0.004120871424674988
Wrong 0.00546256685629487,0.011746336705982685,0.35975193977355957,0.018479613587260246
Correct 0.006215270608663559,0.001699153333902359,0.004271669313311577,0.8014169931411743
Wrong 0.20622403919696808,0.0032816161401569843,0.5518823266029358,0.029248755425214767
Correct 0.1605137139558792,0.05634557455778122,0.350593239068985,0.01277039386332035
Wrong 0.023497318848967552,0.038139861077070236,0.0943969190120697,0.02424319088459015
Wrong 0.030081739649176598,0.0018638898618519306,0.5765373706817627,0.28098249435424805
Correct 0.05346258729696274,0.31742188334465027,0.1243038922548294,0.02646590955555439
Correct 0.14658376574516296,0.013009997084736824,0.1273535192012787,0.4586189389228821
Correct 0.021430406719446182,0.0011446751886978745,0.19706977903842926,0.5526968240737915
Wrong 0.09965040534734726,0.0007788812508806586,0.6104310154914856,0.0038638634141534567
Correct 0.0011235878337174654,0.00014623560127802193,0.974720299243927,7.646108133485541e-05
Wrong 0.19597159326076508,0.0025452226400375366,0.2720787823200226,0.01583692617714405
Correct 0.4901668131351471,0.0005967873148620129,0.16677017509937286,0.03721156343817711
Correct 0.02619175612926483,0.0036571749951690435,0.04893241077661514,0.615043044090271
Correct 0.004206868354231119,0.0007425558287650347,0.7892566919326782,0.0023970012553036213
Correct 0.013843056745827198,0.000657642784062773,0.9406121373176575,0.006960720755159855
Wrong 0.07340963929891586,0.0012338204542174935,0.6051202416419983,0.0913597121834755
Wrong 0.005361396353691816,0.5383996367454529,0.05674668028950691,0.04853815957903862
Wrong 0.2772868871688843,0.003658030414953828,0.1655750274658203,0.47910815477371216
Correct 0.052759770303964615,0.5412460565567017,0.038599710911512375,0.055291708558797836
Wrong 0.004896717146039009,0.0012773843482136726,0.933147668838501,0.0007869737455621362
Correct 0.002200864488258958,0.0005652279942296445,0.960038423538208,0.006674035452306271
Correct 0.009935632348060608,0.0006204487872309983,0.8805084228515625,0.008109222166240215
Correct 0.4436791241168976,0.000721245538443327,0.3146146535873413,0.0059453025460243225
Correct 0.007239013910293579,0.021952003240585327,0.2287449836730957,0.5318487286567688
Wrong 0.007878275588154793,0.000544565380550921,0.8964856266975403,0.029271338135004044
Correct 0.001015917514450848,0.00011134238593513146,0.9831792712211609,0.0007789310184307396
Correct 0.010943947359919548,0.0014810959110036492,0.8167084455490112,0.013619968667626381
Wrong 0.010044696740806103,0.0012770389439538121,0.8362423181533813,0.00210548285394907
Wrong 0.2672484517097473,0.0008053230121731758,0.38884255290031433,0.013305493630468845
Correct 0.0018976505380123854,0.0002608631330076605,0.9527618288993835,0.001284014550037682
Wrong 0.050632815808057785,0.0009058887371793389,0.804501473903656,0.006047226022928953
Wrong 0.15963980555534363,0.001118489890359342,0.5571953058242798,0.12432736158370972
Wrong 0.40738075971603394,0.0006269948207773268,0.11490658670663834,0.049420859664678574
Wrong 0.023666370660066605,0.021887781098484993,0.670351505279541,0.08006224036216736
Correct 0.055574800819158554,0.00121824920643121,0.002403920516371727,0.39801025390625
Correct 0.004601235501468182,0.0006424759048968554,0.8632444739341736,0.005726329050958157
Wrong 0.24820204079151154,0.002321853768080473,0.4356066584587097,0.14364826679229736
Wrong 0.0003772154450416565,6.0152262449264526e-05,0.9468919634819031,0.0019764683675020933
Correct 0.003619726747274399,0.0005380232469178736,0.16384097933769226,0.7695242166519165
Correct 0.008080163039267063,0.5753837823867798,0.016579382121562958,0.12443535774946213
Correct 0.004908799193799496,0.6231452822685242,0.03006989136338234,0.004611389711499214
Wrong 0.025982048362493515,0.0005922381533309817,0.5469065308570862,0.11463813483715057
Wrong 0.012545846402645111,0.009036420844495296,0.24045011401176453,0.45629480481147766
Wrong 0.02038785256445408,0.0015968969091773033,0.5958185195922852,0.2602943181991577
Wrong 0.05764444172382355,0.022573847323656082,0.6700910329818726,0.008435244672000408
Correct 0.10366116464138031,0.0030817592050880194,0.2907242774963379,0.560386598110199
Correct 0.23088105022907257,0.018951788544654846,0.04546292498707771,0.1125221997499466
Wrong 0.2894655168056488,0.009904952719807625,0.35465994477272034,0.006914777215570211
Correct 0.010440896265208721,0.0007864622166380286,0.9109383225440979,0.0002826217678375542
Correct 0.002092228038236499,0.00012963642075192183,0.9416204690933228,4.8441605031257495e-05
Correct 0.020090196281671524,0.005938637536019087,0.46445009112358093,0.22284598648548126
Wrong 0.22185015678405762,0.007710820529609919,0.3436066508293152,0.0018749136943370104
Correct 0.0021119448356330395,0.001983985072001815,0.006607672665268183,0.7879877090454102
Wrong 0.0881965160369873,0.0006733874324709177,0.7618993520736694,0.07783306390047073
Wrong 0.013784542679786682,0.0010712849907577038,0.18443483114242554,0.7409417033195496
Correct 0.02004568837583065,0.001301656593568623,0.8007203340530396,0.001645450945943594
Correct 0.0023113545030355453,0.0003008241474162787,0.9324655532836914,0.002499168971553445
Correct 0.013749931007623672,0.8640748262405396,0.04724779352545738,0.0006430927314795554
Wrong 0.05094918981194496,0.004451885353773832,0.4910038709640503,0.2978093922138214
Correct 0.025863898918032646,0.0017463571857661009,0.4880138337612152,0.11060573160648346
Wrong 0.0025931696873158216,9.154994768323377e-05,0.9827734231948853,0.00010703281441237777
Correct 0.017694605514407158,0.0008147560874931514,0.7523921132087708,0.0026714869309216738
Correct 0.43555948138237,0.0011673718690872192,0.2600839138031006,0.03688780963420868
Wrong 0.3163922429084778,0.0003704560804180801,0.3474874496459961,0.0787561908364296
Wrong 0.1630193293094635,0.006942184641957283,0.47913891077041626,0.020087910816073418
Wrong 0.0812242329120636,0.0011953756911680102,0.5133506655693054,0.0008410535519942641
Wrong 0.005643450655043125,0.0003664547111839056,0.9343669414520264,0.00975100789219141
Wrong 0.06571117043495178,0.00122249114792794,0.8389407992362976,0.0029787940438836813
Wrong 0.11879022419452667,0.06768440455198288,0.32798871397972107,0.30811798572540283
Wrong 0.13997295498847961,0.1421768069267273,0.1797279417514801,0.06509339064359665
Wrong 0.013504684902727604,0.0003006968181580305,0.917620062828064,0.010354393161833286
Correct 0.05146199092268944,0.0025224138516932726,0.10075744986534119,0.636807382106781
Correct 0.07207949459552765,0.19289466738700867,0.018511487171053886,0.03512871637940407
Wrong 0.05858274921774864,0.010340461507439613,0.31669455766677856,0.08007305860519409
Correct 0.04063308984041214,0.0030368794687092304,0.6980767846107483,0.07832221686840057
Wrong 0.12216760218143463,0.002873098710551858,0.24295850098133087,0.053371090441942215
Wrong 0.12238623946905136,0.012899399735033512,0.6024044752120972,0.008459635078907013
Correct 0.014722739346325397,0.0004732611996587366,0.012397762387990952,0.7434244155883789
Correct 0.0054450873285532,0.5730453729629517,0.1591283679008484,0.015034373849630356
Wrong 0.02037782408297062,0.011253686621785164,0.7767120003700256,0.032058797776699066
Correct 0.054759614169597626,0.006240588612854481,0.18237651884555817,0.38609233498573303
Correct 0.015973437577486038,0.00041258049895986915,0.9139722585678101,0.00041907792910933495
Correct 0.003076662076637149,0.0037111607380211353,0.8013866543769836,0.0016212863847613335
Wrong 0.1978279948234558,0.13810566067695618,0.07164806127548218,0.07053773105144501
Correct 0.015939077362418175,0.033742986619472504,0.18528519570827484,0.2099561244249344
Wrong 0.28322598338127136,0.004723230842500925,0.4057013988494873,0.005697313696146011
Wrong 0.003923285286873579,0.18037806451320648,0.3317650854587555,0.0038025781977921724
Wrong 0.02512529119849205,0.000893987191375345,0.6790862083435059,0.16641759872436523
Wrong 0.036446645855903625,0.12329734861850739,0.20013083517551422,0.012018834240734577
Correct 0.0014993310905992985,0.764631986618042,0.024966061115264893,0.05285322293639183
Wrong 0.024819033220410347,0.002237500622868538,0.7601258158683777,0.10950671136379242
Wrong 0.04158896207809448,0.0003741475229617208,0.7725574374198914,0.03139296919107437
Correct 0.05430876463651657,0.008865641430020332,0.08026286214590073,0.4476713538169861
Correct 0.08230957388877869,0.002263097558170557,0.011139350943267345,0.48869362473487854
Correct 0.05762869492173195,0.001015068031847477,0.34754449129104614,0.14947740733623505
Correct 0.017911788076162338,0.0016402211040258408,0.22513602674007416,0.46922528743743896
Correct 0.025682704523205757,0.001035494264215231,0.9053443670272827,0.0054681627079844475
Wrong 0.05602617561817169,0.0854295939207077,0.25504523515701294,0.013516939245164394
Wrong 0.04513705521821976,0.005307259503751993,0.751596212387085,0.03983329236507416
Wrong 0.07102753967046738,0.007907002232968807,0.22222357988357544,0.24028243124485016
Correct 0.00679066963493824,0.0004307337221689522,0.005629647523164749,0.9320840835571289
Wrong 0.0019618517253547907,0.000798876048065722,0.7094653844833374,0.1970117688179016
Wrong 0.023982437327504158,0.0811314508318901,0.48169854283332825,0.12565912306308746
Wrong 0.043548133224248886,0.0006408982444554567,0.364623099565506,0.21772678196430206
Correct 0.07198017090559006,0.27592799067497253,0.05266157165169716,0.007586650550365448
Wrong 0.0036552874371409416,0.03257923200726509,0.8805509805679321,0.010743492282927036
Wrong 0.015935435891151428,0.0033928423654288054,0.5114717483520508,0.3200715184211731
Correct 0.16391035914421082,0.006455563940107822,0.0371490977704525,0.005521745886653662
Wrong 0.11061099916696548,0.017501171678304672,0.3683893084526062,0.03647564724087715
Correct 0.02533302828669548,0.001222447957843542,0.1480766087770462,0.6954831480979919
Wrong 0.07086221873760223,0.0014366270042955875,0.7045852541923523,0.06656882911920547
Wrong 0.2024456411600113,0.0009825000306591392,0.6235746741294861,0.0003817587858065963
Correct 0.004004997201263905,0.5851798057556152,0.23276764154434204,0.007719831541180611
Correct 0.29175302386283875,0.0046426174230873585,0.25347813963890076,0.037676334381103516
Wrong 0.0821661576628685,0.027522196993231773,0.200209841132164,0.02795564942061901
Correct 0.007488186005502939,0.0003341883420944214,0.004541800823062658,0.892989456653595
Wrong 0.021377146244049072,0.0015852738870307803,0.4293699562549591,0.1818072497844696
Wrong 0.019459012895822525,0.060881827026605606,0.08720891922712326,0.023841682821512222
Correct 0.00857118796557188,0.0004873450961895287,0.8473842144012451,0.0017413421301171184
Correct 0.057123813778162,0.007976251654326916,0.10672099888324738,0.595242977142334
Correct 0.03480364382266998,0.0004520196816883981,0.9554858207702637,0.003446025773882866
Correct 0.005120187532156706,0.00048754512681625783,0.9310509562492371,0.0006612096913158894
Wrong 0.07367628067731857,0.002501435112208128,0.5979017615318298,0.10070334374904633
Correct 0.05219884589314461,0.055565327405929565,0.02837996743619442,0.4370552897453308
Correct 0.04431156814098358,0.006795370485633612,0.10797125846147537,0.5746399760246277
Correct 0.011007371358573437,0.0008099267142824829,0.2708832025527954,0.5387163162231445
Wrong 0.06321132183074951,0.0017792070284485817,0.09341991692781448,0.554660975933075
Wrong 0.0956483706831932,0.005312435794621706,0.4090346693992615,0.16786804795265198
Wrong 0.03217940777540207,0.0022949271369725466,0.883441686630249,0.015929963439702988
Correct 0.009151979349553585,0.7270329594612122,0.02161400392651558,0.0014256029389798641
Wrong 0.01893112249672413,0.0015784279676154256,0.023931091651320457,0.8568864464759827
Correct 0.015505440533161163,0.35290253162384033,0.11820705235004425,0.009258718229830265
Correct 0.03560768440365791,0.0034171573352068663,0.045720990747213364,0.565768301486969
Correct 0.003731217235326767,0.0002991810906678438,0.971877932548523,0.0015554018318653107
Correct 0.3200586438179016,0.004936356097459793,0.05224796384572983,0.006642602849751711
Correct 0.021006256341934204,0.5250917077064514,0.028266850858926773,0.009321457706391811
Wrong 0.0035824335645884275,0.11144618690013885,0.029530273750424385,0.3125585913658142
Correct 0.002664201892912388,0.9050862789154053,0.012710156850516796,0.0018599113682284951
Correct 0.43783247470855713,0.0018898912239819765,0.20681628584861755,0.016976598650217056
Correct 0.01522503886371851,0.733583927154541,0.021137790754437447,0.0028163455426692963
Correct 0.03268162161111832,0.29128801822662354,0.0453738197684288,0.04262486472725868
Wrong 0.0038494542241096497,0.0005291703273542225,0.8987938761711121,0.0020604629535228014
Correct 0.022946035489439964,0.06045471131801605,0.6601833701133728,0.01287156343460083
Wrong 0.009403135627508163,0.0020020410884171724,0.8597715497016907,0.002491583116352558
Correct 0.013260355219244957,0.0004755190166179091,0.9296197295188904,0.00047551991883665323
Correct 0.1649070829153061,0.0008192985551431775,0.07668869197368622,0.04104860499501228
Wrong 0.01652372069656849,0.0022714543156325817,0.46077924966812134,0.2751445174217224
Correct 0.021508153527975082,0.5130157470703125,0.0389460027217865,0.19778500497341156
Wrong 0.2473536729812622,0.046476274728775024,0.03144736960530281,0.008870169520378113
Correct 0.02125462330877781,0.0007329953950829804,0.7975704669952393,0.003159217769280076
Wrong 0.06666561216115952,0.001861835247837007,0.4774392247200012,0.011054242961108685
Correct 0.00038492996827699244,0.00010857445158762857,0.9662575125694275,0.00014271849067881703
Correct 0.0033523354213684797,0.006563542410731316,0.7126778364181519,0.01959514617919922
Wrong 0.07246182858943939,0.028823237866163254,0.08340273797512054,0.21633091568946838
Correct 0.027815330773591995,0.11895104497671127,0.11895056813955307,0.008222203701734543
Correct 0.0193333700299263,0.0012554008280858397,0.7967808842658997,0.002496670465916395
Correct 0.059806764125823975,0.05796661227941513,0.07327648997306824,0.2990148067474365
Wrong 0.06764056533575058,0.00321340118534863,0.6417530179023743,0.03245428949594498
Correct 0.005743748974055052,0.0011488214368000627,0.8392309546470642,0.004072927869856358
Correct 0.026968564838171005,0.007372780703008175,0.3901546597480774,0.11532986909151077
Correct 0.41333529353141785,0.0045205410569906235,0.015292765572667122,0.003205547807738185
Correct 0.4288201332092285,0.000510002369992435,0.03865914046764374,0.00671797152608633
Wrong 0.017656145617365837,0.042354766279459,0.7052695751190186,0.05880395695567131
Correct 0.006688523106276989,0.0005753749283030629,0.9621212482452393,0.0008911593467928469
Wrong 0.032203756272792816,0.0017336098244413733,0.7329519391059875,0.07371506094932556
Wrong 0.06602126359939575,0.1375998556613922,0.18807636201381683,0.18229036033153534
Wrong 0.03480906784534454,0.0032887293491512537,0.8838174343109131,0.015446427278220654
Wrong 0.003760583931580186,0.07672290503978729,0.5243032574653625,0.003021713811904192
Wrong 0.43892964720726013,0.04414420947432518,0.21059979498386383,0.00570069532841444
Wrong 0.19407333433628082,0.0012188669061288238,0.5275446772575378,0.06706994771957397
Correct 0.0036908905021846294,0.0006413795053958893,0.09821077436208725,0.8753442168235779
Wrong 0.0017746789380908012,0.00017709503299556673,0.8636073470115662,0.013958930969238281
Wrong 0.0021758591756224632,5.88977818551939e-05,0.979260265827179,0.0005856247153133154
Correct 0.010281209833920002,0.0021216447930783033,0.8694107532501221,0.014727153815329075
Wrong 0.10917789489030838,0.002628500573337078,0.11621885001659393,0.029384838417172432
Wrong 0.017294524237513542,0.18021316826343536,0.14034967124462128,0.19792528450489044
Correct 0.01925436034798622,0.21693801879882812,0.11980405449867249,0.07153858244419098
Correct 0.043729912489652634,0.002505918964743614,0.023406879976391792,0.73963463306427
Correct 0.0187237448990345,0.0009769359603524208,0.011716991662979126,0.6009676456451416
Wrong 0.10764773190021515,0.14945374429225922,0.36416536569595337,0.042155440896749496
Wrong 0.0130678191781044,0.08791785687208176,0.4752781093120575,0.05676403269171715
Correct 0.001068980898708105,0.8576600551605225,0.05070776119828224,0.0011558451224118471
Wrong 0.007738262414932251,0.008498807437717915,0.20590698719024658,0.35577601194381714
Wrong 0.014559106901288033,0.03438393026590347,0.5725429654121399,0.04212813824415207
Wrong 0.027299584820866585,0.011030005291104317,0.3596004843711853,0.09235332161188126
Wrong 0.019888434559106827,0.0006393113289959729,0.7699955701828003,0.022891439497470856
Correct 0.09801924228668213,0.0020988923497498035,0.7709774971008301,0.0075584216974675655
Correct 0.0030360703822225332,0.00027585646603256464,0.9245539903640747,0.0001344417396467179
Correct 0.005962308496236801,0.01204418484121561,0.7809066772460938,0.003971753176301718
Correct 0.19507813453674316,0.0009616531897336245,0.09809109568595886,0.0187210850417614
Correct 0.5718802213668823,0.0011569664347916842,0.08770031481981277,0.0039139725267887115
Wrong 0.016338249668478966,0.0020449694711714983,0.8511866927146912,0.00015165013610385358
Wrong 0.0020129529293626547,0.00874386541545391,0.050317417830228806,0.8918986916542053
Correct 0.006292225327342749,0.013530386611819267,0.575326144695282,0.16227851808071136
Wrong 0.05379375070333481,0.001048809732310474,0.7782361507415771,0.005581914912909269
Wrong 0.0017364311497658491,0.019564298912882805,0.5455693602561951,0.012053223326802254
Wrong 0.003360181814059615,0.00034326413879171014,0.9763965010643005,0.00012144214997533709
Wrong 0.640884280204773,0.0024604566860944033,0.18944448232650757,0.09232807904481888
Wrong 0.07469043880701065,0.015174231491982937,0.011276527307927608,0.7782903909683228
Correct 0.004038440529257059,0.0010869292309507728,0.8857901096343994,0.0007828869856894016
Correct 0.007378450594842434,0.0005021088290959597,0.25606632232666016,0.5681087374687195
Correct 0.004371304530650377,0.0004904459929093719,0.8594643473625183,0.009698164649307728
Correct 0.03217136114835739,0.002155330730602145,0.2530452013015747,0.2779173254966736
Correct 0.008403980173170567,0.48086246848106384,0.1661808341741562,0.0021248594857752323
Wrong 0.2919870615005493,0.0024484579917043447,0.43152815103530884,0.018666118383407593
Wrong 0.057999175041913986,0.0015946862986311316,0.5502790212631226,0.03924422711133957
Correct 0.011822046712040901,0.0026378496550023556,0.34013327956199646,0.27760928869247437
Wrong 0.09050875157117844,0.0006098422454670072,0.49698951840400696,0.017822233960032463
Correct 0.0034216686617583036,0.8372556567192078,0.01037605945020914,0.002836664905771613
Wrong 0.004482013173401356,0.1138005405664444,0.46437641978263855,0.002804771764203906
Correct 0.14908742904663086,0.0007884707883931696,0.657800555229187,0.03828877955675125
Wrong 0.0969730094075203,0.05612354725599289,0.3437972664833069,0.03248191624879837
Wrong 0.0015863921726122499,0.002202485455200076,0.760012686252594,0.003358392743393779
Correct 0.5098327994346619,0.0017273378325626254,0.01664659194648266,0.0011417019413784146
Wrong 0.04079030454158783,0.007088274694979191,0.3415314555168152,0.1799750030040741
Correct 0.006975628435611725,0.0063513703644275665,0.8318638801574707,0.0037337832618504763
Correct 0.0382893942296505,0.0037323764991015196,0.19143427908420563,0.5989457964897156
Correct 0.010942518711090088,0.0003079982416238636,0.9399017095565796,0.00030086448532529175
Wrong 0.1961299479007721,0.0009082600590772927,0.6953390836715698,0.004007439594715834
Correct 0.0429956428706646,0.2633797824382782,0.10641476511955261,0.11506222188472748
Wrong 0.17446507513523102,0.0024886061437427998,0.6089415550231934,0.03832487389445305
Wrong 0.10565967857837677,0.0012016057735309005,0.5200737714767456,0.06309228390455246
