grade confidence_levels
Wrong 15.734430313110352,23.047203063964844,13.945355415344238,10.914112091064453
Wrong 22.37502098083496,15.321148872375488,10.195456504821777,10.343842506408691
Correct 19.796934127807617,6.209513187408447,17.92197036743164,7.711116313934326
Wrong 23.609434127807617,8.326886177062988,16.796966552734375,7.863698959350586
Wrong 9.773571968078613,3.088416814804077,5.816580295562744,28.078128814697266
Wrong 7.21108341217041,3.885964870452881,6.472724914550781,26.515626907348633
Wrong 17.500062942504883,12.79086685180664,20.37504005432129,7.261934280395508
Correct 6.140749454498291,4.044008255004883,6.187558650970459,28.078126907348633
Wrong 23.109405517578125,6.957430839538574,6.65297794342041,6.359666347503662
Wrong 20.531309127807617,12.479524612426758,13.164315223693848,9.093975067138672
Wrong 12.13291072845459,12.344586372375488,14.726583480834961,26.0312557220459
Correct 25.8593807220459,2.814121961593628,2.9029555320739746,4.805011749267578
Wrong 19.40627098083496,3.545389175415039,20.765653610229492,5.992326736450195
Correct 24.8281307220459,4.661565780639648,12.265671730041504,9.531268119812012
Correct 20.406267166137695,15.180411338806152,16.71877098083496,21.171886444091797
Wrong 26.7500057220459,5.057326793670654,4.476947784423828,4.164350986480713
Wrong 24.07813835144043,2.634679079055786,7.23075532913208,12.476593971252441
Wrong 23.671886444091797,10.633732795715332,15.195343971252441,11.437524795532227
Wrong 27.328126907348633,3.9724340438842773,6.035406112670898,3.978713274002075
Correct 13.234432220458984,5.216217041015625,8.429738998413086,26.140628814697266
Correct 13.039098739624023,3.7765188217163086,10.81252384185791,26.390626907348633
Wrong 15.601593017578125,3.987790584564209,5.554818630218506,26.156253814697266
Wrong 18.343767166137695,21.84402084350586,5.656649112701416,5.0550031661987305
Correct 7.402698993682861,24.79705810546875,10.242262840270996,9.132862091064453
Correct 26.0625057220459,2.5940959453582764,2.1257290840148926,4.429864883422852
Wrong 23.40625762939453,2.0493862628936768,19.046894073486328,3.8462913036346436
Correct 12.078179359436035,3.6927387714385986,21.37502098083496,9.234460830688477
Wrong 6.390815734863281,3.2319655418395996,6.402402400970459,27.734376907348633
Correct 6.965131759643555,26.484506607055664,4.367752552032471,4.269904613494873
Wrong 4.629570484161377,23.10957145690918,7.863412857055664,17.312511444091797
Wrong 5.19169807434082,4.742208957672119,22.328147888183594,17.312515258789062
Correct 21.406265258789062,13.251221656799316,20.453147888183594,12.453154563903809
Correct 19.812511444091797,22.859466552734375,6.371293067932129,8.39067554473877
Wrong 21.421894073486328,2.9037725925445557,19.67188835144043,7.01975154876709
Correct 17.50002670288086,2.7883026599884033,23.421907424926758,6.668313026428223
Correct 21.48440170288086,19.719099044799805,12.336004257202148,17.906274795532227
Wrong 6.554813861846924,4.0026092529296875,23.07813262939453,6.6875529289245605
Correct 22.140628814697266,3.5362613201141357,4.816532611846924,23.765626907348633
Wrong 24.28126335144043,3.042417526245117,4.918586254119873,8.148505210876465
Correct 5.011906623840332,3.0124073028564453,21.359390258789062,22.796878814697266
Correct 25.71875762939453,2.4909300804138184,2.7156248092651367,4.433926582336426
Correct 20.18753433227539,19.26600456237793,11.890786170959473,7.953240871429443
Correct 21.53127670288086,14.994495391845703,3.241913318634033,4.387256145477295
Correct 18.937591552734375,10.606255531311035,20.25010871887207,14.476622581481934
Correct 24.140644073486328,3.1259913444519043,5.7821455001831055,5.047191619873047
Wrong 20.921899795532227,4.2386860847473145,21.593780517578125,8.640801429748535
Wrong 22.968809127807617,4.466026782989502,17.250043869018555,5.19987678527832
Wrong 24.515644073486328,13.57204818725586,6.519942760467529,6.785314559936523
Correct 12.07817554473877,5.536619186401367,5.859489440917969,26.593753814697266
Correct 15.648454666137695,4.874024868011475,24.875003814697266,6.195400238037109
Wrong 25.5000057220459,2.274216890335083,5.211431980133057,7.519580841064453
Wrong 6.984742164611816,9.502249717712402,21.32817268371582,16.67189598083496
Wrong 24.57813262939453,5.165452480316162,5.312936782836914,16.70313262939453
Wrong 9.219033241271973,22.640844345092773,8.625319480895996,7.550948619842529
Wrong 24.20314598083496,4.204585075378418,5.5006022453308105,11.679730415344238
Correct 11.336009979248047,14.071216583251953,23.250017166137695,13.648448944091797
Correct 6.91818904876709,14.023902893066406,10.781295776367188,25.390628814697266
Correct 4.774045944213867,16.408613204956055,23.29688835144043,5.683747291564941
Correct 21.625015258789062,19.594858169555664,9.312642097473145,5.719178199768066
Correct 26.812501907348633,3.0189504623413086,3.3717195987701416,4.121371269226074
Wrong 24.859384536743164,4.0176777839660645,5.0672807693481445,11.179718017578125
Wrong 19.70313835144043,16.656408309936523,12.703155517578125,23.390628814697266
Wrong 24.76563262939453,3.507542848587036,3.381422519683838,12.343765258789062
Correct 23.343778610229492,12.227788925170898,14.828171730041504,15.968770027160645
Wrong 23.23438835144043,8.00150203704834,10.898526191711426,12.632833480834961
Correct 24.765628814697266,2.397245407104492,3.069289207458496,4.211129188537598
Wrong 28.109376907348633,2.676633834838867,2.9242470264434814,4.426015853881836
Wrong 23.828140258789062,3.3156983852386475,15.781274795532227,10.992234230041504
Correct 10.226598739624023,3.140047311782837,23.718753814697266,5.289242267608643
Wrong 10.812535285949707,3.5109035968780518,7.226615905761719,26.640626907348633
Correct 9.422077178955078,1.8580137491226196,24.359394073486328,11.796913146972656
Correct 7.144778728485107,2.490438222885132,4.261836528778076,27.984378814697266
Correct 25.781253814697266,3.6019978523254395,4.090283393859863,5.37118673324585
Wrong 23.453142166137695,2.5292551517486572,6.277947902679443,16.234392166137695
Correct 8.117431640625,15.71272087097168,21.640655517578125,6.425968170166016
Wrong 27.109376907348633,2.8405840396881104,3.363647699356079,5.421970367431641
Wrong 24.968759536743164,8.923505783081055,7.14478063583374,7.125066757202148
Correct 24.421886444091797,5.9829630851745605,1.689361333847046,4.114055633544922
Correct 5.992368221282959,4.070964336395264,5.246164798736572,28.453125
Correct 15.929741859436035,6.549931526184082,21.89067268371582,17.125015258789062
Correct 26.468753814697266,2.683803081512451,1.4818602800369263,4.312778949737549
Correct 6.773589134216309,4.75435209274292,6.679725646972656,27.59375
Wrong 13.648486137390137,24.984468460083008,4.726944923400879,4.953395843505859
Correct 20.265661239624023,16.704133987426758,19.781280517578125,10.945377349853516
Wrong 23.750022888183594,10.768149375915527,8.570697784423828,13.789098739624023
Correct 11.51568603515625,25.609418869018555,5.836073875427246,6.136791229248047
Correct 19.56255340576172,6.563443660736084,20.437538146972656,11.55473804473877
Correct 25.9375057220459,2.431093454360962,5.632950782775879,4.773594856262207
Correct 20.84380340576172,15.35208797454834,9.344271659851074,9.351746559143066
Correct 6.644697666168213,4.1887712478637695,6.183664798736572,27.531251907348633
Correct 12.750096321105957,20.81290054321289,2.238171339035034,7.972832202911377
Correct 25.531259536743164,3.2609174251556396,2.8504347801208496,5.324421405792236
Wrong 27.5312557220459,2.2796998023986816,2.397488832473755,4.066747665405273
Wrong 10.242249488830566,7.185137748718262,22.109392166137695,21.9843807220459
Wrong 5.277537822723389,2.8879220485687256,24.2812557220459,7.445353031158447
Correct 27.281251907348633,2.4788267612457275,2.6507134437561035,8.867199897766113
Correct 5.3596978187561035,22.96902084350586,16.718761444091797,5.953295707702637
Wrong 17.76565933227539,10.722973823547363,21.390657424926758,5.445608139038086
Wrong 21.000051498413086,6.292782783508301,17.671945571899414,12.15636157989502
Correct 18.71875762939453,6.002067565917969,24.468759536743164,8.3438138961792
Correct 13.546915054321289,8.127264022827148,23.406267166137695,18.54688262939453
Correct 12.851607322692871,5.234849452972412,21.93752670288086,7.359494209289551
Correct 24.843761444091797,5.979089260101318,13.437531471252441,15.945322036743164
Correct 14.078179359436035,21.37528419494629,6.137390613555908,7.957182884216309
Wrong 23.35940170288086,10.10350227355957,8.758415222167969,14.01567268371582
Correct 20.484411239624023,3.2575736045837402,18.062572479248047,10.679807662963867
Correct 25.671886444091797,2.0587081909179688,3.3760879039764404,4.508150577545166
Correct 19.40625762939453,5.380255222320557,13.203141212463379,25.125001907348633
Wrong 26.3750057220459,4.358188629150391,3.3547985553741455,6.586067199707031
Correct 25.4062557220459,3.1724696159362793,4.742677688598633,5.308781147003174
Correct 23.359386444091797,3.9583959579467773,3.778629779815674,3.762248992919922
Wrong 20.40627670288086,8.17491340637207,21.500030517578125,7.718817710876465
Correct 13.789083480834961,4.53030252456665,23.265634536743164,6.769644737243652
Correct 8.984538078308105,7.690147399902344,23.468772888183594,7.703227519989014
Correct 7.67991304397583,21.750320434570312,4.996407508850098,6.336048126220703
Correct 19.65629005432129,8.719032287597656,20.421937942504883,8.742399215698242
Wrong 13.140710830688477,3.9104549884796143,8.679943084716797,22.640644073486328
Wrong 20.625049591064453,17.93977165222168,4.196811676025391,3.9460957050323486
Correct 6.379064083099365,3.214001178741455,4.734501838684082,27.078126907348633
Correct 14.750041007995605,21.438215255737305,12.54695987701416,5.804878234863281
Wrong 24.32813262939453,14.345755577087402,6.613550186157227,4.313000679016113
Correct 17.312524795532227,9.249588966369629,21.421897888183594,5.859645366668701
Wrong 25.43750762939453,4.930372714996338,2.862523317337036,4.016210079193115
Correct 25.14063835144043,4.806124687194824,5.570672035217285,6.324314594268799
Wrong 22.265640258789062,2.3796017169952393,5.8324408531188965,5.388243198394775
Correct 23.859386444091797,4.538646697998047,10.29699993133545,7.726626873016357
Wrong 22.8593807220459,3.74202036857605,6.347896575927734,21.5625057220459
Wrong 5.722951412200928,12.790214538574219,22.515642166137695,8.304755210876465
Correct 6.539237976074219,25.531314849853516,6.304821014404297,6.683697700500488
Correct 21.078174591064453,4.522090911865234,15.96880054473877,18.421913146972656
Wrong 14.539080619812012,3.979172468185425,4.402514934539795,25.828126907348633
Correct 10.937620162963867,21.42237091064453,2.723848819732666,4.4847235679626465
Wrong 16.140653610229492,19.531660079956055,10.664285659790039,6.586122035980225
Wrong 20.421899795532227,6.183283805847168,20.750017166137695,5.996414661407471
Correct 5.457177639007568,3.1339478492736816,5.359443187713623,27.828125
Correct 21.984390258789062,9.721442222595215,17.703155517578125,10.281320571899414
Wrong 23.078134536743164,14.281818389892578,12.882862091064453,11.742209434509277
Correct 10.211174964904785,7.027409553527832,22.18753433227539,12.320375442504883
Correct 9.453489303588867,18.719541549682617,17.2032527923584,13.804817199707031
Wrong 21.640647888183594,7.6334381103515625,13.13288402557373,16.765649795532227
Wrong 24.296897888183594,9.893839836120605,11.98447036743164,10.312590599060059
Wrong 14.648493766784668,12.000677108764648,11.312551498413086,23.218759536743164
Wrong 24.843759536743164,3.11423659324646,5.804984092712402,6.4141435623168945
Correct 10.547060012817383,5.1468505859375,22.48440933227539,6.2345781326293945
Correct 27.546876907348633,3.0835225582122803,2.693753480911255,8.273459434509277
Wrong 22.953153610229492,8.53458023071289,9.094303131103516,7.968886375427246
Wrong 26.234378814697266,2.706488847732544,3.58251690864563,4.121366500854492
Wrong 20.17190170288086,15.09505558013916,20.125036239624023,18.843765258789062
Correct 15.179712295532227,9.33653736114502,19.640636444091797,23.73438262939453
Wrong 26.281251907348633,6.130430221557617,11.484413146972656,5.328245162963867
Wrong 8.132966041564941,2.8801746368408203,24.484390258789062,5.77747106552124
Wrong 24.28127098083496,9.923002243041992,12.609428405761719,15.750020027160645
Correct 22.45319175720215,7.05203104019165,14.047057151794434,10.60963249206543
Correct 19.68751335144043,23.79701805114746,3.9263041019439697,4.504187107086182
Correct 10.43752670288086,5.281731128692627,5.734420299530029,27.71875
Wrong 22.781282424926758,11.373002052307129,11.117358207702637,5.008556365966797
Correct 22.796907424926758,4.191407203674316,17.359426498413086,7.0900187492370605
Correct 18.281274795532227,6.8136115074157715,19.531282424926758,5.875267028808594
Wrong 23.937522888183594,1.8299903869628906,3.9150092601776123,4.098530292510986
Wrong 10.609614372253418,18.90822410583496,20.281293869018555,15.062542915344238
Correct 15.32819652557373,5.490620136260986,12.234468460083008,19.60938835144043
Wrong 14.031354904174805,22.06298065185547,13.976614952087402,7.629073619842529
Wrong 20.484426498413086,15.03242015838623,17.781295776367188,14.875046730041504
Correct 18.65631675720215,10.947373390197754,20.640682220458984,11.062603950500488
Correct 23.906267166137695,6.413615703582764,5.97748327255249,8.179778099060059
Wrong 10.023469924926758,3.0536305904388428,6.203183650970459,28.078125
Correct 18.437517166137695,5.426942825317383,4.75805139541626,24.187503814697266
Correct 11.648497581481934,23.672025680541992,15.218770980834961,6.191580772399902
Correct 20.50004768371582,5.949882984161377,15.06258773803711,20.984403610229492
Wrong 13.101634979248047,11.469770431518555,11.429779052734375,23.531261444091797
Wrong 22.0468807220459,19.922210693359375,3.1044681072235107,3.6157290935516357
Correct 23.40626335144043,5.802571773529053,4.083581447601318,12.250033378601074
Wrong 11.742426872253418,18.500532150268555,14.398506164550781,20.07816505432129
Correct 26.171876907348633,9.36757755279541,7.398548126220703,5.148507118225098
Wrong 16.921907424926758,22.640993118286133,10.125212669372559,5.344152450561523
Wrong 24.562519073486328,9.345069885253906,11.859519004821777,6.230793476104736
Correct 11.609441757202148,24.921964645385742,3.7913780212402344,4.718917369842529
Wrong 24.57813835144043,5.10169792175293,1.7385181188583374,4.129281520843506
Wrong 25.56250762939453,5.5463056564331055,3.145352602005005,4.250333309173584
Correct 5.867281913757324,3.361996650695801,5.496136665344238,29.25
Correct 12.125042915344238,2.5111095905303955,6.941459655761719,26.171876907348633
Wrong 26.734376907348633,5.165190696716309,4.933754920959473,8.867208480834961
Correct 23.453142166137695,5.849033832550049,13.90630054473877,5.027923583984375
Wrong 12.265705108642578,22.12523078918457,15.59378433227539,10.390705108642578
Wrong 26.234378814697266,4.222177982330322,6.640830993652344,7.281347751617432
Correct 12.304769515991211,14.540946960449219,23.42190170288086,6.312701225280762
Correct 16.78128433227539,4.037890911102295,23.593767166137695,6.476754188537598
Correct 24.343759536743164,6.89193868637085,2.3943371772766113,5.660304546356201
Correct 19.60939598083496,21.359678268432617,8.476678848266602,6.125187873840332
Correct 25.109378814697266,5.060298442840576,1.8741586208343506,5.121212482452393
Wrong 23.21877098083496,12.914898872375488,11.414515495300293,5.890883445739746
Wrong 26.265626907348633,4.072338581085205,4.461266994476318,5.1446356773376465
Correct 4.556087017059326,23.156932830810547,14.64068603515625,9.156400680541992
Correct 25.1718807220459,6.091123104095459,2.5557453632354736,6.304800510406494
Correct 9.382880210876465,3.9597039222717285,6.449275493621826,28.187501907348633
Correct 13.289078712463379,3.4287123680114746,23.70313262939453,5.355640411376953
Wrong 18.750036239624023,22.547231674194336,9.570477485656738,5.207367420196533
Correct 24.8750057220459,3.5068376064300537,3.6040613651275635,5.418103218078613
Correct 9.25011920928955,4.2353315353393555,5.625160217285156,25.312503814697266
Wrong 24.796886444091797,4.5157928466796875,7.297179698944092,5.363476753234863
Correct 7.797163963317871,23.07833480834961,4.72351598739624,4.0941853523254395
Correct 12.28131103515625,3.6966397762298584,23.687515258789062,7.824256420135498
Correct 20.60939598083496,10.2120943069458,8.867329597473145,22.296884536743164
Wrong 24.359384536743164,11.8931303024292,11.211065292358398,8.054746627807617
Wrong 15.53134822845459,20.375986099243164,17.625083923339844,14.711004257202148
Wrong 24.187509536743164,15.805000305175781,4.387038230895996,16.203136444091797
Wrong 21.500032424926758,4.375901699066162,5.333072662353516,18.390653610229492
Correct 6.52367639541626,4.871553897857666,22.859403610229492,18.84376335144043
Correct 4.6370530128479,7.739694118499756,23.687511444091797,9.179749488830566
Correct 9.929802894592285,26.578166961669922,5.066738605499268,6.574273586273193
Wrong 23.968774795532227,4.027830600738525,6.515897274017334,17.328140258789062
Wrong 17.250028610229492,9.588030815124512,18.20314598083496,22.015642166137695
Wrong 24.328134536743164,2.9999165534973145,4.047476291656494,5.761841297149658
Wrong 11.758000373840332,7.147264003753662,20.78130531311035,22.062519073486328
Wrong 16.437545776367188,15.063238143920898,18.515668869018555,21.81252098083496
Wrong 25.015636444091797,4.756213188171387,4.238907814025879,9.46878433227539
Correct 22.312545776367188,16.126728057861328,13.414159774780273,18.14065933227539
Correct 24.671886444091797,7.506045818328857,12.867238998413086,8.609424591064453
Correct 19.06251335144043,5.083590030670166,5.570641040802002,23.437503814697266
Wrong 11.85177230834961,16.84433364868164,20.31254005432129,16.015657424926758
Correct 19.984399795532227,21.922067642211914,12.49225902557373,18.656265258789062
Wrong 25.9531307220459,5.488330841064453,2.9226372241973877,5.226795196533203
Correct 19.37501335144043,3.91916561126709,21.984386444091797,5.980636119842529
Wrong 23.59376335144043,1.7327605485916138,18.250030517578125,6.097779273986816
Correct 4.746506214141846,2.6994738578796387,12.320351600646973,26.437503814697266
Wrong 20.46878433227539,16.62576675415039,6.445937633514404,14.648475646972656
Wrong 25.01563262939453,3.6683907508850098,2.7509512901306152,9.132843971252441
Wrong 5.578296184539795,3.1188852787017822,6.21494197845459,27.468751907348633
Correct 4.945643901824951,3.345226526260376,25.81250762939453,8.101632118225098
Correct 16.453155517578125,8.946444511413574,7.152526378631592,23.67188262939453
Wrong 24.07813835144043,2.6784489154815674,10.078277587890625,6.3008832931518555
Correct 24.687515258789062,3.772705078125,3.357926368713379,12.859402656555176
Correct 22.718767166137695,3.1612558364868164,2.676454544067383,6.1840081214904785
Correct 7.910421848297119,24.687641143798828,7.386876106262207,5.371424198150635
Wrong 26.7343807220459,6.450697898864746,5.49650239944458,7.574272155761719
Correct 23.95313835144043,5.223608016967773,3.948300361633301,5.191624164581299
Correct 10.35952377319336,14.922755241394043,22.765649795532227,7.527491569519043
Correct 21.265647888183594,18.673341751098633,2.717745542526245,3.479015588760376
Correct 25.5468807220459,1.4376345872879028,1.8363009691238403,4.094029426574707
Wrong 24.734378814697266,2.3200461864471436,12.718794822692871,17.312509536743164
Wrong 22.390640258789062,19.75052833557129,13.203176498413086,5.203465461730957
Wrong 25.812509536743164,3.7591359615325928,5.660552978515625,11.226592063903809
Correct 24.984386444091797,3.5378003120422363,4.977022171020508,5.8361592292785645
Wrong 12.085975646972656,3.6480720043182373,20.453134536743164,23.140628814697266
Correct 13.367239952087402,2.3950939178466797,23.68751335144043,6.211021900177002
Wrong 22.015653610229492,14.30654239654541,6.082838535308838,12.60163688659668
Correct 25.734384536743164,3.507911205291748,2.823477029800415,7.58601713180542
Wrong 19.14067268371582,20.0476131439209,13.74244213104248,12.836050033569336
Correct 4.672384738922119,6.989396095275879,10.890689849853516,25.79688262939453
Correct 9.078246116638184,3.7574827671051025,23.734392166137695,13.976579666137695
Correct 9.117444038391113,24.937633514404297,7.203256607055664,5.285394191741943
Correct 10.000181198120117,2.9484100341796875,8.945460319519043,25.796886444091797
Wrong 4.383159160614014,6.061868190765381,24.093765258789062,6.203214168548584
Correct 25.046878814697266,3.101550817489624,3.6176650524139404,4.847884178161621
Correct 26.1562557220459,3.7049782276153564,2.7729690074920654,3.9106762409210205
Correct 19.015640258789062,9.137248039245605,22.359397888183594,7.796996116638184
Wrong 8.265905380249023,14.977264404296875,20.10942268371582,19.26566505432129
Correct 6.9299821853637695,21.188140869140625,18.500036239624023,11.742310523986816
Wrong 10.929824829101562,21.125286102294922,6.391073226928711,9.257902145385742
Wrong 23.40626335144043,18.828868865966797,4.316951274871826,8.36728286743164
Correct 27.218753814697266,3.1380486488342285,3.2640957832336426,5.664229393005371
Wrong 12.593801498413086,13.821142196655273,23.2343807220459,12.39063835144043
Correct 12.67197322845459,22.875354766845703,2.9148221015930176,4.164560317993164
Wrong 15.1016263961792,18.297672271728516,21.60939598083496,12.45317268371582
Correct 20.37502098083496,17.75042724609375,9.000163078308105,4.457366943359375
Wrong 17.140647888183594,6.259362697601318,13.335973739624023,22.26563262939453
Correct 22.79688835144043,17.71927833557129,9.406476020812988,6.855591773986816
Correct 24.65625762939453,1.475168228149414,2.669631242752075,4.586140155792236
Wrong 22.687538146972656,7.753598690032959,7.5121564865112305,5.383321762084961
Wrong 17.734416961669922,9.67600154876709,19.359426498413086,16.68753433227539
Wrong 20.875051498413086,8.696215629577637,4.927817344665527,6.047593593597412
Correct 26.1875057220459,6.3109259605407715,15.484408378601074,6.910233020782471
Correct 25.7812557220459,3.3578531742095947,8.929816246032715,6.5860090255737305
Wrong 17.8437557220459,3.140899419784546,7.773519515991211,24.890626907348633
Correct 13.75008773803711,18.5790958404541,15.867236137390137,20.968767166137695
Wrong 18.187524795532227,17.314634323120117,7.348001003265381,4.570651531219482
Wrong 18.14068603515625,15.899502754211426,20.03134536743164,13.546979904174805
Correct 26.2968807220459,2.0602824687957764,2.2626404762268066,4.429892063140869
Correct 19.484384536743164,20.156455993652344,2.3701887130737305,4.101823806762695
Wrong 24.64063262939453,4.970697402954102,13.343793869018555,8.187544822692871
Wrong 20.968791961669922,3.9159469604492188,13.164170265197754,8.531728744506836
Wrong 25.046886444091797,4.8441877365112305,7.351775169372559,5.7814836502075195
Wrong 18.625028610229492,3.738537549972534,18.875022888183594,21.57813835144043
Correct 26.0781307220459,3.2060625553131104,5.109598159790039,5.160490036010742
Correct 14.015661239624023,9.478131294250488,24.109384536743164,11.484397888183594
Correct 17.203163146972656,24.1572208404541,5.4736762046813965,4.399081230163574
Wrong 21.062578201293945,12.612455368041992,13.101738929748535,18.67192840576172
Correct 10.234585762023926,3.222963333129883,24.92190170288086,5.621328830718994
Correct 18.59378433227539,19.235483169555664,19.015647888183594,5.605891704559326
Correct 24.890642166137695,2.245473861694336,7.113691806793213,5.066842555999756
Wrong 24.06250762939453,4.82317590713501,8.757988929748535,5.886914253234863
Correct 22.531272888183594,13.649081230163574,18.359413146972656,9.82823371887207
Correct 24.421886444091797,5.733027935028076,13.226621627807617,7.0587158203125
Wrong 21.546934127807617,3.7165486812591553,20.45326042175293,6.42629337310791
Correct 24.578136444091797,3.0197930335998535,10.882905960083008,5.894714832305908
Correct 5.715023517608643,3.315767526626587,6.894586563110352,27.343751907348633
Wrong 24.437509536743164,15.696329116821289,4.301161289215088,4.598049163818359
Wrong 4.465221881866455,1.2992628812789917,21.000022888183594,22.2812557220459
Correct 6.180002689361572,2.428378105163574,9.554725646972656,28.156251907348633
Correct 9.820425033569336,6.1729044914245605,6.42604398727417,23.18750762939453
Correct 25.45313262939453,4.795431613922119,4.099710464477539,9.578167915344238
Wrong 15.445385932922363,16.14215087890625,20.937532424926758,10.328282356262207
Wrong 24.453134536743164,1.8262155055999756,6.953611850738525,9.835979461669922
Correct 26.984378814697266,2.4668920040130615,3.014406204223633,4.734612941741943
Wrong 24.81252098083496,6.131964683532715,10.609687805175781,7.74621057510376
Correct 27.312501907348633,3.7015573978424072,5.996266841888428,14.757818222045898
Correct 21.734392166137695,3.798539638519287,20.156282424926758,7.148606777191162
Correct 4.867458343505859,2.1519343852996826,25.4218807220459,6.269604682922363
Wrong 4.629278659820557,2.4316842555999756,11.937551498413086,25.359378814697266
Correct 22.468767166137695,15.172388076782227,18.109397888183594,15.601585388183594
Wrong 19.37501335144043,19.17254638671875,6.015961170196533,17.937517166137695
Correct 16.062538146972656,3.6697287559509277,21.375049591064453,16.87501335144043
Wrong 26.703126907348633,2.5592896938323975,4.172065258026123,4.422092914581299
Correct 25.0781307220459,3.3964738845825195,2.2807507514953613,6.984602451324463
Wrong 18.203163146972656,22.06273078918457,16.125030517578125,11.273502349853516
Wrong 17.171886444091797,5.637380599975586,7.546964168548584,24.078126907348633
Correct 6.0826334953308105,9.760791778564453,22.828168869018555,18.06252098083496
Wrong 16.18752098083496,10.406932830810547,22.718761444091797,8.554743766784668
Wrong 6.285274028778076,3.3271892070770264,5.078202724456787,27.359376907348633
Correct 6.453245639801025,3.8095879554748535,8.757840156555176,28.359376907348633
Wrong 5.691591739654541,5.348899841308594,7.820363998413086,26.453128814697266
Wrong 25.109386444091797,8.259101867675781,12.742233276367188,15.36720085144043
Correct 7.531363487243652,5.321467876434326,5.777592182159424,25.1406307220459
Correct 24.250017166137695,7.260347843170166,5.17272424697876,18.937517166137695
Correct 5.703259468078613,2.8161673545837402,24.796876907348633,5.839977741241455
Correct 15.945372581481934,21.984996795654297,5.473644256591797,6.609753608703613
Correct 21.562509536743164,2.3741226196289062,4.398759841918945,22.5781307220459
Wrong 7.433981895446777,21.50030517578125,7.391150951385498,9.046987533569336
Correct 26.281251907348633,3.193448305130005,2.791520833969116,4.593870162963867
Wrong 24.8125057220459,7.704282283782959,3.9730401039123535,6.835987567901611
Wrong 24.046886444091797,7.478061676025391,6.769923210144043,8.45319652557373
Wrong 20.359447479248047,3.9089901447296143,1.9392138719558716,3.5579333305358887
Wrong 23.50000762939453,3.502462387084961,4.10606575012207,6.000070095062256
Correct 24.734386444091797,10.352779388427734,13.531318664550781,10.570350646972656
Wrong 17.203182220458984,21.438125610351562,7.9037675857543945,6.383408069610596
Wrong 26.281251907348633,2.847093105316162,2.748694658279419,5.722700595855713
Correct 11.04692554473877,23.047000885009766,5.356006145477295,5.843865394592285
Wrong 24.187530517578125,9.487419128417969,8.60181999206543,7.019694805145264
Wrong 24.48439598083496,4.861570358276367,9.383054733276367,4.9650959968566895
Wrong 25.0937557220459,4.985615253448486,4.250399589538574,12.164072036743164
Correct 6.418216228485107,3.847027540206909,5.945367336273193,28.421876907348633
Correct 16.515649795532227,21.578643798828125,10.046961784362793,5.7385125160217285
Correct 20.218772888183594,21.81313133239746,7.261929512023926,3.5829555988311768
Wrong 22.125009536743164,14.907672882080078,4.047356128692627,4.273940563201904
Correct 19.656259536743164,3.4238457679748535,16.953142166137695,23.1562557220459
Wrong 21.828147888183594,3.8259875774383545,5.590882778167725,5.679933547973633
Wrong 10.445440292358398,18.953765869140625,6.309385299682617,6.969005107879639
Wrong 15.95317268371582,4.3281097412109375,22.23441505432129,16.203153610229492
Correct 9.890711784362793,5.043766021728516,5.23059606552124,27.171876907348633
Correct 24.140642166137695,5.004183292388916,14.929715156555176,9.57038688659668
Correct 23.640636444091797,3.067302703857422,3.358835458755493,4.426117897033691
Wrong 26.453128814697266,4.593446731567383,4.8636555671691895,4.847840785980225
Wrong 22.98438835144043,5.126119613647461,7.136887550354004,19.28125762939453
Wrong 22.93750762939453,4.039840221405029,16.0469913482666,6.2462687492370605
Correct 24.78125762939453,3.0190188884735107,2.799797534942627,5.238401412963867
Wrong 25.95313262939453,3.005214214324951,8.359516143798828,4.832330703735352
Wrong 12.765647888183594,3.3687384128570557,24.9687557220459,12.41407585144043
Correct 27.656251907348633,7.700320243835449,4.054975986480713,4.300990581512451
Correct 5.8126935958862305,2.548170804977417,5.164170265197754,28.421876907348633
Correct 5.672487258911133,19.282575607299805,18.71883201599121,5.848556041717529
Correct 7.332326889038086,22.437837600708008,10.609450340270996,6.394649028778076
Wrong 25.15625762939453,8.604151725769043,11.586003303527832,5.621255874633789
Wrong 22.015655517578125,4.194463729858398,10.375247955322266,8.820369720458984
Wrong 24.062517166137695,3.766035556793213,15.570359230041504,17.71876335144043
Correct 24.343759536743164,10.20401382446289,16.046903610229492,8.07824993133545
Wrong 14.812552452087402,17.65688133239746,17.703153610229492,21.031269073486328
Correct 10.593908309936523,1.7779642343521118,23.109384536743164,5.238597393035889
Correct 25.0000057220459,4.482642650604248,5.910260200500488,6.7383623123168945
Correct 13.945354461669922,6.166275501251221,12.226629257202148,26.0000057220459
Wrong 19.015697479248047,8.806941986083984,16.515727996826172,18.68755340576172
Wrong 19.500032424926758,18.73607635498047,20.796916961669922,5.109989166259766
Wrong 24.73438262939453,5.540477752685547,2.7902374267578125,3.7951958179473877
Wrong 21.687549591064453,15.97004508972168,3.888885974884033,4.9343953132629395
Correct 5.6331892013549805,25.64073371887207,6.511928081512451,6.937659740447998
Wrong 24.42188835144043,5.020072937011719,16.25002670288086,9.679754257202148
Correct 11.086071014404297,7.516714096069336,17.046890258789062,24.906253814697266
Wrong 27.312503814697266,3.287198066711426,4.410429954528809,5.77351713180542
Wrong 7.285377025604248,3.6612377166748047,7.4570746421813965,28.078125
Correct 5.816688060760498,22.70332908630371,6.847920894622803,5.9533185958862305
Correct 18.45315170288086,3.175788402557373,22.328134536743164,5.949454307556152
Correct 25.5000057220459,5.413327217102051,4.8285627365112305,5.461066722869873
Wrong 15.015727043151855,21.17233657836914,18.04694366455078,8.789234161376953
Wrong 6.160336494445801,3.438814640045166,5.461030960083008,27.875001907348633
Wrong 24.921884536743164,7.677473068237305,4.512241840362549,5.031520366668701
Correct 23.562511444091797,2.5018484592437744,3.86810564994812,4.601907253265381
Wrong 16.21879768371582,23.703369140625,5.765994071960449,4.441897869110107
Correct 21.000028610229492,5.4744720458984375,18.796903610229492,15.976600646972656
Wrong 21.031291961669922,18.657596588134766,13.757887840270996,4.286053657531738
Correct 24.76563262939453,8.462620735168457,2.261571168899536,3.851830244064331
Wrong 22.109399795532227,13.32992935180664,21.43752098083496,11.390681266784668
Wrong 19.453189849853516,8.468663215637207,13.773553848266602,14.015681266784668
Correct 7.449570655822754,25.953201293945312,5.531521797180176,5.757942199707031
Correct 13.843816757202148,4.791892051696777,21.21879005432129,6.47288703918457
Wrong 14.836073875427246,17.064844131469727,19.5782413482666,7.8795061111450195
Wrong 17.000030517578125,2.6480486392974854,19.484403610229492,15.031270980834961
Correct 5.875122547149658,4.243157863616943,6.17974853515625,27.000001907348633
Wrong 16.250019073486328,4.227693557739258,7.53918981552124,24.5156307220459
Correct 24.468767166137695,4.327288627624512,6.3128581047058105,16.406269073486328
Correct 6.6641364097595215,4.656805515289307,6.63288688659668,26.000001907348633
Correct 9.593778610229492,2.5081610679626465,25.3750057220459,7.3789286613464355
Wrong 22.328134536743164,4.384242534637451,19.79688835144043,8.171944618225098
Wrong 25.40626335144043,4.796541213989258,10.06266975402832,11.406291961669922
Correct 22.82818031311035,12.526411056518555,11.093913078308105,8.695474624633789
Wrong 22.328170776367188,4.478400230407715,3.911893367767334,16.71878433227539
Correct 11.35163688659668,25.859485626220703,3.4418258666992188,4.02772855758667
Wrong 23.343759536743164,3.1643831729888916,3.3913164138793945,19.140636444091797
Correct 10.203186988830566,2.75671648979187,24.921876907348633,6.117242813110352
Wrong 14.40633773803711,18.797607421875,21.328155517578125,11.476625442504883
Correct 7.507889270782471,3.12892746925354,26.531251907348633,6.070361614227295
Correct 7.254513263702393,22.578487396240234,14.64849853515625,17.296903610229492
Wrong 19.875028610229492,4.975881576538086,19.20316505432129,10.632888793945312
Wrong 22.734399795532227,12.15736198425293,10.73449420928955,18.625019073486328
Wrong 25.546878814697266,2.984454870223999,4.703366756439209,5.117294788360596
Wrong 5.605771064758301,3.286534547805786,4.609564781188965,27.421878814697266
Wrong 21.265682220458984,5.318514347076416,17.687562942504883,13.56254768371582
Wrong 14.984406471252441,7.964977264404297,22.765640258789062,12.023477554321289
Correct 8.414199829101562,2.8290631771087646,25.421884536743164,6.644596099853516
Correct 26.968759536743164,4.55820894241333,1.6498892307281494,9.117256164550781
Wrong 23.078140258789062,13.141690254211426,8.789255142211914,18.406267166137695
Correct 24.093767166137695,6.132973670959473,13.148453712463379,5.800936222076416
Correct 5.199465274810791,5.670509338378906,24.32813262939453,5.9610371589660645
Correct 10.171966552734375,3.064420461654663,5.8985395431518555,28.031251907348633
Wrong 9.086103439331055,3.4709858894348145,4.715175151824951,25.734376907348633
Correct 16.812557220458984,8.467639923095703,20.953168869018555,14.906286239624023
Correct 6.3672776222229,2.856037139892578,24.453128814697266,6.406320095062256
Wrong 7.496443748474121,19.219223022460938,20.406282424926758,13.718788146972656
Wrong 24.60938835144043,1.8969612121582031,15.523478507995605,5.492696762084961
Wrong 26.015634536743164,2.1386032104492188,4.22317361831665,4.36389684677124
Wrong 17.453149795532227,19.125282287597656,7.207359313964844,7.976664066314697
Correct 18.25002670288086,8.635396957397461,22.281261444091797,9.265678405761719
Wrong 24.187515258789062,7.775208473205566,5.313119411468506,6.007996559143066
Correct 24.92188262939453,3.966811180114746,7.867384910583496,5.094036102294922
Correct 11.046961784362793,25.312583923339844,8.992289543151855,7.882919788360596
Correct 6.195499897003174,4.532053470611572,6.582098960876465,27.250001907348633
Correct 20.671907424926758,5.758117198944092,15.101609230041504,21.34377098083496
Wrong 24.953128814697266,3.3571720123291016,9.632861137390137,7.066465377807617
Correct 24.468761444091797,4.466659069061279,9.867338180541992,5.566607475280762
Wrong 17.578149795532227,2.4101462364196777,23.968774795532227,6.258014678955078
Correct 6.441709995269775,25.297088623046875,8.836079597473145,7.777454376220703
Correct 10.726673126220703,23.5158748626709,5.19170618057251,4.394838809967041
Wrong 23.828134536743164,3.0723087787628174,4.156615257263184,21.421884536743164
Wrong 20.093767166137695,3.3975765705108643,4.687806129455566,25.2031307220459
Correct 24.921878814697266,4.665777206420898,10.945361137390137,19.4531307220459
Wrong 22.59376335144043,18.625476837158203,5.145056247711182,5.656446933746338
Correct 10.437664985656738,4.648159027099609,14.218796730041504,25.70313262939453
Wrong 24.79688262939453,2.5148823261260986,14.906264305114746,5.0627875328063965
Wrong 26.031253814697266,3.0516655445098877,2.865828037261963,4.250230312347412
Wrong 15.804754257202148,14.430757522583008,19.765701293945312,8.843847274780273
Wrong 22.828140258789062,2.874124765396118,8.992485046386719,8.218825340270996
Correct 3.7817254066467285,2.486205816268921,23.265640258789062,6.54697847366333
Correct 5.972790241241455,3.5463314056396484,5.300873279571533,28.281251907348633
Correct 7.750137805938721,2.9249236583709717,4.527430057525635,27.781251907348633
Wrong 24.500011444091797,2.688884973526001,2.923365354537964,4.2621002197265625
Wrong 24.046890258789062,18.61033821105957,11.750116348266602,5.898852348327637
Wrong 21.500024795532227,7.810102939605713,8.039298057556152,20.187519073486328
Wrong 26.718751907348633,3.9268176555633545,3.58048415184021,7.851601600646973
Wrong 15.406341552734375,17.26719856262207,18.79693031311035,6.047449588775635
Wrong 20.29690933227539,14.08779239654541,18.48441505432129,17.859403610229492
Correct 23.593769073486328,3.551281213760376,4.278111934661865,5.906431674957275
Correct 24.765634536743164,5.537539958953857,9.156426429748535,7.656376838684082
Wrong 22.375030517578125,6.0183258056640625,10.531423568725586,4.621434211730957
Wrong 17.156286239624023,21.265962600708008,8.5004301071167,12.515658378601074
Wrong 22.281261444091797,3.828855276107788,10.804741859436035,22.9218807220459
Correct 13.421916007995605,3.0750298500061035,6.390781879425049,27.140628814697266
Correct 4.383052349090576,1.9071457386016846,25.29688262939453,9.367209434509277
Wrong 23.109397888183594,4.281282901763916,16.50006103515625,5.769802570343018
Wrong 24.7812557220459,3.329737663269043,5.012267589569092,6.089941024780273
Wrong 13.250056266784668,1.6566033363342285,22.937528610229492,5.437725067138672
Wrong 26.312503814697266,1.7395581007003784,3.5885939598083496,4.023751735687256
Wrong 26.3593807220459,3.1977925300598145,3.5611777305603027,5.527419567108154
Wrong 24.703134536743164,3.4879651069641113,2.4367167949676514,6.10167932510376
Correct 7.184049606323242,3.249565839767456,24.234399795532227,11.554749488830566
Correct 8.914196968078613,8.3772554397583,22.906267166137695,7.46884822845459
Correct 7.031697750091553,20.938243865966797,4.907025337219238,4.996636867523193
Correct 21.531274795532227,5.846471309661865,10.601784706115723,8.992283821105957
Wrong 27.140626907348633,2.618072032928467,4.972907066345215,8.835966110229492
Wrong 5.492795467376709,21.48501205444336,13.726665496826172,11.882883071899414
Correct 17.62504768371582,3.6799869537353516,16.65629768371582,21.89065170288086
Correct 20.59376335144043,7.754767894744873,6.664393424987793,21.6562557220459
Correct 8.766070365905762,20.500511169433594,14.648497581481934,13.859427452087402
Wrong 16.70318031311035,8.025279998779297,9.109471321105957,23.750011444091797
Wrong 8.609467506408691,4.403268814086914,8.56265926361084,24.750001907348633
Correct 18.203144073486328,3.322657823562622,22.23438835144043,6.523597717285156
Wrong 21.25003433227539,11.220678329467773,15.226604461669922,21.046897888183594
Correct 10.234444618225098,2.269094944000244,4.429846286773682,27.890626907348633
Wrong 21.96877098083496,13.822196960449219,17.60945701599121,10.718791961669922
Correct 5.653126239776611,26.5626163482666,4.402640342712402,4.515942573547363
Correct 25.687503814697266,12.891860961914062,5.105775833129883,4.512011528015137
Wrong 24.468765258789062,16.53234100341797,3.306244373321533,5.383202075958252
Wrong 25.0000057220459,5.6417741775512695,5.672175407409668,11.10158634185791
Wrong 21.40628433227539,4.451130390167236,5.762755870819092,12.500141143798828
Correct 23.890642166137695,7.32700252532959,16.187528610229492,9.257887840270996
Correct 4.441845893859863,2.756078004837036,25.937511444091797,6.039137363433838
Wrong 23.078136444091797,13.713245391845703,14.35947036743164,7.211128234863281
Wrong 25.250003814697266,4.068423748016357,14.328136444091797,12.257824897766113
Wrong 24.421884536743164,5.994563102722168,9.797652244567871,15.429707527160645
Correct 5.293267726898193,23.73448944091797,6.593929767608643,14.992198944091797
Wrong 23.2500057220459,3.7031402587890625,17.890647888183594,7.004025936126709
Correct 10.6798095703125,22.50039291381836,3.172849655151367,3.9207427501678467
Correct 21.26566505432129,4.236935138702393,18.296918869018555,6.062843322753906
