grade confidence_levels
Correct 13.89067268371582,11.125146865844727,10.929875373840332,11.812701225280762
Correct 13.265697479248047,11.820477485656738,11.281471252441406,12.758033752441406
Correct 13.101637840270996,11.656455993652344,11.35960578918457,11.758064270019531
Correct 13.343818664550781,11.398595809936523,11.843923568725586,12.898632049560547
Wrong 12.257930755615234,10.383057594299316,10.687908172607422,11.48488998413086
Wrong 13.01572036743164,12.453290939331055,11.82838249206543,12.289300918579102
Correct 14.593801498413086,13.039168357849121,12.922027587890625,12.906488418579102
Correct 12.882902145385742,11.875157356262207,11.78144645690918,12.984551429748535
Wrong 13.523537635803223,11.812660217285156,12.359599113464355,11.976862907409668
Wrong 13.125072479248047,12.242290496826172,12.570475578308105,13.211067199707031
Correct 12.711029052734375,11.515771865844727,11.73458480834961,12.797098159790039
Correct 13.093840599060059,11.773597717285156,12.375184059143066,12.33618450164795
Wrong 14.234436988830566,13.679814338684082,13.48453140258789,13.781442642211914
Correct 12.453218460083008,11.257966995239258,11.484556198120117,13.015765190124512
Wrong 12.24229907989502,11.656394004821777,11.218979835510254,11.578330993652344
Correct 13.570390701293945,12.281384468078613,11.992365837097168,12.429869651794434
Correct 12.375123023986816,10.515851020812988,10.406508445739746,13.257987022399902
Wrong 13.453227996826172,12.625211715698242,11.281538963317871,12.781529426574707
Correct 12.546956062316895,11.390758514404297,11.570488929748535,13.547024726867676
Wrong 14.375076293945312,13.086078643798828,13.086129188537598,13.304947853088379
Correct 13.273529052734375,11.570480346679688,11.984596252441406,12.66431999206543
Wrong 12.672014236450195,11.679909706115723,11.648672103881836,11.211311340332031
Wrong 13.453207969665527,11.836118698120117,11.586213111877441,12.750279426574707
Correct 13.484457969665527,12.015750885009766,11.62520980834961,12.343986511230469
Wrong 13.50007438659668,12.570413589477539,13.093873023986816,12.640788078308105
Correct 14.04693603515625,11.836106300354004,11.859569549560547,12.539244651794434
Wrong 13.76572322845459,11.695456504821777,12.507999420166016,12.258102416992188
Wrong 12.898547172546387,11.37522029876709,12.078351974487305,13.453324317932129
Correct 14.0000581741333,11.851722717285156,11.883003234863281,11.56278133392334
Wrong 14.4375638961792,13.289170265197754,14.34387493133545,14.078314781188965
Wrong 13.281342506408691,11.7345552444458,11.547087669372559,13.16431999206543
Wrong 12.961023330688477,11.773605346679688,11.60180950164795,11.906493186950684
Wrong 12.945416450500488,12.461087226867676,11.82834243774414,13.539222717285156
Wrong 14.007884979248047,12.87511920928955,12.890786170959473,12.687715530395508
Wrong 13.086007118225098,10.922060012817383,11.547135353088379,12.094093322753906
Wrong 13.148550033569336,12.117417335510254,12.179948806762695,13.562800407409668
Wrong 13.554766654968262,12.750101089477539,13.015788078308105,12.92208194732666
Correct 13.265727043151855,12.382991790771484,11.883056640625,12.054983139038086
Correct 13.57819652557373,11.375182151794434,11.781473159790039,13.218976974487305
Wrong 13.0938081741333,11.554793357849121,12.742303848266602,12.461079597473145
Wrong 13.117267608642578,11.789183616638184,12.992326736450195,13.226743698120117
Correct 12.796937942504883,11.976673126220703,13.523550033569336,12.812666893005371
Wrong 13.367284774780273,12.125139236450195,12.109556198120117,12.523661613464355
Wrong 14.492262840270996,13.37509822845459,14.156381607055664,14.054878234863281
Wrong 12.726649284362793,11.281458854675293,11.164295196533203,12.695547103881836
Correct 14.14067554473877,11.265759468078613,10.9533109664917,12.039229393005371
Correct 13.601632118225098,12.03136920928955,11.179878234863281,12.125186920166016
Correct 14.265694618225098,13.695426940917969,13.062651634216309,13.304908752441406
Correct 13.390708923339844,12.218897819519043,12.922041893005371,13.961085319519043
Correct 12.953191757202148,10.679878234863281,10.015851020812988,11.344015121459961
Wrong 13.671948432922363,12.398591995239258,12.226755142211914,12.601811408996582
Wrong 14.18758487701416,12.742317199707031,13.601723670959473,12.711188316345215
Correct 13.625088691711426,11.703265190124512,11.929911613464355,12.203348159790039
Wrong 13.601643562316895,12.711090087890625,12.390851974487305,12.547266960144043
Wrong 14.15629768371582,13.070422172546387,12.547002792358398,12.773597717285156
Wrong 12.281359672546387,10.547077178955078,10.656506538391113,11.843929290771484
Wrong 12.750116348266602,11.906473159790039,11.367473602294922,12.367439270019531
Wrong 13.195395469665527,11.734508514404297,11.49240779876709,12.195630073547363
Wrong 12.976651191711426,11.63302230834961,11.265850067138672,11.390874862670898
Correct 13.203218460083008,10.890863418579102,12.164278984069824,11.867391586303711
Correct 12.640748023986816,12.101727485656738,11.804906845092773,12.984567642211914
Wrong 13.234519958496094,12.43774127960205,12.000317573547363,12.531659126281738
Wrong 13.187570571899414,10.976704597473145,11.086127281188965,11.476726531982422
Wrong 13.617253303527832,11.99229621887207,12.562633514404297,12.414240837097168
Wrong 13.070390701293945,12.031379699707031,12.367352485656738,12.586094856262207
Wrong 13.304768562316895,12.422000885009766,11.742377281188965,12.601741790771484
Correct 13.296944618225098,11.867308616638184,12.03923511505127,12.101767539978027
Correct 14.070391654968262,13.140750885009766,13.17203426361084,14.367384910583496
Wrong 12.953201293945312,11.625147819519043,12.34392261505127,13.429842948913574
Wrong 13.164135932922363,11.242340087890625,11.953301429748535,12.00806999206543
Wrong 12.953224182128906,11.46899127960205,11.359685897827148,11.640931129455566
Wrong 13.42197036743164,12.414210319519043,12.992378234863281,13.43770694732666
Wrong 12.593851089477539,11.343920707702637,11.515841484069824,11.304920196533203
Wrong 13.562585830688477,12.51576042175293,13.507954597473145,13.304908752441406
Correct 13.125075340270996,11.484553337097168,11.000216484069824,12.33613395690918
Wrong 14.226644515991211,12.671992301940918,12.554855346679688,12.515838623046875
Wrong 13.812572479248047,13.000123023986816,11.125187873840332,12.007976531982422
Wrong 12.734509468078613,12.08616828918457,10.617528915405273,11.703542709350586
Correct 13.781330108642578,11.586061477661133,12.375179290771484,12.711166381835938
Wrong 13.828205108642578,12.367339134216309,13.382979393005371,12.867452621459961
Wrong 13.148520469665527,11.36734390258789,10.640910148620605,12.062889099121094
Wrong 13.000085830688477,10.898611068725586,10.98461627960205,10.984587669372559
Wrong 12.921988487243652,10.992408752441406,10.484710693359375,11.367581367492676
Wrong 13.164140701293945,12.343886375427246,11.648658752441406,12.047173500061035
Wrong 12.796963691711426,11.664219856262207,11.80485725402832,12.37520694732666
Correct 13.640693664550781,12.56264591217041,12.336108207702637,12.703296661376953
Wrong 13.304779052734375,12.148579597473145,13.0392427444458,12.718971252441406
Wrong 13.867255210876465,11.687691688537598,12.984573364257812,12.468982696533203
Wrong 13.08603572845459,12.359552383422852,12.015874862670898,13.75804615020752
Wrong 12.976649284362793,12.172008514404297,12.047046661376953,13.39079475402832
Wrong 13.211016654968262,12.117348670959473,12.500192642211914,12.937695503234863
Wrong 13.60163402557373,11.773602485656738,12.601739883422852,12.375191688537598
Wrong 13.398504257202148,12.7423095703125,11.890819549560547,12.398624420166016
Correct 13.62507152557373,12.531407356262207,12.820487022399902,12.88309383392334
Wrong 12.476663589477539,10.7189359664917,11.312751770019531,10.804949760437012
Wrong 13.007902145385742,11.797004699707031,10.922155380249023,11.953454971313477
Wrong 12.265727043151855,10.273660659790039,11.015889167785645,11.133156776428223
Wrong 12.882898330688477,11.875168800354004,11.992380142211914,11.812773704528809
Correct 14.898508071899414,13.98448371887207,13.070479393005371,13.46894645690918
Correct 13.02352523803711,11.343996047973633,11.250293731689453,11.266034126281738
Wrong 13.156346321105957,12.062657356262207,12.398635864257812,12.008115768432617
Correct 13.328182220458984,12.078250885009766,11.711115837097168,12.57047176361084
Wrong 13.71885871887207,11.781487464904785,12.148713111877441,13.265961647033691
Wrong 14.062573432922363,13.031371116638184,12.789243698120117,13.156473159790039
Correct 13.304749488830566,11.867328643798828,11.320494651794434,11.453298568725586
Wrong 13.304764747619629,12.429793357849121,11.18770980834961,12.16423511505127
Wrong 13.023533821105957,11.672070503234863,12.039274215698242,12.226849555969238
Wrong 13.507902145385742,12.632930755615234,12.78923225402832,13.429835319519043
Wrong 12.531339645385742,11.304839134216309,11.383007049560547,12.640791893005371
Wrong 12.453222274780273,10.961097717285156,11.62518310546875,12.36737060546875
Correct 13.468828201293945,11.29704475402832,11.648656845092773,12.031469345092773
Correct 13.187613487243652,11.515843391418457,11.797121047973633,13.359594345092773
Wrong 13.00789737701416,11.765791893005371,11.758013725280762,12.726774215698242
Correct 13.289127349853516,11.1408109664917,10.875243186950684,11.70339298248291
Wrong 13.25790786743164,11.679845809936523,12.258026123046875,11.953425407409668
Wrong 12.84383487701416,12.015752792358398,12.18765640258789,13.586048126220703
Wrong 14.820385932922363,13.539178848266602,13.32048225402832,13.937713623046875
Correct 12.703222274780273,11.328312873840332,11.476766586303711,13.24241828918457
Correct 14.492247581481934,13.101683616638184,12.23455810546875,12.765836715698242
Wrong 13.609447479248047,11.914210319519043,12.24238395690918,12.672096252441406
Wrong 12.929781913757324,11.547021865844727,11.156449317932129,12.547056198120117
Wrong 13.2656888961792,12.476704597473145,11.687686920166016,12.367399215698242
Wrong 12.34384822845459,10.687651634216309,10.398648262023926,11.133037567138672
Wrong 13.351629257202148,11.50015926361084,11.812707901000977,12.484612464904785
Wrong 14.492302894592285,13.586112976074219,13.179912567138672,13.289380073547363
Wrong 13.476634979248047,12.765715599060059,12.820427894592285,12.593888282775879
Wrong 13.117276191711426,11.625144958496094,10.789288520812988,12.71110725402832
Correct 13.414139747619629,11.445477485656738,11.008060455322266,11.383207321166992
Wrong 13.3281888961792,12.218897819519043,11.773630142211914,12.812687873840332
Wrong 13.046971321105957,11.617338180541992,11.640824317932129,12.547051429748535
Wrong 14.22662353515625,13.054790496826172,13.476690292358398,13.656431198120117
Wrong 13.468835830688477,11.789206504821777,12.27363109588623,13.156494140625
Wrong 13.015717506408691,11.672111511230469,11.445611000061035,13.008126258850098
Correct 13.984450340270996,12.734498977661133,12.195483207702637,13.890786170959473
Correct 13.15633773803711,11.81265926361084,11.906441688537598,12.515824317932129
Wrong 12.789189338684082,11.87518310546875,11.898702621459961,12.429947853088379
Wrong 13.867279052734375,12.422021865844727,12.047075271606445,12.445547103881836
Wrong 12.59383487701416,11.000150680541992,12.187681198120117,12.023639678955078
Wrong 12.961034774780273,11.750174522399902,11.336207389831543,11.547146797180176
Correct 13.46102523803711,11.422060012817383,11.804903030395508,12.789294242858887
Wrong 13.3125581741333,11.89076042175293,11.96110725402832,12.539306640625
Wrong 13.476638793945312,11.687667846679688,11.375236511230469,11.578393936157227
Wrong 12.796995162963867,11.398711204528809,12.648698806762695,12.42220687866211
Wrong 12.617287635803223,11.664230346679688,11.054917335510254,11.26585578918457
Wrong 13.179770469665527,11.922022819519043,11.633056640625,12.289382934570312
Wrong 12.492283821105957,10.593927383422852,10.117437362670898,11.289250373840332
Correct 13.6719388961792,12.523542404174805,12.617317199707031,12.32048225402832
Wrong 13.015726089477539,12.33607292175293,12.414257049560547,12.437736511230469
Wrong 13.015726089477539,11.750181198120117,11.140871047973633,12.906487464904785
Correct 12.968871116638184,12.023643493652344,11.469051361083984,12.445579528808594
Wrong 13.586024284362793,12.093904495239258,11.55489730834961,12.672094345092773
Wrong 12.921956062316895,12.50013256072998,11.539267539978027,13.148577690124512
Wrong 13.398524284362793,12.234515190124512,11.328359603881836,13.132997512817383
Correct 13.281332969665527,11.703338623046875,11.633071899414062,11.718984603881836
Correct 13.929754257202148,11.906396865844727,12.836122512817383,12.765877723693848
Wrong 13.101642608642578,11.187698364257812,10.890894889831543,12.695501327514648
Wrong 12.968832969665527,11.500198364257812,11.664297103881836,12.094067573547363
Wrong 12.882902145385742,11.726710319519043,12.211111068725586,12.875170707702637
Correct 12.586014747619629,11.17988109588623,11.695499420166016,11.906505584716797
Wrong 12.789144515991211,10.742383003234863,11.336140632629395,11.508026123046875
Wrong 12.953203201293945,12.078261375427246,11.687675476074219,12.19551944732666
Wrong 13.242267608642578,11.601694107055664,11.398661613464355,12.56269359588623
Wrong 13.078215599060059,11.937654495239258,12.851737976074219,12.74239730834961
Wrong 13.359439849853516,11.289213180541992,12.070476531982422,12.039226531982422
Correct 13.398530006408691,11.742378234863281,12.414311408996582,12.484755516052246
Wrong 13.289141654968262,12.039225578308105,11.359663009643555,12.656609535217285
Wrong 12.773512840270996,11.273580551147461,11.7501859664917,12.61734676361084
Wrong 13.586015701293945,12.226698875427246,11.890813827514648,12.414257049560547
Wrong 14.234445571899414,12.226662635803223,13.211064338684082,12.882981300354004
Wrong 12.750102996826172,11.226780891418457,11.398697853088379,11.27376651763916
Wrong 13.484432220458984,10.742326736450195,10.343960762023926,10.226770401000977
Wrong 12.68761157989502,11.273624420166016,12.258036613464355,12.65650749206543
Correct 13.5625581741333,12.117332458496094,12.047040939331055,13.117344856262207
Wrong 13.687585830688477,12.468911170959473,12.211140632629395,13.109588623046875
Wrong 13.5625638961792,12.031353950500488,12.492328643798828,12.086104393005371
Wrong 12.86729621887207,12.453289031982422,12.297070503234863,12.734617233276367
Correct 13.289142608642578,12.086085319519043,12.281464576721191,12.508033752441406
Wrong 13.968823432922363,12.429793357849121,11.625189781188965,12.625191688537598
Wrong 13.390705108642578,12.04702091217041,11.508084297180176,12.34405517578125
Wrong 12.726645469665527,11.359580039978027,11.656492233276367,11.695560455322266
Wrong 13.367264747619629,12.328252792358398,12.312671661376953,11.883012771606445
Wrong 12.961033821105957,11.476759910583496,11.656471252441406,12.76586627960205
Correct 12.992280960083008,12.437649726867676,13.054850578308105,12.828333854675293
Wrong 12.89069938659668,11.60953426361084,12.21109676361084,12.664238929748535
Wrong 12.836009979248047,11.414224624633789,11.429878234863281,12.515854835510254
Wrong 13.039141654968262,11.476723670959473,11.218955039978027,12.531439781188965
Correct 13.757923126220703,12.109550476074219,13.882972717285156,12.945615768432617
Correct 14.6016263961792,11.98458194732666,11.929932594299316,12.797091484069824
Wrong 14.75790023803711,13.422022819519043,13.664249420166016,14.234572410583496
Wrong 12.625118255615234,11.23454761505127,11.625226020812988,11.250200271606445
Wrong 13.336013793945312,11.351733207702637,13.234522819519043,12.633004188537598
Wrong 13.187583923339844,13.125125885009766,11.93769359588623,12.648588180541992
Wrong 12.929764747619629,12.859500885009766,11.711135864257812,12.29706859588623
Wrong 13.156342506408691,12.562670707702637,11.742390632629395,12.265827178955078
Correct 13.507877349853516,12.054824829101562,11.562691688537598,12.42210865020752
Correct 14.203195571899414,13.046991348266602,13.132964134216309,12.72676944732666
Wrong 13.476677894592285,13.140775680541992,12.851794242858887,13.047174453735352
Wrong 12.968840599060059,12.14079475402832,12.023661613464355,12.617405891418457
Wrong 13.320390701293945,12.265798568725586,11.929908752441406,12.14086627960205
Correct 12.890716552734375,11.968899726867676,11.60961627960205,11.429987907409668
Correct 12.531341552734375,10.289315223693848,10.25029468536377,10.156548500061035
Wrong 14.648516654968262,12.812614440917969,12.953291893005371,12.976778030395508
Wrong 13.078234672546387,11.625237464904785,10.734703063964844,11.015885353088379
Correct 12.961016654968262,10.773658752441406,11.453360557556152,10.90654182434082
Wrong 12.648543357849121,11.375173568725586,11.875201225280762,12.226792335510254
Correct 13.461018562316895,12.422006607055664,12.218954086303711,13.023664474487305
Correct 13.328205108642578,11.59390926361084,12.26579761505127,14.211060523986816
Wrong 12.914133071899414,12.13296127319336,11.781444549560547,12.179875373840332
Wrong 12.820395469665527,11.601744651794434,11.75800895690918,12.492390632629395
Wrong 12.250110626220703,10.828313827514648,10.156508445739746,11.00028133392334
Wrong 13.265708923339844,11.672041893005371,12.515792846679688,12.679888725280762
Wrong 13.312607765197754,11.297126770019531,12.539319038391113,12.609684944152832
Wrong 14.054770469665527,12.390761375427246,12.414239883422852,11.742396354675293
Wrong 13.586043357849121,11.804898262023926,11.726814270019531,12.523712158203125
Correct 12.437605857849121,10.898605346679688,10.672120094299316,11.758038520812988
Wrong 13.382890701293945,12.484519958496094,12.390795707702637,13.015813827514648
Correct 13.570378303527832,12.015738487243652,11.85953140258789,12.15644359588623
Correct 13.000088691711426,11.523594856262207,11.062716484069824,12.9689302444458
Correct 12.914161682128906,11.742334365844727,11.9923734664917,13.023588180541992
Wrong 14.20319938659668,13.015731811523438,13.375161170959473,13.11739730834961
Wrong 12.836016654968262,11.828269004821777,12.476729393005371,12.859554290771484
Wrong 12.836038589477539,11.14083480834961,11.109704971313477,11.891005516052246
Correct 14.070369720458984,12.445459365844727,12.086118698120117,12.843939781188965
Wrong 12.976655960083008,11.9454984664917,12.476778030395508,13.406538009643555
Wrong 12.992273330688477,11.59395694732666,11.586179733276367,11.867419242858887
Wrong 12.89855670928955,10.914257049560547,11.80495548248291,12.070619583129883
Wrong 13.80475902557373,11.86729907989502,12.297026634216309,13.359537124633789
Correct 13.070390701293945,11.531386375427246,11.476760864257812,13.47669506072998
Wrong 13.171956062316895,12.273573875427246,12.531452178955078,12.906536102294922
Correct 13.578178405761719,12.421982765197754,11.609542846679688,11.851727485656738
Wrong 12.164170265197754,11.367339134216309,11.343988418579102,11.85966682434082
Wrong 12.586043357849121,10.976736068725586,11.6486234664917,12.30490493774414
Wrong 12.984477996826172,11.297139167785645,12.101820945739746,11.883136749267578
Wrong 13.359445571899414,12.218879699707031,11.336105346679688,11.836134910583496
Wrong 13.437599182128906,11.179866790771484,10.98466682434082,13.109663009643555
Wrong 13.718829154968262,11.91421127319336,12.015815734863281,13.086183547973633
Wrong 13.046957969665527,11.351759910583496,11.51584243774414,12.133044242858887
Wrong 13.375060081481934,12.804837226867676,12.703279495239258,13.601723670959473
Wrong 13.586033821105957,12.414186477661133,12.96890926361084,13.265815734863281
Wrong 13.218833923339844,12.906388282775879,12.281448364257812,13.008018493652344
Wrong 13.015707015991211,12.14858627319336,11.70333480834961,12.937689781188965
Correct 13.429760932922363,11.765756607055664,12.250179290771484,12.492413520812988
Wrong 13.687566757202148,12.437618255615234,12.99232292175293,13.06267261505127
Wrong 12.601640701293945,11.54703426361084,11.336100578308105,12.398615837097168
Wrong 12.086036682128906,10.57050895690918,10.82834529876709,11.375251770019531
Correct 13.21885871887207,12.000175476074219,12.031452178955078,12.187775611877441
Correct 13.445388793945312,12.015841484069824,11.445534706115723,13.023618698120117
Wrong 12.828215599060059,11.086121559143066,11.10958480834961,12.523626327514648
Wrong 13.54694938659668,12.312631607055664,12.453296661376953,12.828340530395508
Wrong 12.836036682128906,11.609552383422852,11.429905891418457,12.086156845092773
Correct 14.242260932922363,12.062639236450195,11.922078132629395,12.31273078918457
Wrong 13.570422172546387,12.242410659790039,12.312776565551758,12.5863618850708
Correct 13.171950340270996,11.656455039978027,11.617435455322266,12.367469787597656
Correct 13.078207969665527,11.445457458496094,13.093880653381348,12.070477485656738
Correct 13.257889747619629,13.32042121887207,11.4767427444458,12.093926429748535
Correct 13.890702247619629,12.047018051147461,12.20334529876709,11.398709297180176
Wrong 13.515694618225098,12.67981243133545,12.031415939331055,12.586121559143066
Correct 12.422005653381348,10.586140632629395,10.867449760437012,12.289301872253418
Wrong 14.468832015991211,12.976696014404297,12.898604393005371,13.398698806762695
Wrong 13.625090599060059,12.961051940917969,12.422049522399902,13.047039985656738
Wrong 12.500096321105957,11.140761375427246,11.312684059143066,11.76580810546875
Correct 13.047005653381348,12.008042335510254,11.758081436157227,13.148686408996582
Wrong 13.289138793945312,13.281368255615234,12.656410217285156,12.38301944732666
Wrong 13.109476089477539,11.742377281188965,12.000225067138672,12.453362464904785
Correct 13.585996627807617,10.711125373840332,10.937728881835938,11.586126327514648
Correct 14.273544311523438,12.89861011505127,12.429932594299316,13.055015563964844
Wrong 12.789177894592285,11.226774215698242,10.914352416992188,12.422136306762695
Wrong 13.23444938659668,11.507969856262207,11.523625373840332,11.844009399414062
Wrong 12.390727996826172,10.906425476074219,10.750288009643555,11.851813316345215
Wrong 13.734474182128906,12.867340087890625,12.664255142211914,12.320562362670898
Correct 14.039141654968262,12.734492301940918,11.8673734664917,12.47675895690918
Wrong 12.039200782775879,10.81275463104248,11.39873218536377,12.000391960144043
Wrong 12.953225135803223,11.078263282775879,11.28923511505127,12.664216995239258
Correct 13.570389747619629,12.3126859664917,12.914276123046875,12.961167335510254
Correct 13.843815803527832,11.601699829101562,11.984552383422852,12.31272029876709
Correct 13.046967506408691,11.429831504821777,11.875194549560547,12.468981742858887
Wrong 13.086054801940918,10.898638725280762,11.172170639038086,11.890846252441406
Wrong 12.937623023986816,12.172065734863281,11.859609603881836,13.11738109588623
Correct 12.742292404174805,11.0236234664917,10.937721252441406,13.312702178955078
Wrong 13.007925033569336,11.508015632629395,11.726816177368164,12.437829971313477
Wrong 13.695393562316895,12.359553337097168,11.961191177368164,12.367507934570312
Wrong 13.468839645385742,12.562642097473145,12.19551944732666,12.922073364257812
Wrong 13.164153099060059,11.507990837097168,11.679891586303711,12.773629188537598
Wrong 12.703198432922363,11.74230670928955,11.101716041564941,11.836109161376953
Wrong 13.117268562316895,11.953291893005371,12.109575271606445,12.99241828918457
Correct 13.359464645385742,11.976727485656738,11.765861511230469,13.828324317932129
Correct 13.312591552734375,11.609549522399902,11.945530891418457,12.875223159790039
Wrong 13.031333923339844,11.422006607055664,11.8126859664917,12.24239730834961
Correct 13.523490905761719,11.531365394592285,12.375134468078613,12.265752792358398
Correct 14.406301498413086,12.187592506408691,12.461074829101562,12.398634910583496
Wrong 13.476661682128906,11.976730346679688,11.687715530395508,12.601800918579102
Wrong 12.648531913757324,11.304871559143066,11.445625305175781,11.914453506469727
Wrong 13.711030006408691,11.914254188537598,12.297122955322266,12.219085693359375
Correct 13.6172513961792,11.57045841217041,11.26580810546875,12.601729393005371
Wrong 14.179749488830566,12.35168743133545,12.179854393005371,12.84390640258789
Correct 13.437599182128906,11.836078643798828,11.508042335510254,12.54713249206543
Wrong 13.578207015991211,13.148563385009766,12.250175476074219,13.328336715698242
Wrong 14.820377349853516,13.859465599060059,13.82826042175293,13.515830039978027
Wrong 12.914165496826172,11.76580810546875,12.289288520812988,12.726819038391113
Wrong 13.171950340270996,11.81265926361084,12.515799522399902,12.718921661376953
Correct 12.539164543151855,10.617379188537598,10.476856231689453,11.211297035217285
Wrong 12.390715599060059,10.953299522399902,10.890835762023926,11.929878234863281
Wrong 12.58604907989502,11.140811920166016,11.562745094299316,11.929914474487305
Wrong 14.281319618225098,13.421995162963867,13.843899726867676,13.375204086303711
Wrong 13.734444618225098,12.359504699707031,12.679837226867676,13.578315734863281
Wrong 13.523517608642578,12.31261920928955,12.843897819519043,12.578315734863281
Correct 13.875091552734375,12.070469856262207,12.312675476074219,12.047142028808594
Wrong 13.390711784362793,11.609582901000977,12.26584529876709,12.734583854675293
Correct 13.359452247619629,11.453245162963867,10.72679615020752,11.023696899414062
Wrong 13.875067710876465,12.11729621887207,12.054848670959473,12.726724624633789
Wrong 14.031319618225098,11.586089134216309,11.906434059143066,11.96114730834961
Correct 13.023517608642578,11.648612976074219,11.929874420166016,12.875214576721191
Wrong 13.687585830688477,12.547066688537598,11.218995094299316,12.844030380249023
Wrong 12.890715599060059,11.187740325927734,11.648682594299316,12.562763214111328
Correct 13.476648330688477,11.390779495239258,11.24242877960205,12.406537055969238
Correct 14.156326293945312,13.187639236450195,13.132972717285156,14.445500373840332
Correct 13.265710830688477,12.640765190124512,12.609587669372559,13.98455810546875
Wrong 13.562591552734375,13.117288589477539,13.039213180541992,12.890828132629395
Wrong 12.48446273803711,11.445452690124512,11.179862022399902,11.289236068725586
Wrong 13.539146423339844,11.664271354675293,11.390889167785645,12.305001258850098
Wrong 14.648503303527832,13.125109672546387,12.664243698120117,13.172062873840332
Wrong 13.218827247619629,11.351736068725586,11.336186408996582,12.578373908996582
Correct 14.11724853515625,12.422000885009766,12.140814781188965,12.562721252441406
Wrong 13.742268562316895,11.898580551147461,12.695503234863281,13.328375816345215
Correct 13.156347274780273,11.547074317932129,11.25024700164795,12.461174964904785
Wrong 13.000107765197754,11.703351020812988,11.359676361083984,11.875391006469727
Wrong 13.562586784362793,12.304845809936523,13.179874420166016,12.71115493774414
Wrong 12.851652145385742,11.523600578308105,12.328329086303711,11.718957901000977
Wrong 13.296963691711426,11.343910217285156,12.797032356262207,13.086111068725586
Correct 12.84382152557373,11.804815292358398,11.101738929748535,11.73453426361084
Correct 13.03915786743164,11.992389678955078,11.984609603881836,13.125246047973633
Correct 14.375066757202148,12.672005653381348,12.453310012817383,13.01583194732666
Wrong 13.59384822845459,11.49236011505127,12.617405891418457,13.781508445739746
Wrong 12.867291450500488,11.5861234664917,10.969009399414062,12.12523078918457
Wrong 14.031335830688477,12.500126838684082,13.679840087890625,13.609577178955078
Wrong 13.007902145385742,12.187664985656738,12.023656845092773,12.437789916992188
Wrong 12.578213691711426,11.547011375427246,11.297086715698242,11.968981742858887
Wrong 12.726659774780273,11.33611011505127,11.593982696533203,12.414324760437012
Correct 13.117283821105957,11.117382049560547,11.46117115020752,11.875312805175781
Wrong 13.054780006408691,11.65640926361084,12.258002281188965,12.94551944732666
Correct 13.656326293945312,11.843927383422852,11.422161102294922,12.742547035217285
Correct 14.156332969665527,12.39857292175293,13.406415939331055,13.156496047973633
Wrong 13.234460830688477,12.000155448913574,12.109550476074219,12.984591484069824
Correct 13.101659774780273,11.125249862670898,11.44562816619873,11.336356163024902
Correct 13.171977043151855,11.78927230834961,11.781537055969238,13.398653030395508
Wrong 12.429793357849121,10.843911170959473,10.359609603881836,11.281455039978027
Wrong 13.062582015991211,12.078240394592285,11.687702178955078,12.265833854675293
Wrong 13.31259536743164,12.086111068725586,11.14867115020752,12.57052230834961
Wrong 13.531332015991211,12.273554801940918,13.179842948913574,12.836156845092773
Wrong 13.101634979248047,11.742323875427246,11.36737060546875,12.515843391418457
Wrong 13.601669311523438,12.734583854675293,11.297163009643555,12.406514167785645
Correct 12.882902145385742,11.48454761505127,11.195563316345215,11.984625816345215
Wrong 13.648506164550781,12.265741348266602,12.304850578308105,12.320504188537598
Correct 13.046960830688477,11.0314302444458,11.039327621459961,11.297102928161621
Wrong 12.898530960083008,11.336146354675293,10.742490768432617,11.687816619873047
Wrong 13.296929359436035,11.04708194732666,10.883060455322266,11.547146797180176
Wrong 12.742262840270996,11.375131607055664,10.945489883422852,11.820484161376953
Wrong 12.961027145385742,11.648594856262207,12.078346252441406,12.484679222106934
Wrong 12.773538589477539,11.703330993652344,11.890894889831543,12.125328063964844
Wrong 13.484436988830566,11.789209365844727,12.023588180541992,12.507990837097168
Wrong 13.039138793945312,11.859498023986816,12.125146865844727,12.304854393005371
Wrong 12.968846321105957,12.3439302444458,11.679895401000977,12.195557594299316
Wrong 12.85948657989502,11.750160217285156,11.336175918579102,12.187708854675293
Correct 13.273519515991211,11.695479393005371,11.039262771606445,12.250222206115723
Wrong 13.539132118225098,11.984532356262207,11.898652076721191,12.6173677444458
Wrong 13.328214645385742,11.718884468078613,12.257950782775879,13.031411170959473
Wrong 12.750097274780273,11.914223670959473,11.250227928161621,11.601767539978027
Wrong 13.44543743133545,12.500144958496094,12.57832145690918,13.140859603881836
Wrong 12.968865394592285,10.90645694732666,11.72684097290039,12.06274700164795
Wrong 14.421955108642578,12.742307662963867,12.55484676361084,13.664237022399902
Wrong 13.578193664550781,11.64861011505127,11.203357696533203,11.890854835510254
Wrong 13.351643562316895,12.484513282775879,12.539249420166016,13.023656845092773
Wrong 13.211006164550781,11.320478439331055,11.859528541564941,12.2814302444458
Correct 12.336084365844727,11.312692642211914,11.203397750854492,12.343993186950684
Wrong 13.437602996826172,12.32828140258789,12.711128234863281,12.601807594299316
Wrong 12.429797172546387,11.523591995239258,11.508038520812988,12.242411613464355
Correct 13.281329154968262,11.836099624633789,11.62523365020752,12.047154426574707
Correct 13.398517608642578,11.640796661376953,11.828303337097168,12.289304733276367
Correct 13.531349182128906,11.8126859664917,11.711194038391113,13.562775611877441
Wrong 13.539162635803223,12.484540939331055,13.218921661376953,13.554941177368164
Wrong 12.734479904174805,12.187623977661133,11.445521354675293,12.094006538391113
Correct 12.921937942504883,11.531373023986816,12.765750885009766,13.898555755615234
Wrong 13.203213691711426,11.718887329101562,11.40644359588623,12.008004188537598
Wrong 13.296960830688477,12.875109672546387,12.507959365844727,12.117398262023926
Wrong 12.875101089477539,12.117349624633789,11.41430377960205,12.125205993652344
Correct 13.23446273803711,10.867342948913574,10.586212158203125,11.617403030395508
Wrong 13.406315803527832,11.65640926361084,11.640837669372559,12.42995834350586
Wrong 13.242277145385742,11.945486068725586,11.375246047973633,12.726818084716797
Wrong 13.148524284362793,11.586081504821777,10.976805686950684,12.211236953735352
Correct 14.359443664550781,12.632916450500488,12.76578426361084,12.851716041564941
Wrong 13.04695987701416,12.81258487701416,12.359530448913574,12.71110725402832
Correct 12.851651191711426,10.539230346679688,11.172077178955078,11.500190734863281
Wrong 12.953240394592285,11.234615325927734,11.039336204528809,12.687726974487305
Wrong 13.289138793945312,12.250154495239258,11.851758003234863,13.257990837097168
Correct 13.296953201293945,11.711112022399902,12.37516975402832,12.976783752441406
Wrong 12.859453201293945,11.711108207702637,11.484573364257812,12.375223159790039
Wrong 12.789133071899414,11.742323875427246,12.476716041564941,12.492350578308105
Wrong 13.578222274780273,12.164216041564941,11.773645401000977,13.406474113464355
Wrong 13.585993766784668,12.26572036743164,12.304837226867676,12.500167846679688
Wrong 13.398517608642578,12.125114440917969,12.31267261505127,12.148665428161621
Correct 13.828210830688477,11.78922176361084,12.601751327514648,12.875260353088379
Wrong 13.367293357849121,11.94550609588623,12.617429733276367,13.351806640625
Wrong 13.56258773803711,12.52364444732666,12.758036613464355,13.390863418579102
Wrong 12.867283821105957,11.367385864257812,11.640863418579102,12.75802993774414
Wrong 13.437588691711426,11.867331504821777,12.461151123046875,13.515819549560547
Wrong 13.070385932922363,11.687652587890625,11.44550895690918,12.461155891418457
Wrong 13.132905960083008,11.828268051147461,11.992378234863281,11.70334529876709
Wrong 12.781354904174805,11.781447410583496,11.172107696533203,12.195533752441406
Wrong 13.250070571899414,11.140798568725586,11.937670707702637,12.42984390258789
Wrong 12.66415786743164,11.429864883422852,11.30492877960205,12.039290428161621
Wrong 13.359444618225098,11.281428337097168,11.672041893005371,12.914201736450195
Wrong 13.359441757202148,12.047019958496094,12.632972717285156,13.000184059143066
Correct 13.796926498413086,12.195423126220703,12.203280448913574,12.703303337097168
Wrong 13.726645469665527,12.54699993133545,12.41422176361084,12.297093391418457
Wrong 13.265703201293945,11.851725578308105,11.726821899414062,13.367393493652344
Wrong 13.000086784362793,11.531373977661133,11.687689781188965,12.109553337097168
Correct 13.7344388961792,11.273615837097168,11.336177825927734,12.656473159790039
Wrong 13.336018562316895,12.898576736450195,11.492437362670898,12.539290428161621
Wrong 12.351696968078613,11.078328132629395,10.812727928161621,11.804882049560547
Wrong 12.992301940917969,12.109564781188965,12.49245548248291,12.164491653442383
Wrong 12.859467506408691,11.703251838684082,11.179917335510254,12.984515190124512
Wrong 13.539141654968262,12.17987060546875,12.203370094299316,12.508169174194336
Wrong 12.804784774780273,11.617340087890625,12.429852485656738,12.35180950164795
Correct 13.742243766784668,12.523554801940918,12.382966041564941,13.656367301940918
Wrong 12.921956062316895,12.140752792358398,11.898604393005371,12.133014678955078
Wrong 12.773548126220703,11.718948364257812,11.351825714111328,12.570535659790039
Wrong 13.140700340270996,11.656414985656738,10.703341484069824,12.039237022399902
Wrong 12.961018562316895,11.281405448913574,12.422059059143066,11.843976020812988
Wrong 13.46883773803711,12.242341041564941,12.375168800354004,12.804899215698242
Wrong 13.375100135803223,11.94550895690918,12.164298057556152,12.75034236907959
Wrong 12.703214645385742,11.257979393005371,11.422086715698242,11.890847206115723
Correct 13.18758487701416,12.257975578308105,11.570531845092773,12.476778984069824
Wrong 13.132905960083008,11.937647819519043,11.000211715698242,11.882990837097168
Wrong 13.289159774780273,12.070479393005371,12.336170196533203,12.617453575134277
Wrong 12.976632118225098,11.187644004821777,11.328312873840332,12.179852485656738
Wrong 13.039145469665527,11.383001327514648,11.586185455322266,12.679931640625
Wrong 13.101652145385742,11.75014877319336,12.234561920166016,12.30487060546875
Wrong 12.828215599060059,11.586108207702637,11.593962669372559,12.781428337097168
Correct 13.5938081741333,12.343890190124512,11.711139678955078,12.632996559143066
Correct 13.39069938659668,11.375155448913574,11.328362464904785,12.047171592712402
Wrong 12.445405960083008,11.976704597473145,12.21891975402832,12.50019359588623
Wrong 12.890693664550781,11.359524726867676,12.281405448913574,12.586103439331055
Correct 12.468844413757324,11.093934059143066,11.625221252441406,12.437740325927734
Wrong 13.15633487701416,12.226715087890625,11.906441688537598,12.81271743774414
Wrong 13.804763793945312,12.312636375427246,11.562734603881836,12.33620834350586
Wrong 13.4610013961792,13.179803848266602,12.140799522399902,12.859536170959473
Wrong 12.554777145385742,11.265813827514648,11.21899127960205,11.851844787597656
Correct 12.695416450500488,10.820525169372559,11.367508888244629,11.734773635864258
Wrong 12.945417404174805,12.062653541564941,12.047127723693848,12.679987907409668
Wrong 12.875073432922363,11.609528541564941,12.172061920166016,12.625198364257812
Wrong 13.59382152557373,11.953229904174805,12.914198875427246,12.49236011505127
Wrong 13.539141654968262,12.218873977661133,13.281377792358398,12.859565734863281
Correct 13.195415496826172,11.19555950164795,11.84399700164795,13.008091926574707
Wrong 13.1954345703125,12.484557151794434,11.945541381835938,12.64873218536377
Wrong 13.375056266784668,11.726707458496094,11.929837226867676,12.976736068725586
Wrong 12.976658821105957,12.351704597473145,12.054871559143066,12.609559059143066
Wrong 13.453210830688477,12.672016143798828,11.554909706115723,11.968964576721191
Wrong 12.796967506408691,12.007975578308105,10.758057594299316,12.15649700164795
Wrong 13.539137840270996,12.281380653381348,12.18770980834961,12.46899127960205
Wrong 12.820425987243652,11.414298057556152,11.726845741271973,12.414375305175781
Wrong 13.148507118225098,11.73452377319336,11.945490837097168,12.429872512817383
Wrong 13.140704154968262,11.890795707702637,12.140838623046875,12.211176872253418
Wrong 14.070389747619629,11.711071968078613,12.140825271606445,13.203339576721191
Correct 13.648527145385742,11.336074829101562,11.500203132629395,11.648638725280762
Wrong 12.484508514404297,10.797100067138672,11.203371047973633,12.133096694946289
Wrong 12.61728572845459,11.812621116638184,12.812646865844727,13.4219970703125
Wrong 13.679763793945312,12.601713180541992,12.78141975402832,13.351757049560547
Correct 13.359466552734375,11.625226974487305,11.187779426574707,12.148765563964844
Correct 13.64068603515625,12.937613487243652,12.71109676361084,11.781509399414062
Correct 13.429757118225098,12.156376838684082,11.773619651794434,11.9298734664917
Wrong 14.492266654968262,13.593887329101562,13.718928337097168,13.820569038391113
Wrong 12.36730670928955,10.906489372253418,10.594064712524414,12.312751770019531
Correct 13.046967506408691,10.750171661376953,11.02369213104248,11.656454086303711
Wrong 13.070406913757324,12.617342948913574,12.578323364257812,12.836155891418457
Wrong 13.85163688659668,12.945412635803223,13.750144004821777,12.87520694732666
Wrong 13.726659774780273,12.156386375427246,12.008008003234863,12.883023262023926
Wrong 13.382889747619629,11.500164985656738,11.000208854675293,12.61739444732666
Wrong 13.343829154968262,11.851739883422852,12.875176429748535,12.648637771606445
Correct 12.750094413757324,11.00793743133545,11.328292846679688,12.80484390258789
Wrong 13.023560523986816,11.328292846679688,11.929906845092773,12.63304615020752
Wrong 13.281323432922363,11.757956504821777,11.414258003234863,12.664216995239258
Wrong 13.35944652557373,13.007951736450195,12.31266975402832,12.547074317932129
Correct 13.929765701293945,12.359532356262207,12.250208854675293,12.453365325927734
Correct 12.586036682128906,10.523653984069824,10.039436340332031,10.664616584777832
Wrong 12.625103950500488,11.359559059143066,11.828312873840332,12.218926429748535
Wrong 13.406332969665527,11.57045841217041,11.46114730834961,11.648775100708008
Wrong 12.492280006408691,11.562700271606445,12.101781845092773,12.258091926574707
Wrong 13.02352523803711,12.492316246032715,12.047075271606445,12.015836715698242
Wrong 13.125081062316895,11.507939338684082,12.117400169372559,11.656503677368164
Correct 12.86727523803711,10.898566246032715,10.765840530395508,12.289214134216309
Correct 12.679765701293945,10.984509468078613,11.632977485656738,11.96890640258789
Correct 13.265706062316895,11.617362976074219,11.297085762023926,12.75802230834961
Correct 13.40634822845459,12.679854393005371,11.984634399414062,12.54716968536377
Wrong 12.914151191711426,11.06270694732666,11.742414474487305,12.383063316345215
Correct 13.171977996826172,11.797038078308105,11.383018493652344,13.336127281188965
Wrong 12.82043743133545,11.351764678955078,12.234633445739746,12.148717880249023
Correct 12.625099182128906,10.968921661376953,10.836187362670898,11.508055686950684
Wrong 12.72666072845459,12.117354393005371,11.461155891418457,12.336174964904785
Correct 13.453201293945312,11.734573364257812,12.265815734863281,12.656485557556152
Wrong 14.062561988830566,12.171988487243652,12.336084365844727,12.554884910583496
