grade confidence_levels
Correct 0.0931704193353653,0.0035020331852138042,0.33031755685806274,2.4938848582678474e-05
Correct 0.0007552090100944042,0.004413208458572626,0.10200828313827515,0.004412671085447073
Correct 0.00014108903997112066,0.01555661391466856,0.04035148397088051,0.06757678836584091
Wrong 0.00013265354209579527,0.002388063119724393,0.0015904941828921437,0.1072312518954277
Correct 1.9649449313874356e-05,0.057168543338775635,0.0004683242295868695,0.008237195201218128
Wrong 2.8839334845542908e-05,0.12308399379253387,0.0038348434027284384,5.9171481552766636e-05
Wrong 0.001939832349307835,0.0019104158272966743,0.02574816346168518,0.031794726848602295
Wrong 0.008793751709163189,0.024092242121696472,0.0003410991339478642,0.00019294905359856784
Wrong 0.00031329691410064697,0.0044898963533341885,0.32469093799591064,0.01720765419304371
Wrong 0.0021864655427634716,0.002256545936688781,0.17367850244045258,0.012386718764901161
Correct 0.0008603487513028085,0.6484216451644897,0.005833408795297146,0.0005384079995565116
Correct 0.00011358339543221518,0.00834229588508606,0.09472949802875519,0.014528799802064896
Wrong 0.003482634900137782,0.009922700934112072,0.21046188473701477,0.007315583992749453
Correct 0.0002245922660222277,0.0016986567061394453,0.23681789636611938,0.007263696752488613
Wrong 0.0001864535443019122,0.0018829237669706345,0.003330474952235818,0.6346730589866638
Wrong 0.005160131491720676,0.46812617778778076,0.02500433288514614,0.0007975920452736318
Wrong 0.0014069245662540197,0.052372246980667114,0.005607081111520529,0.04015804082155228
Correct 0.0010178311495110393,0.00921264011412859,0.5029796957969666,1.282586163142696e-05
Wrong 0.00014238955918699503,0.06307947635650635,0.44475284218788147,1.8976856154040433e-05
Wrong 0.010729546658694744,0.010318863205611706,0.01853891834616661,0.18432481586933136
Wrong 0.0002567631599958986,0.008634070865809917,0.02875617891550064,0.0006453707464970648
Correct 0.03941735997796059,0.09022638201713562,0.2651864290237427,0.0001000589327304624
Wrong 0.0007364507764577866,0.00010448231478221714,0.06629011780023575,1.2364743042780901e-06
Wrong 2.833373764588032e-05,0.0009817469399422407,0.042394980788230896,0.004610531497746706
Wrong 0.0021465031895786524,0.001645836397074163,0.6743852496147156,7.40298637538217e-05
Wrong 0.016994692385196686,0.012147960253059864,0.006655653938651085,0.10169148445129395
Correct 0.00817178562283516,0.009259742684662342,0.11369048804044724,0.10351859033107758
Correct 0.00018371999613009393,4.433059802977368e-05,0.00029355695005506277,0.4870462417602539
Correct 0.11859534680843353,0.14992935955524445,0.002480790251865983,2.760283496172633e-05
Correct 2.806168413371779e-05,0.00013917262549512088,0.49259713292121887,4.991999048797879e-06
Wrong 0.005281771998852491,0.026820970699191093,0.003686944954097271,0.0752236619591713
Wrong 0.0073328763246536255,0.12209577113389969,0.22456222772598267,0.0009694475447759032
Wrong 0.0005904476274736226,0.006600952707231045,0.40200427174568176,0.021641500294208527
Correct 0.0002133256202796474,0.008857391774654388,0.0027013826183974743,0.2910268008708954
Wrong 3.774806100409478e-05,0.07260420173406601,0.0015792594058439136,5.9370438975747675e-05
Correct 0.00021236772590782493,0.002078501507639885,0.11085058003664017,0.005475988611578941
Wrong 0.005073628854006529,0.001596398651599884,0.003981416113674641,0.05989467352628708
Correct 0.027514705434441566,0.0010181242832913995,9.471555677009746e-05,5.8299674492445774e-06
Wrong 0.0014496520161628723,0.003370487131178379,0.3279955983161926,0.17556855082511902
Wrong 0.0014442992396652699,0.002202302450314164,0.033384960144758224,0.0024566890206187963
Wrong 3.759491301025264e-05,0.025778790935873985,0.010254103690385818,0.004550396930426359
Wrong 3.646265031420626e-05,0.0010246260790154338,0.0026164427399635315,0.0021024560555815697
Wrong 0.00012007906479993835,5.6727873015915975e-05,0.3750762641429901,4.4871445425087586e-05
Correct 5.41882254765369e-05,0.001302375108934939,0.02168375253677368,0.09718287736177444
Wrong 0.0031201594974845648,0.00019487093959469348,0.27865806221961975,0.0008732214919291437
Wrong 0.0002719156036619097,0.0009347728919237852,0.1054779440164566,0.01951209269464016
Wrong 0.0007233151700347662,0.021135831251740456,0.398757666349411,0.001173890894278884
Correct 1.931239603436552e-05,0.32103264331817627,0.00019504970987327397,9.188204330712324e-07
Wrong 0.00096371048130095,0.00210461113601923,0.12423276156187057,0.1062730997800827
Correct 0.0007936384645290673,0.0017605210887268186,0.16868135333061218,0.0005497335805557668
Correct 0.0010734067764133215,0.5222572684288025,0.0024187173694372177,0.0008038508822210133
Wrong 0.003692390862852335,0.0006219879724085331,0.5028051137924194,0.0011709053069353104
Wrong 0.0005071377963759005,0.052124008536338806,0.08329332619905472,0.019784241914749146
Wrong 0.0037762969732284546,0.02501147985458374,0.0030343306716531515,0.0030346671119332314
Wrong 0.052622102200984955,0.0014031141763553023,0.14080581068992615,1.0811823813128285e-05
Wrong 0.0012588492827489972,0.005510828923434019,0.04402622580528259,0.05147305503487587
Correct 7.623732381034642e-05,0.0033434529323130846,0.2871725857257843,8.167181476892438e-06
Correct 0.0018161467742174864,0.21485117077827454,0.03733536973595619,0.0035001016221940517
Wrong 0.00023882967070676386,0.037143148481845856,0.1058088093996048,1.4810224456596188e-05
Correct 0.013999031856656075,0.0027352427132427692,0.10840103030204773,0.0012137279845774174
Correct 0.00030834044446237385,0.0018735447665676475,0.05474906414747238,0.0014938530512154102
Wrong 0.007672094739973545,0.01913829892873764,0.020055079832673073,0.00015199540939647704
Wrong 0.10304123163223267,0.02975366823375225,0.03451579809188843,0.06972186267375946
Wrong 0.0007214614888653159,0.007756328675895929,0.30500462651252747,0.057309333235025406
Wrong 0.02379189059138298,0.018821170553565025,0.470456600189209,0.0014627279015257955
Correct 0.000514781684614718,0.0004723379388451576,0.4752879738807678,0.03608262911438942
Wrong 0.00435654865577817,0.0008256383007392287,0.18236596882343292,3.745915091712959e-05
Correct 0.417047381401062,0.03879242390394211,0.01950560323894024,0.01592070795595646
Correct 0.008489084430038929,0.004615454468876123,0.024950291961431503,0.5768142342567444
Correct 0.001992487348616123,0.12516416609287262,0.036424897611141205,0.02582869865000248
Wrong 0.005202018655836582,0.00045459967805072665,0.8090571761131287,0.0003887838975060731
Correct 0.00389480940066278,0.16560834646224976,0.018293170258402824,8.741503552300856e-05
Correct 0.00011949242616537958,0.00024325882259290665,0.8954113125801086,6.957446203159634e-06
Correct 5.448256342788227e-05,0.00021706748520955443,0.019233612343668938,0.008272874169051647
Wrong 0.0015477503184229136,0.0257632527500391,0.03632945194840431,0.008495530113577843
Wrong 0.0011720310430973768,0.0010931576834991574,0.09382854402065277,0.00010321973240934312
Wrong 6.934637349331751e-05,0.00030119807342998683,0.8978468179702759,1.9067282437390531e-06
Wrong 0.00027578917797654867,0.024246737360954285,0.0038362564519047737,0.0011886053252965212
Correct 0.0030962873715907335,0.0015209891134873033,0.6633957028388977,4.853934296988882e-05
Correct 7.72202547523193e-05,0.0005705061485059559,0.8159446716308594,0.0006168776308186352
Correct 0.00010335144179407507,0.035635896027088165,0.0023688736837357283,0.17268410325050354
Wrong 0.00016527822299394757,0.0004352948162704706,0.2940739691257477,0.00021548436779994518
Correct 0.001289265463128686,0.018505699932575226,0.0058229719288647175,0.03350795432925224
Wrong 0.025742150843143463,0.0011312104761600494,0.49335721135139465,8.797842019703239e-05
Wrong 0.04656226933002472,0.003399885958060622,0.03800203278660774,0.02737332135438919
Wrong 0.005926230456680059,0.12870019674301147,0.06573305279016495,0.0018796029035001993
Correct 0.044200245290994644,0.06532464176416397,0.03962049260735512,0.311641126871109
Wrong 3.1411127565661445e-05,0.0005351288127712905,0.04453102871775627,0.006267518736422062
Wrong 0.037742726504802704,0.0006968763191252947,0.17727360129356384,0.0007360008894465864
Wrong 0.0006981565966270864,0.057213325053453445,0.18182134628295898,0.11557379364967346
Wrong 0.000464233395177871,0.004404018633067608,0.11718235909938812,0.12670771777629852
Correct 0.2857992649078369,0.0044443970546126366,0.04382847249507904,0.00019684870494529605
Correct 0.4007067382335663,0.008124732412397861,0.03042003884911537,0.0023094729986041784
Wrong 0.00020189324277453125,0.004630432464182377,0.013715195469558239,0.506674587726593
Wrong 0.0068235453218221664,0.3064368665218353,0.4321468770503998,0.00024092149396892637
Correct 0.0002566249168012291,0.00012904500181321055,0.735611617565155,0.00012605328811332583
Wrong 0.00022508592519443482,0.0005481510306708515,0.06957266479730606,0.0007039738702587783
Correct 0.46180519461631775,0.0034718490205705166,0.033452942967414856,0.0001455978344893083
Correct 4.039837949676439e-05,0.0002494039945304394,0.855652928352356,1.0298309462086763e-05
Wrong 0.002451065694913268,0.0029567661695182323,0.020845167338848114,1.7044761989382096e-05
Wrong 0.0001031639039865695,0.0036363385152071714,0.8228978514671326,0.0007216678350232542
Correct 0.0016335392137989402,0.03155143931508064,0.10590299963951111,0.0013759209541603923
Wrong 0.0016672525089234114,0.0016159570077434182,0.002463923068717122,0.038542382419109344
Wrong 0.00466777803376317,0.0021041729487478733,0.4267769455909729,0.017343129962682724
Wrong 0.0002182243624702096,0.004521931987255812,0.47586050629615784,6.252173625398427e-05
Correct 0.00024169014068320394,0.07592791318893433,0.012013130821287632,0.018606672063469887
Wrong 0.00015341571997851133,0.03526205196976662,0.6972646117210388,0.0021177055314183235
Wrong 0.008486829698085785,0.0003342997806612402,0.0033234194852411747,0.01254300307482481
Wrong 0.0004974269540980458,0.004433189518749714,0.0026889981236308813,0.0020457925274968147
Correct 0.011721942573785782,0.0033591350074857473,0.06238524243235588,0.03236543759703636
Correct 7.266883767442778e-05,0.02336648851633072,0.019675355404615402,9.924468031385913e-06
Wrong 0.037052590399980545,0.031202560290694237,0.010953204706311226,0.1334296613931656
Wrong 0.0001944039686350152,0.000769004225730896,0.1866409033536911,0.02061607874929905
Correct 0.00563048617914319,0.001492104260250926,0.5311310887336731,0.018751710653305054
Correct 0.1488082855939865,0.002260049805045128,0.013311134651303291,0.020139550790190697
Wrong 2.035788020293694e-05,0.041631028056144714,0.0077614551410079,0.01605052687227726
Wrong 0.20193172991275787,0.0026240884326398373,0.0013609922025352716,0.0027926212642341852
Correct 0.0004890233394689858,0.006291481200605631,0.0006579881301149726,0.13557803630828857
Correct 5.7105120504274964e-05,0.3518633246421814,0.0013405134668573737,3.385984200576786e-06
Wrong 0.14204606413841248,0.002903021639212966,0.06402701139450073,1.675278508628253e-05
Wrong 0.0002808574354276061,0.05922923982143402,0.014975100755691528,0.05145978927612305
Correct 5.764976594946347e-05,0.00848762970417738,0.18577124178409576,1.0019382898462936e-05
Correct 0.3461345136165619,0.002091586822643876,0.04833118990063667,0.0025224003475159407
Correct 0.6068411469459534,0.0014246770879253745,0.007759850937873125,1.0978339560097083e-05
Wrong 0.01699898950755596,0.015119501389563084,0.07269015163183212,0.02891344390809536
Wrong 0.01188636850565672,0.03156017139554024,0.38447242975234985,0.18161015212535858
Correct 5.9791731473524123e-05,0.3007664680480957,0.009518350474536419,0.003999029286205769
Correct 0.00036500944406725466,4.939906648360193e-05,0.9305682182312012,0.00013014581054449081
Wrong 0.052768588066101074,0.004069211892783642,0.036266475915908813,0.04109521955251694
Correct 1.2362546840449795e-05,0.00017884043336380273,0.5330855846405029,1.2343315347607131e-06
Correct 1.6973721358226612e-05,0.008587448857724667,0.4268897473812103,5.778278136858717e-06
Wrong 0.004004104528576136,0.004680967889726162,0.030049622058868408,0.012725567445158958
Correct 0.00010764380567707121,0.008818467147648335,0.0012906944612041116,0.6896688342094421
Correct 0.0008113181684166193,0.0031099168118089437,0.03908773511648178,0.0026602414436638355
Correct 0.00011882813851116225,0.0005987239419482648,0.5528336763381958,2.7785497877630405e-05
Wrong 0.0002268299722345546,0.004212358966469765,0.009128791280090809,0.6106582880020142
Correct 0.005137156695127487,0.03855746611952782,0.03349754586815834,0.004678197205066681
Correct 0.09158683568239212,0.015548883937299252,0.0860394686460495,0.00232910830527544
Correct 4.67969621240627e-05,0.3118547797203064,0.0023078222293406725,6.094156105973525e-06
Wrong 4.344894477981143e-05,0.00039316865149885416,0.1106642633676529,0.0002943493309430778
Correct 0.00028052247944287956,0.006484339013695717,0.5569524765014648,0.0036658437456935644
Correct 0.001539415679872036,0.00711780646815896,0.49895626306533813,0.0018281012307852507
Wrong 0.00011310567060718313,0.0028711948543787003,0.24277082085609436,0.00014751007256563753
Correct 0.0598137192428112,0.004835015162825584,0.03151896968483925,6.479977309936658e-05
Correct 6.548601959366351e-05,0.00038261516601778567,0.022234322503209114,0.04781419411301613
Correct 0.003137742169201374,0.03535187616944313,0.2341475933790207,0.00014349351113196462
Correct 0.00019146339036524296,0.4444597363471985,0.027112221345305443,4.238906694808975e-05
Correct 3.3028267353074625e-05,0.00022393398103304207,0.7743415236473083,6.403747192962328e-06
Correct 0.064041368663311,0.08352427184581757,0.016969112679362297,0.010054375045001507
Wrong 0.0025823425967246294,0.12736807763576508,0.0027061779983341694,0.00034680901444517076
Wrong 0.0013406701618805528,0.013122000731527805,0.011489893309772015,0.019242316484451294
Wrong 0.058700695633888245,0.00249987980350852,0.07535947859287262,0.009885006584227085
Wrong 0.0003522348415572196,0.003315187059342861,0.010210061445832253,0.42740902304649353
Wrong 6.148645479697734e-05,0.0016220177058130503,0.052466981112957,0.0193034578114748
Wrong 0.07294387370347977,0.01787743903696537,0.1450653374195099,6.973812560318038e-05
Wrong 0.004835836123675108,0.0008210439700633287,0.006557069718837738,4.318882565712556e-05
Wrong 0.0004807748191524297,0.004153051879256964,0.4105631113052368,0.02280370518565178
Wrong 0.0016346087213605642,0.0018667008262127638,0.06229844689369202,0.005194578319787979
Wrong 0.001196549041196704,0.0009033586829900742,0.020237861201167107,0.004376769997179508
Correct 0.005900474265217781,0.014045595191419125,0.004384844563901424,0.002899042097851634
Correct 0.00010285176540492103,3.0876479286234826e-05,0.8869143724441528,8.710666406841483e-06
Wrong 4.2279305489500985e-05,0.32179874181747437,0.014138950034976006,0.0001836463197832927
Wrong 0.00010297242261003703,0.005753150209784508,0.07174748927354813,0.0004135759372729808
Correct 0.000737051188480109,0.0003349177131894976,0.4713967740535736,1.4274954992288258e-05
Wrong 0.0010891887359321117,0.01180100068449974,0.014013884589076042,0.013164947740733624
Wrong 0.08128323405981064,0.026806239038705826,0.33690395951271057,8.950102346716449e-05
Correct 4.381737016956322e-05,0.0002386883570579812,0.274291068315506,0.0002074352523777634
Correct 0.002222371054813266,0.03369177505373955,0.1353490650653839,0.0016645545838400722
Correct 0.05650331452488899,0.021785032004117966,0.017918793484568596,0.00012566692021209747
Wrong 0.00017010985175147653,0.0014353367732837796,0.2432394176721573,0.035594094544649124
Wrong 0.0035091470927000046,0.1074666753411293,0.02435809001326561,0.0045057605020701885
Correct 0.055954061448574066,0.005370993632823229,0.042236555367708206,0.031145062297582626
Wrong 0.04093430936336517,0.012582436203956604,0.0028295032680034637,0.0951763466000557
Correct 8.2204926002305e-05,0.002103182254359126,0.1095694750547409,0.000693625770509243
Wrong 0.0034555697347968817,0.02915770187973976,0.05798569694161415,0.006160843186080456
Wrong 0.03200887143611908,0.008482571691274643,0.04109876602888107,0.07213112711906433
Wrong 0.09341131150722504,0.0036225253716111183,0.0017108307220041752,0.023801226168870926
Correct 0.06378965079784393,0.11550719290971756,0.07116103917360306,8.467541920254007e-05
Correct 0.00030359160155057907,0.17677441239356995,0.061090581119060516,0.004093086812645197
Correct 0.051666393876075745,0.035509154200553894,0.021536538377404213,0.00031959637999534607
Wrong 0.10135842114686966,0.02407536469399929,0.5653257966041565,0.004384526517242193
Correct 0.0017075332580134273,0.008536781184375286,0.0177911426872015,0.3629676401615143
Correct 0.37988170981407166,0.00011980804265476763,0.007464638911187649,0.03268017992377281
Wrong 0.0015275946352630854,0.041606780141592026,0.0324026457965374,0.04789033904671669
Correct 0.03377791866660118,0.06410269439220428,0.027568286284804344,2.4433185899397358e-05
Correct 0.000603561638854444,0.0702977180480957,0.17398832738399506,0.0009569313260726631
Wrong 0.002248357282951474,0.0013115309411659837,0.1276242882013321,0.0030733272433280945
Correct 0.7308982610702515,0.0015624541556462646,0.0026567839086055756,0.0005399620276875794
Correct 0.000533073500264436,0.0028372127562761307,0.41773778200149536,3.05182447846164e-06
Wrong 0.0014245500788092613,0.2395375370979309,0.23952867090702057,0.00044137740042060614
Correct 0.0013818949228152633,0.00012460978177841753,0.6829449534416199,6.9791572059330065e-06
Correct 0.0005730739212594926,0.21714113652706146,0.062214627861976624,4.854441431234591e-05
Wrong 0.10631640255451202,0.028842777013778687,0.011928745545446873,0.0324283093214035
Wrong 0.0005355426110327244,0.0537746399641037,0.10528481006622314,0.00018083218310493976
Correct 5.636733476421796e-05,0.0003791936323978007,0.2622559666633606,0.00016566873819101602
Wrong 0.00011244559573242441,0.45444297790527344,0.040969859808683395,3.5979242966277525e-05
Wrong 0.001232267008163035,0.0024508158676326275,0.3209533393383026,0.00020754786964971572
Correct 0.18319201469421387,0.05008450895547867,0.0020353978034108877,2.817218228301499e-05
Correct 0.00029855259344913065,0.004186172969639301,0.0004243435396347195,0.18947234749794006
Wrong 0.00010158124496228993,0.09375350177288055,0.012492053210735321,4.614604677044554e-06
Wrong 0.002831823891028762,0.0025382910389453173,0.40098631381988525,1.5099757547432091e-05
Wrong 0.001969684846699238,0.0006107309018261731,0.2661517858505249,2.6222407541354187e-05
Wrong 0.0003133429563604295,0.00808065477758646,0.38330715894699097,0.17826859652996063
Correct 0.0006112958071753383,0.0003885322075802833,0.6702794432640076,1.8429749388815253e-06
Wrong 0.0004668660112656653,5.239226811681874e-05,0.031227311119437218,0.014522699639201164
Correct 0.00010402517364127561,4.439167969394475e-05,0.7614341974258423,2.625718479976058e-06
Correct 9.74628419498913e-05,0.019763464108109474,0.0008889202144928277,0.0054884180426597595
Correct 0.08591397106647491,0.0005044731660746038,0.0032541495747864246,0.0018401837442070246
Correct 0.0024039510171860456,0.012893488630652428,0.11856536567211151,0.014496772550046444
Wrong 0.012808841653168201,0.023929957300424576,0.3801976144313812,1.0570560334599577e-05
Correct 0.004495459608733654,0.01053253747522831,0.0173649899661541,0.04908771440386772
Correct 0.0983256921172142,0.0028786391485482454,0.03505917638540268,0.012797784991562366
Wrong 0.029588375240564346,0.008746991865336895,0.14337819814682007,0.0004936057957820594
Wrong 0.11157555878162384,0.2020355612039566,0.06258855015039444,0.006397396791726351
Wrong 0.00014086064766161144,0.00031243081321008503,0.11746035516262054,0.004848696291446686
Wrong 0.00036789412843063474,0.0036002257838845253,0.2523695230484009,0.187557190656662
Correct 3.1849220249569044e-05,0.00030194915598258376,0.0009900026489049196,1.665663148742169e-05
Correct 0.0017755756853148341,0.007594064809381962,0.1674860566854477,0.011046668514609337
Correct 0.00029964064015075564,0.0014980356208980083,0.07988765835762024,6.999126981099835e-06
Wrong 0.00287415087223053,0.05863652378320694,0.006578770931810141,0.00021830527111887932
Wrong 0.00166433269623667,0.00103382405359298,0.07130647450685501,0.004023001063615084
Wrong 0.021153967827558517,0.17437195777893066,0.00040922994958236814,9.336637049273122e-06
Wrong 0.006691341754049063,0.0070679704658687115,0.010692552663385868,0.039727214723825455
Correct 6.440975084842648e-06,2.0950077669112943e-05,0.49888548254966736,7.892712346802e-06
Correct 0.021397391334176064,0.24487169086933136,0.0026784329675137997,3.566491068340838e-05
Correct 3.760300387511961e-05,0.11290844529867172,0.01266797911375761,0.0068880352191627026
Correct 0.0007154258200898767,0.001855618553236127,0.5739412903785706,0.0009330398752354085
Wrong 0.0004617305239662528,0.00481106573715806,0.012284507043659687,0.03445269912481308
Wrong 0.0427185520529747,0.006154963281005621,0.06024198606610298,0.07980966567993164
Correct 2.2306445316644385e-05,0.03315884619951248,0.0011707092635333538,0.0028975647874176502
Correct 1.4205181287252344e-05,5.4875588830327615e-05,0.7216395735740662,2.5521498173475266e-05
Correct 5.135466199135408e-05,0.0014313480351120234,0.2388138473033905,0.0007601666147820652
Correct 0.0006318374653346837,0.009504559449851513,0.11310385167598724,0.07534419000148773
Correct 0.0001350677921436727,0.06834476441144943,0.01810918003320694,4.7058510972419754e-05
Correct 0.007365962024778128,0.0024290578439831734,0.009606746956706047,0.25562283396720886
Correct 0.25099921226501465,0.010774430818855762,0.0018577402224764228,1.0647610906744376e-05
Correct 0.03496596962213516,0.024409813806414604,0.12789513170719147,0.07063082605600357
Correct 0.0007163784466683865,0.019511813297867775,0.0018870675703510642,0.3918703496456146
Wrong 0.00011269561218796298,0.015463784337043762,0.03075128048658371,0.006055512931197882
Correct 1.5605788576067425e-05,0.0030672226566821337,0.047977399080991745,7.103857205947861e-05
Wrong 0.023468613624572754,0.0035992912016808987,0.10036125779151917,0.007984819822013378
Wrong 0.00012620195047929883,0.0017551626078784466,0.004447298124432564,0.0062719592824578285
Correct 0.00016822005272842944,0.007152351550757885,0.4189435541629791,9.660969226388261e-05
Wrong 0.017119890078902245,0.0029990840703248978,0.009164090268313885,0.00020895809575449675
Wrong 1.751265699567739e-05,4.435903611010872e-05,0.014378410764038563,0.01329843234270811
Wrong 0.010518805123865604,0.0344884879887104,0.009502705186605453,0.0016905656084418297
Wrong 3.388051118236035e-05,0.218811497092247,0.00010764428589027375,7.519133214373142e-05
Wrong 0.011340601369738579,0.006166121456772089,0.003404993563890457,0.05895323306322098
Correct 4.6385310270125046e-05,0.009631199762225151,0.06479112058877945,0.00016570974548812956
Wrong 0.001153918681666255,0.012699034996330738,0.07539372891187668,0.00872744619846344
Wrong 0.07584599405527115,0.0019297420512884855,0.15562275052070618,0.01018538698554039
Correct 0.12872852385044098,0.002981021534651518,0.0037677837535738945,0.0007197001250460744
Wrong 0.0002579356369096786,0.6126550436019897,0.058799292892217636,5.7096862292382866e-05
Correct 0.013287894427776337,0.08013855665922165,0.0006514775450341403,0.002203961368650198
Correct 0.00010032222780864686,0.19004075229167938,0.05530427396297455,0.00016029291145969182
Wrong 0.06195534020662308,0.0008437546784989536,0.026853831484913826,0.026230735704302788
Wrong 0.012433975003659725,0.07858076691627502,0.32065868377685547,0.018811138346791267
Correct 8.012999023776501e-05,0.16666609048843384,0.0016991067677736282,0.00933058001101017
Wrong 8.936121594160795e-05,0.002958626952022314,0.45300984382629395,0.0028010772075504065
Wrong 0.003948635887354612,0.31365710496902466,0.06998733431100845,0.0009829350747168064
Wrong 0.002894175937399268,0.020088525488972664,0.06484510749578476,0.001623455435037613
Correct 0.0007051767315715551,0.7378356456756592,0.009360870346426964,0.0007389786187559366
Wrong 0.010354410856962204,0.07532177120447159,0.022091737017035484,2.251746082038153e-05
Wrong 0.009349520318210125,0.013082162477076054,0.015413540415465832,0.014824697747826576
Correct 0.002137096831575036,0.0002575423277448863,0.44723787903785706,0.00011328291293466464
Wrong 4.2559193389024585e-05,0.47492125630378723,0.0011772793950513005,5.166094524611253e-06
Correct 8.932821219787002e-05,0.014784527942538261,0.0050302352756261826,0.001213732874020934
Wrong 0.0346623957157135,0.012072731740772724,0.2482355237007141,0.0007718393462710083
Correct 0.0002602766326162964,0.5543711185455322,0.001193926902487874,0.00034476208384148777
Wrong 0.024625232443213463,0.005081977229565382,0.029241852462291718,6.706800195388496e-05
Wrong 0.00587123678997159,0.0003844238817691803,0.11978046596050262,0.008475936017930508
Correct 7.956310582812876e-05,2.5437280783080496e-05,0.08792512118816376,5.854781193193048e-06
Wrong 0.001551114721223712,0.014041689224541187,0.027274703606963158,0.018313603475689888
Wrong 0.00037417656858451664,0.008647887967526913,0.01746762916445732,0.00012729923764709383
Wrong 8.224554767366499e-05,0.009135164320468903,0.08666924387216568,1.9247358068241738e-05
Wrong 0.00011687062215059996,0.032391589134931564,0.198420450091362,2.2479649487650022e-05
Correct 0.0016834628768265247,0.00530801760032773,0.07984936982393265,0.01926535740494728
Wrong 0.00048217602306976914,0.0014620106667280197,0.026733748614788055,0.13158893585205078
Correct 0.0005172546370886266,0.0008598595159128308,0.0020452772732824087,0.45923444628715515
Correct 0.1944316178560257,0.0007956079207360744,0.01583576761186123,0.0012313213665038347
Wrong 0.024110691621899605,0.01791786402463913,0.009516383521258831,0.004530553240329027
Correct 0.03011678159236908,0.0003071745450142771,0.17881040275096893,2.2146411993162474e-06
Wrong 0.010785720311105251,0.005056115798652172,0.0045316279865801334,0.03427716717123985
Correct 0.0011840822407975793,0.026529477909207344,0.05616222321987152,0.0010049582924693823
Wrong 0.015098071657121181,0.0016944260569289327,0.04507458582520485,0.037955328822135925
Correct 0.00048088806215673685,0.5657051801681519,0.07192154973745346,0.00011070400069002062
Wrong 5.5272812460316345e-05,0.0002850891323760152,0.6669700145721436,0.0246773399412632
Wrong 1.933245948748663e-05,0.001647501834668219,0.8016672730445862,1.3160437219994492e-06
Correct 0.2860596477985382,0.0001038124319165945,0.0004760566516779363,8.19336435142759e-07
Wrong 0.0003926665522158146,0.018916215747594833,0.05559619888663292,0.0012096180580556393
Wrong 0.0010174361523240805,0.008927288465201855,0.1418428272008896,0.2489420622587204
Correct 0.000422352779423818,0.2459273338317871,0.020187340676784515,0.0003500973107293248
Wrong 0.0018063666066154838,0.0033219950273633003,0.8652586340904236,0.0008334479643963277
Wrong 0.0032697636634111404,0.0022125316318124533,0.29663732647895813,0.036553721874952316
Correct 0.00023037882056087255,0.17224851250648499,0.0643637552857399,0.0005439891829155385
Correct 0.45757973194122314,0.00627797981724143,0.035840392112731934,0.0010995931224897504
Wrong 0.0028927461244165897,0.0425046905875206,0.13298355042934418,0.015883222222328186
Wrong 0.0011986774625256658,0.001296214060857892,0.3073689937591553,3.5647055483423173e-05
Correct 0.000668997410684824,0.008606765419244766,0.3547055125236511,0.057905346155166626
Wrong 0.00015143204655032605,0.01631149649620056,0.5572878122329712,0.0025014819111675024
Wrong 0.00024598691379651427,0.007954541593790054,0.3008269667625427,4.768382859765552e-05
Correct 0.0029447562992572784,0.3172088861465454,0.002787757432088256,0.00013258616672828794
Correct 0.00014286104124039412,0.38165706396102905,0.02054569497704506,3.368315810803324e-05
Wrong 0.00646620849147439,0.000835370272397995,0.06790585815906525,6.644491804763675e-05
Correct 0.3564731776714325,0.0009409085032530129,0.017748085781931877,5.0663769798120484e-05
Correct 9.436927211936563e-05,0.7353025078773499,0.005976524204015732,1.8454365999787115e-05
Wrong 0.006548638921231031,0.01386351604014635,0.1561935693025589,0.09474045038223267
Wrong 0.007913450710475445,0.00020631018560379744,0.10671034455299377,0.0022150427103042603
Correct 0.0022672514896839857,0.0017658562865108252,0.02184739150106907,0.0837508961558342
Correct 0.001621339819394052,0.0008411569288000464,0.007555654738098383,0.6801364421844482
Correct 0.00016533647431060672,0.24207425117492676,0.00039352403837256134,1.6893871361389756e-05
Correct 8.216307469410822e-05,0.0012458942364901304,0.23365046083927155,1.7791080608731136e-05
Wrong 0.0004159988893661648,0.07926028221845627,0.0009014397510327399,0.0013218253152444959
Correct 0.00014506810111925006,0.07930442690849304,0.0053974948823452,0.10024797916412354
Wrong 0.03564728423953056,0.0012684791581705213,0.006594167556613684,0.02776261977851391
Correct 0.00023896608036011457,0.00018755505152512342,0.5813124775886536,5.249334571999498e-05
Wrong 0.0018826205050572753,0.00010544077667873353,0.06137311831116676,0.00043352635111659765
Correct 0.19372573494911194,0.0003277593932580203,0.0007380390889011323,0.01026775874197483
Correct 0.0003149823460262269,0.0004581130633596331,0.1103433221578598,0.00010383257176727057
Wrong 0.009577388875186443,0.0033369476441293955,0.23939083516597748,0.019805362448096275
Wrong 0.007247129920870066,0.0006188027909956872,0.3491601049900055,0.019092248752713203
Correct 0.004662315361201763,0.029465671628713608,0.5736098289489746,0.012188014574348927
Wrong 0.0010043102083727717,0.020974544808268547,0.012329138815402985,0.0016686869785189629
Wrong 0.0027822041884064674,0.009121694602072239,0.028760647401213646,0.00495965126901865
Correct 0.016822880133986473,0.031428053975105286,0.00859232060611248,0.0008120147394947708
Wrong 0.00030169557430781424,0.0005295172450132668,0.6788377165794373,0.0016566275153309107
Correct 0.0010392616968601942,0.006466011982411146,0.6292994022369385,6.909648072905838e-05
Wrong 2.446920916554518e-05,0.002475737128406763,0.8677254915237427,1.7001998457999434e-06
Correct 0.005895161535590887,0.01459136325865984,0.001411197241395712,0.0028732314240187407
Wrong 0.0020805976819247007,0.0002465695724822581,0.8071597218513489,6.374514669005293e-06
Correct 0.1494719237089157,0.05247187241911888,0.0019113270100206137,1.0946287147817202e-05
Wrong 5.982871152809821e-05,0.000711724569555372,0.14545705914497375,0.0008785694953985512
Wrong 6.31691436865367e-05,0.0015895660035312176,0.0005366174736991525,0.01630445197224617
Wrong 0.001276684459298849,0.00852207187563181,0.20971399545669556,0.0002325100067537278
Wrong 2.2309424821287394e-05,0.006430446170270443,0.07301086187362671,0.0116429403424263
Correct 0.0008592770318500698,0.047653716057538986,0.004867990966886282,0.008412124589085579
Wrong 0.0006476845592260361,0.0007003935752436519,0.17132684588432312,0.03944335877895355
Correct 0.0022231293842196465,0.1659020483493805,0.014724742621183395,0.6068512201309204
Wrong 0.00013181862595956773,0.000266228656983003,0.7630633115768433,5.2377486099430826e-06
Wrong 0.01659323461353779,0.003000213298946619,0.035957977175712585,0.003047495847567916
Wrong 0.0054120770655572414,0.01436944305896759,0.0604974664747715,0.00162507442291826
Wrong 0.05860264226794243,0.016400985419750214,0.008055797778069973,0.37036609649658203
Wrong 0.004414367955178022,0.006891180295497179,0.22464723885059357,0.005002063233405352
Correct 4.6360619307961315e-05,0.00011473580525489524,0.7240311503410339,3.4921831684187055e-06
Wrong 0.0005311734857968986,0.005534282419830561,0.30688709020614624,0.004144972190260887
Correct 0.0058823926374316216,0.0022501496132463217,0.7293708920478821,0.010734285227954388
Wrong 0.012094787321984768,0.0032304953783750534,0.2647203207015991,0.00042053949437104166
Wrong 0.0016284793382510543,0.019989516586065292,0.029086565598845482,0.008870979771018028
Correct 0.00028090004343539476,0.000608959177043289,0.10156261175870895,0.008468265645205975
Correct 0.00030318618519231677,0.000186793360626325,0.24704957008361816,5.394037361838855e-05
Correct 0.0002540831337682903,0.5412629246711731,0.0005953683285042644,2.32738493650686e-05
Wrong 0.00011014637857442722,0.1305844783782959,0.0008937289821915329,1.691465513431467e-05
Wrong 0.025629201903939247,0.011462570168077946,0.012687274254858494,0.2887589931488037
Wrong 0.0011939856922253966,0.0030010156333446503,0.2478683888912201,0.05195667967200279
Correct 0.0002200092130806297,0.004853060934692621,0.3915851414203644,3.14564022119157e-05
Correct 0.019366148859262466,0.01450500637292862,0.3275434672832489,0.00015382148558273911
Wrong 0.0008130213245749474,0.02284681424498558,0.017379142343997955,0.00011358909250702709
Wrong 0.0002532563521526754,0.00018813343194779009,0.37349188327789307,0.002119248267263174
Correct 0.5916845202445984,0.01402584183961153,0.036093201488256454,0.00018508400535210967
Wrong 0.059232767671346664,0.027119988575577736,0.07605981826782227,0.00010413047857582569
Wrong 4.12740082538221e-05,0.06532330811023712,0.06845885515213013,1.1919883036171086e-05
Correct 3.0395965950447135e-05,0.08989130705595016,0.0017390078864991665,4.8967445763992146e-05
Correct 0.00021369362366385758,0.08483892679214478,0.17407795786857605,1.8857197574106976e-05
Wrong 5.5531087127747014e-05,0.000596627127379179,0.02327924408018589,0.006989847868680954
Wrong 0.00020210993534419686,0.0035827732644975185,0.033720552921295166,0.005906060803681612
Correct 0.004230055492371321,0.0043314057402312756,0.029360894113779068,0.06720449030399323
Correct 0.07120300084352493,0.5344012975692749,0.14839696884155273,0.002201253082603216
Wrong 8.049180178204551e-05,0.0005808630958199501,0.0007877820171415806,0.00771197397261858
Wrong 0.0008425939013250172,0.08526764810085297,0.09364353865385056,0.002698475494980812
Correct 0.000359547819243744,0.000476304063340649,0.41317591071128845,0.003988162614405155
Correct 0.00015878576959948987,0.29370754957199097,0.05605583265423775,0.004936696961522102
Wrong 0.162149116396904,0.004256194923073053,0.004321255721151829,1.0901557288889308e-05
Wrong 0.0013146799756214023,0.0034363321028649807,0.027454813942313194,0.0005148297641426325
Correct 0.00017698008741717786,0.0479302741587162,0.010284696705639362,0.228655606508255
Wrong 0.001247871550731361,0.0002595394034869969,0.890418291091919,9.850547212408856e-05
Wrong 0.0003734516503755003,0.005276664160192013,0.33417513966560364,0.03207006677985191
Wrong 0.09806918352842331,0.00024619908072054386,0.14048612117767334,8.294196959468536e-06
Wrong 0.03890043497085571,0.008412796072661877,0.14909790456295013,0.0007125272531993687
Wrong 0.04507073760032654,0.0057752542197704315,0.02712298557162285,0.18680863082408905
Wrong 0.004711832385510206,0.03975585475564003,0.009742459282279015,0.06452975422143936
Wrong 0.0014968740288168192,0.34945353865623474,0.01088759582489729,0.002506562974303961
Correct 0.0022899657487869263,0.0032552718184888363,0.005282052792608738,0.04219888895750046
Wrong 3.3552983950357884e-05,0.054775964468717575,0.013849768787622452,3.4309671264054487e-06
Correct 9.623610094422475e-05,0.0019785610493272543,0.1397797018289566,0.0039041265845298767
Correct 0.0001803883205866441,0.00028602092061191797,0.9510068893432617,2.2758798877475783e-05
Wrong 0.0008724390063434839,0.061629924923181534,0.037379998713731766,0.003165871137753129
Wrong 0.006896713748574257,0.10293570905923843,0.0316392183303833,0.00021837862732354552
Wrong 9.772321209311485e-05,0.0109447306022048,0.046079546213150024,0.012210440821945667
Wrong 0.003322984091937542,0.055765192955732346,0.5995169878005981,8.065617294050753e-05
Wrong 0.01244592759758234,0.0042363302782177925,0.0003165936504956335,1.307449747400824e-05
Wrong 0.0029310027603060007,0.11084247380495071,0.32072946429252625,0.006656629499047995
Correct 0.001222570426762104,0.013040728867053986,0.0014517796225845814,0.1492435336112976
Correct 0.00029162937426008284,3.456201739027165e-05,0.12620556354522705,0.00043438971624709666
Correct 0.00041261737351305783,0.011684492230415344,0.26587021350860596,0.010471690446138382
Correct 0.0004896656610071659,0.004829595796763897,0.3776995539665222,0.02867458388209343
Wrong 0.0018595645669847727,0.00236930581741035,0.17541369795799255,0.42742761969566345
Correct 0.03766966983675957,0.026505179703235626,0.13045774400234222,0.118780218064785
Wrong 0.0007298875134438276,0.0031700138933956623,0.022003142163157463,0.019724588841199875
Correct 9.87849707598798e-05,0.2023591548204422,0.005830833222717047,1.0101202860823832e-05
Wrong 0.0001725673209875822,0.0027413542848080397,0.22821606695652008,0.0126757537946105
Correct 4.799372254638001e-05,3.5665365430759266e-05,0.9624772667884827,0.0004771908570546657
Correct 0.0036894797813147306,0.0017025655834004283,0.45748814940452576,0.0027205036021769047
Correct 0.00012816635717172176,0.03782236948609352,0.0004472841683309525,4.460837772057857e-06
Wrong 0.00018877384718507528,0.0058256229385733604,0.30350014567375183,5.451860488392413e-05
Correct 0.17559397220611572,0.0018481347942724824,0.016719073057174683,0.001846970058977604
Wrong 0.0001131150929722935,0.0007489047711715102,0.16813457012176514,0.0010236392263323069
Wrong 0.00046455167466774583,0.0025504922959953547,0.2947593629360199,0.002822951413691044
Wrong 0.0006780679104849696,0.01372468937188387,0.010522832162678242,2.109781235049013e-06
Correct 0.001837760559283197,0.008236761204898357,0.064781554043293,0.002868710085749626
Correct 5.643174517899752e-05,0.06901880353689194,0.014242899604141712,0.004696922842413187
Correct 0.00677863834425807,0.12790179252624512,0.00544663704931736,0.004111363086849451
Wrong 0.00012884859461337328,0.0038525094278156757,0.031999897211790085,0.05616292729973793
Correct 0.0004742205492220819,0.0022976177278906107,0.4276885390281677,0.003342950716614723
Correct 0.007138362154364586,0.03653232380747795,0.04270804300904274,0.20374387502670288
Wrong 4.562079629977234e-05,0.0010300192516297102,0.020676152780652046,0.07803420722484589
Correct 0.1305985003709793,0.04240207001566887,0.010637068189680576,0.00020912585023324937
Wrong 0.00031230453168973327,0.0017551908968016505,0.17351369559764862,2.4619218947918853e-06
Wrong 0.017972441390156746,0.08441101014614105,0.12871123850345612,4.422252459335141e-05
Wrong 0.002272072248160839,0.03337983042001724,0.04856782406568527,0.11651255190372467
Wrong 0.0001038470581988804,0.154398113489151,0.012673517689108849,0.002005684422329068
Correct 0.00015426571189891547,0.1651839315891266,0.007547029294073582,0.014775999821722507
Wrong 0.0008726698579266667,0.00018582437769509852,0.6680464148521423,7.099258709786227e-06
Wrong 0.0029603750444948673,0.003006881335750222,0.22437316179275513,0.015270057134330273
Wrong 0.28556695580482483,0.02069082111120224,0.024185728281736374,0.0003588045947253704
Correct 0.0018272546585649252,0.5309196710586548,0.18063649535179138,0.012293203733861446
Correct 0.0024313980247825384,0.040481165051460266,0.02306515909731388,0.3110485076904297
Wrong 0.033977530896663666,0.025250891223549843,0.02193690650165081,0.006484632380306721
Wrong 2.3936758225318044e-05,0.0020229690708220005,0.2128961831331253,8.081507075985428e-06
Wrong 0.0007548202411271632,0.05720691755414009,0.2645181119441986,0.0015127755468711257
Wrong 0.001239541219547391,0.009228295646607876,0.053940050303936005,0.0008385670371353626
Wrong 0.00037966755917295814,0.06283022463321686,0.02660510130226612,0.009339745156466961
Wrong 0.0024952508974820375,0.023487498983740807,0.009564225561916828,0.028114061802625656
Wrong 5.929007602389902e-05,0.004709125962108374,0.08478420227766037,0.00015864107990637422
Correct 0.0008021884132176638,0.0003559722099453211,0.7885026335716248,8.244802302215248e-06
Wrong 0.004883285146206617,0.009711986407637596,0.027236109599471092,0.011714094318449497
Correct 0.00015095181879587471,6.392096838681027e-05,0.9451412558555603,0.002417313866317272
Wrong 0.012234785594046116,0.23265226185321808,0.011583251878619194,0.06562347710132599
Wrong 0.0007120086811482906,0.09108148515224457,0.012135296128690243,0.01037975400686264
Wrong 0.2799076437950134,0.02158488519489765,0.0707717165350914,0.03729499503970146
Wrong 0.00016155555204022676,0.00035840575583279133,0.2577459514141083,0.0023008459247648716
Wrong 0.02004661224782467,0.009035991504788399,0.5010880827903748,0.00014384563837666065
Correct 0.00013468142424244434,0.03617704287171364,0.012698841281235218,0.02646697126328945
Correct 0.0001911095023388043,0.0887141078710556,0.02042238600552082,0.0015264400281012058
Correct 9.010455687530339e-05,0.02895982563495636,0.00539934728294611,0.0013761643785983324
Wrong 0.00019111315486952662,0.004117689095437527,0.5563924908638,8.8756014520186e-06
Wrong 2.7727668566512875e-05,0.015045808628201485,0.08391696214675903,5.344037344912067e-05
Correct 0.0007077318150550127,0.13484865427017212,0.05983734503388405,0.009617001749575138
Wrong 0.010985028930008411,0.03658163174986839,0.06996285170316696,0.05534425377845764
Correct 0.00020442012464627624,0.00047525117406621575,0.012544974684715271,0.16017268598079681
Wrong 0.00043158058542758226,0.0005455899517983198,0.8305796384811401,0.0002103477017953992
Wrong 7.04544218024239e-05,0.03345167636871338,0.10630642622709274,0.0015892921946942806
Wrong 0.0019381672609597445,0.11712883412837982,0.2558320462703705,0.0006856948020868003
Wrong 0.06123892962932587,0.0015332165639847517,0.11263443529605865,0.0006803236319683492
Correct 0.002242430578917265,0.11146467924118042,0.04036956652998924,0.007950001396238804
Correct 0.0001324328623013571,0.0002781767107080668,0.05097020044922829,0.029501013457775116
Correct 0.00011734807048924267,0.33116820454597473,0.006766532547771931,0.00011826689296867698
Correct 6.1000362620688975e-05,0.0197664275765419,0.11374912410974503,9.15012788027525e-06
Correct 0.003160193096846342,0.001691480283625424,0.7378139495849609,0.0019932701252400875
Wrong 0.031117523089051247,0.006032593082636595,0.15557658672332764,0.0006769494502805173
Correct 0.00011394797911634669,0.4064434766769409,0.005197200458496809,0.0008162797894328833
Wrong 0.0005010857130400836,0.00031852518441155553,0.010219478979706764,0.00011356245522620156
Correct 0.0012978374725207686,0.0011725231306627393,0.013952098786830902,0.29140034317970276
Wrong 0.023690225556492805,0.03556288778781891,0.014823712408542633,0.00024574538110755384
Wrong 0.0005089612095616758,0.004294002894312143,0.2740754783153534,1.4649034483227297e-06
Wrong 0.0056348820216953754,0.0012972638942301273,0.00581350177526474,0.01484725158661604
Correct 2.9014405299676582e-05,0.00491327652707696,0.21893192827701569,0.033054426312446594
Wrong 7.689160702284425e-05,0.1944471299648285,0.07614589482545853,1.663335206103511e-05
Wrong 1.6417343431385234e-05,0.17071326076984406,0.0008888922166079283,7.471110438928008e-05
Wrong 0.0008156264666467905,0.0463000126183033,0.7130035758018494,2.9033644750597887e-05
Correct 9.83739118964877e-06,0.09609036892652512,0.0004627204907592386,1.0638487992764567e-06
Wrong 0.0390387624502182,0.003493164200335741,0.01424986869096756,0.005668317899107933
Wrong 0.0003528660745359957,0.03460610285401344,0.1179829090833664,0.13162337243556976
Wrong 0.007147081196308136,0.012740818783640862,0.35525962710380554,6.28444759058766e-05
Correct 0.13746802508831024,0.004216775298118591,0.12913654744625092,5.931708074058406e-05
Wrong 0.005231802351772785,0.00033714319579303265,0.6745710372924805,1.529887413198594e-05
Correct 0.005594349931925535,0.0016669544856995344,0.5277191400527954,0.0034197873901575804
Correct 0.003732512705028057,0.06165436655282974,0.002929023467004299,0.014417991042137146
Wrong 0.0018057089764624834,0.09260457754135132,0.01511754933744669,0.2897340953350067
Wrong 6.38237688690424e-05,0.0004534401523414999,0.23669026792049408,0.010729745961725712
Wrong 5.144586248206906e-05,0.005850536748766899,0.05862690880894661,0.050147052854299545
Correct 0.00025071867275983095,0.017711078748106956,0.0035423508379608393,5.135361061547883e-05
Correct 8.299166802316904e-05,0.0002363554813200608,0.8431611061096191,2.233185114164371e-05
Correct 0.0002167721395380795,0.012996381148695946,0.037606772035360336,0.004219506401568651
Wrong 0.00039550213841721416,0.008927959948778152,0.021249767392873764,0.026036055758595467
Correct 0.00016398276784457266,6.677627970930189e-05,0.7570450305938721,0.0003444473841227591
Correct 2.1615825971821323e-05,7.586746960441815e-06,0.2932201027870178,4.191147581877885e-06
Wrong 0.0011771275894716382,0.025167344138026237,0.7128506302833557,0.0021990796085447073
Wrong 0.0024147795047611,0.0067193214781582355,0.14365407824516296,0.00035059123183600605
Wrong 0.04640358313918114,0.00044794834684580564,0.47603702545166016,8.291564881801605e-05
Correct 4.624306166078895e-05,0.0008930271724238992,0.0009580638143233955,0.010142415761947632
Wrong 1.6267587852780707e-05,0.002163712400943041,0.04146377369761467,2.8770979042747058e-05
Wrong 0.013325872831046581,0.003908921033143997,0.014982535503804684,0.08099406212568283
Wrong 0.0004644269647542387,0.0019097636686637998,0.5463147163391113,0.002569829812273383
Wrong 0.00014855377958156168,0.026172034442424774,0.04522038996219635,4.861789784627035e-05
Wrong 0.001517379772849381,0.017498906701803207,0.0725310742855072,0.3460211455821991
Correct 0.0003180972416885197,0.0005004297709092498,0.001209806650876999,0.6465859413146973
Wrong 0.0038462907541543245,0.007356463000178337,0.5238202810287476,8.499711839249358e-05
Wrong 0.00011337864998495206,0.0023128511384129524,0.0014816555194556713,0.6668205857276917
Correct 0.08649296313524246,0.009554047137498856,0.4126305878162384,0.024589095264673233
Wrong 0.0002509984187781811,0.002289882395416498,0.0921793058514595,0.0190240778028965
