grade confidence_levels
Correct 0.011049194261431694,0.024133658036589622,0.0008004009141586721,0.964015543460846
Wrong 0.7894236445426941,0.014458797872066498,0.08584583550691605,0.11022823303937912
Wrong 0.4299958050251007,1.4282439224189147e-05,0.00033018589601852,0.5696519017219543
Correct 2.8453344569356886e-08,1.0364130664797244e-09,0.9999998807907104,8.198702272643743e-10
Wrong 0.9748206734657288,8.543570828578595e-08,1.763065426985122e-08,0.025178831070661545
Wrong 6.920837768120691e-05,0.00019109043932985514,1.6792913584140479e-06,0.9997363686561584
Correct 0.0011691955151036382,0.998561680316925,0.00026088274898938835,6.633922112087021e-06
Correct 4.812514475815988e-07,1.2751893052609375e-07,2.4579918544986867e-07,0.9999990463256836
Wrong 0.0002098823169944808,0.9997864365577698,2.9017007818765705e-06,5.987997724332672e-07
Correct 0.0017524058930575848,0.0012426419416442513,0.9969889521598816,1.5642553989891894e-05
Correct 0.003707245225086808,1.26322663618339e-06,0.9962906837463379,4.1010966356225254e-07
Correct 1.0,1.4471572551411072e-10,3.695445338625092e-10,1.430724250184312e-08
Wrong 2.9018874556641094e-06,0.00013982076779939234,0.9998507499694824,3.7260970202623866e-06
Correct 0.9999725818634033,2.3923425032990053e-05,1.0799376504166958e-08,9.132306217907171e-07
Correct 1.808598071306733e-08,3.2937021998691307e-09,8.151990193994152e-09,0.9999963045120239
Correct 1.0087578061757085e-07,0.9999990463256836,1.3232022588738346e-08,1.4389158753402853e-09
Wrong 0.989163875579834,0.0037975648883730173,0.0028665524441748857,0.00417080894112587
Wrong 0.5458385348320007,0.0012910400982946157,0.00035295073757879436,0.4525160789489746
Correct 0.3477323651313782,0.6496495604515076,0.0026138077955693007,3.929701051674783e-06
Correct 1.9033835769732832e-06,1.0145328133148723e-08,8.494579617490672e-08,0.9999974966049194
Correct 8.677768725817714e-09,2.7894650478366145e-10,4.5019667993528856e-09,0.9999985694885254
Correct 0.6224586367607117,6.377987915584526e-08,6.856982963654445e-07,0.37754026055336
Correct 0.9658970236778259,0.03410033509135246,1.8674286366149317e-06,4.795954282599268e-07
Correct 2.5109981649507063e-08,0.9999996423721313,2.9524651612433672e-09,8.953239039044547e-09
Correct 0.9999992847442627,3.432126405300551e-08,2.0611519158109104e-09,1.2307702634828388e-09
Correct 0.10668836534023285,1.5393070498248562e-05,0.8932906985282898,1.3527335340768332e-07
Correct 1.2029390745738056e-05,2.0145438611507416e-05,0.9999673366546631,4.246894604875706e-07
Wrong 0.002323160646483302,1.252503096793589e-07,3.644991508622297e-08,0.9976760745048523
Correct 4.710895154858008e-06,0.9999923706054688,1.5056925803946797e-06,1.018802549879183e-06
Correct 0.008038145489990711,0.0028660891111940145,9.070193482330069e-05,0.9890039563179016
Wrong 1.1910119610547554e-06,1.0570831676659509e-07,0.99991774559021,8.092746429610997e-05
Correct 0.9494948983192444,9.867290646070614e-05,0.05032138526439667,8.439941302640364e-05
Correct 1.1478614396764897e-05,0.9999750852584839,5.173816589376656e-06,1.4449443597186473e-07
Correct 2.3320740183407906e-06,3.5613454407723566e-09,0.9999974966049194,9.83318937386457e-09
Correct 0.00041731554665602744,2.418875340026716e-07,0.9995822310447693,1.1425959201005753e-07
Correct 0.9999991655349731,8.105597970597955e-08,2.6995761004400265e-07,7.153165171303044e-08
Wrong 0.002294212579727173,5.833895193063654e-05,0.9852443933486938,0.012402396649122238
Correct 0.0005527705070562661,7.220347129077709e-07,1.3838339327776339e-05,0.9994325041770935
Wrong 0.9109647274017334,0.0008306923555210233,0.08742263913154602,0.0007803632179275155
Correct 3.4770346246659756e-06,1.0604356930343783e-06,0.34864339232444763,0.6513515710830688
Correct 1.0,3.0941584849841774e-09,4.4575576563232744e-10,4.187488411577789e-10
Wrong 0.21192146837711334,0.7873837947845459,0.000576930062379688,0.0001172104457509704
Wrong 0.009957520291209221,0.6160499453544617,0.0003354450745973736,0.3736531734466553
Correct 1.568947482155636e-05,2.15677732740005e-06,0.9999794960021973,1.136541754931386e-06
Wrong 0.2068747729063034,0.00018864536832552403,0.34107884764671326,0.4518560469150543
Wrong 0.058332014828920364,0.00015880171849858016,0.9414310455322266,7.619389361934736e-05
Correct 7.571147193630168e-07,0.999998927116394,1.1317947468114653e-08,2.9066893336704425e-09
Wrong 5.862802481715335e-06,0.9999921321868896,1.453243303473073e-08,8.95317242566307e-09
Correct 2.0377460430154315e-07,1.0632226654649912e-08,2.935651366442471e-08,0.9999986886978149
Correct 3.911382329135904e-09,7.012722624821777e-10,1.0,8.198703382866768e-10
Wrong 0.9544437527656555,0.0002825580595526844,0.03165445104241371,0.013614408671855927
Correct 0.9999995231628418,3.293712635965562e-09,2.12658046727654e-09,2.703644530477334e-10
Wrong 0.9817848205566406,0.00993061251938343,0.008232767693698406,5.1303166401339695e-05
Correct 0.00021308813302312046,0.0003798706748057157,0.9993205070495605,8.609538781456649e-05
Correct 0.03621869906783104,8.398396857955959e-07,2.9146380256861448e-05,0.9637438058853149
Correct 0.21179048717021942,0.0012993284035474062,0.7868971228599548,1.1598232958931476e-05
Correct 0.0012015594402328134,0.004064823035150766,9.411340579390526e-05,0.994629442691803
Correct 2.147771382965402e-08,3.7110158501718615e-08,1.0,7.422499059828169e-09
Correct 0.9999957084655762,3.2887458019104088e-06,4.247015112923691e-07,3.67438790505048e-09
Correct 1.0,2.228638384949022e-09,1.6656676038451224e-10,7.92976725949579e-11
Wrong 0.045545272529125214,0.9438402056694031,0.00720630818977952,0.0034040191676467657
Correct 0.5312021970748901,0.46878427267074585,8.334454832947813e-06,1.8308365952179884e-06
Correct 0.000300614075968042,1.0345353302909643e-06,2.575162056928093e-07,0.9996918439865112
Correct 0.9997174143791199,1.0950147952826228e-05,0.0002694756258279085,1.3078087022222462e-06
Correct 0.18079142272472382,0.0014925245195627213,0.007462152745574713,0.8102509379386902
Correct 0.9999994039535522,1.5469808545276464e-08,2.1024325747021066e-07,2.3723725206536983e-09
Correct 0.16451430320739746,0.8354726433753967,2.8229941051449714e-08,5.061350005775012e-09
Wrong 0.712155818939209,1.625746335776057e-05,0.2877369523048401,8.518300455762073e-05
Correct 0.010651802644133568,6.637757905991748e-05,0.9892816543579102,1.096029862424075e-07
Wrong 0.6754998564720154,0.05048634856939316,0.23344652354717255,0.04056692123413086
Correct 0.00039203985943458974,3.843424110527849e-06,0.9996030926704407,7.808388886587636e-07
Correct 0.001206589164212346,1.6611544140232581e-07,2.200672213348298e-07,0.9987928867340088
Correct 0.9999990463256836,8.990961077870452e-07,1.09697317896007e-08,1.2824918016463016e-08
Correct 0.0010484589729458094,5.416509793576552e-06,2.379848353939451e-07,0.9989417195320129
Correct 4.3816174866151414e-07,1.9525237803463824e-05,0.9999473094940186,3.071751052630134e-05
Wrong 0.00015568998060189188,0.0018098363652825356,4.9761507398216054e-05,0.9979832172393799
Correct 0.004755179397761822,0.9952404499053955,3.2223622383753536e-06,5.098517021906446e-07
Wrong 0.4765791594982147,0.5234197974205017,3.184273680290062e-07,1.3695390066459368e-07
Correct 1.40639322125935e-05,2.3222437306458232e-08,2.472015125931648e-08,0.9999779462814331
Correct 7.411270416923799e-06,5.539126846088038e-07,0.9999912977218628,2.382348895935138e-07
Correct 1.0,5.6027968931005034e-09,2.1894787372023217e-10,3.5613545446011585e-09
Correct 1.826625464218523e-07,3.617435684333259e-09,1.4085421717879854e-08,0.9999995231628418
Correct 0.00019121301011182368,0.030208785086870193,1.108323033349734e-07,0.9695991277694702
Correct 0.9986605644226074,0.0004234965017531067,0.00036223576171323657,0.0005523435538634658
Wrong 0.9768890738487244,0.005993185099214315,0.01680830493569374,0.0003078548761550337
Correct 0.0004442168865352869,0.9995524287223816,1.0183542826780467e-06,6.473053986155719e-07
Correct 0.39229896664619446,9.044839680427685e-05,0.6076045036315918,5.782172593171708e-06
Correct 0.9999970197677612,6.475933105321019e-07,1.1365616501279874e-06,5.3687369927502e-07
Correct 0.929496169090271,0.0037986384704709053,0.009112460538744926,0.057592518627643585
Wrong 1.0738431228674017e-06,0.9748061895370483,1.328810139966663e-05,0.02517845667898655
Correct 3.6478326364886016e-05,0.9999576807022095,5.989023179608921e-07,2.9021978207310895e-06
Correct 0.9863421320915222,0.009976709261536598,0.003670226316899061,9.991736988013145e-06
Wrong 0.9687885046005249,6.812209903728217e-05,0.031141657382249832,5.041162580710079e-07
Wrong 1.3585914530267473e-05,5.350787546376523e-07,0.9362695217132568,0.063713937997818
Wrong 0.48686566948890686,0.03526843339204788,0.048206232488155365,0.4296574592590332
Correct 1.0,5.376841194504323e-10,1.447156977585351e-10,6.092759075038146e-10
Correct 9.494027835899033e-06,0.7185840606689453,0.28140154480934143,2.762919848464662e-06
Correct 0.9762349128723145,0.0007856084848754108,0.022958844900131226,1.876669193734415e-05
Wrong 0.5311221480369568,0.00015479819558095187,0.468713641166687,8.733117283554748e-06
Correct 3.076539556445823e-08,5.1522341948384565e-08,0.9999996423721313,4.432175071400479e-09
Correct 0.0005867077852599323,0.0028878771699965,0.9965224266052246,2.0508964553300757e-06
Correct 4.7378901513184246e-07,1.1189400765942992e-06,0.9999963045120239,1.88460262506851e-07
Correct 0.9999536275863647,9.329060901563935e-08,4.61127347080037e-05,6.411764275071619e-08
Correct 3.373440631548874e-05,0.9998828172683716,6.814537482568994e-05,1.4969552466936875e-05
Wrong 0.012053743936121464,0.9879433512687683,6.139853070408208e-08,4.2619029727575253e-07
Wrong 0.17882466316223145,0.44259530305862427,0.37857183814048767,5.160513865121175e-06
Correct 0.9999996423721313,2.9989599692470392e-09,9.436644798910265e-10,7.507752058932837e-11
Correct 7.071879281284055e-06,3.866931592710898e-07,1.4908349044162605e-07,0.999990701675415
Correct 6.933080953785975e-08,0.9999985694885254,5.838239758304553e-08,1.275188736826749e-07
Correct 0.9999351501464844,4.565694780467311e-06,5.594006324827205e-06,5.4759217164246365e-05
Wrong 0.0012437754776328802,0.0008285330259241164,0.9978983402252197,2.9250793886603788e-05
Correct 0.0036976903211325407,0.9937228560447693,0.0025413825642317533,3.799059413722716e-05
Wrong 0.13109980523586273,0.6657798290252686,0.20305135846138,5.559477722272277e-05
Correct 8.800931937003043e-06,1.922300180012826e-05,0.9999719858169556,2.6314307177699447e-08
Correct 4.7923243151615225e-09,0.9999997615814209,1.745604216729646e-10,2.423531653139577e-10
Correct 7.296373496501474e-06,1.6631484811568953e-07,0.9999918937683105,1.9142724738685502e-07
Correct 0.0003443427849560976,0.004753505811095238,0.9948902130126953,1.0078330888063647e-05
Wrong 0.0012127553345635533,0.599454402923584,0.3993227481842041,3.4063800740113948e-06
Correct 2.510942564981633e-08,5.181623130567914e-09,2.64651411896466e-09,0.9999774694442749
Correct 3.7044159398647025e-05,0.9997251629829407,0.0002199412847403437,1.7227135685971007e-05
Wrong 0.012053457088768482,0.987919807434082,1.6499941921210848e-05,9.852564289758448e-06
Correct 2.1233443021628773e-06,8.939613508118782e-06,0.9999817609786987,6.643356755375862e-06
Correct 0.0003514362615533173,0.9996428489685059,3.805656092481513e-07,5.482567999592902e-08
Correct 0.9999992847442627,9.094231145923004e-09,3.7322642754133994e-09,6.615597669679119e-08
Correct 2.017643829788085e-08,0.9999997615814209,1.1744095695931378e-09,4.45755654610025e-10
Correct 0.9998000264167786,6.813973595853895e-05,0.0001273017842322588,3.61127354153723e-06
Correct 0.003049769438803196,0.008290133439004421,3.387987817404792e-05,0.9886258244514465
Wrong 7.957916386658326e-05,0.0011694072745740414,0.9987426400184631,7.636980626557488e-06
Correct 8.714302452972333e-07,0.9999949932098389,3.905479388777167e-06,1.0571648800805633e-07
Correct 0.9995747208595276,1.833542773965746e-05,8.526765668648295e-06,0.0003982022753916681
Wrong 1.6532915196876274e-06,0.0002066224260488525,2.8850956368842162e-05,0.9997575879096985
Correct 1.0616106919769663e-05,0.9999867677688599,2.0904351458739256e-06,2.785235437841038e-07
Correct 1.8846057514565473e-07,1.7330511354884948e-06,0.9999979734420776,1.0571680064686007e-07
Correct 0.9999994039535522,3.242648149992533e-09,3.224185007866254e-08,2.5253770186139946e-09
Correct 1.546979433442175e-08,5.051067897277051e-10,1.2307691532598142e-09,0.9999984502792358
Correct 0.9999997615814209,4.363462036138799e-09,7.179022376568867e-10,4.916297058343844e-08
Wrong 0.992679238319397,0.0003832884831354022,0.006900940090417862,3.621280848165043e-05
Correct 0.00011061150871682912,2.0696080582638388e-07,0.99988853931427,6.374841632350581e-07
Correct 3.590825872379355e-05,0.9998316764831543,6.302095425780863e-05,6.921497697476298e-05
Correct 5.4759555496275425e-05,0.999941349029541,4.5206778054307506e-07,3.2885670862015104e-06
Correct 8.902254222675765e-08,0.9999988079071045,1.3101474349852538e-09,1.1562012458554705e-09
Correct 0.0007790254894644022,0.9530463218688965,0.0001793418632587418,0.045989517122507095
Wrong 1.0129916518053506e-05,0.9999825954437256,7.071821983117843e-06,6.512922823276313e-08
Correct 3.8070089658504003e-07,7.811475484231778e-07,0.9999982118606567,2.9989555283549407e-09
Wrong 0.22269995510578156,3.6256756175134797e-07,1.7948396191513893e-07,0.777299165725708
Correct 2.1112244212417863e-05,9.818105354497675e-06,0.9999675750732422,1.2878551842732122e-06
Correct 9.042450699325855e-08,0.9999995231628418,7.265813195544979e-08,2.5651458734898824e-09
Correct 0.10206504911184311,0.10206504911184311,0.017736246809363365,0.7781041860580444
Correct 0.007117447908967733,0.00038315117126330733,0.00017541937995702028,0.992323637008667
Correct 1.7770755221135914e-05,7.028470281511545e-05,0.00036826549330726266,0.9995436072349548
Correct 4.320446169003844e-05,0.9973119497299194,0.0024720891378819942,0.00016561965458095074
Wrong 0.5925950407981873,6.658748316112906e-05,5.185838381294161e-05,0.4072842299938202
Correct 0.9999990463256836,8.953233709974029e-09,6.6534795450934325e-09,6.786733024455316e-07
Correct 5.5708952118038724e-08,1.0,1.0861516130944437e-09,1.7456047718411583e-10
Correct 3.763420318136923e-05,5.307273386279121e-05,5.771391442976892e-06,0.9999027252197266
Correct 1.184310076496331e-05,0.9999849796295166,2.981840552251924e-08,4.13987564229501e-08
Correct 0.9999996423721313,1.484592782041716e-09,4.867791947305022e-09,1.0305117648101714e-08
Correct 2.3183749362942763e-05,0.00014883323456160724,0.9998160004615784,1.2027569937345106e-05
Wrong 0.0003873126406688243,7.360974905168405e-07,0.012048942968249321,0.9875498414039612
Correct 5.285506290420017e-07,0.9999978542327881,7.002159350122383e-07,4.381838891731604e-07
Correct 0.0037027925718575716,1.0297773087586393e-06,0.0012021207949146628,0.9950940608978271
Wrong 0.29403001070022583,0.7053413987159729,0.0006042192690074444,2.1000834749429487e-05
Correct 6.240915809030412e-06,0.9999912977218628,1.3363765560825414e-07,2.169153390241263e-07
Correct 8.481073746224865e-05,1.9636347587947967e-06,0.9999116659164429,1.216688048089054e-07
Correct 0.9909902811050415,0.0011971632484346628,0.007806485053151846,5.994455932523124e-06
Correct 0.6583749055862427,5.3284995374269783e-05,1.0825504432432353e-05,0.34156039357185364
Correct 5.368729603105749e-07,4.572850986761523e-09,4.0125481604036395e-08,0.9999957084655762
Correct 1.2167947716079652e-07,0.9999994039535522,8.543239005120995e-09,2.906690887982677e-09
Wrong 9.972940461011603e-06,4.012525067764727e-08,0.9999899864196777,5.181687523503342e-09
Correct 0.11279232800006866,0.8871804475784302,5.568572873926314e-07,2.2949674530536868e-05
Correct 3.541076409874222e-08,1.0,7.123156509081241e-10,3.7536398989068687e-10
Correct 0.9999964237213135,6.475929126281699e-07,6.893590693834994e-07,2.2959163743507816e-06
Wrong 4.3138726368852076e-07,0.9999903440475464,6.854297680547461e-06,9.042367565825771e-08
Correct 0.9901431798934937,0.00013846324873156846,0.009707022458314896,1.1189545148226898e-05
Correct 0.10468016564846039,0.07194555550813675,0.8233733177185059,3.8405863733714796e-07
Correct 1.8266258905441646e-07,1.8370858612115626e-08,0.9999997615814209,1.4761399214080484e-08
Correct 2.123377498719492e-06,0.9999973773956299,6.250354456227569e-09,2.32228867247386e-08
Correct 0.32763898372650146,0.6722715497016907,8.831568266032264e-05,4.562531898955058e-07
Correct 1.8370858612115626e-08,0.9999997615814209,3.4517819713641984e-09,5.905302913333799e-10
Correct 2.7420779247222526e-07,6.312622247151012e-08,3.174185536636287e-08,0.9999953508377075
Correct 1.1475841347419191e-05,0.00025315297534689307,2.2726672455064545e-07,0.9997335076332092
Wrong 0.9804327487945557,0.00034468271769583225,0.0033740676008164883,0.0158472191542387
Correct 0.9999957084655762,8.186335094251262e-07,2.1024249008405604e-07,2.368794639551197e-06
Wrong 0.6440214514732361,0.2602081894874573,0.09572523832321167,4.2541807488305494e-05
Wrong 0.9794201254844666,9.32049715629546e-06,0.007024897262454033,0.013540845364332199
Correct 0.00857594981789589,0.0001779881422407925,0.9912449717521667,4.921814138469927e-07
Correct 3.611982037909911e-06,6.825577258950943e-08,0.9999961853027344,1.0969700703356011e-08
Wrong 0.004198542796075344,5.988899647491053e-05,0.9957413673400879,1.3516525143586477e-07
Correct 8.66463415150065e-06,0.9999891519546509,1.725764242621608e-08,2.8172324473274557e-09
Correct 0.9999092817306519,7.843692583264783e-05,1.0782449862745125e-05,1.4143496400720323e-06
Correct 1.384599363518646e-05,5.285440352054138e-07,1.49082694633762e-07,0.9999853372573853
Wrong 0.9820024967193604,0.017986003309488297,3.0816777325526346e-06,1.567362417631557e-08
Correct 1.8660141876125635e-08,0.999998927116394,9.382908672250778e-09,2.486223227293749e-09
Correct 0.8633747696876526,0.13660573959350586,1.8807000742526725e-05,3.7458530499634435e-08
Correct 2.627160574775189e-05,7.484084198949859e-05,4.539326255326159e-05,0.9998531341552734
Correct 0.00021995208226144314,4.424511189426994e-06,0.9997742772102356,1.0346205954192556e-06
Correct 0.9999998807907104,2.1600705668589626e-09,1.6052277285183436e-09,9.12710532152694e-11
Correct 0.9999996423721313,3.950354710013926e-08,2.7305839811475607e-09,1.2307707075720487e-09
Correct 0.34860968589782715,1.1048926353396382e-05,5.611107553704642e-05,0.651288628578186
Wrong 0.06371486932039261,0.9362831115722656,1.454516109333781e-06,4.872018166679482e-07
Correct 0.16507785022258759,0.7875424027442932,0.047295596450567245,8.184256148524582e-05
Correct 0.030158838257193565,0.0018111789831891656,0.9679960012435913,3.16537989419885e-05
Correct 7.224414844131388e-07,2.4824753381835762e-06,3.520898701481201e-07,0.9999955892562866
Wrong 0.2941419184207916,0.00012089744268450886,0.7056097984313965,0.000126699436805211
Wrong 0.2569975256919861,0.10383637994527817,0.0030869743786752224,0.636074960231781
Correct 5.714992994398926e-07,1.00301247130119e-06,6.11841528552759e-08,0.9999973773956299
Wrong 0.8295371532440186,0.1534489393234253,0.0004516908957157284,0.016428092494606972
Correct 0.0038215182721614838,0.00026415285537950695,0.9954030513763428,0.0005091680213809013
Correct 1.1188996040800703e-06,3.82290527340956e-05,0.99996018409729,4.1810224615801417e-07
Correct 2.309070765704746e-07,0.9999995231628418,2.4967008016574255e-07,2.715036195866105e-08
Correct 2.273267938335266e-07,0.9999977350234985,4.012555976373733e-08,2.4337381887562515e-08
Correct 3.30758524569319e-07,9.777203757721509e-08,0.9999977350234985,1.8448229184286902e-06
Correct 0.05496558919548988,0.0006399165140464902,0.9443127512931824,5.769022027379833e-05
Wrong 0.12100778520107269,0.012361722998321056,0.8666236996650696,3.895648205798352e-06
Correct 0.4297671616077423,0.000791653583291918,0.5693489909172058,7.961869414430112e-05
Wrong 0.9976315498352051,0.00015322222316171974,0.0020183068700134754,0.0001791349204722792
Correct 0.9996398687362671,0.0002694547292776406,9.025602776091546e-05,8.625264769079877e-08
Correct 0.9999997615814209,1.3101487672528833e-09,1.438916763518705e-09,7.685793668166241e-11
Correct 0.19865018129348755,0.0012772002955898643,0.014390170574188232,0.7856767177581787
Correct 1.5206552234303672e-05,0.9999659061431885,1.834260365285445e-05,5.233193434150962e-08
Wrong 0.6197605133056641,0.36433839797973633,0.0003764700086321682,0.01551540195941925
Correct 1.9142875373745483e-07,0.9999997615814209,1.6467531338548724e-08,1.2047903119594139e-08
Correct 1.6373753908283106e-07,1.9863618305748787e-08,0.999998927116394,7.307416005630785e-09
Correct 6.615592695879968e-08,6.933080953785975e-08,1.0845162705663824e-06,0.9999985694885254
Wrong 1.3783689212232275e-07,0.9996801614761353,0.0003150372067466378,2.5604695110814646e-06
Wrong 0.0016960952198132873,0.9955831170082092,0.0006746600265614688,0.002045881235972047
Correct 0.037326861172914505,0.9626724123954773,3.055715325217534e-08,2.613691663100326e-08
Correct 6.814682274125516e-05,0.9999040365219116,1.5445064491359517e-05,1.2028629498672672e-05
Correct 4.867793723661862e-09,6.286163811708434e-10,1.0,1.9977384191349756e-09
Wrong 0.9971588850021362,8.914376849133987e-06,3.0156948923831806e-05,0.0028008143417537212
Wrong 0.9962106943130493,0.0004224575823172927,0.0027120604645460844,0.000654315110296011
Correct 0.999997615814209,1.9638034700619755e-06,1.3156663669633417e-07,3.4125790193684225e-07
Correct 1.0,7.901209464478143e-09,2.447680502726257e-09,3.111877144856834e-10
Correct 4.6378563638427295e-06,0.999991774559021,1.2679194014708628e-06,3.432100825762063e-08
Correct 3.3724477361829486e-06,0.9938969016075134,0.00609752768650651,2.211705123045249e-06
Correct 0.9997683167457581,7.070306764944689e-06,0.00022341450676321983,8.057584750531532e-07
Correct 6.786722224205732e-07,5.570881356220525e-08,0.9999974966049194,7.453756438735581e-07
Correct 0.9999915361404419,2.857300160030718e-06,6.933031926337208e-08,8.764174452835505e-08
Correct 0.9999997615814209,5.4304152286022145e-09,1.2698395668309104e-09,7.465002505036011e-10
Correct 1.6631599919492146e-07,3.0941547102258937e-09,8.327804001950767e-10,0.9999988079071045
Correct 6.205034151207656e-05,0.999935507774353,2.3452832920156652e-07,4.812208658222517e-07
Correct 6.8646817119599746e-09,4.4575529378754197e-10,1.6305046202091944e-09,0.9999988079071045
Correct 0.999998927116394,3.769452305846244e-08,4.6644481699331664e-07,2.3823670858291734e-07
Correct 4.122565314901294e-06,0.9916254878044128,1.8476059267413802e-05,0.008315286599099636
Correct 1.012997563520912e-05,5.62633999834361e-07,0.9999884366989136,8.059358833634178e-07
Correct 0.0056837378069758415,0.006440517958253622,0.0016540619544684887,0.9861998558044434
Correct 0.9999985694885254,6.903990712459063e-10,8.198691170413497e-10,4.664446748847695e-07
Wrong 0.3486432731151581,0.6513513326644897,5.24953463809652e-07,3.9625572867407755e-07
Correct 6.719750444972306e-08,6.2503420217296934e-09,3.174185181364919e-08,0.999995231628418
Correct 3.689843595111597e-07,1.0451535672473256e-05,0.9999884366989136,7.734332285735945e-08
Correct 6.747975476173451e-06,0.9999819993972778,4.73782250764998e-07,9.080394193006214e-06
Correct 1.0615959581627976e-05,5.5074870033422485e-06,9.080312338483054e-06,0.999972939491272
Correct 2.6441770387464203e-05,0.629744827747345,0.37020787596702576,5.542496637644945e-06
Correct 0.9999982118606567,5.804995453217998e-07,8.851561119627149e-07,7.380223365771599e-08
Correct 0.9999960660934448,8.851542361298925e-07,2.7694027266988996e-06,8.151988417637313e-09
Wrong 0.529869794845581,0.030842117965221405,0.4392774999141693,8.577449079893995e-06
Correct 0.0071211885660886765,3.0499337299261242e-05,3.115703520961688e-06,0.9928451180458069
Correct 1.644137046241667e-05,0.9999151229858398,5.390917067416012e-05,7.295813247765182e-06
Wrong 0.00028683297568932176,0.999639630317688,5.142632289789617e-05,2.0455978301470168e-05
Wrong 0.8991010189056396,1.0218867600997328e-06,9.450907327845925e-07,0.1008763313293457
Correct 0.999427855014801,1.0901042912792036e-07,0.0005703146453015506,1.153802827502659e-06
Correct 8.18632372556749e-07,0.9999942779541016,4.5659649003937375e-06,4.052524218423059e-07
Correct 8.059416245487228e-07,0.9999955892562866,3.486161759269635e-08,2.902307869590004e-06
Correct 2.331918722120463e-06,0.9999308586120605,1.336295838427759e-07,6.605193630093709e-05
Wrong 0.06530874222517014,0.004444316495209932,0.9301780462265015,6.540713366121054e-05
Correct 0.9945046305656433,0.00013064713857602328,0.00014574739907402545,0.005218681413680315
Correct 0.999090313911438,0.0008830223232507706,2.899680339396582e-06,2.316692189197056e-05
Correct 0.9823554158210754,0.015389773063361645,0.0021488938946276903,0.00010532844316912815
Wrong 0.9255996942520142,0.0007565904525108635,0.07364025712013245,2.8153092443972128e-06
Correct 0.9999603033065796,3.94425806007348e-05,1.1793117238312334e-07,1.014495243367719e-08
Correct 3.205790051197255e-07,0.9999878406524658,6.854280854895478e-06,3.412545765968389e-07
Correct 1.0,1.546981742706066e-08,2.029198364894569e-09,1.6305067296329412e-09
Correct 0.9998389482498169,1.777600664354395e-05,2.443605353619205e-06,0.00013981912343297154
Wrong 0.04742364212870598,2.0225845673849108e-06,4.392577102407813e-05,0.9525293707847595
Wrong 6.083583912186441e-07,0.9999983310699463,4.205125136991228e-08,1.7159537435418315e-07
Correct 0.20117969810962677,0.0026540148537606,0.7956811785697937,0.00048333199811168015
Correct 2.9944242214696715e-06,0.9999914169311523,4.356861609267071e-06,1.0511417940506362e-06
Correct 0.9999997615814209,1.7087560255646395e-09,1.120629589124178e-09,2.1724398668876432e-10
Correct 2.9189376959948277e-07,0.9999991655349731,3.256310492361081e-07,4.691160526704152e-08
Correct 0.0001089572106138803,2.310098921043391e-07,0.9849343299865723,0.014955437742173672
Correct 2.090454927383689e-06,6.8646639483915806e-09,5.780626199936023e-09,0.9999961853027344
Correct 5.56219820282422e-05,0.9999428987503052,1.3496272686097655e-06,1.6372835887068504e-07
Wrong 0.1871257871389389,2.2035643269191496e-05,1.179482842417201e-05,0.8128373026847839
Correct 0.9999449253082275,9.223046617989894e-06,4.4693606469081715e-05,1.3573585988524428e-07
Correct 2.322294356815746e-08,3.5061402670066855e-09,0.9999998807907104,8.071593393665921e-10
Correct 2.4337436954624536e-08,1.0,4.2051322424185855e-08,6.6534857623423704e-09
Wrong 0.766058623790741,0.00029120108229108155,0.23363468050956726,1.4273276974563487e-05
Correct 3.2426497043047675e-09,2.1387595861011022e-10,1.0,1.9780291293791663e-10
Correct 5.715003226214321e-07,0.9999991655349731,1.1861110316147006e-08,6.092754079034535e-10
Correct 0.9999980926513672,1.966762974703329e-09,5.930175461799081e-08,3.011591616086662e-07
Correct 0.04334443062543869,0.9561628699302673,7.384242780972272e-05,0.00041834585135802627
Correct 0.7667850852012634,0.0075172968208789825,0.1607268750667572,0.06493952870368958
Correct 0.9989651441574097,2.441469860059442e-06,0.0010322283487766981,3.707175366685078e-08
Correct 1.3574330637311505e-07,1.6052277285183436e-09,0.9999997615814209,8.327812328623452e-10
Correct 0.9999995231628418,1.770425939184861e-07,3.711014073815022e-08,3.596838382691203e-08
Correct 0.00022693038044963032,1.1013297580575454e-06,1.0780817319755442e-05,0.9997578263282776
Correct 4.916293150358797e-08,0.9999990463256836,2.8172602029030713e-09,1.9062540435044184e-09
Correct 1.9555583818942068e-08,2.5759430855032406e-07,0.9999949932098389,4.944425313624379e-09
Correct 3.1249875576122577e-08,9.530674027757868e-09,1.0087583035556236e-07,0.9999995231628418
Correct 0.001098115462809801,9.746328578330576e-05,0.00045776262413710356,0.9983415603637695
Correct 0.9943530559539795,0.0004216698289383203,7.142748017940903e-06,0.005217886064201593
Correct 4.785070359503152e-06,0.9999901056289673,1.2952591532666702e-07,1.9033694798054057e-06
Correct 1.1911083674931433e-06,9.530666034152091e-09,3.85073706254957e-09,0.9999986886978149
Correct 0.9999058246612549,8.220090967370197e-05,9.515446436125785e-06,9.275499337491055e-07
Correct 0.0002780280483420938,9.220893844030797e-06,0.9997114539146423,1.1541302455952973e-06
Correct 0.9999973773956299,4.618422266844391e-08,4.737895267226122e-07,7.112423077160202e-07
Correct 0.9964917302131653,0.00012887864431831986,0.0033761663362383842,2.4737771582294954e-06
Correct 1.6212220899092245e-08,9.382914889499716e-09,0.9999995231628418,1.808603933284303e-08
Correct 0.0006263337563723326,2.614880827422894e-07,0.9993731379508972,2.456453387367219e-07
Correct 0.9998706579208374,6.502398900920525e-05,2.601286723802332e-06,5.7383469538763165e-05
Correct 0.0758572369813919,5.3340368140197825e-06,2.2235574306250783e-06,0.9241303205490112
Correct 0.00016865257930476218,2.9644033361364563e-07,0.9998302459716797,1.8842897020476812e-07
Correct 4.222831194056198e-06,2.496690001407842e-07,0.999995231628418,6.825570864066322e-08
Correct 0.9997702240943909,5.092560513730859e-06,0.0002034216158790514,2.110807690769434e-05
Wrong 0.9963043928146362,0.00026439205976203084,5.541959035326727e-05,0.003375531639903784
Correct 0.9469225406646729,0.02859458327293396,2.8355120775813702e-06,0.02445824444293976
Correct 0.04639916494488716,0.02058950439095497,0.931952178478241,0.001057630986906588
Correct 0.9999960660934448,2.457984464854235e-07,2.8573131203302182e-06,7.042243765909006e-08
Wrong 7.523016847699182e-06,0.0006563651841133833,4.809303959518729e-07,0.9993318915367126
Correct 6.475946747741546e-07,2.773583362980503e-09,1.6726845686321212e-08,0.9999991655349731
Wrong 0.00022341591829899698,3.255579485994531e-07,7.569448712274607e-07,0.9997746348381042
Correct 1.0907277925298331e-07,0.9999995231628418,2.299382018122742e-09,6.90399737379721e-10
Correct 1.752950673505893e-08,3.7266336221364327e-06,1.2430282581021856e-08,0.9999947547912598
Correct 0.9999963045120239,1.349699346064881e-06,9.422420248483832e-07,1.4677300441690022e-07
Correct 4.644880924331574e-09,2.4097326356553594e-09,0.9999998807907104,9.736199624299502e-10
Correct 1.191054593618901e-06,0.9999535083770752,3.9442311390303075e-05,3.806838719810912e-07
Wrong 0.00010861176997423172,0.0005690849502570927,0.9972729086875916,0.0020493536721915007
Correct 0.6081323623657227,0.019548384472727776,0.003396999789401889,0.3688509464263916
Correct 0.9999995231628418,1.3101483231636735e-09,4.1811870232777437e-07,9.382914001321296e-09
Wrong 0.9195795655250549,0.08035196363925934,5.1151757361367345e-05,5.391355443862267e-06
Wrong 0.5127496123313904,0.4816836714744568,0.005026820581406355,0.0005381664377637208
Correct 6.014073369442485e-05,0.9999268054962158,6.240513357624877e-06,4.6641119411106047e-07
Correct 3.174199392219634e-08,4.4763382334167545e-08,0.9999996423721313,6.825601417403959e-08
Correct 0.8412793278694153,0.016402335837483406,0.0006068635848350823,0.1416945606470108
Correct 7.811473210495024e-07,5.285506290420017e-07,0.9999978542327881,5.072346809242845e-08
Wrong 0.850004255771637,0.00521475076675415,0.0016154545592144132,0.14316408336162567
Correct 3.596839803776675e-08,0.9999998807907104,9.476410411934921e-08,4.5019730166018235e-09
Wrong 0.8415551781654358,0.002400978934019804,6.105389184085652e-05,0.15567205846309662
Correct 4.400114266900346e-05,8.445853723060281e-07,0.9999550580978394,1.0737698374896354e-07
Wrong 0.7834904789924622,0.1803697645664215,0.0006207256810739636,0.03551691025495529
Correct 1.1125459423055872e-05,7.338036311921314e-07,1.2606796190084424e-05,0.9999755620956421
Correct 4.33189889008645e-05,0.9999555349349976,9.422035986972332e-07,6.312370715022553e-08
Correct 0.14804670214653015,0.8519499897956848,8.679754159857112e-07,1.9478056501043284e-08
Correct 3.807013513323909e-07,0.9999994039535522,2.3723720765644885e-09,2.160069234591333e-09
Correct 3.0115839422251156e-07,5.263318225701141e-09,1.8953933533794043e-08,0.9999955892562866
Wrong 0.9948475360870361,0.0030689623672515154,0.0006333161145448685,0.001449675066396594
Wrong 0.00022341581643559039,0.999774158000946,1.902958501887042e-06,1.4529265790486079e-08
Correct 0.999997615814209,2.3723680797616e-09,8.814414087510158e-09,6.276693511608755e-07
Correct 9.680648282994753e-09,1.8766797005298486e-09,1.8189399986212607e-09,0.9999880790710449
Correct 1.0,8.543245222369933e-09,3.7322669399486585e-09,1.394646398367172e-09
Correct 0.9987937211990356,0.0011694672284647822,3.587098035495728e-05,7.562022688034631e-07
Correct 5.920889452681877e-05,1.760234113135084e-06,3.866720987844019e-07,0.9999362230300903
Correct 4.860401531914249e-06,1.0907124448067407e-07,2.482450099705602e-06,0.9999854564666748
Wrong 0.005673280917108059,0.0669882744550705,0.7666402459144592,0.16069652140140533
Correct 0.9999828338623047,1.544628139527049e-05,6.577820954589697e-07,1.057152019257046e-07
Wrong 0.00013982169912196696,2.7690189199347515e-06,0.9998574256896973,1.1859428994398513e-08
Correct 0.1777656078338623,2.348662746953778e-06,0.00024717487394809723,0.821979820728302
Correct 0.9999996423721313,1.944432739264812e-07,2.4862247816059835e-09,1.0203448086443245e-09
Correct 3.6174372386454934e-09,2.539840004978089e-10,4.1874875789105204e-10,1.0
Wrong 0.02096358872950077,3.007419036293868e-05,0.9790053367614746,4.2898525975942903e-07
Wrong 0.9495430588722229,0.008215157315135002,0.005387631710618734,0.036817777901887894
Wrong 0.9762780070304871,3.29380200128071e-05,0.023688681423664093,1.8399028078874835e-07
Correct 0.256804883480072,5.225166751188226e-05,4.985888517694548e-05,0.743089497089386
Correct 2.2508451991143374e-08,5.691028093224304e-09,1.0,1.1861120086109622e-08
Correct 0.9999978542327881,2.742084745932516e-07,1.514323031415188e-07,3.8288082038206994e-08
Wrong 0.028902387246489525,0.007778971455991268,0.09185159206390381,0.8714636564254761
Correct 4.832562626688741e-05,1.7158731679955963e-07,0.9999513626098633,4.139736375918801e-08
Correct 0.9999995231628418,3.345581145453025e-09,1.555839568290196e-09,8.327810663288915e-10
Correct 2.785248227610282e-07,1.351726286458188e-09,8.814359020448137e-09,0.9999912977218628
Correct 0.020312128588557243,0.0009500108426436782,0.9786931276321411,4.306555274524726e-05
Correct 6.204981764312834e-05,0.9999270439147949,1.0615472092467826e-05,7.733857643188458e-08
Wrong 0.9922606348991394,0.007342913653701544,4.084507452262187e-07,0.0003952885454054922
Correct 1.0289505553373601e-05,0.9999889135360718,9.777117071507746e-08,1.1860989523881926e-08
Correct 6.615516667807242e-08,0.9999871253967285,4.8400153218608466e-08,1.0907142211635801e-07
Correct 3.7052890547784045e-05,1.436696379641944e-06,0.9999607801437378,5.538958021134022e-07
Correct 8.494550485238506e-08,4.295787725538958e-09,6.214745695842794e-08,0.9999940395355225
Wrong 2.309070765704746e-07,8.327811218400427e-10,9.23744547520755e-09,0.9999995231628418
Correct 0.00010391057003289461,0.9998950958251953,2.0375350118229107e-07,2.1353184820327442e-07
Correct 2.646573848963385e-09,1.0,2.565146983712907e-09,3.1118768673010777e-10
Correct 2.4300234144902788e-05,8.410586893603522e-09,0.9999754428863525,1.4449447860442888e-07
Correct 0.9999998807907104,8.233248394162729e-08,2.7735851393373423e-09,6.250370443439124e-09
Wrong 0.9380508661270142,9.067390237760264e-06,6.294015474850312e-05,0.06187116354703903
Wrong 0.007088630925863981,0.0023743940982967615,0.0022305368911474943,0.9883058667182922
Correct 2.3187203623820096e-05,0.9999649524688721,1.147849798144307e-05,1.1253123233245788e-07
Correct 0.9998726844787598,0.00012533726112451404,1.6534818314539734e-06,4.915671780736375e-08
Wrong 4.205130821333114e-08,0.9999996423721313,1.4677348758596054e-07,3.9113809968682745e-09
Wrong 5.3380899771582335e-06,0.9999823570251465,1.0783238394651562e-05,1.9142541418659675e-07
Correct 2.1024308693995408e-07,0.9999985694885254,2.845330726586326e-08,2.4862223391153293e-09
Correct 0.962648332118988,0.03732592612504959,1.8218606783193536e-05,7.134509360184893e-06
Correct 0.1628073751926422,0.3237811326980591,0.08446335047483444,0.4289402961730957
Correct 1.6183415937121026e-05,0.9997264742851257,0.0002531512000132352,3.6678734431916382e-06
Correct 7.496456788658179e-08,0.9999997615814209,7.778711008654682e-09,1.866015608698035e-08
Correct 1.6467534891262403e-08,2.2637345331588676e-09,1.0,1.752959910561458e-08
Wrong 0.005781673360615969,0.021481523290276527,0.9723280072212219,0.00039964370080269873
Wrong 8.183035902220581e-07,0.9995927214622498,1.9026131212740438e-06,0.0004044803499709815
Correct 1.8338352674618363e-05,1.2215976312290877e-05,0.00023412838345393538,0.999734103679657
Wrong 0.029036352410912514,0.024836106225848198,0.014151186682283878,0.9319680333137512
Correct 0.9241362810134888,4.933209766022628e-06,6.370640335262578e-07,0.0758577287197113
Correct 1.3652060815161349e-08,1.4085423494236693e-08,2.5505407563741755e-08,0.9999996423721313
Correct 8.446212405033293e-07,1.7061818198271794e-06,0.9999974966049194,5.152223181426052e-08
Correct 1.9033847138416604e-06,4.075746318221718e-08,0.9999980926513672,3.711008744744504e-08
Correct 0.023689402267336845,6.523220008602948e-07,0.9763076305389404,1.9781421087827766e-06
Correct 0.9999043941497803,8.012797479750589e-06,8.614569378551096e-05,3.0587307264795527e-07
Wrong 0.6421669125556946,0.028214845806360245,0.016586653888225555,0.3129671514034271
Correct 0.0005884087877348065,0.9994115829467773,4.473706027852131e-08,6.649570671868332e-09
Correct 3.011592752955039e-07,1.0738164490931013e-07,1.866013299434144e-08,0.9999984502792358
Correct 4.5397813664749265e-05,2.0060628003193415e-07,0.9999533891677856,1.323141862741295e-08
Correct 1.8266247536757874e-07,0.9999991655349731,2.4966999490061426e-07,1.955566553135668e-08
Correct 6.605211092391983e-05,5.8378599732122893e-08,0.9999334812164307,3.4515532654211256e-09
Correct 0.0005357796908356249,0.9994626641273499,1.2672485354414675e-06,1.0732410515856827e-07
Correct 2.9944303605589084e-06,0.9999934434890747,1.529405494693492e-06,1.3788007890980225e-07
Wrong 0.6992512941360474,2.1943601495877374e-06,1.5805383100087056e-06,0.3007442355155945
Wrong 0.9999997615814209,2.7735849172927374e-09,7.539385116217545e-09,1.7356649451016892e-09
Correct 3.0750905466447875e-07,0.989667534828186,1.4838938078298725e-08,0.010328107513487339
Correct 3.903969172824873e-06,0.9996083378791809,8.612018427811563e-05,0.00029592879582196474
Correct 0.00021854331134818494,0.9187177419662476,0.08027666062116623,0.0007870047120377421
Correct 0.04468003660440445,1.3435587788990233e-05,0.9553012251853943,4.162151071795961e-06
Correct 0.9999997615814209,1.49084840472824e-07,1.131795723807727e-08,8.902262749188594e-08
Correct 1.1981676379946293e-06,0.05500439554452896,1.3712301552004647e-05,0.9449794292449951
Correct 0.999998927116394,7.901201470872365e-09,4.381843439205113e-07,6.153462184244063e-09
Correct 6.250370887528334e-09,2.9356552744275177e-08,1.0,1.2430347418046495e-08
Correct 1.6028093341446947e-06,9.62561799155992e-08,2.8736783974636637e-07,0.9999973773956299
Wrong 0.16392458975315094,0.014778249897062778,0.10919731855392456,0.7120559811592102
Correct 0.00020026999118272215,1.2802831406588666e-05,0.9997808337211609,4.7840690058365e-06
Correct 1.1253514742293191e-07,7.265815327173186e-08,0.9999997615814209,2.263733867025053e-09
Correct 0.00801920611411333,0.0028593360912054777,0.0024457196705043316,0.9866737127304077
Correct 0.0019267314346507192,8.429945523857896e-07,0.9980716109275818,5.528493147721747e-07
Wrong 0.9999986886978149,4.840071099465604e-08,1.2554188799640542e-07,9.132544391832198e-07
Wrong 7.110887167982582e-07,0.00020988126925658435,0.9997814297676086,8.011811587493867e-06
Correct 4.6835637476760894e-05,6.9218578573782e-05,0.999883770942688,1.0086415613841382e-07
Correct 1.0087549640047655e-07,0.9999961853027344,4.9936989654497665e-08,2.1940784744600705e-09
Correct 0.9999992847442627,4.546829046603307e-08,6.118427364754098e-08,4.139935327884814e-08
Correct 9.87463408819167e-07,0.9999985694885254,2.742086735452176e-07,6.312642142347613e-08
Correct 9.914967085933313e-05,5.804250804430922e-07,3.0238939871196635e-05,0.9998699426651001
Wrong 0.018025251105427742,0.009063665755093098,0.9688876271247864,0.0014566635945811868
Correct 1.3616250953418785e-06,4.705649416791857e-07,0.890291154384613,0.10970539599657059
Correct 0.9999991655349731,1.5869990477312967e-07,1.2751895894780318e-07,3.4861741937675106e-08
Correct 0.007204179186373949,0.7822397947311401,1.6259326002909802e-05,0.21053698658943176
Correct 2.1444733647513203e-05,0.9999685287475586,8.939495273807552e-06,2.345360741173863e-07
Correct 3.373721119714901e-05,0.9999659061431885,5.346044051890431e-09,1.605173327590137e-09
Correct 7.183253728726413e-06,4.5921004243609786e-07,2.6995564894605195e-07,0.9999918937683105
Correct 0.0019877608865499496,0.9980054497718811,5.033417096456105e-07,6.0368902268237434e-06
Wrong 2.974794369947631e-05,0.9991248250007629,0.0005791201838292181,0.0002610298979561776
Correct 0.004468352999538183,0.9955246448516846,6.823688181611942e-06,2.4090564920697943e-07
Correct 2.29327106353594e-05,2.3561391060411552e-07,0.010986683890223503,0.9889897108078003
Correct 0.0015011709183454514,6.633454631810309e-06,0.9984912872314453,4.957793748872064e-07
Correct 1.2952686745393294e-07,0.9999974966049194,1.392545073031215e-06,1.1861090776221772e-08
Correct 1.2678490293183131e-06,0.9999362230300903,6.205038516782224e-05,2.7419159209784993e-07
Wrong 0.5738359093666077,0.33734071254730225,0.08529309928417206,0.003520466387271881
Correct 0.002250887453556061,0.0004035618621855974,0.9973228573799133,2.2767402697354555e-05
Correct 1.1251724174599076e-07,0.00015843607252463698,2.3087039835445466e-07,0.9998406171798706
Correct 0.001098192180506885,0.00047976465430110693,7.876790732552763e-06,0.9984112977981567
Correct 0.15196438133716583,0.00040729038300924003,0.8475891947746277,3.848049163934775e-05
Correct 2.6688499929150566e-05,8.851330335346574e-07,0.9999721050262451,1.770377338061735e-07
Wrong 5.626214942822116e-07,1.75290093551439e-08,3.0287406360685054e-08,0.9999662637710571
Correct 0.0037069995887577534,4.814552085008472e-05,0.9962246417999268,2.0070037862751633e-05
Correct 0.999985933303833,1.3211947589297779e-05,8.362786019233681e-08,1.467714838554457e-07
Wrong 0.999256432056427,1.2597730346897151e-05,0.0007096463232301176,2.1097230273880996e-05
Correct 1.0,2.773585583426552e-09,2.6617288928498795e-10,3.471549714362254e-10
Correct 0.9999973773956299,1.8660113454416205e-08,1.4005192383592657e-07,6.11841528552759e-08
Wrong 0.02768375538289547,0.49843379855155945,0.46823522448539734,0.005451254080981016
Wrong 0.013001970015466213,0.9702956676483154,0.01669485867023468,5.68869654671289e-06
Correct 0.9999980926513672,9.004497703024583e-10,1.1562002466547483e-09,8.579226005167584e-07
Correct 3.4465751923562493e-06,1.522991155411546e-08,2.194076698103231e-09,0.9999954700469971
Correct 4.229212535733495e-09,4.671479869600148e-10,1.0,3.5061404890512904e-09
Correct 5.022314120139981e-09,1.0861515020721413e-09,0.9999998807907104,4.5990553032559944e-10
Wrong 0.9969935417175293,0.0006548293167725205,0.0005428725271485746,0.0018080415902659297
Correct 3.3596776916056115e-07,0.9999992847442627,3.6326773056316597e-07,4.035540346336575e-09
Correct 0.2018117606639862,5.13955092174001e-06,0.7981809973716736,1.8144834257327602e-07
Wrong 0.6988175511360168,0.00021344836568459868,0.00039877404924482107,0.3005577027797699
Correct 0.0001420234184479341,0.9998564720153809,1.9441543486209412e-07,8.542018647972327e-09
Correct 9.422440143680433e-07,1.8553886604877334e-07,0.9999984502792358,2.785268122806883e-07
Correct 0.000834491744171828,0.05495790019631386,0.9441806674003601,2.5199467927450314e-05
Correct 2.1144712647469532e-08,0.9999990463256836,1.3440397239605772e-08,2.9524636069311327e-09
Wrong 0.17521855235099792,0.394861102104187,0.42032745480537415,0.009581020101904869
Wrong 0.0859827771782875,0.09443361312150955,0.003777820151299238,0.8157819509506226
Wrong 0.00035408668918535113,0.00024719233624637127,0.6922252774238586,0.30717310309410095
Correct 1.9947240161855007e-06,1.4225709321635804e-07,1.3496977544491529e-06,0.9999951124191284
Correct 4.415533840074204e-05,4.1956528207265364e-07,0.012053240090608597,0.987902045249939
Correct 1.672685456810541e-08,0.9999996423721313,5.871678254720791e-09,3.3455815895422347e-09
Wrong 0.9839696884155273,0.00010885049414355308,1.5681402146583423e-05,0.015904387459158897
Wrong 0.10205072164535522,0.04254106432199478,0.5691931843757629,0.28620830178260803
Correct 2.2033286484202108e-07,1.0969727348708602e-08,0.9999985694885254,1.3652046604306634e-08
Correct 8.801098374533467e-06,2.5109763157615816e-08,2.5109763157615816e-08,0.9999909400939941
Correct 2.6274743504473008e-05,5.072218911550408e-08,1.8085552611069033e-08,0.9999725818634033
Correct 0.0007096626213751733,1.0608597222017124e-05,0.9992794394493103,2.343744398558556e-07
Correct 3.028842243679719e-08,0.9999997615814209,3.3789181230758913e-08,7.582559025109958e-10
Wrong 4.1399367489702854e-08,0.9999997615814209,4.229211647555076e-09,9.58525259164844e-10
Correct 2.4439923436148092e-06,0.9999972581863403,2.396005527316447e-08,7.90118814819607e-09
Correct 9.516167665424291e-06,8.664568667882122e-06,6.512917138934426e-08,0.9999816417694092
Wrong 0.99614018201828,0.0023932158946990967,0.000764917756896466,0.0006856677937321365
Correct 0.9999961853027344,8.4945682488069e-08,3.0894921110302676e-06,3.274947957265795e-08
Correct 1.7329949741906603e-06,3.269921216997318e-05,0.9999655485153198,4.139795350965869e-08
Correct 0.031001413241028786,0.00432876730337739,0.00020245912310201675,0.9644256234169006
Correct 0.015352497808635235,0.00027253947337158024,0.004398564342409372,0.9799760580062866
Correct 0.014503155834972858,6.247126748348819e-06,2.180461524403654e-05,0.9854676127433777
Correct 1.1271813491475768e-06,0.8221845030784607,4.3705565389018375e-08,0.17780987918376923
Correct 0.04742516204714775,1.043361953634303e-05,4.2155634218943305e-06,0.9525598883628845
Correct 3.966980784753105e-06,0.9999947547912598,2.5759422328519577e-07,8.628326497728267e-08
Correct 0.9991506338119507,3.5529767501429887e-06,0.0008426366839557886,2.036018003082063e-07
