grade confidence_levels
Wrong 15.445338249206543,37.7812614440918,8.76569938659668,5.377123832702637
Correct 17.718751907348633,7.1643218994140625,5.910205841064453,37.1875
Wrong 39.9375,0.5181360840797424,0.3827855885028839,2.1946287155151367
Wrong 43.5,8.125093460083008,4.2437028884887695,24.40625
Wrong 38.875,-0.8748514652252197,30.578125,4.914698123931885
Correct 38.0,0.11606864631175995,3.3156545162200928,1.259637713432312
Correct 44.40625,4.3543314933776855,7.406558513641357,8.406291961669922
Correct 43.0625,0.4712558686733246,0.9986794590950012,1.5170854330062866
Correct 14.359380722045898,0.9230160117149353,3.670779228210449,40.09375
Correct 44.03125,3.2994349002838135,8.976601600646973,6.461052894592285
Wrong 42.03125,11.06286907196045,15.304712295532227,8.711018562316895
Correct 42.125,1.9161618947982788,1.0192439556121826,1.2053848505020142
Correct 10.867202758789062,4.125771522521973,5.578277587890625,40.4375
Wrong 41.65625,5.615406513214111,18.578187942504883,4.282286167144775
Correct 25.25,1.2177006006240845,8.16408634185791,41.34375
Correct 5.73446798324585,3.3560125827789307,39.4375,13.007819175720215
Wrong 37.1875,18.078868865966797,14.554740905761719,16.171890258789062
Correct 10.460951805114746,36.1875,4.148998260498047,4.875156402587891
Correct 5.710958480834961,1.138054370880127,40.3125,1.7085689306259155
Wrong 7.253932952880859,3.8093948364257812,39.8125,4.117488861083984
Correct 9.109380722045898,3.639125108718872,38.4375,8.234389305114746
Correct 6.59063196182251,-0.9434266686439514,4.751994609832764,40.093753814697266
Wrong 36.84375,23.531362533569336,6.032089710235596,4.129333972930908
Correct 6.832096099853516,37.1875,8.234410285949707,3.1899666786193848
Wrong 17.43751335144043,2.014124870300293,38.15625,26.109376907348633
Correct 11.929713249206543,-0.6619671583175659,37.84375,-1.620219111442566
Correct 44.59375,2.9665417671203613,3.5132033824920654,7.91030740737915
Correct 34.34375,30.171886444091797,16.750003814697266,9.914106369018555
Wrong 13.09375286102295,37.0,8.312529563903809,20.671876907348633
Correct 10.312507629394531,36.40625,10.226568222045898,3.881042718887329
Correct 38.96875,-1.6063553094863892,2.6666924953460693,2.858647108078003
Correct 39.96875,11.446196556091309,3.573888063430786,16.40627670288086
Wrong 40.875,13.078143119812012,9.765656471252441,28.75
Correct 6.921893119812012,1.311572790145874,3.2447288036346436,36.0625
Correct 21.46875,7.933620452880859,18.109375,38.84375
Wrong 40.75,-0.5226784944534302,10.773483276367188,9.17208194732666
Correct 15.078126907348633,6.003994464874268,6.6680145263671875,40.6875
Wrong 26.578125,31.734378814697266,0.3631740212440491,-0.5216584801673889
Correct 43.8125,6.699913501739502,6.2818708419799805,13.726569175720215
Correct 19.59375,40.15625,7.207067012786865,13.695317268371582
Correct 2.507267951965332,33.40626525878906,-1.1506984233856201,0.11230925470590591
Wrong 35.71875,11.468807220458984,17.1093807220459,34.96875
Correct 8.53127384185791,1.907010793685913,8.773448944091797,38.0625
Correct 31.156253814697266,2.7123472690582275,9.53133487701416,40.71875
Wrong 41.8125,11.953136444091797,15.257818222045898,35.4375
Correct 6.816441059112549,-1.3023560047149658,40.0625,5.461120128631592
Wrong 23.093759536743164,0.6068978309631348,27.156251907348633,-0.13282592594623566
Correct 3.3815460205078125,35.09376907348633,2.389730453491211,1.6572155952453613
Wrong 21.031261444091797,0.523938000202179,3.0305886268615723,34.96875762939453
Correct 39.0625,-0.01974273845553398,4.169330596923828,4.539382457733154
Wrong 43.875,6.014423370361328,7.422250747680664,4.864540100097656
Correct 22.234376907348633,37.687503814697266,2.2334823608398438,2.289562463760376
Wrong 6.984525203704834,-0.0024048294872045517,34.8125,1.8660633563995361
Wrong 17.140626907348633,4.188856601715088,36.375,22.953125
Wrong 43.96875,1.5374650955200195,14.585970878601074,8.664189338684082
Wrong 38.625,5.16437292098999,33.53125,10.66407299041748
Correct 6.375094890594482,-1.8825105428695679,39.375,-0.6576188802719116
Wrong 35.28125,25.531484603881836,1.1399215459823608,8.69538688659668
Wrong 2.4910519123077393,25.468889236450195,30.25,0.7112737894058228
Wrong 24.453126907348633,39.750003814697266,9.054728507995605,7.375094413757324
Wrong 40.59375,18.125137329101562,8.90629768371582,10.164080619812012
Wrong 10.000015258789062,38.4375,4.961015701293945,3.672081470489502
Wrong 35.34375,9.215524673461914,16.578184127807617,4.895756721496582
Correct 21.43750762939453,34.53125762939453,4.9145917892456055,4.129207611083984
Correct 42.15625,0.37327754497528076,2.5653085708618164,0.2889942228794098
Correct 9.984440803527832,38.437503814697266,8.796951293945312,3.781559467315674
Correct 16.015625,31.000001907348633,5.004053592681885,37.125
Correct 43.4375,-1.0537221431732178,-0.572464644908905,1.9460686445236206
Correct 41.5,-0.31643542647361755,3.5068321228027344,4.306240081787109
Wrong 29.71875,4.4199538230896,34.125,14.382821083068848
Correct 43.46875,17.82843589782715,9.929755210876465,2.939228057861328
Correct 3.9146475791931152,9.961130142211914,4.996748447418213,32.56251525878906
Correct 7.699239253997803,40.3125,3.545684576034546,0.994417667388916
Correct 10.148438453674316,1.4010071754455566,39.59375,2.721367120742798
Wrong 44.03125,-0.6071685552597046,5.777915000915527,4.965646266937256
Wrong 36.34375,21.750137329101562,4.649581432342529,8.632869720458984
Correct 29.234375,27.7343807220459,27.640625,29.71875
Correct 43.25,1.2920973300933838,1.7204355001449585,2.4254462718963623
Correct 7.281309127807617,40.6875,4.0631303787231445,14.812500953674316
Correct 4.269673824310303,-0.34774643182754517,3.9728682041168213,36.90625
Wrong 10.023477554321289,34.343753814697266,6.394631385803223,12.625016212463379
Wrong 33.90625,6.317746639251709,4.79389762878418,31.96875
Correct 11.929692268371582,1.9971613883972168,37.8125,3.371264934539795
Correct 6.625033378601074,-0.05345114320516586,7.714858531951904,38.84375
Correct 33.0,-0.16145142912864685,5.031736373901367,39.53125
Correct 30.15625,-0.510775625705719,33.0,2.4344491958618164
Wrong 19.875003814697266,34.12501907348633,4.418638706207275,2.6579856872558594
Correct 14.046878814697266,1.6526260375976562,7.097780227661133,36.65625
Correct 38.09375,5.840425491333008,9.531346321105957,7.83615779876709
Correct 16.921878814697266,37.4375,1.2553904056549072,3.465054750442505
Correct 3.4279167652130127,-0.21011982858181,38.96875,4.898573398590088
Wrong 40.375,-1.3959379196166992,24.375001907348633,3.6337978839874268
Wrong 38.28125,4.830451965332031,-2.3454854488372803,0.6928514242172241
Correct 38.71875,-0.9628684520721436,3.2821617126464844,0.6213497519493103
Wrong 33.40625,27.531702041625977,5.996253967285156,4.336550235748291
Wrong 42.125,-1.2781299352645874,4.3411641120910645,2.255049467086792
Correct 43.3125,2.572399854660034,9.664462089538574,8.687736511230469
Correct 3.395108461380005,37.87504196166992,1.1811696290969849,0.12837034463882446
Correct 9.484419822692871,33.906280517578125,0.12018243223428726,0.5789176821708679
Correct 7.7618303298950195,35.812503814697266,3.837470054626465,11.960977554321289
Wrong 44.8125,5.133304119110107,22.28125,8.64846134185791
Wrong 35.9375,2.088552951812744,27.515625,3.445826292037964
Wrong 36.71875,18.265682220458984,4.000833034515381,30.59375
Correct 24.015626907348633,38.75,4.521979331970215,13.539082527160645
Correct 42.125,3.3599693775177,4.094703674316406,4.0280256271362305
Wrong 43.90625,1.8916263580322266,3.930509090423584,3.895301342010498
Correct 43.875,-0.9782583713531494,2.8526177406311035,2.3971989154815674
Wrong 6.89068078994751,28.9062557220459,33.46875,3.158480405807495
Correct 7.152347087860107,4.566507816314697,36.25,3.0294241905212402
Correct 18.89063262939453,6.664438724517822,6.312720775604248,33.62501907348633
Wrong 27.53125,33.406253814697266,13.195323944091797,8.257840156555176
Correct 43.15625,1.6576675176620483,5.032181262969971,7.9337544441223145
Correct 11.843790054321289,0.7872150540351868,39.0,11.757943153381348
Correct 41.5625,1.4688905477523804,4.243642807006836,4.285611152648926
Correct 9.460966110229492,37.53125,1.770379900932312,10.39844036102295
Correct 5.105560779571533,41.84375,8.031256675720215,9.421878814697266
Correct 7.585964679718018,38.0,4.644618988037109,3.6095736026763916
Wrong 45.59375,0.281525194644928,7.066927433013916,11.187555313110352
Wrong 2.86423921585083,35.87501907348633,1.070196509361267,-0.9683915376663208
Correct 3.754309892654419,32.59381866455078,8.69534683227539,3.547435760498047
Correct 26.1875,3.4087705612182617,40.0625,8.28126335144043
Wrong 12.109382629394531,11.507829666137695,36.65625,8.906261444091797
Correct 44.6875,1.7488547563552856,3.308844804763794,2.6002089977264404
Correct 9.054698944091797,3.6901793479919434,42.15625,11.343754768371582
Correct 31.328125,35.406253814697266,6.422276973724365,9.648478507995605
Correct 6.53131103515625,0.37132397294044495,38.0,4.625249862670898
Correct 44.09375,0.6188650131225586,5.045328140258789,5.906996726989746
Wrong 9.734380722045898,38.6875,1.8123283386230469,5.000095367431641
Correct 27.375,7.847830295562744,8.429731369018555,41.34375
Correct 41.46875,-0.29961588978767395,-1.0048394203186035,1.365057110786438
Correct 43.96875,0.19214767217636108,4.353328704833984,2.057730197906494
Correct 44.5,9.30512809753418,5.372256755828857,4.063758373260498
Correct 38.71875,4.228264331817627,-0.9761881232261658,-0.6690754890441895
Correct 5.640690326690674,39.78125,8.039073944091797,14.179688453674316
Correct 45.0,-0.8800584077835083,3.062554359436035,1.8414732217788696
Wrong 14.179688453674316,34.968753814697266,9.515631675720215,28.34375
Correct 42.90625,-1.5011942386627197,1.331616997718811,5.137938976287842
Correct 42.375,7.938676834106445,3.0893874168395996,4.039913654327393
Correct 40.53125,-1.1775933504104614,2.9934303760528564,1.9584676027297974
Correct 4.769655704498291,-1.0391912460327148,41.34375,-0.28332701325416565
Wrong 35.46875,0.4594768285751343,31.90625,2.435006856918335
Correct 41.28125,4.069558143615723,2.702314853668213,9.593809127807617
Correct 10.007844924926758,0.8931056261062622,3.2312912940979004,40.3125
Correct 8.640674591064453,0.44611600041389465,37.59375,3.2014260292053223
Correct 42.34375,-0.04369998723268509,3.2139334678649902,5.554838180541992
Wrong 40.03125,2.4862325191497803,4.400336742401123,2.619295835494995
Correct 18.07813835144043,4.9596428871154785,8.836026191711426,38.21875
Correct 10.601573944091797,-1.018166422843933,4.129360675811768,37.46875
Correct 7.929779529571533,-1.0388243198394775,38.46875,0.8763925433158875
Correct 6.691425800323486,35.90625,8.132819175720215,2.84224271774292
Correct 6.656274795532227,9.78907299041748,4.992257118225098,39.96875
Wrong 24.15625,39.3125,4.055140495300293,22.015625
Wrong 22.296875,27.328128814697266,25.90625,26.375
Correct 43.0,2.8673219680786133,3.2255256175994873,3.1233880519866943
Correct 4.090634346008301,18.031593322753906,36.71875,2.5996148586273193
Wrong 39.78125,17.53180694580078,9.078351020812988,12.101580619812012
Correct 47.90625,6.2747931480407715,5.251162528991699,6.125314235687256
Wrong 44.3125,7.417574405670166,12.4688081741333,14.210944175720215
Correct 22.46876335144043,4.533370018005371,33.500003814697266,2.8335037231445312
Wrong 39.9375,14.969247817993164,5.328273773193359,7.093775749206543
Correct 41.21875,7.31718111038208,3.3189244270324707,3.1150975227355957
Correct 31.5,1.7607406377792358,5.554968357086182,39.1875
Correct 24.078125,5.590288162231445,6.1838059425354,41.5625
Wrong 13.335947036743164,21.46875762939453,35.71875,26.984376907348633
Correct 8.812520027160645,6.4691162109375,38.65625,1.4984818696975708
Correct 3.928030014038086,38.687503814697266,7.679705619812012,4.500226974487305
Wrong 19.390625,38.59375,7.043017864227295,7.660166263580322
Correct 6.2695631980896,1.4236721992492676,40.125,7.382841110229492
Correct 13.828132629394531,36.937503814697266,3.752570390701294,4.1409502029418945
Correct 5.644923686981201,24.000106811523438,31.921875,4.578524589538574
Correct 40.0625,3.68257474899292,4.888103008270264,2.942534923553467
Wrong 36.65625,19.7198486328125,-0.21489009261131287,0.9088442921638489
Wrong 33.59375,29.984455108642578,13.671916007995605,2.0312533378601074
Correct 43.1875,2.4591257572174072,4.739625930786133,3.1165030002593994
Correct 15.367193222045898,40.25,10.382823944091797,4.351879596710205
Correct 11.414161682128906,36.687503814697266,1.5237940549850464,2.2367656230926514
Correct 6.113322734832764,37.40625,5.820358753204346,6.109445095062256
Correct 18.406333923339844,38.750022888183594,10.523634910583496,12.671917915344238
Correct 42.46875,5.149290561676025,10.054717063903809,5.024072647094727
Wrong 46.21875,8.969310760498047,5.867392539978027,2.3780996799468994
Correct 41.84375,3.5753250122070312,5.344012260437012,4.773673057556152
Correct 41.625,1.674951434135437,4.005257606506348,25.65625
Wrong 6.898510456085205,-1.749460220336914,37.78125,-1.037843108177185
Correct 42.75,-1.1494815349578857,10.414097785949707,3.016618251800537
Correct 10.007826805114746,37.125,12.023470878601074,14.00001335144043
Correct 41.1875,16.187965393066406,8.179983139038086,7.289246559143066
Correct 43.125,0.7922571897506714,4.472942352294922,9.968755722045898
Correct 25.78125,2.1045329570770264,4.57148551940918,39.84375
Correct 44.1875,4.72357177734375,16.343753814697266,6.961001396179199
Correct 11.234402656555176,36.53125,4.996316909790039,3.1157617568969727
Wrong 37.3125,26.062511444091797,7.5782012939453125,2.0552449226379395
Correct 44.84375,13.367934226989746,6.242559432983398,1.7696568965911865
Correct 13.523439407348633,37.9375,8.460967063903809,7.199286937713623
Correct 35.15625,15.24223518371582,9.726631164550781,36.03125
Correct 45.90625,4.517744541168213,4.977568626403809,3.0893635749816895
Correct 33.28125,36.906253814697266,13.531267166137695,9.72661018371582
Correct 38.6875,-0.20594891905784607,11.99220085144043,2.561556339263916
Wrong 23.625,36.96875,4.469510555267334,4.8442206382751465
Correct 33.09375,8.539636611938477,3.995044469833374,34.71875
Correct 42.125,-0.6199966073036194,8.304925918579102,1.586732029914856
Correct 2.9110918045043945,-2.6918725967407227,37.53125,-1.354589581489563
Correct 39.5625,18.000410079956055,3.3995890617370605,2.840623140335083
Correct 8.02344799041748,1.8544248342514038,41.78125,4.566742420196533
Correct 13.390637397766113,39.250003814697266,3.4796388149261475,3.760514736175537
Correct 43.28125,-0.5843894481658936,7.614333152770996,6.027571678161621
Wrong 10.789112091064453,36.81251525878906,6.504152774810791,4.51582670211792
Wrong 39.9375,-1.149327278137207,13.687518119812012,1.3964592218399048
Correct 3.393324375152588,2.0404839515686035,39.25,0.9519535899162292
Correct 24.46875,4.618804454803467,33.375,9.15633487701416
Correct 5.988653659820557,36.0937614440918,3.7879433631896973,4.949438571929932
Wrong 13.718756675720215,32.21875762939453,28.546875,6.191493034362793
Correct 11.695341110229492,36.156253814697266,2.5762712955474854,2.569582939147949
Correct 31.828125,1.4186960458755493,0.8890050649642944,31.875001907348633
Correct 5.488310813903809,37.5,3.9239678382873535,6.078157424926758
Correct 14.257866859436035,0.8451838493347168,4.9535298347473145,40.75
Correct 16.81250762939453,13.140758514404297,11.531319618225098,39.21875
Correct 7.562509536743164,1.7746201753616333,7.921878337860107,35.5
Correct 8.58597183227539,39.6875,3.434753894805908,3.341104507446289
Correct 26.96875,8.343801498413086,12.75781536102295,43.53125
Correct 11.718756675720215,3.300485610961914,6.550850868225098,39.125
Correct 6.0625810623168945,37.312503814697266,12.09376049041748,4.476840019226074
Correct 5.44541597366333,30.296884536743164,33.1875,16.937501907348633
Wrong 2.8899905681610107,31.84375762939453,5.8594536781311035,4.31282901763916
Correct 26.859376907348633,27.875200271606445,0.9364946484565735,4.719527244567871
Wrong 41.875,6.749777793884277,6.80128812789917,4.676407337188721
Wrong 41.3125,-0.042082369327545166,4.853643894195557,17.234384536743164
Wrong 38.59375,28.046878814697266,15.492193222045898,11.929692268371582
Correct 11.570320129394531,4.039450645446777,40.28125,1.9955165386199951
Correct 15.171875953674316,5.121265411376953,28.015625,32.84375
Wrong 13.859378814697266,36.96875,9.52345085144043,6.445367813110352
Wrong 42.59375,-2.2698814868927,21.390626907348633,0.7514402866363525
Correct 1.0070974826812744,-1.8646085262298584,38.4375,-0.08543506264686584
Correct 40.40625,3.6744015216827393,3.699483633041382,1.026660442352295
Wrong 10.843778610229492,0.1206798404455185,35.84375,1.955161690711975
Correct 41.3125,18.250316619873047,1.0500606298446655,1.8779759407043457
Correct 10.25782585144043,3.69248104095459,38.53125,2.0927605628967285
Correct 31.828125,7.7618632316589355,33.0,13.82031536102295
Correct 20.921876907348633,10.5391263961792,21.671875,41.65625
Correct 5.1175618171691895,36.2812614440918,3.285688638687134,6.070642948150635
Correct 40.59375,-1.770351767539978,1.247179627418518,2.6482772827148438
Wrong 43.1875,1.4525820016860962,11.945318222045898,3.5868117809295654
Correct 22.0,14.218987464904785,38.0,8.710947036743164
Correct 15.25784683227539,2.8293673992156982,6.285840034484863,36.6875
Correct 6.730503082275391,13.648447036743164,40.1875,13.17969036102295
Correct 43.9375,7.664561748504639,5.39136266708374,5.969139099121094
Correct 28.3125,36.093753814697266,9.328167915344238,17.4375
Wrong 38.8125,27.406269073486328,6.242305278778076,15.96876049041748
Correct 18.062501907348633,0.8774290680885315,4.211774826049805,41.15625
Wrong 43.59375,2.0877254009246826,1.7797366380691528,3.730255603790283
Wrong 38.8125,1.5219780206680298,4.145837783813477,5.606015205383301
Correct 46.09375,1.5065120458602905,2.812379837036133,3.5166633129119873
Wrong 33.625,28.546886444091797,18.937501907348633,8.757856369018555
Wrong 5.078410625457764,25.609527587890625,34.59375,3.0793490409851074
Correct 42.4375,0.10725699365139008,2.824510097503662,4.941901683807373
Correct 30.40625,23.70314598083496,18.843753814697266,36.21875
Wrong 31.671875,4.098664283752441,36.84375,8.218765258789062
Correct 40.4375,-2.0878095626831055,1.4848555326461792,20.34375762939453
Wrong 4.3990092277526855,33.28126907348633,2.2683145999908447,2.5787453651428223
Wrong 5.40718936920166,22.875295639038086,32.78125,0.7559106945991516
Correct 40.71875,-1.3169296979904175,3.0636658668518066,4.26629638671875
Correct 32.15625,9.781290054321289,3.6356358528137207,37.875
Wrong 18.812503814697266,4.99327278137207,36.34375,22.0625
Correct 7.8516011238098145,1.1868642568588257,2.592442512512207,37.6875
Correct 37.1875,27.562511444091797,25.984375,10.156290054321289
Wrong 45.03125,1.665420651435852,3.9338464736938477,2.0944528579711914
Correct 40.96875,2.396411657333374,-0.18343091011047363,0.3034069240093231
Wrong 1.7967872619628906,17.53130340576172,36.78125,0.5185815691947937
Correct 42.71875,3.881793975830078,7.2852783203125,5.715270519256592
Wrong 30.796875,3.1801748275756836,34.1875,21.546875
Correct 12.171875953674316,-0.0882144495844841,3.035724639892578,38.65625
Wrong 11.632899284362793,3.6909234523773193,5.488952159881592,38.03125
Correct 14.171882629394531,35.96876907348633,5.871254920959473,9.687579154968262
Wrong 30.828125,28.29688835144043,6.797170639038086,17.937501907348633
Correct 17.109376907348633,4.543299198150635,21.953125,41.90625
Correct 4.418279647827148,34.031253814697266,5.062927722930908,4.520419120788574
Wrong 7.574400901794434,31.031282424926758,7.609433174133301,2.655017375946045
Correct 2.9068219661712646,35.906253814697266,10.179704666137695,4.031501770019531
Correct 18.640628814697266,3.912574052810669,39.8125,3.826934576034546
Correct 28.375019073486328,1.7341382503509521,4.852637767791748,29.31251335144043
Wrong 34.6875,5.508415699005127,35.40625,10.414077758789062
Wrong 45.84375,8.765995979309082,2.0607755184173584,10.898453712463379
Wrong 31.28125,31.796886444091797,7.878986835479736,0.19438683986663818
Wrong 43.28125,0.6610148549079895,2.62629771232605,14.617192268371582
Correct 41.03125,2.380737543106079,2.763292074203491,2.842926502227783
Correct 45.8125,3.371272563934326,13.625005722045898,10.945317268371582
Wrong 39.6875,2.445383310317993,1.6114481687545776,6.097823143005371
Correct 13.882826805114746,37.28125,1.7453442811965942,0.4296914041042328
Wrong 18.250003814697266,0.5433068871498108,41.28125,3.3390514850616455
Wrong 6.976581573486328,34.03125,5.363354682922363,12.093753814697266
Correct 24.390625,1.666021466255188,37.34375,5.988375186920166
Correct 3.3459200859069824,-1.7270158529281616,34.9375,2.7874948978424072
Correct 43.3125,0.7367820739746094,2.5603854656219482,4.895462989807129
Correct 7.918129920959473,36.15625762939453,1.8661192655563354,1.7358061075210571
Correct 14.77344799041748,36.25001525878906,13.843768119812012,11.445455551147461
Correct 42.9375,3.55106520652771,3.5589516162872314,1.2845324277877808
Correct 5.54699182510376,34.09375762939453,1.0144122838974,0.606285572052002
Wrong 43.3125,2.7361397743225098,18.265626907348633,6.457147598266602
Correct 46.375,1.7203278541564941,8.328446388244629,6.14135217666626
Correct 12.984384536743164,1.2261606454849243,40.75,2.6907947063446045
Wrong 37.15625,12.882843971252441,4.7347187995910645,35.625
Wrong 7.964864730834961,27.609375,6.695383071899414,36.15625
Wrong 25.3125,34.375003814697266,3.4207265377044678,5.554855823516846
Correct 10.648443222045898,4.543499946594238,39.125,7.750032424926758
Wrong 18.1875,35.375,10.585956573486328,23.78125
Correct 43.4375,2.5471861362457275,9.546889305114746,8.328155517578125
Correct 13.570314407348633,5.410434246063232,40.46875,3.072674512863159
Correct 10.539220809936523,38.59376525878906,2.3741683959960938,-0.17615269124507904
Correct 29.984375,34.65625,13.679722785949707,27.9375
Wrong 27.265626907348633,31.82817840576172,26.4375,5.214992523193359
Correct 36.15625,24.92189598083496,9.172074317932129,6.336363792419434
Wrong 39.375,0.12112758308649063,30.84375,2.809042453765869
Correct 42.90625,0.8836305737495422,1.8777832984924316,0.850211501121521
Wrong 8.562511444091797,3.1047720909118652,43.59375,6.496332168579102
Correct 42.5625,5.376420021057129,4.524491786956787,8.14077091217041
Correct 42.0625,-0.4114885628223419,1.1925551891326904,0.3223704695701599
Correct 42.90625,2.3746044635772705,8.359569549560547,4.4421067237854
Correct 40.78125,0.8440608382225037,7.1524858474731445,6.1290602684021
Correct 4.711030006408691,-1.472630262374878,37.625,0.028314976021647453
Wrong 31.75,32.31250762939453,13.406312942504883,19.640626907348633
Correct 11.906254768371582,4.597923278808594,6.742220401763916,42.0625
Correct 25.234375,39.71875,7.769625663757324,12.242192268371582
Correct 10.828130722045898,10.554762840270996,7.390676021575928,42.4375
Wrong 24.328125,32.562503814697266,4.562662124633789,1.1954361200332642
Correct 40.0625,-1.3852219581604004,1.6561822891235352,4.587855339050293
Wrong 40.625,14.743061065673828,4.459242820739746,2.0568413734436035
Correct 40.71875,-0.31618762016296387,4.137115001678467,7.918299674987793
Wrong 11.312535285949707,35.937503814697266,4.090249538421631,2.774111032485962
Correct 21.531280517578125,34.75009536743164,6.531127452850342,3.994372844696045
Correct 39.96875,0.1531638503074646,4.696390151977539,2.6278727054595947
Correct 9.812506675720215,1.893075942993164,7.406259536743164,39.59375
Correct 6.832056045532227,39.09375,6.386748313903809,6.121138095855713
Correct 12.960944175720215,2.3249051570892334,41.5,6.57834005355835
Wrong 10.64845085144043,1.6225390434265137,34.4375,26.890628814697266
Wrong 42.03125,11.359577178955078,3.090383529663086,1.42713463306427
Correct 11.140645980834961,4.848024845123291,4.2700700759887695,41.3125
Correct 42.25,2.637312889099121,8.97680950164795,18.93750762939453
Wrong 41.21875,9.438803672790527,13.078168869018555,6.898539066314697
Wrong 37.4375,24.890666961669922,6.683676242828369,4.402897834777832
Correct 10.250003814697266,1.5417097806930542,9.109380722045898,39.65625
Correct 4.320757865905762,38.375,2.8981809616088867,2.909783124923706
Correct 8.687527656555176,0.08608854562044144,36.09375,1.3920674324035645
Correct 31.5625,25.500009536743164,33.75,9.562518119812012
Wrong 22.203126907348633,30.500011444091797,5.543394088745117,22.781288146972656
Correct 10.273508071899414,41.59375,11.867201805114746,5.609583854675293
Correct 11.765652656555176,2.2312538623809814,40.21875,3.633819103240967
Wrong 39.21875,15.10168170928955,5.2931108474731445,3.8521828651428223
Correct 32.8125,0.3632213771343231,4.041418075561523,36.15625
Correct 7.285232067108154,-1.1243711709976196,39.21875,3.4048640727996826
Wrong 44.3125,1.1560088396072388,5.605907440185547,6.4691386222839355
Correct 27.015628814697266,-1.0830624103546143,1.9383325576782227,39.375
Correct 13.492189407348633,38.78125,5.465013027191162,5.507875442504883
Correct 14.46875286102295,40.5,12.851566314697266,10.953128814697266
Correct 42.5625,-0.6505159139633179,-0.705389142036438,-0.7776870131492615
Wrong 19.078125,8.507899284362793,38.0625,12.437504768371582
Wrong 39.0625,13.633140563964844,7.723111629486084,9.359498977661133
Wrong 21.203125,5.593918323516846,33.9375,33.8125
Correct 40.71875,23.328153610229492,3.2441272735595703,4.7619147300720215
Correct 15.046899795532227,0.960129976272583,4.602550983428955,40.78125
Correct 1.6417124271392822,35.468753814697266,4.26184606552124,-0.7337674498558044
Wrong 43.3125,-1.4723559617996216,16.500001907348633,2.8778162002563477
Correct 13.336151123046875,5.104515075683594,36.312503814697266,0.4783909022808075
Correct 5.76575231552124,18.437597274780273,34.71875,0.5663904547691345
Wrong 7.906284809112549,0.565015435218811,38.9375,-1.0773416757583618
Correct 11.164113998413086,2.8521764278411865,39.5,3.6203773021698
Correct 13.593750953674316,3.9866690635681152,38.96875,1.3215761184692383
Correct 3.6447911262512207,4.180337905883789,37.125,-0.26566189527511597
Correct 32.718753814697266,26.078351974487305,2.615201950073242,0.050031255930662155
Correct 9.203457832336426,0.4892323613166809,0.609319269657135,28.609575271606445
Wrong 7.062699794769287,33.437503814697266,31.328125,5.855709552764893
Wrong 43.40625,3.148256778717041,10.242303848266602,4.153642654418945
Correct 8.500009536743164,7.105518341064453,42.90625,1.335227370262146
Wrong 22.125001907348633,-1.7884986400604248,32.34375,2.4312562942504883
Wrong 27.59375,31.21875,31.3125,26.421875
Correct 5.691498279571533,-1.0031216144561768,35.40625,9.015655517578125
Correct 12.664068222045898,6.027510643005371,8.21099853515625,41.5625
Correct 15.023438453674316,39.5,5.582152366638184,3.4831058979034424
Correct 41.21875,1.0030834674835205,15.80469799041748,0.27601224184036255
Correct 24.984375,13.101598739624023,31.421875,34.09375
Wrong 44.09375,16.265682220458984,15.507817268371582,5.773641586303711
Correct 6.363418102264404,-0.8736939430236816,3.05682635307312,37.750003814697266
Correct 40.90625,3.098370313644409,3.610020875930786,3.8527679443359375
Correct 17.8125,4.500591278076172,8.476578712463379,43.25
Correct 19.109376907348633,12.515646934509277,7.1406755447387695,36.375
Wrong 44.71875,9.79745101928711,6.751718997955322,9.01578140258789
Correct 4.254727840423584,1.0633363723754883,34.81250762939453,1.7102853059768677
Correct 29.671875,1.5364573001861572,37.9375,1.5099905729293823
Correct 36.59375,10.375337600708008,1.2700793743133545,0.5744384527206421
Correct 19.390625,32.43750762939453,3.959473133087158,1.1769399642944336
Correct 24.59375,31.71875,19.515625,31.75
Wrong 42.5625,2.700559377670288,10.477299690246582,7.051057815551758
Correct 43.375,0.28651219606399536,9.67200756072998,1.1216459274291992
Wrong 35.96875,0.20516687631607056,24.578126907348633,1.6353334188461304
Wrong 10.375017166137695,23.06256866455078,33.28125,2.4287736415863037
Correct 9.625006675720215,33.21875,8.492199897766113,35.78125
Correct 9.47671127319336,1.2788232564926147,3.427081823348999,37.53125
Correct 27.468751907348633,36.00001907348633,10.070457458496094,3.948101043701172
Correct 46.9375,3.525893449783325,3.1322381496429443,10.195343017578125
Correct 40.875,-1.3786966800689697,3.050510883331299,0.3868158459663391
Correct 39.4375,9.50818920135498,5.648660182952881,3.196565866470337
Correct 10.570371627807617,9.7579345703125,5.057455539703369,37.15625
Wrong 43.75,8.461159706115723,6.9923248291015625,15.828125953674316
Wrong 41.40625,12.430550575256348,2.5426042079925537,2.272136926651001
Correct 5.457834243774414,34.43756103515625,3.481275796890259,10.250194549560547
Correct 37.59375,23.203941345214844,4.140261650085449,1.347998857498169
Correct 42.71875,-0.24585942924022675,7.992194175720215,4.164276599884033
Correct 3.17850399017334,34.71875762939453,2.934572696685791,0.6512482762336731
Wrong 25.03125,37.875,21.125,11.640637397766113
Correct 42.90625,0.7592987418174744,10.765641212463379,2.8135297298431396
Wrong 41.5,4.815956115722656,1.8140904903411865,2.9964277744293213
Wrong 42.5,3.776766777038574,15.61719036102295,3.9455931186676025
Wrong 27.3125,38.40625,19.8125,16.265626907348633
Wrong 10.398604393005371,9.669635772705078,38.46875,2.3182923793792725
Correct 23.187501907348633,30.60942840576172,-0.3997977375984192,0.39634495973587036
Wrong 43.53125,8.798447608947754,8.383724212646484,11.054871559143066
Correct 5.191624641418457,-0.07460080087184906,3.175006151199341,37.78125
Correct 39.3125,-1.1878741979599,6.644901752471924,1.6457206010818481
Correct 8.890748023986816,37.156253814697266,3.9027838706970215,6.808950901031494
Wrong 11.835973739624023,-0.534686803817749,36.53125,21.812503814697266
Correct 6.664091110229492,3.1026365756988525,39.71875,8.117202758789062
Wrong 43.625,2.7123987674713135,2.620462656021118,4.949952602386475
Wrong 14.367203712463379,41.187503814697266,20.9375,3.764143228530884
Wrong 40.8125,1.7760593891143799,10.19543743133545,0.18814411759376526
Correct 41.625,0.2148316353559494,2.9326882362365723,6.2773895263671875
Correct 30.203125,34.812503814697266,21.7500057220459,14.156258583068848
Correct 15.523446083068848,-0.6208710670471191,2.788372755050659,40.59375
Wrong 43.84375,-0.8981258869171143,2.379037380218506,18.812501907348633
Wrong 42.03125,7.390671253204346,4.3400139808654785,2.6862759590148926
Wrong 37.3125,24.375804901123047,7.396070957183838,1.8861981630325317
Correct 42.96875,2.1744182109832764,5.955174922943115,3.2275846004486084
Wrong 11.750056266784668,17.250205993652344,36.8125,2.090315580368042
Wrong 28.500001907348633,23.282054901123047,5.477666854858398,23.203136444091797
Wrong 33.3125,1.6623952388763428,18.09375762939453,31.671876907348633
Wrong 32.46875,32.000003814697266,17.250011444091797,10.35944938659668
Correct 7.078164577484131,38.4375,0.1696530431509018,4.543339252471924
Correct 15.617191314697266,9.945355415344238,9.851578712463379,41.46875
Correct 45.875,12.828523635864258,9.46876049041748,2.4852192401885986
Wrong 40.28125,-0.2602080702781677,2.7644388675689697,3.362919330596924
Correct 8.820389747619629,-1.1552314758300781,0.7067613005638123,38.28125
Correct 11.86719036102295,39.625,6.2540082931518555,23.8125
Correct 41.75,-0.501349151134491,3.8000192642211914,4.824665546417236
Correct 30.53125,6.246915340423584,36.59375,5.72664737701416
Wrong 43.5,8.953869819641113,6.070587158203125,7.0430588722229
Correct 42.03125,-0.4887320399284363,4.595949649810791,2.460383653640747
Wrong 40.53125,8.711791038513184,9.351633071899414,17.562501907348633
Wrong 10.109441757202148,10.812606811523438,2.8591222763061523,36.84375
Wrong 5.519749641418457,27.171884536743164,4.976799011230469,27.0
Correct 47.15625,5.285991191864014,4.002837181091309,10.242201805114746
Correct 9.953140258789062,38.5,6.234402179718018,7.339853763580322
Correct 43.84375,9.757967948913574,7.472799301147461,3.307861328125
Correct 8.023640632629395,38.50002670288086,14.351591110229492,6.160475730895996
Correct 41.875,5.86867618560791,10.468757629394531,6.894554138183594
Correct 40.40625,20.50046157836914,4.6625285148620605,1.0081958770751953
Wrong 16.109376907348633,4.871674537658691,3.4962329864501953,39.78125
Wrong 43.46875,3.9710307121276855,3.507145881652832,7.207178115844727
Correct 44.03125,-0.038211219012737274,22.703125,13.015632629394531
Correct 14.0703125,3.0765085220336914,38.90625,3.9785819053649902
Correct 23.890626907348633,-2.1264243125915527,3.0081474781036377,34.96875
Correct 14.58594799041748,39.53125,7.957051753997803,8.11723518371582
Wrong 29.71875,32.62506103515625,3.3349857330322266,5.090428829193115
Correct 42.3125,5.708141803741455,5.4459919929504395,2.259138345718384
Correct 17.8906307220459,1.905337929725647,37.65625,1.5137242078781128
Correct 12.281250953674316,4.168333053588867,7.457048416137695,40.15625
Wrong 41.65625,-0.4692409336566925,6.340113162994385,14.437504768371582
Correct 18.234375,5.70337438583374,36.0,26.375
Correct 42.8125,-0.41261419653892517,1.4598673582077026,2.424281358718872
Correct 21.921876907348633,8.508989334106445,40.25,3.869798421859741
Correct 8.015637397766113,0.17658433318138123,38.03125,-0.2732878029346466
Wrong 26.984375,12.039114952087402,20.375,33.1875
Correct 11.820369720458984,38.156253814697266,5.734628200531006,1.20698082447052
Wrong 41.28125,14.758668899536133,3.553713083267212,2.5636799335479736
Correct 28.921875,13.109596252441406,37.5,13.570317268371582
Correct 43.28125,-0.03131362050771713,2.037327527999878,2.7976982593536377
Correct 25.125,29.62502098083496,1.9509294033050537,0.9425593018531799
Correct 42.53125,9.001701354980469,3.290304660797119,3.533376932144165
Wrong 44.34375,6.379190921783447,4.984548568725586,14.593757629394531
Correct 36.125,6.184164524078369,37.625,15.578130722045898
Wrong 11.531257629394531,2.5814356803894043,6.175922870635986,38.78125
Correct 7.324245929718018,5.51975154876709,38.59375,0.39049267768859863
Correct 1.130658507347107,-2.4099338054656982,35.21875,-1.8347443342208862
Correct 39.90625,12.734457015991211,14.328140258789062,16.156251907348633
Correct 6.4258270263671875,36.8125,0.17557744681835175,2.8975071907043457
Wrong 35.90625,25.562515258789062,4.234663009643555,2.264904260635376
Correct 17.656253814697266,6.1175127029418945,7.16414213180542,39.59375
Correct 27.109378814697266,1.526419758796692,3.8853204250335693,33.687503814697266
Wrong 10.304708480834961,33.000003814697266,31.515625,4.258028984069824
Wrong 29.859375,34.281272888183594,25.375,4.558825969696045
Correct 3.7097063064575195,39.40625,1.671082615852356,5.496337890625
Correct 6.168076515197754,34.406253814697266,5.730524063110352,3.2623844146728516
Correct 11.812524795532227,1.7091625928878784,4.594292163848877,39.71875
Wrong 40.59375,12.593921661376953,6.637088775634766,7.836050033569336
Correct 41.96875,22.687524795532227,2.9823718070983887,5.0903401374816895
Correct 42.25,14.96953296661377,1.9586600065231323,1.0784783363342285
Correct 41.65625,17.625276565551758,4.181412696838379,-0.24759601056575775
Wrong 42.375,0.6269640922546387,3.8412630558013916,14.30470085144043
Correct 13.812586784362793,-0.2380116730928421,38.8125,2.645421028137207
Correct 3.066960334777832,37.18750762939453,2.7412068843841553,5.21890115737915
Correct 23.75,41.96875,9.265731811523438,10.531258583068848
Correct 34.40625,29.906267166137695,7.566456317901611,2.8681678771972656
Wrong 26.46875,1.7549482583999634,7.261739730834961,33.375
Wrong 10.242201805114746,36.906253814697266,13.890632629394531,12.218756675720215
