grade confidence_levels
Wrong 2.7512062860433337e-05,0.018444213299410695,0.5804421722190647,0.39868294581071034
Correct 0.0004436826514825538,0.6767133011726576,0.004060141718269443,0.31714553801703066
Correct 0.008909923708446446,0.011600622714803681,0.03066487856390243,0.9486726356965379
Wrong 0.06324393786496588,0.1129591082111149,0.025009062995209136,0.004799097977892992,0.46354639587991664,0.32969130556443915
Wrong 0.014156698141573519,0.08216746978135464,0.9005661390804384
Wrong 4.7790269793194934e-05,0.00016669279341597243,0.0005437652119242804,0.8896368795646096,6.034750219058325e-05,0.10712699276466141
Wrong 0.0015549607108570652,0.6127760464567353,0.3813938922390587,0.00013321915551833103
Wrong 6.450099505927564e-06,0.7660283496036194,0.0007849036394574867,0.2323496104542012
Correct 0.00012516295871268588,0.9780156999084932,0.0001536687878399979,0.00016008638214684248,0.010927723264511682,0.0034624113869942243,0.003888114279268237,0.0031454258266949493
Correct 0.05813291804047809,0.004315079200164544,0.922733443311753,0.013594953789282813
Wrong 0.9590460715612845,0.00922600178842806,0.027602183419109222
Correct 0.9785176710339284,0.01609533178947361,0.0015654906339511948
Wrong 7.978013654255085e-05,0.00017044753861415477,0.9917120549702688,0.0024303013912492536,0.0028040120847327016,5.2035623844821713e-05
Wrong 0.0011031031780234755,0.341743439617427,6.070460487051877e-05,0.6561221126690249
Correct 0.00025629126662230325,0.14033833405592105,0.7976681820288738,0.05607360927738766
Wrong 0.010289438481132706,0.988645579573127,0.0005144871390448378,7.542377608235716e-05
Wrong 7.292653451934464e-05,0.033441287155974525,0.9130741407896488,0.0009258364118440876,0.05187763533930998
Correct 0.255855281753103,0.0002529011138469776,0.0004053081159422113,9.36723034432404e-05,0.7424785482265627
Correct 0.009205740703654465,0.002901928973026662,0.9780180901817848,0.001475543326600287,0.0024266788132354744
Correct 0.982775964283667,0.0060309580516055205,0.010935826989042066
Wrong 0.00036671924597969847,0.9990575367477319
Wrong 0.00010033409405186243,7.595853186084174e-05,0.00036204078019896104,0.007079702442890699,0.001338334966437616,0.0003809091738887974,0.0002412957978775117,0.00027221264881458737,0.0012962038522740915,0.9828398703856612,0.000537373056397579,0.004333550916280139,0.00012001665897810021
Wrong 0.2988756136518703,0.022442533581488136,0.05646121707373024,0.0082761383684187,0.3189120881227958
Wrong 0.0005306101431848422,0.9127290147006865,0.006269936825913178,0.0009475328039726384,0.07730006364797741,0.0020196904942031955
Correct 0.9791071216293092,0.018359678588793945
Wrong 0.9920444284065573,0.007672498246606713,1.6233403405379578e-05,5.322012695160653e-06,4.4034642380046175e-06
Correct 0.002201403868688686,0.0014813165882476458,0.0004050057473381625,0.9948994223481179
Wrong 0.010754324782099152,0.050053121877066176,0.93784871277905
Wrong 0.0011121839212752873,0.036201359702980065,0.9314202380831675,0.00011651599479556472,0.03021790347372366
Correct 0.6790524421615817,0.3196421788257746
Wrong 0.2961099917298454,0.043510926000531504,0.07414753903186573,0.0027126669869532685,0.0449369132774007,0.5372044127578408
Correct 2.131121907017453e-06,3.090016605891797e-05,0.9985755402073313,7.722062294615099e-05
Wrong 0.003333819617654753,0.0005142181326224285,0.015121934096139718,0.9807346797184552
Wrong 0.023770765349511672,4.336039894994917e-05,0.9750174380156215,3.8685333851553654e-05
Wrong 0.023027664073868137,0.0004361185272802381,0.7853327387410187,0.18750420634186987
Wrong 0.33706691753120654,0.6618522733410814,0.0002507976799114731
Correct 7.895623755303421e-07,6.483902443058958e-06,4.757353650970846e-06,7.39901999227935e-06,0.9983421436645714
Correct 0.009395912732099948,1.8528249325074834e-05,1.0195439963889456e-05,2.4233344531387428e-05,1.0973459207225308e-05,0,5.244807596557565e-06,7.178579088731146e-05,0.9883987465788117,2.7485529081604235e-06,0,0
Correct 1.4504800316623213e-06,2.5185226131253544e-05,0.0007003523446911356,6.386506881262888e-05,0.992623517284152,2.463973929290548e-05
Wrong 0.03936884151646778,0.00028544162945962206,0.9495829792246134
Wrong 5.1591635568616855e-05,0.9856882873027895,0.01078468399486551,0.0009472604274474982,0.001999377093867542
Wrong 0.0017070879728017332,0.5923008977493269,0.40107596127565187
Wrong 1.8762844501513246e-05,0.005335227778571002,0.001490245660196,4.445540527101682e-05,0.9902037905471324,8.648695194250049e-05,0.0019445182868804828
Wrong 0.0012309074713986084,0.997121056827969
Correct 5.8081230580000773e-05,8.875879818884983e-05,0.9963727900766272,0.0003390571095578505
Wrong 0.21340297484116566,0.15465533240089585,0.1352692151496444,0.035913877438743476,0.03808456488735459,0.2876787709470397,0.005610642715314508,0.004287845013957056,0.11411338723851382
Wrong 0.999136554184055,4.523992791990529e-05,7.857531966533393e-06,1.4557257273604897e-06
Correct 1.838521038463868e-05,0.0002810204824516384,4.62513456173447e-05,0.998807390025206
Wrong 0.2853142998119491,0.04191076348331671,0.000312845531132319,0.06498190710918755,0.05226036680846148,0.5286813984093688,0.025655769522701197
Wrong 0.23466251580021538,0.15618334084269286,0.5174704277085317,0.08984023974302702
Correct 0.9913454530821041,0.005866333247697614
Correct 3.5749581327918765e-05,0.0375121949576799,0.8894604820617823,8.314487415385168e-05,0.0018840410769756831,0.0005208931623015971,0.06992365325006522
Wrong 2.5808052560146842e-05,0.24312119867538445,0.03544604492248783,0.7207477025868196
Correct 0.3691451543758239,0.019032786151675807,0.5212228987638405,0.08945589217855564
Correct 7.488657615967005e-06,0.9993411554834252,1.4684853052546787e-05,0.00045567077220010505
Wrong 0.001061102942524286,0.9946143130946983,0.00019555595591065435,6.469012471651335e-05,0.0023700275486492907
Correct 4.549719387409919e-06,2.9917259598856905e-05,8.706156899553908e-05,1.0173187247514278e-05,0.9952518970495353
Correct 1.1775141431031857e-06,0.9986965665083073,0.00020959383900699455,2.7725860173922714e-05,0.0006182533086125223
Wrong 0.7659447651505614,0.021156381356805018,0.20817033836032794
Wrong 0.0006686525433123793,0.004333531848698057,0.003179618684228096,0.0010289663750214007,0.013012944319932279,0.025586901975803676,0.07322110352817301,0.18845100995694794,0.6887587461577466,0.0012838562946915991
Wrong 3.849523848628165e-05,0.9211129056114081,0.000631261285193657,0.0006521884526462515,0.07619661041665385,0.0008556518344649238
Wrong 9.565869135261312e-05,1.187924260321826e-05,4.6522387621551255e-06,1.363375302264987e-05,0.9939214873644943,2.78322816644557e-05,3.104589678321397e-06,0,3.442377839373391e-05
Correct 9.150646732747954e-06,0.9989616563522223,9.340796789442577e-06,3.910379644133962e-05,0.0001276028310994442,0.00017812731687649717
Wrong 0.08806682303463423,0.0012589188272320675,0.0654997796807015,0.0022308424156049843,0.8426995080351106
Wrong 0.004110383277318231,0.960230931310653,0.00013398295065850972,0.028367039182190995,0.0013360864471639278,0.005646914438949948
Wrong 0.00018919884613827572,0.00022593911446729665,0.000757587587653288,0.916643940022226,0.0005832961643512025,0.0011839587294633605,0.07235690439362479
Wrong 0.5656628554528347,0.0024355297247712917,0.4187308827580921,0.011172007048408162
Correct 0.9943986692805266,0.0010601265406621344,0.0003857625242409368
Correct 0.975042599640286,0.0005710832283490669,0.0003888629850161505,0.0005051224413289477,0.022455908827085994
Wrong 0.9819100888847183,0.013839266897906597,0.0022979595545346374
Wrong 0.00022690593718357322,0.02020320346040153,0.00387651121979058,0.005562514637681153,0.15030001235814872,0.00042884088726068647,0.009432906607295259,0.06114778132556414,0.7442111058312738,0.004273656478598018
Correct 0.007938931377479273,0.9914753952633935,0.00015512086045766125,4.292041375945461e-05
Wrong 0.03349600168368636,0.0015311181400493106,0.23549422220217192,0.7267567366717084
Wrong 1.738176308406821e-05,8.159398597475935e-05,4.406106699587821e-05,0.0010513292111784301,0.00035832910720022727,0.9950650122632508
Wrong 0.0006743623366726923,0.005650826846600736,0.008137920487267115,0.9846612427032903
Wrong 0.008597360856244364,0.1977513787839291,0.6042155764946439,0.18736299387422797
Correct 4.489617720657984e-06,2.8506882745612787e-05,2.1370247500807847e-06,1.1571099396127722e-05,4.752733684220465e-05,0.11223568369040972,0.009752539171808882,0.8749268553538502,4.712080192424259e-05
Wrong 0.0016312755894453564,0.00043301564455606957,0.0006400290448898033,0.00036678562817062804,0.37997832779747737,0.6147937089791067
Wrong 0.9974823286641045,5.114805969053604e-05,4.039025936049205e-06,2.607613577552956e-05,0.0003512349096815194
Wrong 0.9995053509192148,6.290348439532746e-05,5.471969234554593e-06,1.6040336130157398e-05,2.7918670287616323e-06
Wrong 0.09095276255889241,0.19043049626339975,0.7161347724898914,0.0013764741679921791
Wrong 0.562801409107707,0.051426730143166066,0.020523163579945127,0.0023586206527194233,0.007621915217386773,0.35311835321943663
Wrong 0.002856769894297585,0.6569332459483553,0.06476664796638583,0.014349769494594206,0.02837048882388951,0.014325321118261744,0.2152812857773071
Correct 0.004242997508349682,0.031629169459755,0.004231198469205022,0.649342867855416,7.805038330471227e-05,0.007945430463763965,0.30094670190351813
Wrong 0.0002822382459250149,0.9992419988281447
Wrong 0.44472611864968753,0.00538224879772839,0.011674488359323578,0.0291232574188113,0.4891707541349717,0.018913888225944347
Correct 0.0010877865885697297,0.0007923019411318935,4.913249153310855e-05,0.9968235385625487
Wrong 0.18704341935782218,0.21586665497678903,0.12035316702219982,0.4762366902087473
Wrong 3.098361628883048e-05,0.10832236896460873,0.0023853414482601387,0.00021067455680470247,0.8685824447998033,0.00015120787685105614,0.018946974825742455,0.0007575939514157524
Wrong 0.0004112513389847594,0.17205081667832262,0.0073013479294737164,0.0012403763963279716,0.8009981432150881,0.017222372734753476
Correct 0.00017048793946811846,0.0009233082628201216,0.0017538533454777262,0.008338741277176313,0.9875466409306961
Wrong 3.9961502691443057e-05,0.00027917227320847207,0.0002279407115241827,0.014533150465841575,0.3767487346780316,0.5954090682494908,0.007813103647691803
Wrong 0.0030862083893127136,0.08017644584111568,0.7316140340263091,0.002183779909971662,0.1818486556877798
Correct 1.955589074578064e-05,7.40551849589132e-05,0.9975291832052119
Wrong 0.9540989230357476,0.042949743612968175,0.0022506608382501137,7.035167254919454e-05
Wrong 0.0010638232715774528,0.0043842732603268575,0.8484833477636222,0.006273860525596762,0.055655698921934865,0.001647143999859289,0.0013807468921878938,0.04584728027149011,0.03513590629575338
Wrong 0.0004122368892257375,0.5754712952479156,2.5414085256029617e-05,0.0003039923564897402,0.03722243902343718,0.3851413612529281,7.604357703189297e-05,6.68373835484183e-05
Wrong 0.6932560968044016,0.30358932362638374,0.0001635329596286944,0.00011461429766396914,0.000607595009949129
Wrong 1.1345061713932718e-05,2.6742647024414748e-05,0.00010596083640496167,6.370325441294949e-06,8.564549717138508e-06,5.775377128801724e-06,0.9991156146994032,0.00012633568840442894,1.3589474482159605e-05,2.0618457111985274e-06,3.5051259876795485e-05
Correct 0.00010232986419442791,0.00013404593744605482,4.253764965302654e-05,0.9981476865539679
Correct 0.0023060204246443845,0.05479261811677981,0.9399074706893826
Wrong 0.014211354801547385,0.0436938027691476,0.22007167285101,0.6599754444715092,0.06161649304763358
Correct 0.9991592808025853,5.982063396115417e-06,2.5844650896117936e-06,1.2317901994606025e-06
Correct 9.415305011916852e-06,6.151164816678426e-05,0.0001942688565133573,0.9966608088408441,0.0025259362320709067,3.5053363015481605e-05
Wrong 1.3047147897463874e-05,3.497377720488639e-05,0.00021527742775210903,0.00014802120758094278,9.108476513594356e-05,0.002250730609817553,0.9967438244757613
Wrong 0.004468366827917188,0.48690390290548874,0.07682251636207839,0.34980255928525517,0.08055861684274068
Wrong 0.017472763183487575,0.6128084938074313,0.36663796104043384
Correct 8.390840136781481e-07,4.111107533057365e-05,1.063401215341548e-05,0.007837312474561998,0.05125006974943296,0.9401879940913145,1.9837529203038267e-05,3.4412733334389186e-06
Correct 0.9970782808533425,0.00030993343789738814
Wrong 0.006109461768137552,0.042333882874013594,0.013582927577562916,0.17939941324768452,0.7572846594250439,0.0003213193723529744
Wrong 0.09811635585082519,0.09385445947781908,0.010647097065411466,0.247032221362947,0.02083860506078855,0.0745053011315435,0.05214052507730326,0.11243882309036093,0.18338977007922175,0.022033347011467995,0.08367929530569833
Wrong 0.0033781704601958005,0.8145906759526328,0.1790039511359142,0.00015483384248477335,0.002513839533520038
Wrong 1.855537771769554e-06,1.208308520863897e-05,2.865671083923518e-06,5.801743976530799e-06,0.9984433808902581,7.14314721015668e-05,3.0753341375231247e-06
Wrong 0.015117466224774813,0.8852510162588405,0.09012584568082195,0.00011711010468587363,0.009105141727735414
Wrong 4.461698655414676e-06,0.0001180555832398135,0.9980180182249833,0.00022207397741549166,8.087684438698778e-05
Wrong 0.8989560080713467,0.04682134454547052,0.01626419846520958,0.029633894153337274,0.0010407034502597221,0.002070061421340293
Wrong 0.998451820268602,1.3199481624688505e-05,8.65180576368552e-06,5.748468997001015e-06,1.6827335058588805e-06,3.1493294525297973e-06,0.000816954872702547,4.839737859320149e-06,3.8016894421246405e-06
Wrong 0.05920103228485688,0.70906709049114,0.11878734515402611,0.0027379152660044555,0.04693962863844066,0.009570819930682985,0.04799259263917465
Wrong 0.0001737044962335717,0.08889292708287343,0.41819824021291857,0.0010795068095176376,0.022509930760775787,0.4683204945642402
Correct 0.9945336581173797,0.004053755676643383,0.0005000154300091217,9.617731874237148e-05
Wrong 4.390497550744285e-06,0.0009861550146986725,4.603461244329961e-05,0.9977447634758154,8.419197079433847e-05
Correct 0.002316114226249289,0.0007965516376649682,0.0036114403402223616,0.9909006861165236
Wrong 0.9108651015675896,0.08831856008249796,0.0003148749443589158,0.00013640011083253513,2.8694818258036855e-05
Wrong 2.0575243021013658e-05,0.006822096838879642,0.02523914794502452,0.0003876686414897819,0.0002498826875585385,0.0006429688369414236,0.9659744001506673,0.0005656717471670392
Wrong 0.03051883026912722,0.00022203600601200115,0.0003581667134252632,0.9676879977834952,7.444938942571412e-05
Wrong 0.0035466009962609873,0.4258401831613331,0.012291731234841573,0.5132382380271726,0.04415435128221533
Wrong 7.947023570933802e-05,0.17329862786119005,0.8238477710592894
Wrong 0.00653731596929207,0.011973569500278305,0.0064541948192045045,0.5881518594836795,0.005014151822438143,0.011182860335670387,0.3700050221713145
Wrong 0.07751855902509192,0.010644704931467186,0.9094842940019053,0.0002733239052381888,0.0016865774179664853
Wrong 0.08835926665305753,0.026327017124103236,0.07864414468440128,0.6093772408161667,0.0010745309910488142,0.0008809981781186349,0.06275070913988977,0.12786623507148626
Wrong 0.012070863565434494,0.12050048514017359,0.4379475169939113,0.2195055636199957,0.09135757287792129,0.11790165903430838
Wrong 0.002623191166215312,0.008417523627358392,0.0229756205801415,0.9440810107936181,0.02175624143684013
Wrong 5.890933446395071e-05,0.9925383622765092,0.006151940613669775,0.00045236960594901535
Correct 0.9930398472450823,0.00011622309280845004,0.0010652585918982745,0.005095099925686336
Wrong 0.00018764531488520416,0.005004254641911721,0.000712697850112654,0.008896004816953216,4.8629413212007686e-05,0.9003778413832472,0.0844982884376405,1.6994802431149634e-05,2.26655592333963e-05
Wrong 0.9867318858431278,0.004796916324079028,0.007206559687659084,0.00045602177381297776
Wrong 0.016696719766838213,0.003961319904633709,0.9788974663308501,0.0001049303249471452
Wrong 0.008712328390667112,0.00020401929199264247,0.0005875800887266524,0.00036036768518454533,0.9879885098582719,5.189023166781341e-05
Correct 0.0004968430383291199,0.0014329652217070687,0.004204512187565325,0.9933338192232435
Wrong 0.0011530721082173,0.8997756990471981,0.015709373603174814,0.014517659123096618,0.01669376470896982,0.019100151729657122,0.03285087165515658
Wrong 2.2197852677568002e-05,0.0016159009727495864,3.1844655252384465e-05,0.682994808817678,0.31367627381680346
Wrong 9.086297095550726e-05,0.016315022007919608,0.9819913561084165,0.0007931763323110476
Wrong 5.06488516392226e-05,0.999370204144717,4.4065124898308105e-06,1.68410196785576e-05,0.00014561389413545974
Wrong 1.7939440178973226e-06,8.264725827151118e-06,0.9970539851434677,5.883639646779373e-06,1.730792619195047e-05,4.474414736187874e-06,0.00014149728901062913,1.6410174814401057e-05,1.762022795945357e-05,0.001206090671304957
Wrong 0.00016218984923873573,0.719239669163126,0.0015180980659807025,0.2620676244336325,0.015452796326638873
Correct 9.047291805980077e-05,0.006258481469836823,0.9868225450129543,0.0002553064422491886,0.005561049664271052
Correct 0.015183195832843244,0.4518995311833229,0.42665766867582333,0.0002639404627863592,0.10572832992724229,8.128833765322633e-05
Correct 6.90798957358309e-07,4.166105047537195e-06,1.7319735834326764e-06,1.3512937474254864e-05,1.1196582053867981e-05,0.0003195895633358711,8.173894391197485e-05,9.701015375952914e-06,4.398649073231638e-05,0.9989402440383959
Wrong 9.014439233083522e-07,5.51955122941078e-06,2.0751936299554905e-05,0.9983800488396527
Wrong 0.00010789921078993618,0.004741269273036297,0.0017686035475014785,0.00021834329196148357,0.0004433208871093977,0.9865184817765773,0.0012663747348089867,0.00019445865270465131
Wrong 0.8109380621321999,0.00023683070428364575,0.18511844787467388,0.0009962104774143524
Wrong 9.418505884022209e-05,0.00048223066514215717,0.005348868691326972,0.00037833178849437394,0.9922489502188706,0.00043193752423716325
Wrong 0.00016236721965923068,0.0001665924745533432,0.0003251704667716288,0.0036827397740089394,0.9932544356532679,3.887141151583062e-05
Wrong 0.02916262078066881,0.7634873674804611,0.012416742691972498,0.011130252806292897,0.025898075967633903,0.012209349112744057,0.14489155687307634
Wrong 0.018999602900647977,0.3363074525699126,0.6437669804203934
Wrong 0.0025242961691562637,0.1265615408726711,0.5289747393316497,0.31304212901731676,0.008760003276537025,0.009328018183778401,0.008889693562148287,0.0007283088902232971
Correct 7.092475724324473e-05,0.8093392135424422,0.002947195024845566,0.17585742455465977,0.007461491140166077
Wrong 0.0003006706735486732,0.3776387039862379,0.40446155106207166,0.21708892863776263
Wrong 5.183546450532339e-05,0.9906263966995091,0.0025938396778245345,0.0014855388657364452
Wrong 0.6353565128992343,0.0023056537965445724,0.3542238928827735,0.004557977429562983
Wrong 6.535877127012337e-06,0.9943110820285386,0.0028656284459718543,0.0019097758496778162,0.0002775359732072944,1.4489895696018502e-05,0.00016157922149533132
Wrong 6.34883584734249e-05,3.536747307166692e-05,0.9966316742799252,1.5992479139750322e-05,1.3763987199885659e-05
Wrong 1.5237989987227803e-06,9.303898984674938e-06,3.187011226319931e-06,0.9993194896522671,1.3852885606395339e-05
Correct 0.9991018030206122,7.985277693562473e-06
Wrong 0.004523863018648521,0.6868153913321742,0.0001408866347274345,0.00041046947186918707,0.2574742406996903,0.04908408162027271
Correct 0.020242310215387735,0.0012559914729647248,0.0006249161982611076,0.0009157657110213956,0.00018145751659586127,0.9737195170358932
Wrong 0.006110047082611052,0.0525593117210985,0.007786155953536951,0.0014284693394242334,0.007900928458677311,0.9157136887811559,0.007202061316327793
Wrong 0.007901552656681039,0.0016788151537647149,0.9862317854345748,0.0031755907530261096
Wrong 1.9186531681520417e-05,0.0024712487235489136,0.00464135745765919,0.40027674844265204,0.5089765674170854,0.08113182322050914
Correct 0.9854897039335011,0.00032365562281147465,0.006583428636351996,0.004850650787717246
Correct 1.3818007750403923e-06,0.008340100602786525,0.9889191202757951,1.6847083537070934e-05,0.0012733729919580262
Wrong 0.007729714894896983,0.020530058468523342,0.43020166149949635,0.5358093883010687,0.005452325849323205
Wrong 2.2197553008579634e-05,3.1047415182202714e-05,0.9989589210990557,8.868303053259062e-05
Wrong 6.437198725486192e-05,0.0032832844529613724,0.9881056986670063
Correct 5.457323990398822e-06,0.044736104341061435,0.00010352369854702244,5.833729270904933e-05,0.9541477550682296
Wrong 6.76129579924515e-06,0.00017539254180436373,0.002243638052519285,0.9963242743793826,3.544132662296793e-05
Wrong 0.6404933565412997,0.0005320604219381921,0.35619526546615177,0.0006071026322868162
Wrong 8.793488970935346e-06,0.00025656000066176434,0.9969283786113903,2.8426208609157975e-05
Correct 0.0048345946026182186,0.002991106180393625,0.009052394234145205,0.9626841581299684,0.019989402917009208
Correct 1.7906336613516183e-06,7.289212809573975e-06,0.0005209502553208257,0.40004233498981817,3.411242058379831e-05,0.590345317143364,0.00648227078642726,7.396566935817757e-05
Wrong 7.848053646766466e-06,0.9972136318498163,0.0003506570071024233,0.0002951517284853876,0.00024274671095224395,0.0015576475136090994
Correct 0.9678081243501613,0.00017655272517442549,0.0005417483300840974,0.028653771614517116
Wrong 0.0005211182367602941,0.9979066524146211,0.00023160597819782948
Correct 0.0020081969485804493,0.0007970599997600633,0.0011294634297045346,0.9950398682831388,2.1805312896659547e-06
Correct 0.00029014609093045264,0.9172056939937953,0.08072443995916144
Correct 4.1154676174789025e-05,0.003292818151032286,0.3765961333769212,0.11105882090097231,0.5086557588368614
Wrong 0.7885882953218114,0.20901448984888438
Wrong 0.8961180611599199,0.005632037509956772,0.0036216483915721886,0.06493414347534215,0.02549574253930357
Wrong 0.9987343805726627,7.96572103724368e-05,2.2264345845888727e-05,1.2695524857792376e-05
Correct 0.017447725197608916,0.2570147764051116,0.5329946086343513,0.19014405688006392
Correct 6.651533735352182e-05,1.4203047552650829e-05,0.9956647564164215
Wrong 0.9897251348190345,0.002542224738532207,0.005512869560515265,2.8329496980437756e-05
Wrong 0.07054684653368723,0.7806684571219306,0.1208857009582443,0.027554445368813314
Wrong 0.08356161625769859,0.006940206846058617,0.003170737716591357,0.6781772191634985,0.22735163663286337
Correct 4.268380430327037e-05,0.00037325825695798984,0.0001226399170218917,0.9654986551690864,1.8132076605788816e-05,0.03349521118737452,0.00010803795039690798
Wrong 0.08411637687380727,0.11198474749960897,0.01232370050884394,0.0035115912382606847,0.013804310231081043,0.6999587319736248,0.05557388957434772
Wrong 0.00010479389935847726,0.998894332601132,0.0004007953540309301,0.00013025024452256606
Wrong 0.009503235114283809,0.543236000544006,0.24157410498965892,0.20139701903977286
Wrong 0.36346488105670083,0.051439593576880216,0.018925336483030734,0.04909879432412284,0.4809253251967337,0.025717576765799947,0.007858616545938956
Correct 5.582850889195336e-06,0.0010877216496488387,5.59938941053963e-06,1.6894144083779038e-05,0.00031379897000507464,0.9982975869518463
Correct 2.1889490831903285e-06,5.3218685078556314e-05,0.9960611720127934
Wrong 3.7624090798918715e-05,0.00015384607013598105,0.00010203363950327911,0.0004098845595439065,0.00012010418302113274,3.961356293438313e-05,0.9982716926462329
Correct 0.0006564707629124174,0.9945084231404961,4.720730077016808e-05,0.0003268719676421154,0.001383786772180039,0.000206063950094182
Wrong 0.018246299256173912,0.01869821526594706,0.22557937193435357,0.7371098851573032
Correct 0.015464487697035146,0.3981487499219202,0.08762028884825132,0.49211812492311013,0.003639558121117076,0.0021933263636176336
Correct 0.0051765591509512895,0.13821606912317352,0.11712337647411074,0.48662080192930285,0.25121098883063714
Wrong 8.62812794933429e-06,0.9981090910252479,0.00010725643520980171,5.183634571571023e-05,0.00044316783483307534
Wrong 0.004113903271746298,0.003740704186944002,0.18387205803466666,0.02400352942671292,0.7819702598831331
Correct 0.9990619431206961,0.00020273963263748427,3.492306705327415e-05,0.00021572394501454692
Wrong 0.4149768099297982,0.14019158886662506,0.00015640488442528864,0.0002799414734601662,0.444094966902921
Wrong 0.0016720564548954916,0.9786054607276294,0.00618834063570219,0.0006231202750156808,0.002822797117464245,0.009660398297330479
Wrong 0.00010178691484275261,0.9993990116658779,1.8964893470545206e-05,2.32093811757544e-05,7.167769117403654e-05
Wrong 0.3940695509536039,0.005989523016452231,0.5210386790318835,0.0026736224586635677,0.07476338643516944
Wrong 0.0010311557690057043,0.0889701107432932,0.8380001412030572,0.07151745022277159
Correct 7.649945762654872e-06,3.305429650382923e-05,0.0029779563568969134,0.9950597002223682,0.0016636554821440656
Wrong 9.481982937064398e-05,0.003250559966816492,0.00041498976528564,0.0007537978721245313,0.957078841413882,0.0010166314672574663,0.035561588441519826,0.0004293978841451264,0.0008973864174354442
Wrong 0.010583924347632178,0.030932758840411776,0.8724643808321795,0.008754989609960205,0.0035401293958658613,0.014263757491542906,0.058332195478490424
Wrong 0.014831173438025211,0.0217074122156873,0.43901587712026147,0.48609088324631944,0.03738812269497271
Wrong 1.0105972219599786e-05,0.999077652424261,7.5841114857522e-05
Wrong 9.01552920783302e-06,0.00012541065064485988,0.21861333571495495,0.00011302472023901323,0.001083068567943765,0.0005254886323215948,0.7791929690403715
Wrong 4.348719634899184e-05,8.280169713364197e-05,0.9915193453673203
Wrong 0.9993010330912573,3.8496008398750444e-05
Wrong 0.4152586914764044,0.007168711841466072,0.00042738030375871484,0.5763613680021143
Wrong 0.005860951010964996,0.008394431580804345,0.023003007746865502,0.03900001298124929,0.04050914612980203,0.03451145434665471,0.8475103901827734
Wrong 0.4320994538450654,0.0048682473194575126,0.055770384177467436,0.506382265246813
Wrong 0.0007178398958948821,0.3634311530807411,0.17058547299206991,0.462484886685654,0.002505426248096344
Wrong 0.07272781993751903,0.7932448982439695,0.030967122556038815,0.00142764649247583,0.09935179924323338
Wrong 0.9982772819850874,0.00012424191071703868,0.0008725121312263468,3.3447085440630353e-06
Wrong 0.0009257790117659743,0.003226894691517365,0.0441502142133249,0.9455228784302595,0.005622819783894072
Correct 0.9862440764247888,0.01250006543359478
Wrong 0.9651021030218283,0.004804765697382976,0.028009775632679083
Wrong 0.00024678649200195196,0.9891392752072157,0.009570852471526068
Correct 0.00044524302556712703,0.9984829597706322,0.0004462853554989261
Correct 0.0047004435611799475,0.08738229423211201,0.01630477612966154,0.8875893115174304
Wrong 1.340507881185134e-06,1.4207238069749735e-05,1.6574867763393156e-05,2.4219511241440163e-05,1.9100348060784594e-05,0.9982056456820698,0.0003026559125151359,0.00012344572156540855
Wrong 0.710347693258654,0.14077076384011875,0.004378340095730183,0.0006965141145374973,0.0007743205676723512,0.14275213133707984
Wrong 0.8028329171285614,0.03606054311121313,0.007021053506872953,0.12834341217727357,0.005983656757491383,0.01732564855456329
Correct 0.0006557414354476687,0.0024749922853416952,0.00014779350425148233,0.00023244126232867062,0.9905807685078989
Wrong 0.0007535870643425406,0.0002122121661533981,0.0008159166115092356,0.9972098351655833
Correct 0.000810282990764126,0.9989028874684979
Correct 0.009897461191820106,0.0040749927965853085,0.0011761884449955269,0.04418069720964684,0.0006533588755123847,0.444947166869659,0.49026222890227794,0.001995199966158419,0.0014013264873259954
Wrong 0.059499403005612905,0.2662080854210124,0.22503631270492114,0.007851583875190199,0.2566351121591216,0.003654021270092089,0.18037843832083678
Wrong 0.008992080800953602,0.252452037198232,0.001870602701080678,0.00016729647836729659,0.009176136715665369,0.7083933928360504,0.01804942771944096
Wrong 8.800516957861198e-05,0.9977739561187142,0.0007954886325345265,0.0005466307659572841
Correct 0.0015416814616283562,0.06728811198899198,0.9286445491643975,0.0009572480544936535,0.0009702976285247074
Wrong 3.621674416787909e-05,0.001102169245208071,0.00021966278126555843,0.996832428374188,0.0009201981782293255,0.0002391499014314706
Wrong 4.1309093236847895e-06,2.252222615993097e-06,2.1261664256362972e-06,6.563050814044962e-06,5.785001141488408e-06,8.979197903162416e-06,0.9971510449967027,1.5721332656026186e-05,5.381846645644628e-06,2.8512216682612133e-06
Wrong 4.4661487718703014e-05,0.006313765684523658,0.011388547884920698,0.006424603899400766,0.7701800502309177,0.18608271496641443,0.004668852289152467,0.014619479897788041
Wrong 0.0001232260604016298,0.0035080112413064897,0.00011638207841822559,4.062975004357213e-05,0.9945975653231307
Wrong 0.13576997303200042,0.6678334786365505,0.008172756778801776,0.0031408871095436382,0.18368625732207972
Correct 0.9885075169497745,0.0016544891309677148,8.082501894156549e-05,0.0006530585954619691,0.008315205103123766
Wrong 6.362195727633368e-06,1.92104337894387e-05,3.712136047464826e-05,9.252321240577588e-05,6.281221481373698e-05,0.9980594434193621
Wrong 0.0006857600999008811,0.0012706506333157572,0.995130880781601
Wrong 0.009507756878644056,0.23727907475039597,0.015569265006479606,0.07588481351816327,0.034616923430794186,0.028028879209374715,0.14449408594261223,0.30426294523497605,0.13614309190552176
Wrong 0.8523946629337505,0.030226036205758457,0.06367125335330652,0.03347147149935653,0.01967682562324646
Correct 0.9792866975292506,0.0020832348021257896,0.01713890934472815,1.3642222212688255e-05
Correct 0.0013989566083079479,0.0024146457258724884,0.9893269881287852,0.006263281687508048
Correct 0.6859632322471503,0.3047661554148759,0.0006904424044240551,0.00027369724711670264,0.007852816670630512
Wrong 9.93629841011505e-06,7.217116273158257e-05,0.006732743944967073,3.653835599329133e-05,0.9919246621446135
Correct 0.00073987522562742,0.9981695429337065,0.0002026397066323784
Wrong 0.9983136265283683,5.825964458170296e-06,0.0001491855089368047,0.0007466933244740592
Wrong 0.8413687912233622,0.032537402669467606,0.04505427521934205,0.07798055330341389
Wrong 0.05510251056875596,0.00924291931542761,0.007388449327037463,0.1126056710477443,0.815317019820557
Wrong 0.02247516403718321,0.9601209239547444,0.013386734835318102,0.00043376701491623263,0.0032085537132220295
Wrong 1.2813657034643554e-05,0.0001649457377948506,0.02650513211562472,0.9717116858673417,0.00013757669700062962
Wrong 0.0005663943448554423,0.005255495436655878,0.0045037180050321495,0.6970991122365937,0.29108562823269857
Wrong 4.798721196248719e-05,0.027358861470881665,0.005903241925974678,0.8937070161041047,0.07232751175488854
Wrong 0.00044765263258551244,0.003950816549660501,0.001984122555702102,0.0008893589817179922,0.980743855515043,0.010959857493112929
Correct 1.2945245242251222e-05,0.00046265838758244174,0.9985403543205146,3.120531890356938e-05
Wrong 1.2849444206126204e-05,0.1556067636492063,0.003691565707310023,0.8399548824133214
Wrong 0.16256049005281742,0.1679995799297767,0.01672312143589594,0.6509126330526237
Wrong 0.0040314224501636076,0.04578101927822104,0.9474397958919781,2.0148957658827995e-05,0.0007737384974912797
Correct 0.09272582113974692,0.0037277341365684947,0.9005968885356429,0.0014299345571332771
Wrong 5.5348278575882264e-05,0.00010390858871432582,5.833717603458057e-05,0.9991608291409729
Wrong 0.002337055208597304,0.0003776649995002662,0.9904036952406017,0.0022525756142743334,0.0014529218225576804,0.0001375493219618334,0.0018799945520316195
Wrong 0.12589450306562272,0.011777751421570228,0.8588376016442365,0.00046180584690707716
Wrong 5.246622126061243e-05,0.0005373932082650394,0.004563906196991223,0.0004387564861700101,0.9925450546874869
Wrong 0.3149813966986582,0.004116207702758937,0.5248691424160226,0.018846489798782166,0.002283362823632564,0.0003625574911386674,0.017034152152851693,0.11312854957451868
Wrong 0.37974987373552127,0.08315166911523941,0.39715624956304596,0.001379122984939598,0.00013652374533092005,0.13408377336575591,0.0011660834781568824
Wrong 0.344535481375098,0.024986834820504875,0.03967839285626528,0.038780540176882844,0.3322275676987304,0.21936420367283932
Wrong 4.751239626336157e-06,0.0017743519878132587,0.004938452282547603,0.9821914208907501,0.006195554253659364,2.5550823778866828e-05,0.00045186233188510716,0.003791371318003738
Wrong 0.002096705448938468,0.00810308277664806,0.0005258521859620662,0.9760856053654091,0.003367040871598439,0.003983875060770088,0.0016207650307579822,0.0034301715653593363
Wrong 0.007959293813168953,0.009148570878824062,0.07559639364824647,0.005115250025154783,0.01751138917040601,0.8837679241972012
Wrong 0.0014795297177189284,0.9442095939421488,0.01472141562689658,5.047062873959914e-05,0.03914173460637207
Wrong 0.0008240057911375071,0.03098913871255392,0.3526862244207709,0.0047463769468853575,0.597981333740175,0.01042748677682445
Correct 9.134491817042581e-06,0.00034200223015564194,5.272493839611624e-05,8.124916611557643e-05,0.9980149286653864,9.234768613629996e-06,9.076044454834565e-05,0.0007758303366682549
Wrong 0.9322856312043162,0.0620943423293909,0.004526283932900317,0.0003717250834080317
Correct 0.0006009559022987578,0.0017777726828136571,0.053880718087250916,0.0008993928800429058,0.0067202192398606395,0.9155725790180699,0.018628954781409357
Wrong 0.00027361241411989014,0.0002473668748644665,1.5386854761085023e-05,0.0007507979377443742,0.20828663396682737,1.1776270803747704e-05,2.897990207882441e-05,0.7893694316715979
Wrong 0.4846580443085517,0.000952383279194813,0.5077826232348503,0.003325412674314029
Wrong 2.9198947116157944e-06,3.326492564517123e-05,1.3524861142671937e-05,8.528525320057637e-05,0.9988832700075466,1.046286747193374e-05,0.00021402472761820166
Wrong 0.001329808675638074,0.004386408482755025,0.9914901594334308,0.0012593954181973242
Correct 0.8512702697963771,0.0009934989031491874,0.14558128333586953
Wrong 1.0838282667617061e-05,0.9953810964959771,0.001384179131344236,0.0002591128180967133,0.0008477438766887052,0.0007399728956032792
Wrong 1.2060753287015712e-06,7.886776253356156e-05,0.007983498939667669,7.344057368996652e-05,0.9906568153406612,0.0001558676980451851
Wrong 0.3288504469846602,0.6703688270002631,3.2230962471043844e-05,8.717143098878507e-06,7.99268347803518e-06,1.2457757957517755e-05
Wrong 0.001860278632605913,0.07497212508979165,0.6614996000751652,0.11089232428064492,0.15032633219454705
Wrong 2.3778042194762334e-05,0.0016818363786784622,0.9763788381881239,0.016803976905858588,0.0035950251212615823
Correct 0.00010566466670671625,0.00025732414582437126,0.998213607102587
Wrong 0.009862993066414834,0.0031752782902694293,0.18695199618031486,0.0004445860204104208,0.7964650420890783
Wrong 6.488137814052403e-06,0.00419432440377669,0.0025402291131299084,0.9913220149786315
Wrong 5.766397093610587e-05,0.9928175964356573,3.493850646076945e-05,0.006577454253974311,0.00010789726862162164,2.8269671681442098e-05
Correct 3.6746704859960536e-05,0.12964653411254817,0.0014890931030529318,0.6792720560645413,0.00467975743745226,0.011429220514015345,0.16216036921253402,0.011031278955398752
Wrong 0.015365677356366196,0.005462323665482521,0.0016514600558729226,0.9145205500986789,0.06205267859073425
Wrong 0.011160371880039195,0.2792338991975992,0.04010664691208141,0.006124764330161013,0.6465073771050396,0.01580371089111144
Wrong 0.018719693143014995,7.26869277833842e-05,0.013002586236988372,0.8031186078720878,0.16333377050302889
Correct 0.027602718906661772,0.965567787347699,0.0060658499879506535
Wrong 0.12187384824575757,0.8717829819133492,0.0038505549431186153,0.0001681967723445254
Wrong 0.011316240190791587,0.0014373928890990732,0.9734993956220684,0.010501905101904224
Wrong 0.00015890706873181577,0.003365462099680613,0.028277258046267347,0.03966310771636908,0.871112516191733,0.05550596980279599
Wrong 0.0016698023714589471,0.12383846057195502,0.8255106123841376,0.04834364031824973
Correct 0.9607009477948505,0.003697758328868793,0.0002939129273404298,0.03001330486905312
Correct 5.568757533038359e-05,9.310198991099042e-05,8.666200547881149e-05,0.999276985740863,1.389603514338238e-05
Wrong 7.475612516783313e-06,0.0009494550210778668,0.005063213085873404,0.895366542370245,8.85068152890151e-05,0.0015102751895873928,0.09564758803353174
Correct 0.9943205165940002,0.0012162612193061585,0.00031779564739704196,0.0031558850479448137,6.123669234391296e-05,9.859164857437351e-05
Wrong 0.0016986558791150666,0.007995303277658307,0.46786380049672904,0.5012194248636763,0.01761465593289341,0.0024237726655796936
Correct 0.9974800768502893,0.001448504983942002,3.0058802843441097e-05,1.3635661881690056e-05
