grade confidence_levels
Correct 0.999998927116394,2.041057598489715e-07
Wrong 0.9999996423721313,3.9542297421721415e-15,1.6980130409377514e-12
Correct 0.9999999403953552,7.579528331126991e-19,2.3311249989667253e-17,5.5211940151362696e-18,8.56855485417796e-17,5.776279641563127e-17
Correct 1.0,3.563762498987217e-18,4.534643331405991e-13
Correct 1.9095632193544265e-12,4.831625485393279e-17,0.9999617338180542,2.985893089081906e-18
Wrong 6.717411906720372e-07,1.4903871661657055e-14,1.661791736932549e-14,6.421861604771414e-14,0.0005648129736073315,1.6038105088780896e-12,4.7065241718584165e-15,0.9444587826728821,3.3303726443278947e-10,8.420697472644179e-11
Correct 1.5312999132599536e-11,0.9998568296432495,2.2540736638321235e-11,2.2496373253827473e-12
Wrong 9.571257675311529e-11,0.9622333645820618,1.1750254103048974e-09,3.6686781390571355e-10,3.7486277970621984e-11,6.709008459893084e-09,0.00019890528346877545
Wrong 0.9999998211860657,4.6915896945165514e-08,1.0060512705301495e-14,3.464277129050508e-11,9.564327581063504e-16
Correct 2.235594439418568e-16,2.794099786930487e-19,0.9999988079071045,3.035010246674692e-18
Correct 9.19632534186754e-13,0.9999867081642151,2.0562616279834467e-12,2.7347323624388187e-12
Correct 0.9982404708862305,3.0391763630177593e-06
Wrong 8.586808486477082e-10,0.9994050860404968,4.1918302596394286e-13
Wrong 8.056040237030063e-14,6.6150833725672764e-15,2.5597999739855604e-13,0.9984735250473022,2.6629409313354063e-15,3.941162310784965e-14,6.276639763491687e-10
Correct 0.8079482913017273,8.597178416218376e-14,0.19190458953380585,1.4836802576453922e-12,3.2285202289372705e-10
Correct 3.152932775973838e-11,3.472261369097396e-06,1.5615358961440506e-07,9.472301008882703e-14,4.9493493748916165e-14,0.9762929677963257
Wrong 9.542620205138519e-08,0.9991702437400818,3.529755480957686e-12
Correct 0.9999997019767761,1.295655477438068e-16,9.414897416640689e-15,9.999049407227767e-18,8.908867546094117e-18,2.352584049289821e-17
Correct 1.0,6.972077081360406e-17
Correct 1.2840516681617703e-13,0.999987781047821,2.933185649662412e-14,1.449307592883177e-14,7.336742632254613e-16
Correct 8.324754324469733e-14,0.9999290704727173,2.529157032459331e-14,4.118423267349125e-15
Correct 4.789467975864492e-13,6.77949950859071e-17,3.677970846397658e-16,1.0498982698579473e-14,0.9999998807907104
Correct 0.9999998211860657,1.7085547901180795e-17,1.0220261822134455e-16,1.498083778686535e-16,2.117032954772893e-17,3.972978834809737e-09,7.145327082809432e-17,8.99747619210198e-16
Correct 6.968690490112561e-13,0.9999613761901855,3.2409920016837623e-13
Wrong 7.359977021283506e-14,0.9999881982803345,2.9800829772635984e-12,1.2925350567627447e-08,1.7279539886623507e-13,4.735020361912312e-11,5.019704812404824e-13
Wrong 0.9999999403953552,1.3537522761501584e-16,1.1400000951913847e-12,3.892851193715253e-15
Wrong 1.0,1.8444177581638423e-18,1.570902407068599e-16,8.58741653090786e-14,2.5893039228704224e-20
Correct 1.0867985622553533e-08,0.005118255037814379,5.942755176846504e-10,1.4820887572764008e-11,4.6290277166960436e-10,0.004048894625157118
Correct 2.6091097598407442e-12,4.573628937598953e-15,0.9998549222946167,2.9101798960018063e-14,1.0029993472937212e-15
Wrong 5.088662781080333e-13,0.9999786019325256,4.1460914562696516e-11,1.24824475733476e-06,9.117012869750297e-15
Correct 0.0002900681574828923,4.247123147420838e-15,0.9952419996261597,7.13963054801113e-14,1.263209880393492e-15
Wrong 7.3185346671778e-12,2.250715889703936e-12,2.193138791233007e-13,2.1848352933697551e-13,0.9999997615814209,3.2351332984043024e-12,1.1207380238697356e-13,3.363822892107904e-12
Wrong 2.0842459973625244e-13,9.229819447116204e-16,0.9999378323554993
Correct 0.9999996423721313,4.092007431090305e-19,8.188025964368456e-18,1.656288555933304e-18,7.861692459368323e-18
Correct 0.9999579191207886,3.366195377996206e-10,9.776824327900613e-08,9.93077833300049e-08,2.088371589916739e-15
Correct 0.9999999403953552,8.009742072583677e-18
Correct 5.06432588736061e-05,0.9999310970306396,8.240971923964557e-14
Wrong 0.9999998211860657,9.658675007637914e-17,6.210398982456431e-16,3.454605015658698e-17,3.106517487729033e-17
Correct 2.583734550094807e-13,7.474286489207727e-15,1.372206791553851e-13,0.9999999403953552,2.9216449951626616e-14,3.565678703904354e-14,2.031685773394229e-14
Wrong 4.2469679328860366e-07,0.9999960064888,8.373075995569967e-13,4.965213520335965e-07
Wrong 6.3583951472045985e-12,1.6587825947891877e-12,9.018588827125473e-13,8.862509684459674e-12,0.9999997019767761
Correct 2.966762808609137e-16,2.49342709957249e-17,6.341674133855373e-17,0.9999997615814209
Correct 1.6525728008254248e-10,1.094284645536403e-11,5.281946061086451e-11,2.1054320786806358e-10,2.037586597225527e-07,2.486027383952205e-09,0.9999195337295532
Correct 1.0,2.0581668119166794e-18,1.1109405376320973e-17,9.728373990514184e-19,2.6439178054935486e-18
Wrong 0.9999986290931702,1.0233014564899859e-15,5.599654312286872e-13
Correct 1.0,1.0056328355924614e-18,4.912730213581858e-17,9.862674290305742e-17
Correct 7.077040776320986e-12,6.867616420208958e-14,1.0139339454845464e-12,7.139146045165301e-13,2.3681304787688366e-15,1.7236675953734293e-13,0.9937811493873596
Wrong 2.2716159194576674e-13,0.9999882578849792,2.1249486748648426e-14,2.0851676288402565e-11,2.476433805470666e-14
Wrong 8.388783916644937e-14,6.19970625028853e-16,0.9999982714653015,1.7657653767974568e-12,1.9393499393199898e-12
Correct 4.302302437919625e-12,1.1763218437516043e-12,2.3171286937795355e-13,2.529218588037674e-12,0.9999902844429016
Wrong 0.9978139400482178,6.3715666076547e-10,1.3278741439748387e-09,8.671880921684583e-12,0.0021827099844813347,1.784159962880949e-06,3.140099874457229e-14,2.6147439768919867e-10
Correct 0.9999959468841553,1.4144551305431542e-15,1.496525444527868e-14,1.204673974507589e-15,5.93221801010595e-16
Correct 2.4898475886299745e-14,4.995098024096478e-08,0.9999938607215881,4.075849697354229e-15,7.248401436899844e-15,7.905818541493863e-16
Correct 5.478307876748947e-16,1.7255599691509447e-17,1.0
Correct 0.9999976754188538,3.8361407497098017e-16,1.6323834729818848e-15
Correct 0.999968945980072,1.8076946189937715e-12,4.0016373461376764e-13,8.901988479692591e-08
Wrong 0.9999963641166687,3.97767830083477e-17,2.422292137108529e-14,5.5391586784026e-07
Wrong 1.1703869644275056e-11,7.77452748175738e-15,3.0319507077518e-14,0.9995988607406616,7.862374962783018e-15,7.146665664857846e-14
Wrong 2.1544672648568866e-14,3.5878210768818235e-15,0.9999989867210388,5.805006253467582e-07
Correct 3.1100681519057385e-14,5.667044287451743e-16,0.9999994039535522
Wrong 0.7371581196784973,7.43012602945593e-17,0.2628418207168579
Correct 5.480992396056372e-12,1.1294924143114699e-13,0.999941349029541,7.851295134864156e-12,9.720992011352791e-07
Wrong 1.3697450292060598e-12,0.9999672174453735,9.32554380939088e-12,5.209159790802928e-14
Correct 0.9999988675117493,8.188616789084335e-07,1.146603292997636e-13,2.2980600170204035e-13
Wrong 4.565963536151685e-06,2.9280641496501336e-15,2.927776565023882e-13,0.9999942779541016
Wrong 0.8354600667953491,0.16452354192733765
Wrong 0.9999857544898987,8.031427967125637e-09,2.8664468802036547e-12
Wrong 0.9999998211860657,2.1577720962494973e-17,1.6662833461875576e-16,7.225664187389562e-17,3.810184814704623e-17,2.69779173137327e-16,4.8464730465163605e-17
Wrong 3.5187346092424576e-11,2.1567791463894537e-06,0.999976396560669,1.3484692962945077e-12,3.4094326347615736e-14
Correct 8.722384793602433e-14,1.8988485503037406e-16,0.999998152256012,5.136715370989049e-16
Correct 7.285639546359985e-16,6.051135132784186e-18,1.0
Correct 5.566192648400088e-14,1.7688739915255284e-16,3.0799655326965627e-15,0.9999953508377075
Wrong 6.434868193849752e-10,0.9999428391456604
Wrong 0.9999914765357971,1.6765786346147396e-17,1.7794983151950272e-12,7.973018810924701e-14,1.4106552731485422e-11
Correct 0.7826053500175476,0.21732228994369507,2.942909045795805e-13,4.258823338432194e-08,3.789925679195541e-15,5.391791874087559e-11
Wrong 0.000998853356577456,0.016375521197915077,2.8550094580137575e-11,6.7115783417004415e-12
Wrong 5.229236835213591e-11,0.00495414063334465,6.604282225264324e-12
Correct 1.058080523425129e-14,7.66256775205027e-17,5.620163528450279e-17,2.968280718120396e-17,3.789149777163522e-18,0.9999284744262695
Correct 3.841631440043569e-12,0.9999857544898987,1.455232554467903e-13,3.7755985404092085e-13,2.7151193890840447e-14,1.1050652580502085e-12
Wrong 1.0664365881530875e-14,1.2941063335868787e-16,0.999998927116394,2.1666499279790084e-15
Wrong 1.8643633932133828e-14,9.076998292168175e-17,0.9999998807907104,4.1565455203875217e-17
Wrong 1.0,9.711034534560896e-15
Correct 7.42759187488673e-11,1.8008290442617786e-13,2.6673463242830875e-13,4.759748910114492e-13,1.402776419329177e-11,0.8729989528656006,1.235635129371443e-13
Correct 1.3881386639049103e-15,1.0712595090514587e-16,0.9999997615814209,3.2666781831650204e-17
Correct 0.9999989867210388,2.4881473711586865e-16,8.082721266648805e-15,5.979434802959457e-16,3.404861536758421e-15,2.0718207355339795e-14
Wrong 1.0,6.2702755429744906e-18,1.697315721699199e-16,2.892219475562675e-17
Correct 1.4899397687839766e-11,1.1290883158987519e-11,1.1625436941234413e-12,5.0692930755880106e-12,0.9999848008155823
Wrong 1.1049133613258433e-12,0.9999843239784241,3.9172276533605555e-12,4.351700206781106e-14,4.072106828166902e-14,3.2533486538435796e-13
Correct 5.822511526740182e-13,1.5605825017463875e-15,4.8067870383084344e-15,0.9999998807907104
Correct 3.586281594500189e-15,7.966455380256532e-17,0.9999997019767761
Wrong 0.9999994039535522,1.1525758631279536e-16,9.01817873612406e-16,2.1532263086495999e-16,6.686570200458461e-16
Wrong 0.0685100331902504,0.9312132000923157,8.207065249621337e-09,6.038851085854446e-10,6.882309305789036e-11,1.723423348476416e-10
Correct 0.9999996423721313,1.3322925082478813e-19,1.9473287457376365e-17,1.4814039628758114e-18
Wrong 2.0355403126948168e-11,0.9994932413101196,3.558401837078229e-11,2.0477515082911735e-12,2.879754811349611e-13,6.380258734534072e-12,5.6868048464719934e-11,3.179233374339674e-07,3.75945274910805e-09,1.942404743993098e-11
Correct 0.9999995827674866,4.473556335924712e-16,6.177871858490682e-17,5.723722984265284e-18
Correct 3.3166216677199675e-15,4.241843326362806e-16,8.961892337987828e-16,0.999999463558197
Wrong 4.370010863591345e-12,0.9999929666519165,3.5315267420468754e-13,1.3196085527468829e-14,1.2460594749148421e-15,7.5643392374522e-13,4.018672200567508e-11,7.593956388197987e-13
Correct 3.1283479279275994e-11,0.9995635747909546,3.736359745903917e-12
Correct 4.929694348045077e-13,7.23793244848496e-14,1.7324090643275531e-15,6.123372615169861e-14,1.8862632267767354e-13,0.985936164855957,1.4471080583833285e-11,2.733267442673465e-13,1.5015814369689906e-08,2.0634818655748503e-14,9.475393356766539e-16,2.3654093007224875e-13
Correct 9.338502668094877e-15,1.081240839422785e-15,4.332617200342089e-17,8.338154216288706e-15,2.6549326583355905e-15,0.999999463558197
Wrong 6.394779996331257e-13,4.095748618867601e-15,2.3891885648705258e-15,4.980275631998043e-13,1.0
Correct 0.9999998807907104,9.902944751247273e-17
Correct 6.778906320829836e-15,1.567106561264377e-15,0.9999958872795105,1.0362988197235785e-16,5.836231955281684e-18
Wrong 1.6663139756900591e-09,0.9905144572257996,3.2177028402857744e-11,3.957882355187792e-10,3.332880360584767e-10,0.008841653354465961,6.58902515882076e-11
Correct 2.9322208050201065e-16,2.2706835733519656e-17,1.0,1.497920691756964e-17
Wrong 6.406590617171956e-14,0.9999821186065674,3.6007966898975174e-14,1.036797211262765e-14
Correct 1.5215504637483557e-12,4.8101685828916274e-11,5.436208327567159e-14,0.9994401335716248,1.0849807651706206e-14,4.0564705999605877e-14,8.701897268894015e-15
Wrong 0.9999991655349731,4.173254816915277e-18,2.2594866911443253e-17
Correct 6.38479769055067e-10,1.2149082500927891e-15,0.9999153017997742,4.6616675092574916e-14,6.113541611970849e-14
Correct 2.3654821591084785e-12,0.9994547963142395,4.4391054387915574e-08,9.084704559805812e-13
Wrong 0.9999998807907104,8.047849767243292e-15,6.394856974685503e-13,6.4487877260432924e-09,2.8763632914288045e-14,1.0877186165311409e-16
Wrong 0.9999996423721313,1.6542245086944126e-16
Correct 4.2998661420409095e-16,2.037030858340847e-17,1.0,2.8949325866128184e-18
Correct 1.838769826843973e-15,2.6138890813063423e-17,1.0,3.471549714362254e-10
Wrong 0.9999999403953552,4.3979509856897936e-18,7.614470839025007e-17
Wrong 1.530809306355893e-13,5.1678164514606245e-14,1.5917882246682669e-13,5.539172889257316e-07,3.3296068945596127e-15,7.46499972947845e-10,5.597911999395688e-15,6.758262394157555e-09,0.9999994039535522,9.71583716258273e-11,8.340370494935856e-13,6.687600912500327e-14
Correct 0.031143292784690857,5.344488851477536e-09,0.9688392877578735
Correct 1.5552829857323758e-11,0.9999145865440369,1.633077787582815e-12,2.5589675777676346e-12
Wrong 7.534884717032286e-13,3.5377190780517317e-15,1.8680017808866663e-15,4.664447601498978e-07,0.9999988079071045
Correct 1.3286289686220698e-06,1.0528888043815233e-14,5.021384106044732e-15,1.0962917043350756e-14,1.5646050400370745e-14,0.9998860955238342,8.020382318355002e-13,1.1310023013619275e-12,1.9471411982774356e-10,4.0097482625900405e-12,5.514369986840944e-15
Wrong 2.8822750392995533e-13,1.0258474257711955e-15,2.568221683766931e-14,0.9999605417251587,8.210248853121518e-15,2.766077060597453e-14
Wrong 9.943620362870553e-13,0.9997848868370056,1.2838280514636952e-13,8.130322993625191e-14
Correct 1.6918805245680346e-10,0.9999863505363464,4.8562738032276176e-12,2.7671339612039825e-12
Correct 6.41180650240436e-11,0.9984291791915894,1.2800171513005498e-11,4.915708031599797e-12
Wrong 1.7999743202553632e-14,1.586998613869942e-17,0.9999999403953552
Correct 6.376898795679153e-07,0.9694871306419373,5.1915902132826375e-12,8.042668636111527e-14,5.791842266206215e-12,1.1883240051691057e-11
Wrong 2.4133668154180388e-12,2.7987671113506064e-14,1.4953493901025822e-13,2.859920958907247e-13,1.0,9.883656122266354e-14,5.631665923530593e-14
Correct 0.9999998807907104,1.0721271966986085e-18,7.726294573621968e-18
Correct 5.856564690674693e-14,0.999972403049469,6.992743600012447e-15
Correct 2.5182083057589456e-16,1.3509977641809612e-13,1.0,5.128539319291228e-17,5.10910411199994e-12,5.007193908663169e-18,3.4577661690876304e-17,1.2839501603951158e-17,1.3272055912508067e-14
Wrong 7.940990801123121e-14,4.2535384029097746e-17,4.9080041208071634e-05,0.9998165965080261,3.619971654997849e-17
Correct 5.229345602375535e-12,1.905666752600576e-14,0.9998229146003723,1.48364207340013e-14,1.8659836719502737e-16,2.4165695401652315e-15
Correct 2.0518875769488798e-13,9.020199968494446e-16,8.807132642260889e-15,0.9999651908874512,4.633363395105221e-14,1.8284463163377798e-14,1.3605453162745043e-14
Correct 1.4814825755049554e-10,3.2096606764812994e-15,0.999997615814209,9.19461040508121e-15,7.255451292119842e-16
Correct 6.396373009920353e-06,1.1663835695896463e-11,6.479621700306026e-11,0.9933661222457886,0.004321486223489046,3.5859615277189505e-10,9.336444811713918e-12
Wrong 2.4617485827604924e-10,1.0087689874873796e-18,0.9999913573265076
Wrong 0.999889075756073,2.610116780371076e-15,1.8617572422412708e-14,8.887880539987236e-05,1.1791975792645643e-16,6.784608970147226e-15
Wrong 0.9999999403953552,2.084879976488923e-20,1.2573267427207213e-10,2.2131589520131904e-18
Wrong 1.9171762788428026e-10,1.6277465234610392e-16,0.9999998807907104
Wrong 8.056265983213962e-07,0.9996064305305481,5.1579778642674157e-11,6.409528197082182e-08
Wrong 3.3695850554238405e-09,3.789135482159048e-14,2.8381950127376364e-15,6.5245131041326895e-15,4.846886170954516e-14,2.141906782688642e-14,2.9048079497329127e-09,0.9915527105331421
Correct 1.7864142240128777e-12,4.182036718702875e-05,3.2917245318397903e-13,6.887065787455904e-13,3.2941717794309974e-14,0.7878968119621277
Wrong 1.3611567470074798e-15,1.67592367300572e-17,1.0,9.683085438386599e-18,2.895981865219842e-18,1.5784793153051358e-17,5.323615721973385e-18
Correct 3.365721035208935e-09,6.347705564305195e-13,1.0587685242424705e-11,0.009559188038110733,0.9904189705848694,5.6232262769795316e-12,2.109633865168825e-12
Correct 1.269342790599648e-11,0.9998835921287537,5.710385289625641e-12,3.23482603550862e-12
Wrong 0.9999999403953552,1.1176527741219976e-14,4.892834659024452e-14,9.031753497894994e-16
Wrong 2.339092027708878e-12,1.2205015643973471e-13,2.6088521601808252e-14,0.9999898076057434
Wrong 1.769515523691867e-12,1.5406890986526672e-13,5.611994159313016e-13,4.220539865404209e-14,1.0042966892137573e-12,0.986569344997406
Wrong 2.08804429638592e-14,1.7517783520208744e-16,1.0296125083975646e-14,0.9999968409538269,2.280534566528533e-15,3.4623526275038858e-15
Wrong 1.3996893921675024e-11,4.025222326338603e-16,1.0,2.9669891252247314e-16,1.894293532797575e-12,2.864670192174372e-16
Correct 6.385115769447225e-10,4.6524698156524824e-12,1.4217411102579458e-11,1.0342300627019796e-10,0.9999924898147583,2.3624836462121657e-11
Wrong 1.626151639830698e-14,1.6470134789864203e-16,0.9999977350234985,9.574041857828429e-17
Correct 1.1201862548659847e-08,0.9975048303604126,5.056763601601899e-12,7.313996413724211e-13
Wrong 0.9915215373039246,3.266801940071673e-09,6.942812547094945e-07,5.711000312658143e-07,1.542670990950512e-09,3.019572092366474e-11
Correct 1.4106908349797997e-11,5.0151401179707525e-14,0.9999995231628418,2.1089296216476872e-13,3.768111616188428e-15,4.5077226592258116e-14,5.894650002488677e-13
Correct 1.0,2.3572069962972573e-17
Wrong 1.0513109373277985e-05,2.946385843638488e-11,1.5626361573595204e-06,2.3691662136116065e-05,0.6197050213813782,3.973620010810919e-08,0.12590087950229645
Correct 1.3758477863945462e-11,0.0020444560796022415,1.095018774321943e-06,0.07785691320896149,1.9169608608815558e-11
Wrong 1.2817307978862935e-12,1.6596687335535508e-15,9.845198115955578e-14,0.9999944567680359,6.766814756101192e-14
Wrong 1.139526923528807e-16,1.2166375935860619e-17,1.0,1.0482578661476252e-17,1.8004402873071543e-18,4.006453174309711e-19
Wrong 0.0001609178725630045,0.9997634887695312,2.8446503819168356e-08,7.874070793718706e-15,2.7500565758946166e-17,2.6707323418778683e-12
Wrong 2.0599257163304158e-13,4.335047622417892e-18,0.9999997615814209
Wrong 7.445698884112062e-07,4.76992797609219e-15,4.148547824711635e-14,4.946576568493066e-12,5.2248769547014184e-12,0.9989155530929565
Wrong 1.1465294317246355e-13,7.682382155557374e-15,0.9999693036079407,3.1405112360080633e-15,2.786236132398706e-17,1.0376878664068029e-14,1.0668493261324608e-15,5.00110910190278e-16
Wrong 5.723578277994079e-10,2.8097993978512385e-16,2.618684942149027e-16,1.97273676953995e-15,1.5823574688890294e-16,0.9999922513961792,1.1003033370765667e-14,1.9497527422744415e-15,9.304273931171059e-13
Correct 0.9999999403953552,5.2916268899271575e-19,1.3726174700520225e-17,1.1826569313043223e-18,1.796479126148791e-18,2.3644577306746522e-17
Wrong 1.6701422282494605e-05,1.2765443812689375e-14,0.9999831914901733,6.649416260662289e-13
Wrong 4.625323735130138e-11,8.887020351393271e-13,1.478265426735348e-11,0.9999295473098755,4.963996268615538e-14,4.893948093998013e-12
Correct 2.972990353656028e-15,1.3090785673718845e-16,9.880973907735579e-16,0.9999988675117493
Wrong 0.9999999403953552,4.3276662762217754e-18,4.120313603350658e-18,2.6390969968835896e-18,5.204898553664621e-19
Correct 8.098896716029341e-14,0.9999741315841675,4.243040787428251e-14,3.505427641003556e-15
Wrong 0.9999996423721313,6.25805358546455e-16,1.0197372053754108e-13,6.023572041158332e-08,3.336474773353571e-18
Correct 2.329329762927601e-14,4.978923356867944e-18,1.0
Wrong 2.8139187160935997e-11,5.605191866209225e-10,7.748237815241588e-12,0.8474951982498169,0.0004996547941118479
Correct 1.4441297983835977e-11,1.4171958962264086e-13,1.58169392974793e-14,4.378137663605536e-13,0.999999463558197
Wrong 1.29177994256241e-12,0.999999463558197,2.0316522308895177e-14,1.1375983163287862e-13,4.731961206539174e-16
Correct 0.0388532318174839,0.0018524182960391045,3.3807853469625115e-05,0.03537670895457268,5.0637076753901056e-09
Correct 3.239794085338108e-15,2.1798669506786257e-16,6.78252870534024e-11,0.9999756217002869
Wrong 2.4638562301504408e-09,7.846031116476304e-12,4.8040096206625194e-11,7.170057516464601e-12,6.468120852289039e-13,1.0260561931346723e-12,0.998788595199585
Wrong 7.15337303280883e-11,0.9985105395317078,8.935038581410482e-13,2.381752997951403e-12,1.241086226844157e-13,0.00020636370754800737
Wrong 3.767197491455487e-12,0.9999975562095642
Wrong 2.9756115349499623e-09,0.9999966621398926,5.570863592652131e-08,4.922285994600484e-14,7.683863853351347e-13
Correct 1.0118237492437107e-13,4.041564825862931e-12,1.0773239261406206e-14,0.9999618530273438
Correct 2.0687439608590985e-11,3.4140786443585813e-13,9.397811576248444e-14,1.0626468102811412e-13,0.9999982118606567,9.868897365983287e-11,1.6945768247823845e-13
Wrong 4.076955217868772e-09,6.746089797893262e-12,7.209267210983583e-11,0.18687784671783447,1.1436313051074731e-12,2.901513404540701e-11,0.811761200428009,3.493487443773091e-10
Wrong 2.1126450130862055e-14,2.456161951232486e-17,0.9999995827674866,1.5548397242431218e-15,1.1023942522998066e-18,1.4423294231202967e-16
Correct 2.8822956391408305e-13,3.9166646779943606e-15,4.632303926294795e-14,0.999965488910675,8.099693265812939e-15
Wrong 0.2108122557401657,0.7244147062301636,4.178614919359003e-12,1.191115370602347e-05
Correct 1.717529215367313e-14,7.835207228032784e-15,3.171524712097069e-15,9.321298751309784e-14,1.0
Correct 0.9999995231628418,1.7922575271745654e-17
Correct 0.008221115916967392,2.216230454363255e-12,1.9780928894874705e-08,2.0520309410021476e-11,0.9803950786590576,9.329778549727052e-06
Wrong 1.0,1.960361441577504e-19,2.6385731847606904e-18
Wrong 5.575813233349436e-08,0.785619854927063,4.579615779221058e-05,0.01876641809940338,5.433094295639873e-13,3.157077377302642e-11
Wrong 0.9079354405403137,5.427874404280442e-13,0.0805833637714386,1.1498295371392686e-11,5.985637679950528e-11
Wrong 3.9847929400593785e-09,1.095648918814085e-10,1.9568534292968565e-11,4.1262861183444244e-11,2.240036067746587e-08,4.111296636466477e-09,0.07794828712940216,0.0014729771064594388
Wrong 5.917544232403316e-09,4.222737516101915e-06,5.200296790408565e-11,0.9999662041664124,8.440950022281513e-11,3.0571021408798416e-11
Wrong 2.4797006421416364e-14,0.9999892711639404,4.137492520090661e-15,3.105769914978632e-16,5.621872020374671e-15
Correct 1.0,8.437221733961691e-17,1.1705651223919609e-16,9.005310188072899e-18
Wrong 1.438061095985349e-13,3.152900575169315e-15,0.9999992847442627,1.6743960954074613e-15,6.793024904222687e-17,8.193133705389297e-16,6.507156975526975e-16
Wrong 1.0,3.0778935643761256e-18,6.59605731850605e-17,9.618676192809545e-18
Correct 3.003515188296224e-12,8.90253001911298e-17,6.006275477112933e-15,1.0299188802145864e-12,0.9999999403953552
Correct 0.9999997019767761,2.3155477321944737e-16
Wrong 1.0,2.550557276492782e-08,2.436632944889048e-16,8.910497766880226e-15,7.699799482293527e-17,1.21557142395093e-16,1.648387948762018e-15,1.3460684823718427e-11
Wrong 1.4074447987275085e-12,0.9997902512550354,5.290816396108511e-12,3.596074904521629e-08,7.539390796786408e-14
Wrong 0.9998959898948669,1.555238056394348e-11,2.001317143487968e-15,1.6332755310242416e-16
Wrong 1.0,4.906300042372116e-17,9.799725183945966e-17,2.0957692845104825e-17,3.2183368382687476e-18,6.686285385629947e-16
Wrong 5.4582694700849865e-14,0.999991774559021
Correct 0.9999999403953552,1.496717247363276e-18,2.837043683204081e-15
Wrong 4.153289691333217e-12,0.9999098181724548,1.2447856113928513e-11,1.1556201958903833e-13
Wrong 8.392036510151968e-10,0.9998689889907837,2.8050894940179205e-11,1.6554851239858337e-11,1.5429344000367218e-12,4.285030663631062e-12,1.7080665007385143e-11,3.2160444446427405e-11,1.9932822059587352e-10,2.044024671743472e-12,5.972284299049502e-13
Wrong 4.38583089117095e-14,1.588471209765501e-14,4.637870915757958e-06,3.059007838146499e-07,0.9999949336051941
Wrong 0.03209919482469559,0.9678540229797363,9.310691106989566e-12,1.3387633558160916e-13,2.055124696198618e-06,2.1817742057450573e-11
Wrong 0.943999707698822,2.450851208177923e-13,1.0858627636379375e-13,4.369366674028541e-11,2.026379843300674e-05
Wrong 1.5558389021563812e-09,1.2567377016435219e-14,4.659594734932266e-15,2.0279898637134974e-13,0.999998927116394,3.767216573413723e-12,1.1677245836949623e-08
Wrong 0.9985670447349548,0.0014325457159429789,3.9035311441559806e-13,9.163710643165374e-15,8.203442625752974e-16
Wrong 1.4783639590287834e-11,0.9999999403953552,6.149795299739691e-13,6.224143422883799e-11
Correct 4.2444558284726597e-11,0.9999889731407166
Wrong 1.4992897590104803e-08,1.7017447563952293e-13,4.552284656005046e-13,1.9578746447441314e-13,6.384668904679813e-10,0.999915599822998
Wrong 2.223152217872837e-12,0.99982750415802,1.2337010482210004e-13,7.065112384019301e-12,2.8140302046029964e-13
Correct 0.9999999403953552,2.742983437194737e-18,4.750814240886033e-17,3.6228919170211427e-12,4.1354041074196464e-16
Wrong 0.9999997019767761,1.022609973202561e-17,1.8281808562121103e-16,9.282490073358844e-16,3.2713921200398376e-16
Correct 1.073182254868188e-11,8.862065269989172e-14,3.826562764569497e-12,1.662171789096334e-11,0.9999998807907104,3.737982146034824e-12
Wrong 4.885168311541399e-11,0.9999515414237976,1.9924874602875522e-14
Correct 0.9999998807907104,5.472781449989256e-17
Wrong 3.923148715205592e-15,7.606949451151185e-17,0.9999840259552002,3.984960944531475e-15
Wrong 5.903218587783102e-14,1.4148074205244665e-11,0.9997310638427734,7.273398226206266e-15
Correct 5.312581104199854e-12,1.8144186036983014e-14,2.893645338532952e-13,1.037969840286812e-12,0.9999930262565613,1.6202664210318574e-12
Wrong 9.036859802136199e-12,4.999985885392744e-13,0.999975323677063,4.32694597382946e-13,1.9543867392501912e-12
Wrong 7.713652850141473e-13,2.1214611014078177e-14,1.861040211910761e-13,8.388371242193035e-14,0.9999995231628418
Wrong 2.4285844446580995e-09,0.9999798536300659,9.639963827190456e-11,5.333409061614169e-12,5.811994982507507e-12,9.715564464052306e-11
Wrong 0.9999998807907104,9.789770561582258e-17,1.058722362640911e-15,5.691731592095061e-16,1.774387170160529e-15,3.9398573379451074e-13
Wrong 1.0694476039333281e-13,5.119530491269446e-14,6.114711872690776e-14,0.9999622702598572
Wrong 0.9999996423721313,4.152718276130736e-14,6.5701258283423335e-15,1.2246735705189533e-17
Wrong 2.9233079845703003e-10,2.4503940543318947e-12,1.4302316926270708e-12,4.661476825200406e-13,0.9999716281890869,2.2590466997041148e-10,4.037737592194057e-12,3.1299181996180536e-11,5.430271343698223e-09
Wrong 0.9999998211860657,1.9797107470687678e-19
Correct 8.090851773279173e-12,7.336201145267257e-14,3.2946375662368244e-12,0.228141650557518,1.5807854157612322e-12,5.01915710628964e-05
Wrong 4.9237069282837e-11,3.1590842544974504e-14,3.6076945874067776e-14,0.9999992847442627,4.969663003735964e-16,3.8395889678985147e-16
Correct 2.614956168267568e-11,0.999995768070221,4.696841873763624e-13
Wrong 4.5964876463399154e-14,8.652320787833245e-18,0.9999995231628418
Correct 2.3810809227087226e-11,1.3771037261911534e-13,0.9999855160713196,1.3254444200180848e-12,2.874027513373456e-14
Wrong 0.9999994039535522,3.4382056637064664e-17
Wrong 3.496041404217235e-16,1.6624146555498716e-17,2.1587914019339377e-13,0.9999991655349731
Wrong 1.623660407512606e-11,6.781270389785623e-15,0.9999960660934448,2.928323977006704e-15,6.985919584952011e-16,8.388756811590625e-15
Correct 2.4448257718096918e-17,4.4187070152102805e-18,1.0,5.096539444383823e-19,6.884443809507736e-19
Correct 2.0201008021306782e-13,0.9999945759773254,1.846523422447538e-13,4.723995920461431e-14,1.8682746525506243e-14,4.429536164946013e-13
Wrong 1.7688475196283443e-13,0.9999958872795105,5.5011039262276365e-14,4.0332219172507094e-15,3.9015191359743906e-14,1.3223867530512412e-12,5.6797225071996554e-14,2.276779598187062e-10
Wrong 0.9999998211860657,7.3998704096267e-17,6.245508074603648e-15,8.06562838000123e-17
Wrong 8.22582087623043e-14,1.9241294755417693e-12,2.7339323296557416e-14,0.9999818801879883,1.4408030432795649e-15
Correct 0.9999995231628418,2.5616540731896906e-18,1.6907058206859613e-16,2.334217617371709e-13,1.0160663976854778e-11
Wrong 2.4795270003874492e-14,5.900847615508795e-16,2.4311761998241583e-16,8.370526968499818e-15,1.0
Wrong 9.502002896804532e-16,5.0285768583699096e-17,0.9999538660049438,3.969275164897746e-15
Correct 3.469603822455446e-14,0.9999960064888,1.0812828903734514e-13,1.3694392469239692e-14,2.1215416118894543e-15,4.368814676886969e-14,2.047737047744698e-14,6.846282709586232e-14
Wrong 5.9388998607801113e-08,0.029311316087841988,0.9706569910049438,2.1329277320042417e-12
Correct 1.8249930646557777e-13,0.9999948143959045,1.6747010950311086e-13,4.76958704533092e-15,4.3358046912017254e-16
Wrong 2.3965926465585596e-10,4.3618776125742276e-13,0.9888397455215454,5.421667143555055e-14
Wrong 1.0,3.121586931779626e-16,8.25808334475181e-14,1.6908903679893443e-14,3.7067133212759565e-16
Correct 7.3073245232535555e-09,2.068296028152547e-13,3.092411038612547e-13,1.1311097457972208e-12,0.9999863505363464
Wrong 7.819051260410034e-14,1.1469460057044687e-16,0.9999999403953552,1.9271928667572704e-15
Wrong 1.2990030925918994e-11,0.9956624507904053,4.0556750666165264e-12,3.4286044055947817e-12,7.473065135460422e-13,1.604042940139827e-11,1.1262385338564607e-12,1.2888872261140882e-11,0.004331475123763084
Wrong 0.9999939799308777,1.2279883022708795e-14,3.793250368216809e-14,3.6313095271630486e-14
Wrong 2.2140365509384398e-14,3.855564379860645e-15,3.946740700368993e-15,0.9999975562095642,2.7780531323837393e-15
Wrong 5.025214133702605e-10,0.027035795152187347,2.0823842650230517e-11,0.9680408835411072,1.4035136768064671e-11
Wrong 0.9995649456977844,1.0408888329038746e-07,1.0857044152601247e-09,1.535475915794178e-15
Wrong 0.9999926090240479,1.7068509805540089e-06
Wrong 0.001956949243322015,2.894546364748396e-12,0.9980084300041199
Wrong 2.07184834880806e-14,2.6149207277314287e-15,6.482985302190298e-16,8.820103257782194e-16,8.047607754048394e-17,4.158049268566694e-16,3.6726721788565495e-15,1.8436865922843992e-10,1.3460359563066682e-11,0.9999775290489197
Correct 7.389962947135231e-11,2.9108347676665147e-12,4.761466394775926e-12,1.072988659728269e-11,0.9998047947883606,1.3486475824997513e-10,1.6139268740889001e-12
Correct 5.6996031158607074e-12,1.3232056339518294e-08,2.569011843533975e-12,0.9999996423721313
Correct 2.6150762111321058e-11,5.21183207702336e-10,0.9999999403953552
Wrong 1.429886265814917e-12,0.999981701374054,8.425295271836334e-15,3.8474298989516886e-15
Correct 5.1279405119961444e-14,0.999996542930603
Wrong 2.332043322894606e-06,5.732880452672675e-17,4.184934666059785e-14,0.9999842643737793
Wrong 1.0,3.3751258628099076e-16,1.1712467509804401e-14,5.96856182813608e-18,7.046852223501729e-17,2.6642435356593854e-17
Wrong 1.0,2.0238300510282137e-14,1.041735582751847e-14,3.2523616719951976e-17,4.772226017135672e-11
Wrong 3.59375615203994e-14,2.8774356351400285e-14,4.3348266328454427e-14,0.9999983906745911,1.7519687957323615e-12,2.3660479635647172e-14
Wrong 3.448057384801973e-17,4.478992765433758e-18,7.019581733067081e-17,0.9999999403953552,3.469415519090337e-17
Wrong 7.066783173448419e-16,5.519887896949048e-18,1.7620022736870855e-13,0.999997079372406
Correct 0.0018675553146749735,1.0087022363214349e-12,3.753040358957932e-13,6.848278996836321e-13,0.9981274008750916
Wrong 0.9999998211860657,2.659868742835715e-16,9.811894135722254e-16,4.989389977561043e-14,1.6895655025807202e-15,7.235337329269953e-10,1.6316541776142989e-15,1.0176892491155394e-14
Wrong 1.7077927071638965e-13,3.644484616437821e-15,3.780878266176034e-14,0.9999954700469971,1.6816875583053337e-13,2.0002562770731792e-14
Wrong 2.4366825831373395e-13,0.9999970197677612
Wrong 8.275511352573428e-13,1.0361867863814143e-16,1.0,1.244461467850508e-16,3.1304541714613935e-19,6.952476606612043e-16,4.1853374937536754e-16
Wrong 3.1856584037370794e-10,0.9999950528144836,4.276554154206136e-13,3.6436774279204054e-13
Wrong 6.458584968921377e-12,0.9999562501907349,3.594807611306816e-12,3.6742620057594877e-09,5.011538961596784e-10
Wrong 6.434153654311103e-09,0.9977221488952637,8.099391296534364e-11,3.196769932101162e-11,5.75535008540129e-10
Correct 5.116644462082715e-17,3.8215574727924305e-18,1.0
Correct 1.6840634789461184e-12,2.963031420222251e-07,4.657779153691144e-13,0.9989824891090393
Wrong 1.4984943624493652e-12,0.9999986886978149
Wrong 7.834805937703693e-13,2.298699823357112e-15,0.9999521374702454,8.049825895109237e-15,4.6531351293276063e-17,7.402898552413134e-16,1.3630903595185373e-05
Wrong 0.9999958872795105,9.612085839728543e-15,1.4071616739414822e-16,1.149074556487527e-17,5.185208966748868e-18
Wrong 1.9656121890733458e-13,0.9999967813491821,1.0562311794507298e-13,8.902518504758854e-16
Correct 9.157740754953125e-15,0.9999990463256836,7.519093176864763e-14,1.697545336449332e-14,2.969369194971705e-10,1.632510654978915e-14
Wrong 4.57964693945101e-10,0.9996662735939026,2.7995059048713244e-10,2.971919585426086e-12
Wrong 0.9999954104423523,2.0463098395802218e-17,4.745541182238355e-10
Correct 1.160041030248693e-13,4.951135005047723e-15,1.4837313506727706e-13,0.9999970197677612
Wrong 1.828416331371447e-14,2.0672125282233143e-17,2.9444318437459613e-16,0.9999716281890869
Wrong 3.8719713199575345e-12,2.854804270042109e-14,1.5309852181583788e-13,0.999983549118042,2.4612573467481212e-14,4.4557256782861224e-14
Wrong 3.319048857974849e-08,1.3920378318468297e-14,1.3799841803129043e-13,0.9977462887763977,2.704843609535601e-05,2.0770025699334838e-08
Wrong 1.0,8.426110878537756e-18,2.385311284789359e-17
Wrong 1.5248437549523347e-13,6.393907399929654e-15,3.686238258539774e-15,3.1410207009148483e-13,0.9999998807907104
Wrong 4.010091304157415e-12,0.9999789595603943,1.6013496952071993e-12,1.7046287341740407e-12,6.609903596688227e-14,1.0962988329643597e-12
Wrong 5.4369398252204076e-14,5.753794860810686e-15,7.941674526118145e-14,0.9999873638153076
Wrong 1.8971647017441582e-15,4.0974246059026417e-17,1.0,7.160320889464813e-17
Correct 3.560316624851012e-11,0.9999878406524658,4.828408506352133e-12,7.108298671898439e-11,5.104970265956688e-13,1.50164481543813e-11
Correct 6.316895773170224e-17,3.7064769006491797e-19,0.9999988675117493
Wrong 0.9999992251396179,1.9045051422046232e-16,2.586241462686819e-16,3.051389076275926e-16
Correct 1.2790461777819478e-13,3.303978642191013e-15,3.159010054411271e-14,0.9999995231628418,1.9807477953968445e-15
Correct 3.976806187771343e-16,1.4661053608442197e-18,1.0
Wrong 1.9697926015999068e-12,3.3272460443290255e-14,1.558540487422641e-13,1.5582311916478853e-12,0.9999940991401672,1.3356571924860727e-11,1.1449494824455897e-10
Wrong 1.5337149681781542e-13,5.366055932931602e-10,1.4100370278660995e-14,0.9979806542396545
Wrong 4.041598219289844e-12,0.9999936819076538
Correct 1.2448997561975705e-11,5.058930704904263e-13,8.897059304568966e-12,2.7191098331269536e-11,0.9999904036521912
Wrong 0.0006260868976823986,0.534769594669342,2.043083480174346e-09,6.593863649539955e-11,1.2700267270140952e-12
Wrong 1.0,1.0134242979362821e-16,6.583934244151768e-14,2.3788974917557454e-17
Wrong 6.493713444570559e-13,1.0813168394539774e-14,2.0513712256642336e-13,0.9997190833091736,1.00787217113818e-13,3.171297453157321e-14,5.209987441467945e-10
Wrong 3.4049381270051526e-07,0.009264327585697174,0.9898396730422974,1.0000581612823467e-10,1.9317010213626418e-09,6.456797596587904e-11
Wrong 8.052917599248033e-13,8.54454480531553e-15,8.164460454278613e-14,0.9959823489189148,3.377545639005053e-13
Wrong 5.301291090137328e-13,1.2824544093348322e-08,1.810275214981865e-15,1.875522171379193e-13,6.184834681075349e-14,0.9999678134918213,1.0036607741464084e-15
Wrong 1.5892775984127638e-10,0.9998757243156433,4.277697987498108e-11,1.65604141511011e-09,6.663995744116136e-12
Correct 1.7972357976847597e-11,1.996263533166412e-15,0.9999998807907104,7.008553215863064e-14,6.778289045569525e-16,1.2396858442131203e-13
Wrong 3.6513283716010925e-12,0.9999933838844299,3.511445691509185e-12,1.8217385065744107e-12,1.3886261931994603e-12
Correct 0.9999998211860657,5.321240122119859e-15,4.255830984931791e-14,4.59652627104231e-14,7.082005202543526e-15
Wrong 0.0004885945236310363,5.308432946687924e-12,0.9854479432106018,9.117628527177679e-12
Correct 2.962183209831437e-08,9.254653521393458e-14,8.390003644088984e-14,7.227873085203368e-14,6.994316963711972e-15,3.9855637778800357e-13,0.9856780767440796,2.832497614235763e-07
Wrong 0.9999998807907104,1.3708333572760314e-16,1.0083224133541775e-17,1.0216016731230833e-16
Wrong 4.713863712346375e-15,1.0458263283706117e-14,1.2371018685635674e-14,4.614318367505976e-14,1.0
Wrong 3.774173334969433e-11,0.26283255219459534,6.675544839129799e-11,0.7371230125427246,1.6395870121657663e-12,3.0533542816520154e-13
Wrong 8.436426131796203e-15,4.1657748707901434e-17,3.472064482283977e-17,2.6298176020539085e-16,1.6514148077641415e-17,0.9999999403953552
Correct 6.3796859285034915e-16,1.2307885821627451e-09,1.0,6.885423255045906e-15,2.233278879642624e-18
Wrong 4.069447095389478e-05,2.236055307927587e-13,3.3830070363984055e-13,8.537916467571405e-13,0.9999566078186035,1.6786921852585124e-10
Correct 2.3113194707767223e-14,1.723910571009514e-15,0.9999953508377075,6.3592500675109e-17,2.705715062850344e-17
Correct 0.0010810901876538992,0.9983430504798889,8.650353265693411e-06,0.00014861367526464164
Wrong 1.1811382427673323e-10,1.498539011250081e-14,0.9999999403953552,1.6646600869534836e-16
Wrong 2.291131965138221e-13,1.2587820156617201e-14,7.610287454471593e-14,0.9999940991401672,7.607584911150083e-15
Correct 8.310092197705288e-11,0.9999622702598572,1.268515051030053e-13,5.486625422653629e-14,1.0790798593215967e-13
Wrong 2.380999737650047e-11,6.625622359784922e-13,8.260494718803635e-12,0.9999797344207764,2.1765410112249695e-13,7.927557807256569e-13
Wrong 2.121453013259611e-10,0.9803508520126343,7.291966852562837e-08,8.690767550056933e-10,5.732329194652053e-11,4.438794332095597e-10,4.271315447113011e-06,0.017955748364329338,3.4372478197042255e-09
Correct 0.9999972581863403,3.8096024795533854e-17
Wrong 1.2252556553984245e-13,0.9999974370002747,2.4222435174173565e-14,1.1287327274017364e-14
Correct 0.9999996423721313,7.518438478630051e-17,2.405042851121199e-16
Wrong 8.81420358922469e-09,0.9999761581420898,2.0803992209494915e-12,2.4270057060534096e-14,2.754498628428255e-15,5.878836236176618e-14
Wrong 2.322291514644803e-08,2.6917151911250506e-14,1.5704123114759772e-12,0.9999982118606567
Wrong 0.9999996423721313,1.7941187497272587e-16,3.1163977961865094e-16,1.2840114213912815e-16
Wrong 0.0005192611715756357,5.426002529229645e-13,2.3675194292006874e-14,0.9993955492973328
Wrong 2.1504022520990596e-13,0.9999980330467224,3.0682872692242014e-13
Correct 1.6423148919367941e-13,0.9999992251396179
Correct 1.6646787640299705e-14,5.1556284917356044e-17,7.116800998379377e-16,0.9999998807907104,4.24979987741328e-16,3.3881222598965447e-16
Wrong 4.1938024233911797e-13,0.999976396560669,2.1336978137023038e-13,7.052716743949361e-11,2.052457682977238e-11
Wrong 0.9999986290931702,7.047278969288468e-15,1.2253096029268351e-15,2.5783925165843817e-14,1.0626219956039185e-12
Wrong 3.215509184872206e-13,3.767354917610932e-12,5.5879210763762344e-14,3.938848894399424e-15,0.9999999403953552
Wrong 5.69834503476481e-14,0.9999881386756897,3.122624568315836e-14,2.8805422131773784e-15
Wrong 1.0720566009361429e-13,2.173806297592123e-15,2.6145437459490495e-07,1.3953078872429997e-14,3.993303742605897e-17,0.9992442727088928
Wrong 3.986919909948483e-05,0.9951465725898743,4.806050305991572e-13
Wrong 0.499997079372406,2.0643339807197882e-14,7.700921606131061e-13,4.1551855706201124e-11,0.49999716877937317
Correct 3.6228320690612215e-12,0.9999716281890869,3.796495182031151e-13,2.6920382156098155e-13
Wrong 9.453887628296798e-07,0.705938458442688,8.389833827671112e-10,4.534752087725913e-11,5.722107787597963e-10,1.3275663901524126e-09
Wrong 6.2682103951772206e-09,0.9796346426010132,0.011053742840886116,3.774711120931029e-13,1.775276453619412e-11,3.4889641089413947e-12
Wrong 0.9999999403953552,3.7184739767018884e-17
Wrong 1.5671146292531996e-13,2.816357021049763e-15,4.66019189316008e-15,0.999989926815033,2.518878965270758e-14,1.4981673331928257e-14
Wrong 1.8140933430465557e-14,5.675722669391955e-16,0.9999999403953552,9.670287961693669e-17
Correct 0.9999861717224121,2.4235596862709485e-10,8.673539452852888e-15,4.757754418574251e-15,4.522849735927531e-15
Wrong 1.5521797172221574e-12,0.9999532103538513,6.0486372603918426e-06,2.810446320111737e-12,2.692286768957858e-13
Wrong 6.161115725673155e-14,6.374750108701163e-17,0.9999766945838928,3.700716592707192e-15,9.993887800205436e-18
Wrong 1.7731073553850507e-10,2.878192882594874e-14,0.9999997019767761,3.2213892875920455e-14
Wrong 7.578094781465067e-14,5.46040371782636e-16,0.999961793422699,5.892709237231841e-11
Wrong 2.164599981191711e-14,0.999983549118042,1.3998675503013643e-14,3.765590422620925e-15
Wrong 9.381079024706196e-09,0.9998084306716919,3.339888962727855e-06,1.5857476790004377e-11,1.9168010234604793e-10,1.1601554786300206e-11
Wrong 2.724898640060758e-10,1.0862440301081557e-14,0.9999944567680359,4.500387692715768e-15
Wrong 1.304286539882682e-13,0.999974250793457,2.175726097767075e-13,9.67597584087404e-15,3.132642299928071e-16
Correct 0.9999998807907104,2.2627248550882867e-18,9.820651529954578e-17
Wrong 1.5913151059452485e-13,0.9996572732925415,5.775322711384923e-13
Wrong 9.391026757637642e-16,1.334696367486264e-17,3.7048231143145993e-16,0.9999569654464722
Wrong 0.9999996423721313,2.9616066527070427e-18,2.2463565753485853e-15,3.925624155759053e-17,4.731858569968768e-18
Wrong 8.720002497852875e-11,0.002396224532276392,7.987153161082006e-10,3.961173056232781e-11,2.552845521780478e-12,0.997295618057251,1.3722361025259033e-08,5.3849248615733813e-08,1.5038974510162006e-09
Wrong 0.9999999403953552,1.2828187841122964e-18,2.9621191092944928e-15,6.612769675602072e-18
Wrong 2.1330004853581472e-15,6.305790956164761e-18,1.0,1.5004042188280932e-17
Wrong 5.699285444624169e-13,0.9999741315841675,5.029644777922171e-13,4.61554134755654e-13,6.969198438830371e-13
Wrong 2.1464915348629043e-12,1.2398366838403674e-13,1.97690611981622e-14,7.008566090763862e-14,1.0,5.001266761839318e-11,5.301574609005433e-13,1.5070809997099616e-13
Correct 5.427149615128135e-13,0.9999861121177673
Wrong 2.93489659242141e-08,3.4028402925295742e-12,1.2132304709477904e-12,3.056400965650852e-11,0.9997304081916809
Wrong 2.5598143049698763e-10,9.926798559588626e-14,2.9462546291547653e-10,0.9999917149543762
Wrong 7.079711213009432e-05,0.9167401194572449,5.933217112064071e-11,1.1218623363618008e-08,9.993311733680343e-12
Wrong 2.1751033167926063e-15,1.3781022358601625e-18,1.0
Correct 2.280372071727932e-13,0.9999926686286926,4.4298682018613367e-13,2.408470558407094e-13
Wrong 1.8283927838555133e-14,1.4496930511076928e-16,2.782049645587122e-15,0.9999945759773254,3.847987246630982e-15,9.7668669230374e-16,5.900931789407928e-16
Wrong 1.0,1.9697828995075123e-19,1.0712007130535185e-17
Wrong 2.1254648567428994e-14,0.9999545812606812
Wrong 0.9999912977218628,5.5366874279760836e-11,2.163312497888148e-12,2.800636883642111e-16
Correct 0.036769334226846695,3.5472789036526805e-15,0.9632269144058228,5.018585509187004e-14
Wrong 2.159284528957528e-09,0.00012732160394079983,6.832639380498218e-13,2.315412672791034e-14,7.14066731633857e-15,2.533080489071013e-14
Wrong 3.828553190032835e-07,1.0947072581757311e-08,0.0029143469873815775,1.254591291965923e-10,0.9900653958320618,7.219709274863817e-10
Wrong 1.0,1.5698629677749619e-18,8.6168992596425e-18,1.1684873274112889e-17,5.543372588515194e-19
Wrong 1.0,1.25063264881046e-17,3.83494530828854e-17,3.463945166904371e-18
Correct 5.401662088813392e-15,0.9993509650230408,1.047367149064303e-13,2.6023958378876277e-13
Wrong 0.11742133647203445,9.991897934047422e-12,0.8812865018844604,4.067484399967146e-14
Wrong 3.7001935498622626e-15,1.5868530300821326e-17,1.7864533662524033e-16,0.9999869465827942
Wrong 0.9811379313468933,1.2099074997093395e-12,2.6415722907680017e-12,5.451401049322291e-13,0.01883258856832981,7.752187336507177e-09
Wrong 1.0293266889879749e-12,0.999366044998169,1.3167962000740913e-13,4.5537321336679495e-14,1.3430212210353495e-14
Wrong 5.723627682918675e-10,1.0322294234643703e-11,3.29794378655171e-14,6.067233954826223e-12,0.9999995231628418,2.189498721216765e-10,2.263653809753477e-13,9.827593383179845e-13,1.1610735839440167e-07
Wrong 6.858780257206496e-15,3.629008106881623e-16,4.901678445323439e-15,0.9999988079071045,3.074865232224888e-12,1.1287664054317192e-13,1.9848775468828302e-14
Wrong 2.447683833395331e-09,1.2630332740239895e-14,0.9999585747718811,1.3026387968295694e-08,1.8670778796994487e-15,1.3699489913516268e-14
Wrong 0.9999999403953552,2.5446487700797336e-17,1.9461818598183317e-18,1.0933915287055092e-18
Wrong 1.6397998237049904e-10,2.2828073269920424e-05,2.91715714084706e-11,9.179166975126218e-12,0.9999623894691467,4.3113342756972983e-11,7.038833058081728e-12
Wrong 0.9999999403953552,8.489166443042367e-19,5.066452300565855e-18
Wrong 2.3710127286004357e-13,1.1677451894342994e-08,0.9999952912330627,6.054552475695529e-13,3.79620388740059e-15,2.2494983306642347e-12
Wrong 1.1645828886745063e-13,2.1130704618537436e-16,4.3343533531861643e-16,5.331051728264379e-16,8.636346236138952e-15,0.9999991059303284
Correct 0.0010158324148505926,0.99858158826828
Correct 0.9999999403953552,3.051672104394317e-17,3.4124992063740335e-17
Correct 0.9999707341194153,5.918618578500427e-15,3.3486275276099764e-14,2.8100685955097877e-16,5.400397786260497e-16,8.006381067024795e-14
Wrong 0.26404550671577454,0.2767508625984192,7.147617133579365e-12
Wrong 4.006725973226821e-08,7.388061717961136e-09,0.9985429644584656,2.006778261360448e-14
Wrong 1.7762671541965425e-11,0.9999343752861023,8.776522043840718e-12,4.058155721187173e-12,2.773124611887834e-12,3.319312824601184e-09,3.716503146899974e-11
Wrong 1.942751786266489e-13,6.635872525708212e-15,5.107736404511877e-14,0.9999943375587463
Correct 0.9999105930328369,4.876193976797636e-16,3.6499348499369286e-16
Wrong 2.842953262670485e-14,0.9999954700469971,9.845173043780339e-14,1.8284188724702888e-14,5.983615651707986e-15
Wrong 0.9999999403953552,4.576249766725599e-18,3.9930998425849025e-18,5.238254186694987e-15,3.8068692266553264e-19,5.2578968013324755e-17
Correct 0.9999995231628418,3.0087023876779025e-18,3.524478947234522e-17,1.8983341763116306e-17,8.605027563491138e-18,8.495932366862745e-17
Correct 5.00346942697294e-13,2.314946456749567e-08,1.37074314572605e-12,0.9219217300415039,0.07807815074920654,6.266269725330176e-10
Wrong 5.5694883371870674e-08,2.7231291020398708e-14,0.9997467994689941,9.74867053774801e-16
Wrong 2.3287689051437743e-12,5.5552361755834e-13,7.621472355133496e-13,5.384092694252218e-13,7.863530247960437e-13,4.552060226155341e-13,0.9993671774864197
Correct 2.0044096861893818e-13,0.9999966025352478,4.412298434605666e-13,9.845593172122177e-14
Wrong 0.9999991655349731,3.2105545079988895e-16,2.5201479791903125e-10,1.2576858491488547e-15
Correct 0.9978494644165039,1.740521837767517e-09,7.591422336670345e-14,5.200559427542828e-10
Correct 2.0685956420019025e-11,0.9999946355819702
Wrong 0.9999999403953552,3.534614722152379e-18,2.5544500542595827e-11,3.734940082129553e-18
Correct 1.0182010096171368e-10,9.364285334569761e-14,3.141105268684302e-13,2.1802973922818714e-12,0.9999966025352478,1.0423624463573589e-10,1.5738813030630183e-11
Wrong 1.376137225006513e-11,0.6583292484283447,2.8412569606089955e-13,1.4452489769181676e-12,7.803489571103078e-14,2.560233709064663e-12
Correct 3.7900224950614125e-13,4.7828867331522334e-14,1.2476726703387116e-14,0.980872631072998,1.548717687737723e-15,4.8797025990234e-15
Correct 0.8993949890136719,3.28053251610113e-14,6.686289109186783e-12,0.09934503585100174,8.340545051485626e-13,4.410808469770128e-13
Wrong 8.752376601250944e-09,3.9697592435494755e-10,1.8671596213604147e-10,9.630803932125787e-10,9.298865930734701e-13,1.4040793527847484e-10,0.9929561018943787,9.38983202303234e-09,0.00023991860507521778
Wrong 8.698388689019898e-13,0.0001475626922911033,2.0462566103357505e-12,0.9912747144699097,1.933409622721996e-13,2.931132983899354e-12
Correct 7.816583620500622e-16,1.4708684115679073e-17,0.999995231628418
Wrong 0.9999988675117493,1.0190475450144731e-06,1.2693051633632518e-13
Wrong 2.4890661160328377e-14,0.9997568130493164,3.505721984952727e-15,3.2587835052243653e-16,1.737570135336847e-17,2.341152479398787e-15
Wrong 1.9241017199661536e-12,4.0569950827615275e-14,1.8505077976687864e-14,3.6722328736887855e-13,0.9999995231628418
Correct 0.9999851584434509,2.294002559796466e-14,2.8712346085771334e-13,1.507104039006127e-13,9.09468766963073e-09,6.520873251092407e-13
Wrong 3.962303575522075e-14,1.0116642825858959e-15,3.9240082418888185e-16,6.926208526730911e-16,1.6875805867479481e-15,0.999999463558197,9.748183705561575e-15
Correct 0.999997615814209,2.2887124578760366e-15,5.251444395507868e-16,6.188943129682711e-14,1.0270068021177498e-16
Wrong 2.6346280842734493e-13,3.5612865989520515e-09,2.3758670811974136e-12,0.9999653100967407,5.626212669085362e-07,1.2572698437907093e-10,1.0237563428288146e-13,8.604884925260403e-13
Correct 0.9999989867210388,2.8161658430665896e-17,3.1494704623098496e-16
Wrong 5.058686759415454e-13,2.4078654295992463e-15,0.9999995231628418,1.3615284843570413e-13,4.5948301457989486e-17
Correct 1.1621491936104553e-14,2.1631226974981843e-16,3.1830659065803233e-16,2.9323446835886424e-16,1.0
Wrong 2.7624377785251397e-10,0.11920274794101715,0.8807927370071411,1.1754937572373142e-13
Wrong 7.578121208893021e-14,8.842257933913222e-16,1.2322777194674226e-15,0.9999988675117493,3.55870347228701e-15,1.1089341792926144e-14,3.9542661645888735e-15
Wrong 1.26984045500933e-09,1.18546470383174e-12,1.8943054590214725e-12,1.3406803607823176e-13,6.638208049653677e-14,4.23694519952663e-14,0.9999991059303284
Correct 0.9999988675117493,2.7580587079055648e-15
Correct 2.4804505671660593e-10,0.999717116355896,2.4093558094809286e-13
Wrong 6.320263323117414e-13,0.9999967217445374,1.5428129151832948e-13,2.3222868961170207e-08
Wrong 2.1254521851300084e-13,5.07498466858434e-16,2.1510080175368707e-11,9.420738555844955e-15,2.2694347291503576e-16,3.3915381320145845e-15,8.298704503803284e-15,1.1767900734004511e-14,1.144795508389862e-10,0.9999990463256836,3.955219940628141e-13
Wrong 6.764764748368179e-07,0.41558244824409485,4.411155714478809e-06,0.3964793384075165
Correct 2.18470935786641e-11,0.9999186396598816,1.4867276246915972e-12,1.324889904816967e-13
Wrong 6.404474877100481e-16,4.069284004181649e-18,1.0,1.0314560544314399e-15
Wrong 3.4985017660638107e-10,2.0061382599578792e-07,3.841263678666662e-12,1.0365755427404685e-14,3.471275187866968e-14,2.543551307077063e-13,2.2896615159417877e-11,0.9999173283576965,1.2750845712616865e-07,5.178759439512792e-13,6.900446739618177e-14
Wrong 0.9996704459190369,3.277262905498901e-08,2.040155544502653e-10,1.259555459931505e-09,4.287945557734929e-06
Wrong 6.777919892009265e-11,1.0667551233632319e-13,0.999271810054779,8.845144634506141e-07
Wrong 7.746092656191195e-11,1.671420468663757e-14,4.2178906851583764e-14,0.9999994039535522,1.1555245150486615e-13
Wrong 1.1489354389757067e-12,6.784068986643351e-16,1.2618315460300724e-15,2.7879735399103343e-14,0.9999933838844299
Wrong 5.868490372470947e-13,0.9999940991401672,2.3345247176370654e-13
Wrong 8.882662605458336e-09,0.9999000430107117,3.2092238615904004e-14,2.7024609899070975e-14
Wrong 2.032255006639838e-12,3.72494935829519e-15,2.4178271723336673e-15,2.4795961182759452e-14,0.9999969601631165,1.418801274383208e-12,1.0321160159171283e-13,7.4899105201396e-14
Wrong 1.1109838719700277e-15,5.921094895865337e-18,1.0,1.7102956744352586e-17
Wrong 8.809175719610984e-13,2.4602554761781088e-14,3.0379819211494297e-14,1.0039266916698694e-13,1.0
Wrong 2.946600488940021e-06,4.5438823051616845e-16,0.9995163083076477,3.0726278980327355e-15
Wrong 2.5611436740291538e-06,0.9999697804450989,1.8324689096856084e-13
Wrong 1.998482217387132e-13,0.996860146522522,1.79844027582525e-13,2.313292718730646e-14,2.8475323227833416e-14,1.716114500938809e-13
Correct 0.9999993443489075,4.415728668696722e-17,6.589101722171214e-17,2.8851295450963606e-17
Correct 7.66555194970861e-14,2.3331530473053583e-16,0.9997345805168152,7.681227649650266e-15,2.9415002494806244e-17
Wrong 2.3433772283754095e-13,0.9999862313270569,1.3019211360029703e-12
Wrong 1.767906350827464e-12,0.9930393695831299,1.1367961422464185e-13,3.420388429951904e-13
Wrong 8.385073746453031e-10,2.84457624556006e-13,6.050963224403516e-13,1.0032859959485663e-11,0.9990324378013611,2.3056412681854432e-11,3.663545300458537e-10,2.971896687076203e-11
Wrong 2.854980696298526e-10,6.36888068325514e-12,3.6740662595624585e-12,0.9984081387519836,1.0533539318569041e-10
Wrong 1.0196499027059769e-11,0.9900819063186646,3.512286642082252e-11,7.507943051987542e-12,1.471092453582401e-12,2.9002645771103452e-11
Wrong 2.059362193780937e-15,1.924170997308602e-18,5.499663694931596e-16,0.9999986886978149
Correct 1.8738652443062165e-06,4.708423095856062e-10,1.1947244409060698e-12,1.3121261889514901e-12,0.9999936819076538
Correct 3.227182400028202e-15,7.625589883537006e-19,1.0
Correct 6.114801373580114e-12,1.5560723689396136e-15,1.0058622127763223e-14,7.941744321632999e-14,1.0,4.49945609199906e-13,7.30578876610927e-15,3.092335686561559e-13
Wrong 2.995631173674518e-11,4.637238062619141e-14,4.2888632369956353e-14,2.587692260718876e-14,6.401837068271965e-14,0.1520276665687561,4.4317351980023567e-13,2.7963081069420914e-13,3.3045702707568125e-07,3.5594704267394306e-13,4.1918812171415354e-13
Wrong 5.631963229113524e-10,0.9839872121810913,0.00694822333753109,1.4586209999833954e-06
Wrong 8.210944402696485e-13,8.209982037743133e-15,9.750720196544105e-13,1.5460320740637301e-12,0.9999807476997375,6.344922959429511e-13,2.8541168181021176e-14,5.407528244627535e-11,2.9462088324549995e-10,7.008562702632073e-14
Wrong 0.7930983901023865,2.1753123391130003e-13,7.674284927157438e-13,0.20689207315444946,1.9072776691331228e-10,1.2237387210338457e-13
Wrong 1.0,1.9878233209263817e-19,1.9965578940562417e-13,5.651115551637217e-18
Wrong 3.1905034170165436e-13,1.096235461347378e-14,1.3349893581679527e-15,1.9160439226439778e-14,1.0
Wrong 0.003881903365254402,0.9956852793693542,2.7083643772130017e-07,6.585514000789772e-08,3.538030979299833e-10
Wrong 0.07363284379243851,0.0004588612646330148,2.2082441430981703e-10,0.8970316648483276
Wrong 8.87850936433926e-13,1.7147252313800404e-13,2.7290141175508043e-13,0.9999973177909851,1.0280610320293967e-13
Wrong 8.42347459145687e-12,0.9999956488609314,1.9022447506067408e-10,2.9818721714036656e-08,5.437922790015037e-13
Wrong 5.600092833901726e-09,0.9995170831680298,9.136671318609943e-14,7.060199863975769e-14,3.7575541636525323e-13
Wrong 0.9999980330467224,2.4794900988677065e-17,2.3465059923232303e-16,1.6291029673167281e-16
Wrong 3.614446710545815e-15,5.313442442686554e-16,0.9999971985816956,3.13487661402425e-16
Correct 1.0,3.642610926618935e-17,2.9693736358638034e-10,2.3884590378923683e-17,1.1441147610205798e-14
Wrong 2.61826407265336e-16,2.0085593016567718e-17,4.41109149418275e-17,0.9999972581863403
Wrong 0.9999998807907104,1.1694355245474584e-16,3.233161817361107e-16,4.7501498494180306e-17
Wrong 1.737266163005346e-16,1.858746180734486e-18,1.0
Wrong 0.02387852780520916,0.9688736796379089,0.006528028752654791,2.1092336766059816e-09,2.0722483451418583e-10
Correct 2.609514384091516e-12,3.4542096233258974e-16,2.149869781777427e-15,1.9769228910685756e-14,9.14128048280314e-18,0.9999997615814209
Wrong 0.9999521970748901,3.6129905762061904e-14,2.0401770550737552e-12,2.4369614941462114e-13,3.693413982855734e-14,3.477120121778837e-13
Correct 2.479537842409174e-14,4.196097326812867e-17,4.065186399581245e-17,6.46954633038872e-17,7.119297363293613e-17,0.999999463558197
Wrong 2.9216311038223267e-14,9.652002472508694e-18,0.9999998807907104,1.6956340635138787e-17
Wrong 3.6411089421317655e-11,2.0682101364855043e-07,0.9989643096923828,1.874777222354851e-09,5.85397785801689e-10,2.76422244468999e-12,2.2229867226997158e-06,3.6061484354199536e-10
Wrong 1.7211348990985031e-13,2.702267696988534e-14,2.1375728539107207e-14,1.164578687391088e-13,1.0
