grade confidence_levels
Correct 0.9842858910560608,0.015420015901327133
Wrong 0.9999992847442627,1.3440399904141032e-08,8.310317711757165e-11
Correct 0.8861465454101562,0.0074307918548583984,0.005878239870071411,0.0994228795170784,8.000888919923455e-05,0.0006595202721655369
Correct 0.9996592998504639,0.00031999163911677897,1.921699004014954e-05
Correct 0.004333768039941788,0.05982581526041031,0.935833215713501,4.620221716322703e-06
Correct 8.80022798810387e-06,2.3957534622809362e-08,4.791808283499677e-09,7.657289913254317e-09,0.999891996383667,5.658013080278579e-08,5.021773663571594e-09,3.5964522027143175e-08,4.222395091346698e-06,2.1938506566954175e-09
Correct 5.747726561367017e-08,0.9999985694885254,7.946444058326563e-10,1.8010133662205163e-10
Correct 3.6844173223471444e-07,4.101636008613241e-08,1.6062228880286966e-08,0.9985178112983704,4.638006423363095e-09,1.9679868401567546e-08,8.482015800836962e-08
Wrong 0.9999899864196777,9.516246791463345e-06,8.543159069063222e-09,7.823178771459993e-10,5.323742488516636e-11
Correct 5.29347954358883e-10,1.4307239837307861e-08,0.9999998807907104,3.7694558585599225e-08
Correct 2.6882482906387395e-09,0.999998927116394,3.812746784959131e-10,2.2066486138339059e-10
Correct 0.9993612170219421,0.0006070563104003668
Correct 5.626385473078699e-07,1.9947269720432814e-06,0.999996542930603
Wrong 7.108338650141377e-06,0.3065522611141205,0.0010549710132181644,0.6908262372016907,0.0011406956473365426,0.00014277479203883559,2.0892568500130437e-05
Wrong 0.0003385524032637477,0.0012776835355907679,0.9935641884803772,0.0003547998785506934,0.004459553863853216
Correct 2.2787276975577697e-05,7.283251306944294e-06,0.0007200548425316811,4.675645686802454e-05,4.749276922666468e-05,0.9981934428215027
Wrong 9.972904081223533e-06,0.9999862909317017,5.285445467961836e-07
Correct 0.998177170753479,0.0015727186109870672,0.0001907924161059782,1.2007855730189476e-05,2.378027232907698e-07,9.405279115526355e-07
Correct 0.9999935626983643,1.3574246793268685e-07
Correct 5.255382347968407e-06,0.9999922513961792,3.486150035314495e-08,1.204781252539533e-08,9.680690915558898e-09
Correct 0.0013668586034327745,0.9985108971595764,0.00011045910650864244,4.418920070747845e-06
Correct 1.752944456256955e-08,1.4389045510654341e-09,1.6561687576910344e-09,2.90666712920995e-09,0.9999911785125732
Correct 0.9999850988388062,1.788041231520765e-06,6.411966069208574e-08,1.1677055766767808e-08,6.348706005354643e-09,1.5534770909653162e-06,1.571319785398373e-08,2.6616897574882614e-10
Correct 3.6534760994300086e-08,0.9999983310699463,8.233235604393485e-08
Correct 0.00017834942264016718,0.007947554811835289,0.0339873842895031,0.9043707251548767,0.006797904148697853,0.039735276252031326,0.006904955022037029
Wrong 6.106896762503311e-05,0.00011956723756156862,0.00019713306392077357,0.999618411064148
Wrong 0.0032730409875512123,2.411948401004338e-07,6.1240575632837135e-06,0.9967196583747864,2.221328454510285e-09
Wrong 3.414206162233313e-07,6.378576244969736e-07,3.89095689001806e-08,8.768407155912428e-08,0.9398587942123413,0.06008315831422806
Correct 0.0003907857753802091,0.07804450392723083,0.9215244054794312,1.0209613066081147e-07,3.2125985427455817e-08
Correct 0.9981676340103149,0.0004576828796416521,3.264042243245058e-05,0.0012836033711209893,3.479790322558074e-08
Correct 4.222754341753898e-06,5.255302767182002e-06,0.9999771118164062,4.157286639383528e-06,8.013379556359723e-06
Wrong 3.655839100247249e-05,0.00020074505300726742,3.176248355885036e-05,3.543360799085349e-05,0.9866155385971069,0.0002421447861706838,0.0005900225369259715,0.01222710870206356
Wrong 0.21173077821731567,0.0015915215481072664,0.7866752743721008
Correct 0.9999986886978149,2.9818814084592304e-08,7.349260089384302e-10,8.727462641466843e-10,8.846284815788863e-11
Correct 0.9999556541442871,5.337947186490055e-06,3.5912707971874624e-05,5.714754252039711e-07,5.515688794588414e-09
Correct 0.9999959468841553,5.98925225858693e-07
Correct 8.628362024865055e-08,0.9999988079071045,4.3204073651992303e-10
Wrong 0.999998927116394,5.430410787710116e-09,1.7356633907894548e-09,1.6144188763611567e-10,2.5744175888298138e-11
Correct 0.0005755993188358843,7.55021974327974e-05,0.00045533652883023024,0.9930504560470581,0.0054611340165138245,1.2716644960164558e-05,3.0032697395654395e-05
Wrong 0.0008378389175049961,0.785892903804779,5.9751888329628855e-05,0.21152019500732422
Wrong 2.9621739940921543e-06,0.0979461744427681,0.028952836990356445,0.00010773488611448556,0.8729848265647888
Correct 6.758150483676673e-09,9.184701355025027e-08,2.7735393981487277e-09,0.9999834299087524
Wrong 3.204608560736233e-07,3.0104507686701254e-07,8.575976266911312e-07,1.3704371895073564e-06,0.9996192455291748,0.00030532589880749583,5.827246786793694e-05
Correct 0.9999997615814209,1.708755914542337e-09,1.1270467892288139e-10,2.6204621805803185e-10,1.7907610949663422e-09
Wrong 0.9999966621398926,6.681498803118302e-07,5.368734719013446e-07
Correct 0.9999986886978149,3.950350802028879e-08,7.194123963216725e-09,5.813743375604474e-10
Correct 1.663159423515026e-07,4.916290308187854e-08,1.4307219409204208e-08,2.358861728168904e-08,7.123146517074019e-10,4.139931419899767e-08,0.9999984502792358
Wrong 4.792249264085058e-09,0.9999840259552002,5.293395721750471e-10,3.3982137104260346e-09,1.1997169924171658e-10
Wrong 0.01609688065946102,2.616717574710492e-05,0.03984016552567482,0.008482459932565689,0.9355415105819702
Wrong 0.7826561331748962,3.518197217999841e-06,3.650663131793408e-07,5.480294476001291e-07,0.2173357605934143
Wrong 4.9818609113572165e-06,1.7940370526048355e-05,1.1116035238956101e-06,3.841599038878485e-07,6.497572030639276e-06,0.9045370817184448,1.5832323697395623e-05,0.09533750265836716
Correct 0.9999992847442627,5.939116559661173e-11,1.6110283246328905e-11,5.481250002492555e-12,1.2326253299305145e-12
Wrong 4.547599473880837e-06,0.9653292894363403,0.0014288132078945637,0.0001436995225958526,0.03303175047039986,3.4523651493145735e-07
Correct 4.867790170948183e-09,1.0467394950808284e-08,0.9999992847442627
Correct 0.9983816146850586,0.0015730407321825624,4.19201169279404e-05
Wrong 0.24264541268348694,0.3115628957748413,0.006366031244397163,0.4393741190433502
Correct 1.2047799202719034e-08,1.3946339638692962e-09,1.2237524771308017e-08,0.9999911785125732
Correct 0.999940037727356,2.7734190499728584e-09,3.872560605522324e-10,1.0526710614300328e-09,2.3858162667700356e-10,5.829116707900539e-05
Wrong 0.019308213144540787,0.5469079613685608,0.029441509395837784,0.3939230740070343
Correct 1.8189607597918211e-09,3.972975726185268e-09,0.9999995231628418
Wrong 0.6623000502586365,0.21501733362674713,0.12251318991184235
Correct 0.0008220754680223763,0.00037053844425827265,0.8468952178955078,3.555949660949409e-05,0.1518399566411972
Wrong 0.00022332039952743798,0.9993471503257751,0.00013758371642325073,0.00029126470326445997
Correct 0.9999984502792358,1.8086019792917796e-08,1.9977353105105067e-09,9.056064231849348e-11
Wrong 3.0765175296210145e-08,1.2952622796547075e-07,1.4085323130075267e-08,0.9999924898147583
Correct 2.026130005106097e-06,0.9999918937683105
Correct 0.10370706021785736,0.027912378311157227,0.8683285713195801
Wrong 0.999997615814209,3.972968176668701e-09,1.2698369022956513e-09,1.9473581081008717e-10,9.270816753170763e-11,1.1095711849318235e-10,3.154236941083077e-11
Wrong 0.012294098734855652,0.099770188331604,0.8618829250335693,0.026026608422398567,1.1036960131605156e-05
Correct 2.482475792930927e-06,9.57079805630201e-07,0.9999958276748657,3.2562996921114973e-07
Correct 0.040828242897987366,0.0004260809510014951,0.9587439894676208
Correct 1.6052216222917082e-09,5.376820100266855e-10,3.753624910896036e-10,0.9999960660934448
Wrong 3.3405356134608155e-06,0.9999955892562866
Correct 7.59521935833618e-05,3.216018376406282e-05,0.9989690780639648,5.915162546443753e-05,5.33268121216679e-06
Correct 0.8537895083427429,0.04742074012756348,0.0043424321338534355,0.0002864144626073539,1.615839937585406e-05,0.09284529834985733
Wrong 0.3699728548526764,0.6293450593948364,0.00037053017877042294,0.0001618726528249681
Wrong 0.0006361874984577298,0.9993579983711243,2.3944737748138323e-08
Correct 1.3946189758584637e-09,9.14613496050265e-10,9.868561523518338e-11,4.320328816920238e-10,4.671389386423641e-10,0.9999804496765137
Correct 3.791036817801796e-09,0.9999986886978149,2.2066479199445155e-10,1.8874461715778779e-10,9.127097688743646e-11,2.3489646339136527e-10
Wrong 2.5612712306610774e-06,1.5779536397531047e-06,0.9999932050704956,5.602758701428456e-09
Wrong 5.515929935029362e-09,9.094231145923004e-09,0.9999994039535522,1.7907602067879225e-09
Correct 0.07367239147424698,0.9260035753250122
Correct 5.803934755022055e-07,4.204357040293871e-08,2.4716136692859436e-08,1.0143486051106265e-08,1.499110346969701e-08,0.9998155236244202,1.6723777918059568e-08
Correct 1.1929038867819486e-09,1.7356648340793868e-09,0.9999997615814209,5.46151235347736e-10
Correct 0.9999806880950928,7.183173238445306e-06,1.0676834563128068e-06,2.0580137061187997e-06,1.459350187360542e-06,3.0894443625584245e-06
Wrong 0.999929666519165,4.936666300636716e-06,6.401965947588906e-05,2.3123876424779866e-10
Correct 6.864624424451904e-09,2.579811919645181e-10,1.3594653180959426e-10,1.5803264252767235e-09,0.9999904632568359
Wrong 0.9965795874595642,0.00023338962637353688,0.003074305597692728,4.843847364099929e-06,2.149444526367006e-06,6.380517152138054e-05
Correct 7.61441114605077e-08,1.400504601178909e-07,5.838171901473288e-08,0.9999868869781494
Correct 4.406937748058226e-08,8.105599391683427e-08,0.9999992847442627
Wrong 0.9999995231628418,4.916295281987004e-08,6.153464848779322e-09,1.6561827465011447e-09,7.94645294011076e-10
Wrong 3.174179141751665e-08,2.41987009985678e-07,5.602759145517666e-09,8.280341745603437e-09,2.2637196561703377e-09,0.9999933242797852
Correct 0.9999995231628418,6.550329612053929e-09,3.6381506141047737e-10,9.056074640190204e-11
Wrong 1.5503253507631598e-06,0.9979562759399414,1.6409161617048085e-05,0.0017001382075250149,1.8994984429809847e-06,3.1629486329620704e-05,1.6154759578057565e-05,0.00015327209257520735,1.3817898434353992e-05,2.5164263206534088e-06
Correct 0.7035890817642212,0.15455801784992218,0.004740746226161718,0.12813308835029602
Correct 0.12761296331882477,0.01345030777156353,0.00035843855584971607,0.8585560917854309
Wrong 2.7529064027476124e-05,0.999731719493866,2.7845251793223724e-07,4.380672748993675e-07,4.0746609641928444e-08,4.9075861170422286e-05,1.780087366398675e-08,6.02195839860542e-08
Correct 0.017958329990506172,0.9804915189743042,0.0015448533231392503
Correct 3.9043898141244426e-05,0.0020341058261692524,0.006989656016230583,0.00031685258727520704,7.569004992546979e-06,0.9898528456687927,0.00015685339167248458,6.0472368204500526e-05,3.965874566347338e-05,1.336008722319093e-06,3.7469289964064956e-06,1.787559813237749e-05
Correct 1.1677118827435606e-08,3.2057982934929896e-07,7.901133969312468e-09,5.5708419210986904e-08,7.778639066202686e-09,0.9999904632568359
Wrong 5.570875316607271e-08,1.6373714117889904e-07,3.850728180765373e-09,1.476135125244582e-08,0.9999964237213135
Correct 0.8221110105514526,0.1777939796447754
Correct 5.86255919188261e-06,3.024137913598679e-05,0.999950647354126,5.453029530144704e-07,1.4907753609350038e-07
Wrong 6.1427303990058135e-06,0.6871235370635986,1.5203404473140836e-05,1.2216279174026567e-05,0.21621300280094147,0.04749569669365883,0.049003370106220245
Correct 2.011991853123618e-07,0.10086517781019211,0.8990015983581543,0.00012970855459570885
Wrong 1.4993631225479476e-08,0.999984622001648,1.0969573693841994e-08,5.022237292706677e-09
Correct 2.9771635468023305e-07,0.056649353355169296,1.0230218094875454e-06,0.9432964324951172,3.1200406169773487e-07,2.8408291541381914e-07,2.769193585550056e-08
Wrong 1.0,2.8172628674383304e-09,7.391354889252355e-11
Correct 2.3960101458442296e-08,2.7150351300520015e-08,0.9999991655349731,7.265810353374036e-08,6.9727885687598246e-09
Correct 2.1815889539311684e-08,0.9999977350234985,1.5779608020238811e-06,1.8766976861428475e-09
Wrong 0.007936983369290829,0.0017709801904857159,0.0021362099796533585,0.33748912811279297,0.65052729845047,1.0696468052628916e-05
Wrong 0.9999946355819702,4.867767522398481e-09
Correct 7.571069318146328e-07,1.0289502824889496e-05,0.9999886751174927,1.315654571953928e-07
Wrong 3.5234091910751886e-07,0.11584042757749557,0.00103402987588197,0.8831222653388977
Wrong 0.9999978542327881,8.280379049097064e-09,3.6743956766116526e-09
Wrong 0.0007625723956152797,0.0011996948160231113,0.0011627840576693416,0.0008915374637581408,5.108916957397014e-05,0.005547332111746073,0.001317606889642775,0.06250160187482834,0.8763952255249023,6.458276038756594e-05,0.01997671276330948,0.029523663222789764
Wrong 0.5531423091888428,0.4175337255001068,0.029315469786524773
Wrong 0.00030058258562348783,0.42991700768470764,0.5695475339889526,0.00016342390154022723
Wrong 5.346132425643191e-09,9.38275501738417e-09,2.6465274416409557e-09,1.3845953617419582e-05,0.999982476234436
Wrong 6.574313738383353e-05,2.4953280444606207e-05,0.000281147746136412,2.0366274839034304e-05,1.92419020095258e-06,0.0041314358823001385,7.149234534153948e-06,0.9952560067176819,9.417269757250324e-05,7.730165634711739e-06,2.4707094326004153e-06
Wrong 6.179141109896591e-07,3.520768814269104e-07,4.936809546052245e-06,0.9999586343765259,1.2411136594892014e-05,2.0260624751244904e-06
Wrong 2.295917056471808e-06,0.9999967813491821,1.0571667274916763e-07,1.2430307450017608e-08
Correct 5.1817368174056355e-09,0.9999995231628418,3.7536379560165756e-10,1.0587622445434874e-10
Correct 1.3232028805987284e-08,0.9999995231628418,7.823252601291131e-10,5.376837863835249e-10
Wrong 1.571343055672969e-08,3.3455820336314446e-09,0.9999998807907104
Correct 2.6165039912484644e-07,0.9999934434890747,1.816213853089721e-06,6.893569661770016e-07,5.6585882646231767e-08,9.931129341111955e-08
Wrong 5.2572016073781924e-08,0.010986567474901676,5.146226840224699e-07,2.8989352358621545e-05,0.9889792203903198,3.4821113104044343e-07,1.81684036704155e-08
Correct 0.9999966621398926,2.156814161935472e-06,7.979912908240294e-08
Correct 2.2603194338444155e-06,0.9999955892562866,9.042415172189067e-08
Correct 3.378910662377166e-08,7.112424782462767e-07,0.999997615814209,8.902243564534729e-08,1.0145331685862402e-08,1.1142463840485561e-08,3.828807138006596e-08,3.7322580581644615e-09,1.0907256609016258e-07
Wrong 2.906679341663221e-09,3.2612040845592105e-10,2.3960012640600326e-08,0.9999954700469971,4.1225498015329265e-10
Correct 1.052734011075529e-09,1.438916763518705e-09,0.9999997615814209,2.9233368503689405e-10,1.7556010464825356e-11,2.2542353400600845e-11
Correct 0.002475651213899255,0.006522472482174635,0.002849457086995244,0.8677282333374023,0.002437270013615489,0.11743424087762833,3.215309698134661e-05
Wrong 0.9997318387031555,7.222509452731174e-07,0.0002653016126714647,1.7978248934014118e-07,6.09112538185741e-10
Correct 0.00015572142729070038,8.785203135630582e-06,1.7200591173605062e-05,0.9981847405433655,0.0005186315393075347,6.593659782083705e-05,0.00036206317599862814
Wrong 4.068669295520522e-05,0.00019109602726530284,0.9997655749320984
Wrong 0.9999097585678101,6.17883927134244e-07,5.895889785278996e-07,7.967216515680775e-05,7.945740732040463e-10,1.257198373183499e-10
Wrong 0.6224164962768555,4.9593745643505827e-05,0.37751469016075134,5.564264483837178e-06
Wrong 0.0001756631681928411,0.48429206013679504,0.5155262351036072
Correct 0.05775148421525955,0.005992591846734285,0.004118644632399082,0.9320617318153381
Wrong 7.4190213972258334e-09,1.372380986630617e-09,8.323912115137944e-10,6.185806311620468e-10,1.9771027870429947e-10,8.723384792297395e-10,0.0004044555826112628,0.9995315074920654
Correct 2.5904224543182863e-08,7.843542698537931e-05,4.9157581116787696e-08,9.930104738486989e-08,1.5468121006279034e-08,0.9998902082443237
Wrong 5.449062427942408e-07,3.13571899823728e-06,0.0004877161409240216,0.9992232322692871,1.6267896398858284e-06,0.00026516662910580635,3.039242983504664e-06
Wrong 0.0035603109281510115,0.003045295365154743,0.002564395545050502,0.9871755242347717,0.001461148727685213,0.00013804824266117066,0.0019661905243992805
Correct 2.6882460701926902e-09,0.9999980926513672,2.62045773968822e-10,2.2766932783468974e-10
Wrong 0.9065910577774048,0.0767797902226448,0.016604794189333916,1.7981108612730168e-05
Wrong 1.54697605836418e-08,3.2058170518212137e-07,1.1677186328995504e-08,0.9999963045120239
Wrong 1.6273580172310176e-07,0.0060974303632974625,2.3310828112244053e-07,1.413873178535141e-07,1.0672474815009991e-07,0.9938809871673584
Wrong 6.512960482041308e-08,6.312577482958659e-08,4.092880317330128e-06,0.999988317489624,1.216781413404533e-07,1.5960694099703687e-08
Wrong 0.028499796986579895,0.8072608709335327,0.16400499641895294,0.000161705567734316,4.218341928208247e-05,1.8142862245440483e-05
Correct 3.058779611819773e-07,3.8888025244432356e-08,2.6053350588028934e-09,1.808461114194415e-08,0.9999203681945801,4.1396081229549964e-08
Wrong 0.9890748858451843,0.002569329459220171,0.007670601364225149,0.0006598584586754441
Correct 2.1567882413364714e-06,0.999984622001648,1.275170973258355e-07,4.2712880343742654e-08
Wrong 0.000319936458254233,0.0001006724705803208,1.1837202691822313e-05,1.5771547623444349e-06,0.9994869232177734,6.919111183378845e-05
Correct 8.764132530814095e-08,2.684172159206355e-06,0.9999867677688599,4.785054443345871e-06,2.6576904588182515e-07,5.014693670091219e-06,9.476286777498899e-08
Correct 0.9992985725402832,0.0006986737716943026
Wrong 3.638225098256953e-05,0.0003142946807201952,1.000331053546688e-06,3.0161943868733943e-05,3.1790457342140144e-06,0.0022863363847136497,0.9973239898681641
Correct 1.5853859167691553e-06,0.062252432107925415,0.0036235260777175426,0.9147928357124329,0.01928490400314331
Wrong 2.215938721406019e-08,2.2862803206180615e-08,7.734385576441127e-08,0.9999953508377075,5.89639455483848e-07
Wrong 2.2862888471308906e-08,5.989271585349343e-07,0.9999991655349731,3.174197971134163e-08,6.972787680581405e-09,5.964140736836043e-09
Wrong 0.04713154584169388,0.9466624855995178,0.000672295456752181,0.005288013257086277,1.8302415583093534e-06,5.024685015087016e-05
Wrong 0.00019716910901479423,1.4590882528864313e-06,0.9998012185096741
Wrong 0.8133655190467834,0.004761465825140476,0.012544792145490646,0.0005259393365122378,0.0035384211223572493,0.16524523496627808
Wrong 5.714838380299625e-07,2.6164434530073777e-07,0.9999703168869019,7.193920126269404e-09,5.263184998938186e-09,1.6211746611816125e-08,6.691388554358468e-10,1.3701004220045832e-10
Wrong 0.029158808290958405,0.0032715273555368185,0.6847178936004639,0.000741471943911165,4.967552740708925e-05,0.2403586059808731,0.00026028111460618675,0.039855360984802246,0.0005774588789790869
Correct 0.9999978542327881,4.867783065520825e-09,1.2898342394151996e-09,9.49066866762216e-11,1.187897002985494e-11,2.4616919613862365e-10
Wrong 0.3623354434967041,0.007288665510714054,0.4105798602104187,0.21976757049560547
Wrong 1.966762974703329e-09,1.7907582083864781e-09,1.966762974703329e-09,0.9999982118606567,2.461693349165017e-10,2.7462163099123416e-10
Correct 8.59214643877948e-10,4.972753320231504e-10,2.969366141858387e-10,0.999997615814209
Wrong 0.9999250173568726,1.2288277275729342e-06,2.037595976389639e-07,7.141876267269254e-05,6.577440672117518e-07
Wrong 0.9980037808418274,7.323566819650296e-07,0.001987757394090295,1.5748144051030977e-06
Correct 0.0011684581404551864,0.997931957244873,0.0004166265716776252,0.00010868354729609564,0.00013955243048258126
Correct 4.765031746956083e-08,4.432169298240751e-09,0.9999983310699463
Wrong 6.009072603774257e-05,0.6252179145812988,0.0008295268635265529,0.36754661798477173,0.005668787285685539
Correct 5.263337321537165e-09,1.665667187511488e-10,4.661666538896547e-11,6.28616048103936e-10,0.9999994039535522
Wrong 2.931142626039218e-05,0.9999668598175049,2.1233126972219907e-06,6.681299282718101e-07,7.614259800448053e-08
Wrong 7.3975047598651145e-06,0.001524265157058835,7.324521789087157e-07,0.00030487222829833627,0.9981339573860168
Correct 2.367471097386442e-06,2.3539912945125252e-05,0.0005357658956199884,0.9994369149208069
Wrong 1.6212013065342035e-08,2.60550803155013e-09,2.646538765915807e-09,1.630485302328566e-09,4.857509394717852e-10,1.986337672121863e-08,0.9999867677688599
Wrong 0.0023072590120136738,0.05169883370399475,0.00023570135817863047,0.00023570135817863047,2.6034969778265804e-05,0.9454728960990906
Wrong 0.004755097441375256,0.995223343372345
Wrong 5.917252565268427e-06,0.051844142377376556,0.9481302499771118,9.755899554875214e-06,9.4557417469332e-06
Correct 2.7305790961662524e-09,1.9444293286596803e-07,3.732258946342881e-09,0.9999978542327881
Correct 2.1265762484290462e-09,1.9171669807249714e-10,7.991939748874799e-11,1.8189572070781423e-09,0.9999974966049194,2.7036384242506983e-10,2.134263425712657e-11
Wrong 0.12699149549007416,0.0005189852672629058,0.7658568024635315,0.09890108555555344,3.781046643780428e-06,4.3271771573927253e-05,0.003956541419029236,0.0019282642751932144
Wrong 3.1030651825858513e-06,1.7580063286004588e-05,0.9888178110122681,0.002865549409762025,1.1415539802328567e-06,0.008291742764413357
Correct 1.7629955273434916e-09,8.592155320563677e-10,2.6729408020287337e-08,0.9999985694885254,2.8172595367692566e-09
Correct 0.8996688723564148,0.08110760897397995,0.017816975712776184,0.001331627368927002
Correct 4.501915285004543e-09,5.54744916669847e-10,2.0729302996347343e-10,1.15618770113457e-09,0.9999871253967285
Correct 0.9999908208847046,7.946383551171721e-10
Wrong 0.9273658990859985,0.01113923080265522,0.04475030303001404,0.0013726225588470697,0.0008325377129949629,0.014528295956552029
Wrong 0.9999946355819702,3.1875583772489335e-06,4.476315851320578e-08
Wrong 0.999836802482605,0.00014425712288357317,1.4736793673364446e-05,1.6534226006115205e-06,5.232518063280622e-08,3.076038623817112e-08
Wrong 1.6186417269636877e-05,2.482267518644221e-06,6.401852442650124e-05,0.999911904335022,7.778028887628352e-09
Wrong 4.618235749376254e-08,2.6881359360686474e-09,3.7908787220430895e-09,2.0697497404853493e-07,0.9999569654464722,1.9142055407428415e-07,8.814057927963859e-09,9.184459059952133e-08
Correct 8.76390870985233e-08,1.7231202946277335e-05,1.2678807479460374e-06,8.445906019005633e-07,7.614217878426643e-08,0.999961256980896
Wrong 1.167722540884597e-08,0.9999996423721313,3.1923761412144813e-09,1.0693120833238368e-09,7.349269526280011e-10
Correct 0.9968241453170776,0.0031726728193461895,1.0155746394957532e-06,7.060104945111334e-09
Wrong 8.280394148130199e-09,8.233246262534522e-08,0.9999996423721313,3.432127826386022e-08,1.1382769171675022e-09,1.1861115645217524e-08,1.3101485452082784e-09
Wrong 0.9999998807907104,1.4993860375511758e-08,1.7257827167327378e-08,2.565146761668302e-09
Wrong 0.16456711292266846,0.019050028175115585,0.19850583374500275,0.6114410161972046,0.006380959879606962
Wrong 3.480759551166557e-05,0.9999500513076782
Wrong 0.7883625626564026,0.001779278856702149,2.4217812097049318e-05,0.20565666258335114,2.488172299308644e-07,1.374099269924045e-07,5.876277100469451e-07,0.004136946983635426
Correct 0.9660837054252625,0.03105471096932888,1.3587235116574448e-05,0.0028437552973628044,1.1393591847763673e-07
Wrong 0.9802668690681458,0.019718844443559647,1.4305802551461966e-06,9.093320727515675e-07
Wrong 0.9999991655349731,1.0907273662041916e-07,4.792321650626263e-09,1.125350834740857e-07,7.701962956296882e-10,5.263335989269535e-09
Wrong 8.628310155245345e-08,0.999992847442627
Correct 0.9240526556968689,0.024243390187621117,0.04974420741200447
Wrong 0.00012275588233023882,0.9947012662887573,0.0007519709761254489,0.00012864706513937563
Wrong 0.0038165615405887365,0.994111955165863,0.0018600434996187687,0.0001676880056038499,3.3539708965690807e-05,2.1441219359985553e-06,6.239750973691116e-07,3.465650522116448e-08,1.028760948429408e-06,2.757254868868131e-09,7.89966925207608e-10
Wrong 1.6950434655882418e-05,6.009450225974433e-05,0.2566050589084625,0.0008040556567721069,0.7425113320350647
Correct 0.9093441367149353,0.00034566805697977543,1.9808358047157526e-05,1.5187593817245215e-05,0.0900372639298439,0.000226694653974846
Wrong 0.13130423426628113,0.11231046915054321,0.0008442067191936076,0.43053001165390015,0.32498112320899963
Correct 3.107127497514739e-07,6.9726406870529445e-09,4.139846865314212e-08,2.535963687932963e-07,3.769373790873942e-08,1.8845682348000992e-07,0.9999780654907227
Wrong 5.47363612213303e-08,6.167126684886171e-07,5.142005576885822e-08,0.01744220219552517,0.982541561126709
Wrong 8.267863449873403e-06,0.9999905824661255,1.7159403853383992e-07,3.256282639085839e-07
Correct 4.6109526010695845e-05,0.9998840093612671
Wrong 0.005079295486211777,0.0033835398498922586,0.0027187508530914783,0.00037373718805611134,0.0052405293099582195,0.9831852316856384
Wrong 1.2951986150255834e-07,0.9999433755874634,1.5534122894678148e-06,4.2646868678275496e-05,1.0676435522327665e-06
Correct 0.6292428970336914,0.12390526384115219,0.0950014665722847,0.06428121030330658,0.026380954310297966
Wrong 0.9999239444732666,4.092617018613964e-06,1.8630677004694007e-05,4.264603921910748e-05,1.3729203329759798e-09
Correct 1.2042140724588535e-06,0.017947429791092873,0.001012524589896202,0.0011120407143607736,0.9798964262008667,1.6885447621461935e-05
Wrong 5.515930379118572e-09,0.9999995231628418,2.4476793925032325e-09
Correct 0.9018531441688538,0.09807198494672775
Wrong 5.203303885537025e-07,6.854008461232297e-06,0.9999481439590454,4.006321614724584e-05
Wrong 1.3231987949779977e-08,4.0125510025745825e-08,0.9999964237213135,6.577910767191497e-07
Correct 2.4758826384640997e-06,6.983548246353166e-07,0.002631599083542824,6.260011673475674e-07,0.9973399043083191,4.5538449739979114e-06
Wrong 2.98188318481607e-08,4.73790436217314e-07,0.9999992847442627,3.769453371660347e-08,1.250152092957535e-09
Wrong 0.002720043295994401,0.00044403490028344095,0.00022327476472128183,0.8283185958862305,0.1682831346988678
Wrong 1.095304196496727e-05,0.9999816417694092,1.3496795645551174e-06,2.49665617957362e-07,2.918886821134947e-07,1.9443977805622126e-07
Wrong 0.9999940395355225,2.273259553930984e-07,7.422454650907184e-09,2.2862773008114345e-08,1.2430276363772919e-08,3.0894855171936797e-06
Wrong 8.158046966855181e-07,0.003171768970787525,0.0002859436208382249,0.9965401887893677
Wrong 0.9997332692146301,3.168580587953329e-05,0.00023412819427903742,3.9886543845568667e-07
Wrong 0.011139510199427605,0.0032417825423181057,1.3248423783807084e-05,0.00016394049453083426,0.9273892045021057,0.028893694281578064,1.5248843737936113e-05,0.028893694281578064,4.770940722664818e-05
Wrong 0.9999973773956299,1.1496161356205903e-08
Wrong 9.434465755475685e-05,5.903937926632352e-05,0.8137875199317932,0.17057913541793823,0.015378175303339958,6.902401946717873e-05
Wrong 1.1189220003871014e-06,6.179274691930914e-07,3.7852644254599e-06,0.9999802112579346,2.8736295121234434e-07,5.780533829380374e-09
Correct 0.00023780742776580155,0.9997007846832275,6.012713856762275e-05
Wrong 1.8476055130278723e-09,9.290343494505748e-10,0.9999996423721313
Correct 1.966762530614119e-09,6.691572851380556e-10,0.9999979734420776,4.40693206371634e-08,1.943270544479958e-11
Wrong 0.9997597336769104,0.00022693081700708717
Correct 3.275060862506507e-07,0.025178641080856323,0.9748133420944214,9.329780255029618e-07
Wrong 1.4307224738274726e-08,2.447677838190998e-09,0.9999988079071045,5.461507357473749e-10,6.371749655675885e-11,5.461507357473749e-10
Wrong 0.0003540008037816733,0.9913265109062195,0.008312779478728771,5.405999559116026e-07,1.6842909289493946e-08
Wrong 2.049311653706809e-08,1.2236999857861974e-08,7.855815198354321e-08,0.999948263168335,6.348472414430262e-09,1.3100812656929861e-09
Wrong 8.470502507407218e-05,0.9831823110580444,6.494559056591243e-05,6.73908971293713e-06,0.006223264150321484,0.008776209317147732,0.0008163146558217704,7.592908514197916e-05
Wrong 0.9925510883331299,0.007345063146203756,8.159628487192094e-05,1.710351170913782e-05
Wrong 1.6629265076062438e-07,0.00013341892918106169,6.577002409358101e-07,0.9998583793640137,1.2287458730497747e-06
Wrong 0.009679539129137993,3.67947313861805e-06,2.2190064555616118e-05,0.9873398542404175,0.002952092792838812
Wrong 9.530531031032297e-09,7.422384484812028e-09,1.876672817147096e-09,4.035480838382455e-09,0.9999845027923584
Wrong 6.498960283352062e-05,0.00020018206851091236,0.9993419051170349,0.0003919374430552125
Wrong 4.179239840595983e-05,0.21192008256912231,0.00012673388118855655,6.372579809976742e-05,6.409071374946507e-06,0.7873786091804504,0.0004423447244334966,1.3998701433592942e-05
Correct 8.13932183518773e-06,9.665684956416953e-06,3.219164500478655e-05,0.9999463558197021
Correct 9.184558535935139e-08,0.9999679327011108,2.3552420316264033e-05,1.1317596637638871e-08,2.6881659120903123e-09
Wrong 2.5466180886724032e-05,7.64633387007052e-06,0.9999657869338989,6.893379236316832e-07
Wrong 0.9999221563339233,4.908521077595651e-05,3.500594402794377e-06,4.860093667957699e-06,2.1690036078325647e-07
Correct 1.444967381303286e-07,1.0087497770427944e-07,2.286270373019761e-08,4.07571754124092e-08,0.9999910593032837
Wrong 1.2218984920764342e-05,6.6433472056814935e-06,0.9999803304672241,6.681389663754089e-07
Wrong 0.0009042492019943893,0.9916296601295471,0.0002935667580459267,0.006577960215508938,6.348825991153717e-05,0.00040757705573923886,3.3647547752480023e-06,1.2972285503565217e-06,7.946487130539026e-06
Wrong 0.9999964237213135,3.471536946797471e-10,1.107239473718824e-11,4.370021271932201e-12
Wrong 7.465001949924499e-10,5.723616025576916e-10,5.211411302497027e-10,0.9999997615814209,4.9237044996708335e-11
Wrong 5.152197246616197e-08,0.9999924898147583,1.255411206102508e-07,6.5404306042182725e-06,3.2058048304861586e-07
Wrong 0.9999148845672607,6.709103035973385e-05,4.288986474421108e-06,1.2804548532585613e-05
Correct 3.6898748589919705e-07,0.9999969005584717
Wrong 0.13592864573001862,0.10586132854223251,0.7581490874290466
Wrong 2.9801459078271364e-08,8.228447256897198e-08,1.498511537079139e-08,6.237331490410725e-06,0.0005357550689950585,4.762259919743883e-08,1.5951572507333367e-08,2.2113254090072587e-05,0.999416708946228,1.2475442190407193e-06
Correct 8.410789398283214e-09,3.506138934739056e-09,2.5004620596291716e-10,4.3204112509798165e-10,0.9999995231628418,3.4321271158432864e-08,5.871678254720791e-09
Correct 0.000197155648493208,6.707882130285725e-05,2.481823230482405e-06,0.9997329115867615
Wrong 0.9980695843696594,2.556344270487898e-06,0.0019267275929450989
Wrong 0.7117149233818054,0.28755882382392883,6.202130293786468e-07,7.918349183455575e-06
Correct 6.475933105321019e-07,0.9999970197677612
Correct 0.9933395981788635,1.05455383163644e-05,0.0010589974699541926,0.005548750050365925
Wrong 0.9439260959625244,0.0455494187772274,0.0036809572484344244,0.003404329065233469,9.809418406803161e-05,0.0032995890360325575
Wrong 4.4503966023512476e-07,4.38139949210381e-07,9.610180859453976e-05,8.058626690399251e-07,0.9998975992202759
Correct 3.011174158018548e-06,0.007100745104253292,6.577009116881527e-06,0.0028244813438504934,0.9899948835372925,6.539560126839206e-05
Correct 0.027894316241145134,0.8543132543563843,0.10045129060745239,0.008507286198437214,0.0035463643725961447
Wrong 3.124819869526618e-08,1.3363158757329074e-07,5.307502215146087e-05,0.999945878982544
Correct 1.2554141903819982e-07,1.3440342172543751e-08,1.2898303536346134e-09,5.346199039024668e-09,0.9999948740005493
Correct 0.040779270231723785,2.6368737962911837e-05,2.4771135940682143e-05,0.9575939178466797,1.7565365851623937e-05,0.0014853847678750753,2.50556496439458e-07,6.5735870080629866e-09
Correct 3.81625433476529e-08,4.324383340303939e-08,0.0032730388920754194,5.521001753550081e-07,0.9967190623283386,2.2179854113346664e-06
Correct 0.9072895646095276,0.09268546104431152
Wrong 0.6923357844352722,1.2502782738010865e-05,0.3072221279144287,2.009380295930896e-06,4.4393036802148345e-08,0.00023962525301612914,2.8336808099993505e-06
Wrong 0.1366027593612671,0.8633559346199036,3.858861600747332e-05,4.2868083482971997e-07
Correct 2.3639382561668754e-05,0.09937580674886703,3.604574885684997e-05,9.952551772585139e-05,0.8996751308441162
Wrong 3.426483817747794e-05,0.2567850947380066,0.7430322170257568,0.00013552005111705512,7.765917871438432e-06
Correct 2.4097326356553594e-09,6.153467069225371e-09,0.9999998807907104
Wrong 0.6280770897865295,0.002487835008651018,5.670816244673915e-05,0.36922743916511536
Wrong 3.187521087966161e-06,0.9999829530715942
Wrong 0.9999794960021973,5.771834821644006e-06,8.714167734069633e-07,3.710939822099135e-08,6.214656167458088e-08,8.186202649085317e-07,7.0718001552450005e-06
Wrong 0.9983664155006409,0.0015009831404313445,6.698712968500331e-05,3.084456920987577e-06,4.532576713245362e-05
Wrong 2.144494283129461e-05,0.9999783039093018,8.902071613192675e-08,1.9976951204370152e-09
Correct 3.350956149006379e-06,0.9875631332397461,5.914788516747649e-07,5.33234363331303e-08,0.012431585229933262,4.088449756523005e-08
Wrong 1.03463185041619e-06,0.9997851252555847,0.00020988204050809145,5.121798949403455e-07
Wrong 0.00021995292627252638,0.9997780919075012,9.872455848380923e-07
Correct 7.123140410847384e-10,2.1387548676532475e-10,3.638143952766626e-10,0.9999977350234985
Wrong 8.54322301790944e-09,1.1142462952307142e-08,5.6586099361766173e-08,0.9999974966049194
Wrong 2.1355259605115862e-07,2.32227694851872e-08,2.01762873075495e-08,0.9999922513961792,1.0799590555166105e-08,2.029182599727619e-09
Wrong 0.14905999600887299,0.020490756258368492,0.011140630580484867,0.0823187381029129,0.7336989641189575,0.003191844094544649
Wrong 0.9960197806358337,0.0038238859269768,9.134535503108054e-05
Wrong 5.714945814361272e-07,3.653442703921428e-08,2.7577632621955672e-08,4.31386752097751e-07,0.9999891519546509
Wrong 1.2237585167440557e-08,0.9999960660934448,3.7322522850047335e-09,3.8890963338644724e-08,3.753626021119061e-10,3.417714722342424e-10
Wrong 5.602783570424208e-09,6.250357120762828e-09,9.237428599817576e-09,0.9999977350234985
Wrong 5.547519110749022e-10,1.4307239837307861e-08,0.9999998807907104,6.485706971481875e-10
Correct 1.2237451940677602e-08,0.9999852180480957,7.123051037893902e-10,2.9524225286792216e-09,2.3125168446824773e-10,9.436508241478236e-10
Correct 5.101374433991168e-09,7.464960316561076e-10,0.999994158744812
Wrong 0.9999980926513672,1.5960850419105554e-08,5.691017435083268e-09,3.3125688303492495e-10
Correct 2.8409251171979122e-05,1.1365129921614425e-06,3.844774255412631e-06,0.9999542236328125,1.078293462342117e-05
Correct 3.711011942186815e-08,8.059443530328281e-07,0.999998927116394
Wrong 5.602785790870257e-09,6.758249959659679e-09,2.672939558578946e-08,2.981879632102391e-08,0.9999980926513672,1.336385651029559e-07,3.2749543521504165e-08
Wrong 0.8328606486320496,0.10588634014129639,0.027193862944841385,2.02392056962708e-05
Wrong 5.3157627633027005e-08,0.9999957084655762
Wrong 0.001187725574709475,0.00011221542808925733,0.9986608028411865,8.128858098643832e-06,8.304153311655682e-07
Wrong 0.004132413305342197,0.9954915642738342,0.0003088534576818347,2.1348721929825842e-05,2.2026404622010887e-05
Wrong 0.9858644008636475,0.008012629114091396,0.0012481267331168056,0.004859904758632183
Wrong 3.0288269670109e-08,2.75777871650007e-08,3.8669475088681793e-07,0.9999947547912598,1.9863536593334175e-08,4.476316561863314e-08,6.719746892258627e-08
Wrong 2.5851308237179182e-05,3.069920057896525e-05,5.090425929665798e-06,0.9099192023277283,1.1512955211401277e-07,2.4183222535612003e-07
Wrong 0.015956591814756393,0.00010100069630425423,0.05398045480251312,0.927388072013855,0.0024855576921254396
Wrong 0.8873308300971985,0.0043063596822321415,0.10271599888801575,0.0009168768301606178,0.0044430578127503395,0.00014967602328397334,8.662584150442854e-05
Wrong 0.0031724816653877497,0.996764063835144,1.828387212299276e-05,2.967765431094449e-05,3.7730903841293184e-06
Correct 2.829129925885354e-07,1.7983042255309556e-07,0.9999984502792358,2.345430800687609e-07,3.866962003939989e-07,5.484518084131196e-08
Wrong 2.496645095106942e-07,0.9999772310256958,2.631444573353292e-08,2.0816440127191527e-08,7.766836461087223e-06
Correct 0.9132333397865295,0.0003364658623468131,0.08233048021793365,0.00011270194227108732,0.00397288054227829
Correct 0.05500122159719467,3.308056420792127e-06,5.174670513952151e-05,0.9449249505996704
Correct 1.9360436454007868e-07,1.372860509718521e-07,0.0197184756398201,3.293321242381353e-07,8.914613935928628e-09,1.7702153854770586e-05,0.9802485108375549,3.1425091151504603e-07
Wrong 0.9097641706466675,0.09007885307073593,3.5328524973010644e-05,9.908129868563265e-05
Wrong 1.1677173006319208e-08,2.1940762540140213e-09,3.581730467772104e-10,7.307388916188984e-09,0.9999951124191284
Wrong 3.856617922792793e-07,0.13288052380084991,1.5016742054285714e-06,0.8664897680282593,1.1049399262219595e-07,1.2592304976521973e-08
Wrong 1.8953803859744767e-08,6.312580325129602e-08,2.646544094986325e-09,1.0799551475315639e-08,4.1635987990673584e-09,0.9999887943267822
Wrong 0.031564533710479736,0.002511258702725172,0.01275322400033474,0.001430872012861073,0.9517325758934021
Wrong 0.0004583074478432536,3.254782257045008e-07,2.0052129912073724e-07,7.730785256399031e-08,0.9995298385620117,6.436051535274601e-06
Correct 1.4993840835586525e-08,6.864679935603135e-09,0.9999985694885254,4.792318986091004e-09,1.3384003627603391e-10
Correct 0.3775266110897064,0.6224361658096313,2.782044975901954e-05,5.1462657211232e-06
Wrong 4.888299258709594e-07,5.989269311612588e-07,0.9999988079071045,9.094225816852486e-09
Correct 4.163634770293356e-09,0.999997615814209,5.376827871828027e-10,3.5613456628169615e-09,4.5182375202346137e-11
Wrong 0.008756332099437714,0.010237189941108227,1.5152376363403164e-05,1.915440043376293e-05,0.9809555411338806
Wrong 4.0757001329438935e-08,2.657690174601157e-07,3.3405062822566833e-06,0.9999867677688599,1.1860964654886175e-08,2.605507809505525e-09
Wrong 0.002244353760033846,0.0006738771917298436,0.0009804855799302459,0.0006040596053935587,3.516048673191108e-05,0.9944279193878174,0.0007286350009962916,0.00013906242384109646,0.00012081951717846096
Correct 0.9996728897094727,0.000319995975587517
Wrong 1.5229922212256497e-08,0.9999961853027344,1.3946409582743513e-09,1.8293709602712482e-10
Correct 0.9999970197677612,2.769405455183005e-06,3.028834072438258e-08
Wrong 1.101580664908397e-06,3.966944404965034e-06,8.398021236644126e-06,0.9999855756759644,2.1024037266670348e-07,7.61440119845247e-08
Wrong 1.2411439456627704e-05,1.0029981467596372e-06,1.4085190791490731e-08,0.9999830722808838
Wrong 0.0018086705822497606,0.0006758508388884366,0.9973403811454773,0.00017357285832986236
Wrong 0.3591623604297638,0.2318926453590393,0.2392537146806717,0.16965629160404205
Correct 0.8851706981658936,0.10246594995260239,0.012237812392413616
Correct 1.8162171500080149e-06,0.999995231628418
Correct 1.787964833965816e-06,8.232775172700713e-08,1.7060879144992214e-06,0.999942421913147,1.1125091077701654e-05,2.392270471318625e-05
Wrong 1.0087413926385125e-07,0.9999827146530151,4.139866405239445e-08,1.4004987747284758e-07,9.570673000780516e-07
Wrong 0.9999996423721313,2.9818842506301735e-08,7.123153733523679e-10,5.591027640861057e-10,4.05865202557365e-10
Wrong 1.449216142646037e-06,0.5232934951782227,4.930708996653266e-07,1.5759493976474914e-07,0.4764641225337982
Wrong 1.315660114187267e-07,0.999992847442627,3.0415837954933522e-06,2.7264582058705855e-06
Wrong 0.24464286863803864,3.4750006307149306e-05,0.000535154074896127,0.001205988461151719,2.8973743155802367e-06,0.7535530924797058
Wrong 0.793930172920227,0.12960553169250488,0.07619116455316544
Correct 0.0020484160631895065,0.0005961230490356684,0.0004942033556289971,0.9968166947364807,2.0081964976270683e-05
Correct 0.08938440680503845,0.7721633911132812,0.1384412795305252,6.6905859057442285e-06
Wrong 3.883083627442829e-05,0.999954104423523,1.4449139484895568e-07,9.042040005624585e-08,7.496115728145014e-08,3.710845675186647e-08
Wrong 0.007845694199204445,0.012537382543087006,0.9653249382972717,1.7432652384741232e-05,0.014206714928150177,2.1819523681188002e-06
Correct 0.02442239783704281,0.9755492210388184
Wrong 6.139065362731344e-07,9.810198662307812e-07,4.396626081870636e-06,0.99347323179245,0.006488018203526735,2.778753150778357e-05
Correct 2.0816441903548366e-08,6.083456582928193e-07,2.3320271793636493e-06,0.9999773502349854
Correct 0.9667864441871643,0.02309468761086464,0.009478041902184486,5.814750329591334e-05,9.345155376649927e-06
Wrong 1.306771878262225e-06,0.9989249110221863,2.023968136199983e-06,1.1898293905687751e-06,0.0010649519972503185
Wrong 7.123148182408556e-10,8.327804001950767e-10,0.9999988079071045,3.4715449959143996e-10,1.000310511506397e-11
Correct 0.8462582230567932,0.12578505277633667,0.002065143082290888,0.00011470112076494843
Wrong 1.9947235614381498e-06,1.7603373407837353e-06,0.9999948740005493,1.436745378669002e-06
Wrong 4.0928684938990045e-06,0.9999854564666748,1.8265997425714886e-07,6.962203315197257e-06
Correct 0.0005581578589044511,0.02094472013413906,9.111677354667336e-05,6.877855048514903e-05,0.00020215139375068247,0.9781241416931152
Wrong 0.07113618403673172,0.3845585584640503,0.5423145294189453,0.001955891726538539
Wrong 2.952445399273529e-09,0.9999929666519165,7.012672664785669e-10,1.516596986883556e-10,3.229023645689999e-11
Correct 0.9999995231628418,2.5907056055984867e-08,4.972762202015701e-10
Wrong 3.3265287413541955e-08,0.9999985694885254,4.916290663459222e-08
Wrong 5.83815484844763e-08,1.1430552149249706e-07,1.0129931069968734e-05,0.9999840259552002
Wrong 0.999998927116394,5.0799937173495735e-11,9.619888219347672e-12,6.76843867411514e-12,1.9391918626432414e-12
Wrong 0.00014880498929414898,0.9390618801116943,0.02174222841858864,0.0011344312224537134,3.47963250533212e-05,0.036411382257938385,0.0010995283955708146,0.00024920146097429097,1.5201387213892303e-05
Wrong 0.9999977350234985,1.4823568790234276e-06,1.7983029465540312e-07,8.025617503903959e-09
Wrong 3.822824146482162e-05,2.2473224817076698e-05,0.99993896484375,2.1690398455120885e-07
Wrong 2.918244206284726e-07,0.9997615218162537,0.0002341348008485511,1.732641408125346e-06,4.3808034888570546e-07
Wrong 5.452317850540567e-07,3.1870022212387994e-06,1.3285400655149715e-06,2.467907324898988e-05,0.9998201727867126,0.00011234569683438167,1.7228770957444794e-05,1.8628743418958038e-05
Wrong 0.9999759197235107,5.714870212614187e-07
Wrong 0.0022207594010978937,0.16572824120521545,0.8157429695129395,0.0009854561649262905,0.012980839237570763
Correct 0.00014883722178637981,7.645392543054186e-06,0.999842643737793,4.450151891433052e-07
Wrong 0.3923235535621643,0.6076425909996033,1.1864991392940283e-05,5.725485152652254e-07,1.8016037017787312e-07
Wrong 3.4517808611411738e-09,1.5803405251091363e-09,0.9999994039535522
Correct 4.2292089830198165e-09,0.9999991655349731,9.833206249254545e-09,2.5398375069762835e-10
Wrong 1.5709915146544517e-08,1.5076350168286012e-09,5.689754445370454e-09,0.9997761845588684,2.3350714695169472e-09,3.451010588406689e-09,1.3727171621624734e-09
Wrong 0.9991682767868042,0.0008295873994939029,5.281121389089094e-07
Wrong 1.2289159485590062e-06,0.9999969005584717
Wrong 9.03912322769429e-08,0.000368297885870561,0.9996315240859985,3.173030904690677e-08
Wrong 0.8371137380599976,0.00032831227872520685,0.0999789834022522,0.06256524473428726
Wrong 3.0588481081395e-07,0.9999427795410156,4.611223630490713e-05,3.769240564110987e-08,4.163408284796333e-09,1.1141853661911227e-08
Wrong 0.6623371243476868,0.039159759879112244,0.2761031985282898,0.009747635573148727,0.011045517399907112,0.001518388744443655
Wrong 0.9999994039535522,4.527751229499444e-10,3.491426592283631e-11,2.2542348196430417e-11,9.47075664420316e-12
Wrong 0.015857303515076637,0.0030740785878151655,0.9810566306114197,6.9379784690681845e-06
Correct 1.9444267707058316e-07,0.999996542930603,1.370954350932152e-06,2.631495377158899e-08
Wrong 0.2507902681827545,0.020586121827363968,0.6207119226455688,0.10786354541778564
Wrong 2.1691350582386804e-07,2.5906624401272893e-08,6.932972240747404e-08,0.9999828338623047
Wrong 0.05601799488067627,0.017084524035453796,0.9040846228599548,0.00011332992289680988,1.7653397662797943e-05,0.022633317857980728
Wrong 9.094227593209325e-09,0.9999990463256836,2.998957970845595e-09,4.572864753527028e-09,1.351736833576922e-09
Wrong 0.0740073025226593,0.00032702743192203343,0.004731128457933664,0.003684606635943055,0.9015935063362122,0.01152811385691166,0.0012536243302747607,0.000152081876876764,0.0026539224199950695
Wrong 1.6561397808700917e-09,5.634732680448451e-10,3.1922930965322394e-09,0.9999736547470093,2.6616597814665965e-10,2.70357403131527e-10,6.587669298951937e-10
Wrong 0.009877663105726242,0.0036337890196591616,0.0032573072239756584,0.9765499234199524,0.0036910129711031914,0.0023830970749258995
Wrong 0.9999988079071045,5.376834533166175e-10,1.15377284115592e-10,7.625972769931266e-11
Wrong 5.346217690771482e-09,0.9999984502792358,6.3487903823045144e-09,1.7629953052988867e-09,6.250362005744137e-09,4.7180206408370395e-09,2.4097293049862856e-09
Wrong 0.9999992847442627,2.006154886657896e-07,3.3455800352300002e-09
Wrong 3.3894234547915403e-06,2.837929605448153e-05,0.0010484149679541588,0.9988998174667358,8.388902642764151e-06,1.094119215849787e-05
Wrong 2.167968915500751e-07,4.202799885888453e-08,0.0005274640279822052,3.7089577631377324e-08,2.5491274868727487e-08,0.9994452595710754
Wrong 0.9998262524604797,0.0001609287573955953
Correct 0.9881699085235596,0.004038424696773291,0.007784267887473106
Correct 0.9999949932098389,9.931144973052142e-08,1.4532474779116455e-08,8.494558301208599e-08,2.81724887862822e-09,3.905479388777167e-06
Wrong 0.999993085861206,5.422210961114615e-06,5.539137077903433e-07
Wrong 0.12785527110099792,0.8337211012840271,0.03779394552111626,0.00046837967238388956
Wrong 2.147745092884179e-08,0.9999877214431763,4.058602065537542e-10,3.47150669322005e-10,3.8727482332134855e-10,4.6643958739878144e-07,4.895609473365425e-10
Wrong 3.451664731812798e-09,4.671320552596114e-10,5.634687716415954e-10,0.9999657869338989
Wrong 0.09182154387235641,0.700011670589447,0.20692305266857147
Wrong 0.20746907591819763,0.7471248507499695,0.04085308685898781,0.002868336858227849,0.0013549062423408031
Wrong 0.9999970197677612,3.4517726454907915e-09,1.3307767110504187e-09,1.4367484482136206e-06,4.625380981004845e-11,2.500455953402536e-10
Correct 0.9999912977218628,3.972942863583739e-09,2.620439976119826e-10,2.1387409898654397e-10,7.746009389464348e-11,1.2378083280584207e-10
Wrong 9.9612934718607e-06,0.6653590202331543,1.0940341780951712e-05,2.723266561588389e-06,0.3345635235309601,4.259905108483508e-05
Wrong 1.8448222363076638e-06,0.9999973773956299,5.043463602305565e-07,4.075743476050775e-08
Wrong 2.395966980373032e-08,5.813641790197721e-10,1.3101243423463416e-09,9.889338237201173e-10,1.8189277861679898e-09,1.3651807684311734e-08,0.999981164932251
Correct 1.473888914915733e-05,0.9999790191650391,2.857264234989998e-06,2.1907405880483566e-06
Correct 0.2188505083322525,0.011418831534683704,0.4088665544986725,0.36082345247268677
Wrong 0.004897331818938255,0.0016404008492827415,3.53272957909212e-06,0.9934567809104919
Correct 1.1544595963641768e-06,0.9999967813491821
Wrong 1.0907277925298331e-07,1.0305114983566455e-08,0.9999995231628418,2.605540894151659e-09
Wrong 0.019146809354424477,0.004692126996815205,0.6541823148727417,0.0030294654425233603,0.028297152370214462,0.2902916371822357,0.00018193353025708348
Wrong 2.5253619195808596e-09,0.9999935626983643,3.753615474000327e-10,1.0754289125891603e-10,6.729865276167146e-11,7.163901416529228e-11
Correct 4.1167545816733764e-08,8.991819555603797e-08,0.020963119342923164,0.9789834022521973,5.539700254075797e-08,8.665546715747041e-07
Wrong 0.00032323875348083675,0.00015753401385154575,0.02691035345196724,0.9486225843429565,0.02301764488220215,0.0009650127612985671
Wrong 1.8738543303697952e-06,1.7159341325623245e-07,7.224351747936453e-07,3.3931119105545804e-06,8.54313331188905e-09,1.2878799680038355e-06,0.9999868869781494,1.16770779712283e-08,2.1355144497192668e-07
Correct 9.327483212473453e-07,0.010012906976044178,1.5776244254084304e-05,1.4905276657373179e-06,1.808215444043526e-07,0.9899207353591919
Correct 2.998960191291644e-09,2.952465605332577e-09,0.9999997615814209
Wrong 0.9982739686965942,0.0015244790120050311,0.00015818781685084105
Wrong 0.00021994704729877412,0.9997513890266418,1.5203289876808412e-05,3.4117388736376597e-07,9.420112974112271e-07,3.2879422633413924e-06
Wrong 8.233208603769526e-08,2.829120262504148e-07,1.0087538981906619e-07,3.8449315979960375e-06,0.9999951124191284
Wrong 0.00912050437182188,8.715956937521696e-06,0.0002977949916385114,0.00016190833412110806,0.9903169870376587,2.8135453248978592e-05
Wrong 1.0145210005418903e-08,2.181563019121313e-08,5.43033973343654e-09,5.5158548839528976e-09,1.7356408532620549e-09,0.9999858140945435,3.972921103212457e-09
Correct 0.5620121359825134,0.31037256121635437,0.012810607440769672,0.11417970061302185,0.0002346344554098323
Wrong 0.0027534756809473038,0.01660558395087719,0.022697143256664276,0.0008397626806981862,0.0035355330910533667,0.8254998326301575,0.12659449875354767,0.0013419369934126735
Correct 0.6942344903945923,0.2253849357366562,0.08036347478628159
Wrong 9.93118547398808e-08,2.82913163118792e-07,0.9999990463256836,1.8846077409762074e-07,4.792321650626263e-09
Correct 2.368781224504346e-06,3.8669290347570495e-07,4.0294326026923954e-06,8.902176062974831e-08,0.9999899864196777
Wrong 0.0048187305219471455,0.13229185342788696,0.8626512289047241,0.00023252918617799878
Wrong 0.034996986389160156,0.08936793357133865,0.0005569036002270877,0.8748145699501038,2.1593496057903394e-05,2.905722431023605e-05,2.7027431315218564e-06
Wrong 1.9817802240140736e-05,0.999195396900177,1.4727339475939516e-05,0.0006877707783132792,4.1130539329969906e-07,9.508685252512805e-06,1.0443247447255999e-05
Correct 0.9999879598617554,7.496368681358945e-08
Correct 2.885709545807913e-05,0.9999703168869019,5.285360771267733e-07
Wrong 5.2553923524101265e-06,0.999994158744812,2.2033188429304573e-07,2.631488982274277e-08
Wrong 2.1865719190827804e-07,5.583606821346621e-07,0.9770077466964722,1.1343785644157833e-07,8.611778845590834e-09,5.3584248149718405e-08,1.2530058768334129e-08,6.812475916717631e-09,3.0660032734886045e-06,0.022270090878009796,3.053139252529036e-08
Wrong 0.0003285359125584364,0.0008792078006081283,0.004002386704087257,0.9947744011878967
Correct 5.871654717992669e-09,0.9999955892562866,1.6822571113905838e-09,5.461489593905355e-10
Wrong 1.9555676189497717e-08,1.02464426277038e-07,0.9999997615814209,8.410792062818473e-09
Wrong 8.454493581666611e-06,3.3629655717959395e-06,4.865225491812453e-05,3.259498271290795e-06,6.22086190560367e-07,5.260562465991825e-05,0.006574462633579969,0.017321402207016945,0.9757367372512817,5.7775978348217905e-05,0.0001570514141349122
Correct 2.0583527657436207e-05,0.0008890167810022831,0.007560865953564644,0.9902780652046204,0.0012151417322456837
Wrong 0.0018878082046285272,0.05023271217942238,0.9478217363357544,5.355299435905181e-05
Wrong 0.000566688715480268,0.05780382081866264,0.006485409568995237,0.932906448841095,0.00011694282875396311
Wrong 9.237403901352081e-06,4.81974609556346e-07,1.3440343536785804e-05,0.0736910030245781,0.9262375235557556
Wrong 6.962241513974732e-06,0.9999909400939941,3.486145416786712e-08
Wrong 0.0015011668438091874,0.9984885454177856,9.803583452594467e-06,8.751001701057248e-08
Wrong 1.974767087631335e-07,3.972401074747722e-09,1.8473380603012401e-09,4.431534250670666e-09,0.9998548030853271,1.2624265188776462e-08,5.376064038387085e-10,2.0088883334601348e-10
Wrong 1.8370823084978838e-08,1.1861094328935451e-08,0.9999978542327881,2.335587945268003e-09
Wrong 1.7805295016160017e-08,1.323177212242399e-08,7.823100500736757e-10,6.550202602539912e-09,0.999980092048645
Wrong 0.00047285063192248344,2.8559502425196115e-06,0.9995191097259521,1.421893784936401e-07
Wrong 9.028022759594023e-05,1.19100025131047e-06,0.9999078512191772
Wrong 1.2824833639513145e-08,0.9999924898147583,8.814368790410754e-09,1.531707871649246e-09,2.4235152773499635e-10,3.5261918385209867e-10
Wrong 0.21733634173870087,0.7826582789421082,1.1668251431729004e-07,1.9652540927950213e-08
Correct 2.169159927234432e-07,2.6165059807681246e-07,0.9999942779541016,5.17391572429915e-06,3.43210970754626e-08
Wrong 7.843625644454733e-05,0.9999006986618042,1.8057049601338804e-05
Wrong 6.058060719738023e-09,0.999998927116394,1.7907594296318052e-09,2.539836951864771e-10
Wrong 2.3723711883860688e-09,6.092753523923022e-10,2.0091765751129032e-10,3.5061373804268214e-09,0.9999990463256836,7.123149847743093e-10,2.8719708902724683e-11,2.3440329538493287e-11
Wrong 0.0008966392488218844,3.878480856656097e-05,0.00016329012578353286,0.9987687468528748,0.00011048762826249003
Wrong 3.866952908992971e-07,0.9999961853027344,1.1610698180675172e-07,1.7805582785968e-08,1.7629919746298128e-09,7.778683475123671e-09
Wrong 9.23732734747773e-09,5.964067018027208e-09,2.4861928071828743e-09,0.9999867677688599
Wrong 0.999783456325531,0.00020662776660174131,5.172824785404373e-06,1.2676553069468355e-06,1.8262306866745348e-07
Correct 0.0002097596152452752,0.00058828538749367,0.9992019534111023
Correct 2.2957999590289546e-06,1.732960754452506e-06,6.825233356266835e-08,2.1567045678239083e-06,0.9999457597732544,1.4760603406216433e-08,2.4860922209768432e-09,2.433612245056338e-08
Wrong 1.453251829985902e-08,1.6119886936394323e-07,1.5229950633965927e-08,5.263329772020597e-09,3.732259834521301e-09,0.9999979734420776,3.3789120834626374e-08,7.946441282769001e-10,2.74208503014961e-07,7.778697685978386e-09,4.6448724866365865e-09
Wrong 4.2533363739494234e-05,0.03011530451476574,0.9080355167388916,0.06179258972406387
Wrong 0.0005347804399207234,8.201123273465782e-05,0.00025261237169615924,1.47880052736582e-06,0.000924017746001482,6.798969843657687e-05,2.7044436137657613e-05,0.9975985884666443,1.97861318156356e-05,3.0343014714162564e-06
Correct 0.0007793345139361918,5.251114089332987e-06,1.7217740605701692e-05,0.999180018901825,2.991994506373885e-06,1.931776751007419e-06
Wrong 0.9822273850440979,0.015387766994535923,0.0013445682125166059,0.001030916115269065
Wrong 8.233071469021525e-08,1.2047649100566105e-08,7.778544919290198e-09,1.3651773045353366e-08,0.9999784231185913
Wrong 0.1343182474374771,0.04569948464632034,0.04499097540974617,0.7729482054710388,0.0017719613388180733
Wrong 8.664096640131902e-06,6.108782690716907e-05,2.3686322947469307e-06,0.9999271631240845
Wrong 2.1477683631587752e-08,3.8288110459916425e-08,1.4677333126655867e-07,0.9999985694885254,5.4845191499452994e-08
Wrong 6.550317177556053e-09,0.999997615814209,1.3287758520164061e-06,4.8400661256664534e-08,1.1861092552578612e-08
Wrong 0.9999698400497437,1.2029420759063214e-05,1.706134639789525e-06,1.3287389037941466e-06,5.8380727807616495e-08
Wrong 0.9999982118606567,3.3075866667786613e-07,2.2159451162906407e-08,1.546978900535123e-08
Wrong 5.46151235347736e-10,5.101402855700599e-09,0.9999997615814209,3.0941575968057577e-09
Correct 0.9333975315093994,0.000104882063169498,0.06351850181818008,7.24971005183761e-06,0.0029707998037338257
Wrong 5.4303854746251545e-09,7.823212078150732e-10,3.972954853992405e-09,0.9999942779541016
Wrong 0.9999971389770508,1.3517336139301506e-09,4.211454796010372e-11,2.101173228463704e-11
Wrong 1.7704246602079365e-07,2.6995752477887436e-07,0.9999988079071045
Correct 0.0020801760256290436,0.0028432640247046947,0.18149037659168243,0.00019653351046144962,0.8133834600448608
Correct 2.2508366726015083e-08,4.618416582502505e-08,1.2952669692367635e-07,7.307396021616341e-09,2.5253688029636123e-09,0.9999961853027344
Wrong 0.9868757724761963,0.01046115905046463,0.0007697374676354229,0.00010255758388666436,2.03104332285875e-06,0.00010417263547424227
Correct 2.7107162168249488e-05,4.6836976252961904e-05,9.873782573777135e-07,2.6013954084191937e-06,2.918684458563803e-07,0.9999123811721802
Wrong 0.0007667997269891202,0.0006356992525979877,0.9985910058021545,4.6313598431879655e-06
Correct 0.0014090855838730931,0.19041216373443604,0.00407732417806983,0.8016651272773743,0.0013657327508553863,3.8142199628055096e-05,0.00013106537517160177,5.725822484237142e-05
Wrong 1.752957068390515e-08,6.615590564251761e-08,1.752957068390515e-08,3.989711956364772e-07,0.9999983310699463
