grade confidence_levels
Wrong 1.992476110046059e-14,2.2980224087575454e-15,8.004069683518328e-14,0.999994695186615
Correct 3.104414240864134e-13,0.9999837279319763,7.641900445776173e-10,2.9738163971268494e-13
Correct 2.2993831283457666e-09,6.256097468751985e-16,2.1285314601190948e-16,0.9999998807907104
Correct 0.9999999403953552,6.324103494155766e-18,1.0959775848135643e-16,1.1085329664207158e-18,1.0184949771297781e-18,1.917187731782276e-18
Correct 1.0,1.2915957907969435e-18,1.523348223786844e-18
Wrong 0.0001795279240468517,6.039723431771466e-16,1.4896913563822167e-11,0.9998201727867126,3.031217516032657e-16,1.1483943949865821e-14
Wrong 4.782128582014877e-10,0.9999807476997375,1.3997041373170482e-11,1.9739000364782378e-11
Correct 3.424060351659569e-13,1.150635178296896e-15,2.032967842463193e-14,0.9999881386756897
Correct 2.188336724285797e-14,0.999997615814209,4.368899380181694e-14,2.3765078463754185e-15,1.5040682729231675e-14,1.0562372103253143e-13,1.8179205428341116e-13,3.5946978900469606e-12
Correct 2.3382254511704315e-16,2.3939903946485104e-16,1.0,3.9001899401098236e-16
Correct 8.267835255537648e-06,0.9999874830245972,1.054308983866603e-12
Correct 1.0,4.891449834271074e-19,4.9700137944901353e-17
Wrong 6.998228385679539e-11,1.0589710532082908e-11,0.9998937845230103,2.025951971518225e-06,1.4406198131124148e-13,5.847422833481566e-14
Wrong 1.4268169707797734e-13,3.9502342730202145e-08,1.005999970826732e-12,0.9999586939811707
Wrong 3.0270454112052425e-12,2.0061580130459333e-07,6.768442577242961e-12,0.9999996423721313
Wrong 9.416795121452992e-11,0.9999918937683105,7.72976474494591e-12,3.2377440675190883e-06
Wrong 5.946643510593283e-16,2.987740969211319e-17,0.9999999403953552,3.468806118589457e-16,4.9620774928210565e-17
Correct 7.835053677900106e-13,4.915191903084816e-16,1.961566183734855e-14,9.050853667339105e-15,1.0
Correct 1.3973152062501937e-12,6.228208273688926e-15,0.9961751103401184,1.4555872241035772e-13,4.165426396141687e-16
Correct 1.0,7.69112326756652e-19,1.6686878278793513e-17
Wrong 1.4297707440734386e-13,0.999993085861206
Wrong 8.127835935485463e-16,9.613579105874993e-18,9.727693766809257e-16,2.2705802353324006e-15,2.0194984939425446e-15,5.923317811412675e-16,7.200878547515023e-16,2.793669429904805e-13,2.461696124722579e-10,0.9999996423721313,4.0525461031393206e-07,4.4388516300120084e-12,1.5220883364461257e-12
Correct 0.9999315738677979,1.1095563170514388e-16,5.820709193094355e-15,7.445881768717146e-16,2.419720601665176e-07
Wrong 3.918576751971159e-08,0.9999814033508301,4.285660715197537e-10,1.714553325704582e-11,4.690003763130335e-08,7.608079097276566e-12
Correct 1.0,5.145380388275502e-20
Wrong 1.0,7.985657856019189e-20,1.4686486310350906e-18,1.062255912781615e-17,4.4715243584781695e-19
Correct 1.3174103474788978e-10,2.7062761957081204e-15,1.0058851538166658e-12,0.9998071193695068
Correct 5.376836198500712e-10,0.9999948143959045,5.699623065180681e-12
Wrong 8.9476791251329e-15,1.1566100428277095e-15,0.9999998807907104,4.9313882106516785e-14,3.3955876641865093e-17
Wrong 7.00854508434677e-14,0.9999998211860657
Correct 0.9999999403953552,7.775150342141188e-17,1.9983172174865892e-16,2.795145727863739e-16,3.0575271534677634e-16,4.903274149516948e-16
Correct 8.536917273625506e-15,1.3599284367373978e-17,0.9999856352806091,2.7880656970949956e-15
Wrong 1.1694768417558343e-11,8.652061450167598e-16,7.646535777894314e-06,0.9999921321868896
Wrong 0.9999995231628418,2.7587811393284277e-18,4.229211647555076e-09,3.273007082374435e-12
Correct 7.118996825416016e-14,0.9999971389770508,9.940400045249046e-15,1.2202732509015795e-15
Correct 0.8933042883872986,0.10669010877609253,3.8053959397661707e-13
Correct 1.5761755100965683e-14,2.886136124640164e-16,1.7358974107021424e-16,6.544808437065376e-15,1.0
Wrong 4.454907444459075e-14,2.788173968419734e-18,1.3372236193245728e-16,5.68444141774606e-17,2.221989502098888e-16,8.719078399169337e-18,9.575839817607874e-18,3.4478767285561914e-17,4.302283355961389e-12,1.8902918509991484e-13,0.9999997615814209,5.910873838626326e-17
Correct 9.268563564215904e-13,1.537032897876503e-13,7.06601834335463e-12,1.9241648205325923e-12,0.9999959468841553,7.323555824279016e-12
Correct 0.9999996423721313,2.6598439274173384e-17,1.1916564545368298e-15
Correct 0.9983510971069336,0.0016484973020851612,2.281212328411608e-12,7.996210721251289e-16,1.2689323820455828e-16
Wrong 5.763498046737958e-16,3.0508345415930505e-12,0.9999997615814209
Correct 1.0118500411463935e-13,0.9999967217445374,1.7721157454333482e-14,3.47839823732152e-16,1.1668150957762293e-15,1.1531308338210387e-14,1.0504184751425035e-15
Wrong 9.37456170769244e-15,0.9999997615814209
Correct 5.067292550632087e-16,5.535309852289487e-18,0.9999999403953552,4.118404056906579e-18
Wrong 0.9992904663085938,1.3279278618938406e-06,2.9752905902569182e-05,6.408457477787705e-14,4.584700505252514e-15,8.536861538857576e-14,3.256103069462779e-15,4.489495696047025e-15,1.6715027584268682e-08
Correct 4.1054995847389364e-08,0.9916806817054749,1.3830732115138744e-09,2.0599234817897383e-10
Correct 3.900849641132881e-14,4.367760862021466e-16,1.1896897075607763e-14,0.9999997615814209
Wrong 0.04320158436894417,8.902379701469787e-13,5.463658496983326e-13,1.1215826489774372e-08,2.8700895882138866e-07,5.058387614553794e-05,0.9530123472213745
Correct 0.9999999403953552,5.896184248320726e-19,3.364693460924389e-17,3.6220568118859725e-17
Correct 1.0,2.842792807664187e-19
Correct 9.451041295058249e-13,1.0381086511991751e-15,0.9999984502792358,4.001113015802667e-15,5.538379453368222e-16,2.635097264293263e-16,6.091606169142394e-14
Correct 8.788938268674748e-16,5.846973143689869e-17,1.0,3.7651472126312745e-16
Wrong 0.9999988079071045,4.4643748333544897e-13,2.3154028895604932e-15,1.2098656725356705e-06
Correct 2.11755678096448e-12,0.999988853931427,1.5922617391250782e-11,2.7736000163258723e-09
Wrong 0.9335688352584839,4.4418506149668247e-05,5.556312077104053e-10,3.871003517730287e-11,0.05968106538057327
Correct 7.864140111682461e-13,3.842346091905563e-14,3.2657557214044175e-13,3.356239711062997e-13,0.999769389629364
Correct 3.291409435583412e-14,0.9998812079429626,2.266567501448078e-14,6.270813268606165e-14,1.9144657308566536e-14
Wrong 0.9999985694885254,1.6212266858728962e-17,8.071696089295699e-10
Correct 3.759338218327357e-13,4.84964637604391e-16,3.1449269246412183e-16,6.397409034133604e-16,6.262290338387598e-16,3.572679515916706e-15,5.675883076256341e-14,0.9999999403953552,1.7456046330632802e-10,1.0900831452775872e-11
Wrong 1.5637919561703462e-13,0.9988183975219727,7.9508171964629e-13,3.900386144704143e-14,7.643852998479028e-14,7.888644707083892e-13
Wrong 2.8273633434494627e-11,3.299229921378821e-14,5.437724177729565e-14,4.826937460844505e-13,0.9999667406082153,5.261866788640324e-13,6.541111561767085e-15,1.1511546381924587e-13,1.614367944879902e-10
Correct 3.21583870643849e-11,0.9958723783493042,3.902230760743919e-10,1.3699892609242426e-10,7.476336390255245e-12,1.4243872747954356e-10
Correct 2.796475428112899e-06,3.041872851695937e-13,0.8503119945526123,6.639440386368989e-11,0.14547131955623627
Wrong 0.0016226184088736773,0.9983125329017639,6.63329688486286e-13,9.950325285945638e-12,7.181366504065145e-13,4.320594923501453e-11
Wrong 4.980246900640473e-13,5.949541125602545e-14,2.4802869583477258e-15,0.9999507069587708,5.960245165660292e-15,9.737159359994823e-16,4.62519363086944e-11
Correct 3.708715626271619e-12,0.9999642372131348,6.411823960661422e-08,1.8058168279821984e-05
Correct 1.0,5.731735572666356e-19,5.1154328079214476e-17
Correct 0.9999125003814697,5.2413993457595954e-18,2.45934295699612e-16,3.862022582566986e-15,8.750300185056403e-05
Wrong 0.9999996423721313,8.89284538850121e-16,2.5046688149693306e-17
Correct 0.9999998807907104,4.098728738856393e-18,1.381573602698318e-16,1.3964279467024226e-17,2.2801025135509844e-17,1.732350460235515e-16,3.06739879307242e-17,1.1912016243139338e-16,4.001750103163615e-13,1.7964552371727005e-15
Correct 2.6577035328045895e-07,0.9999969005584717,7.288345139000105e-14,1.1783514431134429e-13
Correct 0.9991695284843445,2.1684909540898656e-15,5.891639034416585e-07,5.892238584391139e-16
Correct 2.465435353701112e-13,1.3506988547242046e-15,2.384546316099804e-14,0.9999997019767761,7.971631413308746e-16,5.219272822092058e-13
Wrong 2.686063448487791e-15,1.4953751261398933e-17,6.368683896960944e-17,0.9999956488609314
Correct 7.464647233668131e-10,0.9999523758888245,3.480762825347483e-05,3.7264710499584908e-06
Correct 1.25949522079144e-12,2.747662649027439e-15,1.0266211903685123e-15,1.0509751028437916e-14,2.2408709782239297e-15,1.671359990511323e-13,4.546808079781278e-13,0.4225071668624878,2.3172113117198023e-08
Correct 3.916128760248633e-14,3.7146706134802594e-15,2.196629812114127e-15,2.0196225842693174e-15,0.9999974966049194,6.375539101100003e-07
Wrong 0.9999997615814209,1.3062394725785463e-18,1.620241679199468e-16,1.0750580283034206e-14,3.016166483238436e-10
Wrong 0.9999999403953552,1.2398426567461345e-17,4.752438161864597e-17,7.818894961655442e-18,3.158304288030773e-17
Wrong 1.0,1.5180392131793562e-17,2.8096702888542532e-14,5.211412412720051e-10
Wrong 0.9997467398643494,1.589521292366669e-10,2.1550164430728103e-10,2.7712839076494966e-13,8.12843241608692e-14,1.5554488808078304e-09
Wrong 5.351691274211006e-16,0.9999994039535522,1.3800741690932206e-14,1.5125333931430849e-15,1.3690101188570665e-16,7.386939604653916e-15,1.664247423089493e-16
Wrong 0.9999997615814209,1.1497583933173694e-15,4.4552903033512337e-14,1.4783660406969545e-11,3.3892065044206776e-14,1.811342568991403e-11,3.0096598922503244e-15
Wrong 1.7789746794270346e-14,0.9999975562095642
Wrong 1.5493124144727588e-11,6.406459157658542e-14,1.534028438131274e-12,1.3432394302750894e-12,0.9999998807907104,8.538336595913243e-13
Correct 5.415930019996712e-14,7.176523703303502e-16,5.259083150384444e-15,0.9999787211418152
Wrong 3.85654572512828e-12,3.7435993297278355e-15,2.2842477895627065e-14,0.9999992847442627
Wrong 3.273006215012697e-12,5.438239173761496e-14,1.9539657570991423e-14,3.6153103622794946e-13,0.9999973773956299,1.7795730167247115e-12,7.376758925925486e-12,3.848493518223556e-13
Correct 6.885783244048489e-15,0.9999982118606567,2.842602760436911e-15,9.902125379219703e-16,2.44253645087511e-10,2.3752592774595183e-14
Correct 1.1358868706734526e-10,2.834421586836737e-16,1.8460593923880437e-15,3.892734303168532e-15,0.9999998807907104
Wrong 3.90351168055858e-10,2.8278313718432813e-11,4.432176847757319e-09,0.0011800595093518496,9.295900781580713e-06,0.9922147989273071,4.509110099193414e-11
Correct 1.0,1.300131984525761e-18,1.5129929151344152e-17,5.617128147833485e-19,4.386700347082095e-20
Correct 1.6581661235749013e-16,4.056203797155348e-18,1.0
Correct 2.092371550544217e-13,1.652616039449691e-17,1.0,5.318753140742492e-18
Wrong 6.048864634067286e-06,1.2085268732747647e-14,0.9999849796295166,2.2664804264611003e-14,3.011553530996025e-07,1.05184286692243e-15,3.8405419117279113e-14,9.842564139951149e-16,2.472032889500042e-08
Correct 9.691765212637218e-14,2.578224295841057e-14,2.479665447922678e-15,3.642921840650137e-15,4.0328363478531193e-13,0.9999163746833801,4.807601036970746e-15,5.675312176049892e-14
Wrong 2.146505412650712e-12,0.9999992847442627,1.2084684280014042e-14,2.9905596698666544e-16,9.068006508037478e-16
Wrong 4.413558407634355e-11,3.2729910361822823e-12,1.86600725982089e-08,2.0322456825011548e-12,1.7113227068071835e-12,9.450821202017234e-13,4.637872734747361e-06,1.004521243963552e-09,0.999995231628418,1.7730855672581924e-10,1.4761332600699006e-08
Correct 2.1292102670290684e-14,3.181672140335396e-17,1.5853264517180538e-15,0.9999985098838806
Wrong 0.9999998211860657,1.6408666005928653e-17,7.856237971282098e-08
Correct 5.643376933296695e-13,2.2532241067266864e-15,0.999995768070221,7.038046360985373e-12,1.3506140455503608e-15
Correct 1.0,2.3725838948512363e-20,5.276704551676701e-19,1.4870720112281779e-18
Correct 3.2094405258420444e-12,1.6560460795172626e-15,4.606632458305226e-13,0.9996902942657471,5.712585352674049e-13,1.8726567605625855e-12
Wrong 0.9999998211860657,1.9698862919142026e-16,9.429441819377993e-16,7.739947189632156e-18,6.355718337167543e-17,1.5308442718759557e-13,1.3734911349062785e-15
Wrong 6.914427255581834e-13,6.101412523682641e-15,4.779705955028704e-14,4.105281652816428e-12,0.9999997019767761
Wrong 1.8836170470604152e-11,0.9999758005142212,4.113863416588259e-11
Correct 5.969974514741239e-12,2.195633701368156e-15,3.4829999026261566e-15,1.5750713179465275e-14,4.5722591159166534e-14,0.9994354248046875,6.325921909780888e-14,3.4053272354728215e-14
Correct 1.0,1.0673965921344483e-17
Wrong 2.8590844969311746e-13,2.518109520541472e-14,6.040807231603301e-14,0.9996236562728882,2.8726057621497603e-07,1.3297181281415882e-13
Wrong 2.254250605626673e-11,8.641493770555897e-11,2.2192796211850663e-11,4.0586237148865223e-10,3.0747119260376987e-12,9.675055895330686e-13,3.894771332703384e-13,1.7283707451354324e-11,0.9999915361404419,5.690998339247244e-09,4.3568629735091235e-06
Wrong 1.2809095147406357e-12,0.9992959499359131,2.104161012095318e-10,7.815571974323365e-12,2.5827909255760062e-11
Wrong 3.796758480528739e-12,1.1397711760670597e-14,1.775772725479824e-13,5.810322790391828e-14,1.0,6.807404032832531e-13,5.3328865710347215e-14
Wrong 7.624108050614808e-13,0.9999978542327881,5.996564356181011e-12,2.2060361350162427e-12,2.20171767644807e-13
Wrong 5.12794771971713e-17,3.0852132856166073e-18,0.9999974370002747,1.201708139464755e-13,1.4549235126442126e-17
Wrong 0.9999999403953552,7.744393119988506e-17,2.783024156992938e-15,8.293450995400242e-12,8.095070715852197e-17,4.922076163363625e-16
Wrong 0.9999993443489075,4.140479956491971e-19,7.306880591578281e-15,3.3213046945096548e-18,1.7009614788899959e-19,5.6526507988541156e-18,1.7164252349755093e-15,5.102310993710335e-18,7.459562939002079e-16
Wrong 2.0937912861840324e-12,0.9985537528991699,4.3323368004166696e-08,4.6271051226676185e-12,1.803063313888728e-13,3.0181073196189345e-09,6.539264962857061e-11
Correct 9.693329851897386e-14,0.999995231628418,3.745721788295242e-11,2.991452072016146e-15,9.249480352371397e-15,1.0687068905616132e-13
Correct 1.0,1.1447948067162388e-16,6.74236902525443e-16,8.608448120760168e-17
Wrong 4.315302959412293e-08,1.4029826833714815e-13,4.254824617633268e-11,0.9946251511573792,4.610249959569046e-10
Wrong 7.361231307671801e-13,2.2580068023692057e-11,0.9999997615814209,3.2522443261682674e-14
Wrong 1.0,1.497911261897981e-17,1.1272073587065853e-16,4.9709994629080535e-17,1.5270733489574154e-17
Wrong 3.0905192294206074e-10,0.03424743935465813,6.242708017190068e-10,6.043924041798654e-12,3.049787505871038e-11,4.805221776038593e-10,3.3949462685534115e-10,8.07892863718962e-10
Wrong 5.611574573072264e-12,4.415291851158845e-16,1.254306446034359e-13,0.9999979138374329,6.662187298280562e-16
Wrong 1.9923549843346017e-14,5.415926293051744e-14,3.7358846065838026e-16,2.8317117802077046e-14,1.0
Correct 1.0,5.6736731805318445e-18,6.269230079324452e-15
Wrong 1.1142042843914624e-08,3.535586074576713e-05,2.8289963438510313e-07,8.952805607975733e-09,2.5993316114976406e-13,7.962812631490124e-09,0.9999523758888245
Wrong 8.40976444038688e-09,2.2734765536824852e-07,0.9998723268508911,2.346421024330709e-15,4.447733154000488e-11
Wrong 1.7582537124383527e-14,8.320596282083309e-16,3.6381520018835545e-10,0.9999998807907104,3.2020104866599354e-15,1.980441804744649e-15,1.9882137555521807e-15,8.191423228231436e-16
Wrong 5.029975134324127e-12,7.406941726628702e-10,2.894516570872696e-11,1.0907235292734185e-07,0.9999943971633911,2.2112929265460934e-09
Wrong 0.0025179199874401093,0.3795778751373291,7.918259825601126e-08,0.6161146759986877,2.0009740392401554e-12
Wrong 2.5697488581499783e-10,0.01941891387104988,0.9805327653884888,2.4614021931768093e-10
Correct 0.9999635219573975,7.437327794741061e-17,4.1070589439331693e-16,2.1294940336543105e-16
Wrong 2.2319352041468704e-14,1.7942235700544814e-16,4.790499124128326e-16,1.9489940919212772e-16,7.951644215080402e-17,0.9999891519546509,7.337959183325107e-16,4.0153882738209806e-16,3.3315138842082703e-11
Wrong 0.0017274576239287853,9.514384835540568e-09,0.9982718229293823,6.775011343052029e-07
Wrong 1.1843139873235486e-05,1.6077249145192137e-16,0.9999881982803345,6.468266728303215e-15
Wrong 1.2066064293547729e-11,2.810992126120091e-16,2.707041278217728e-15,5.017882895357257e-15,1.0,1.8001721871518418e-14
Correct 5.868174327537667e-13,4.559544473752009e-16,1.3271955962620291e-14,0.9999994039535522
Correct 6.271157531045901e-07,0.41003626585006714,5.971415362182597e-08,0.526496946811676,0.001702113077044487,1.6939626368284166e-09,0.06000156328082085
Wrong 5.855857248757146e-14,2.011815905110948e-15,1.0521160901050611e-13,2.0091789343368305e-10,0.9999998807907104
Wrong 1.4264679635593515e-15,1.3039310952118609e-15,0.9999996423721313,3.649240547617976e-16
Wrong 3.5667944292550047e-12,0.9999949336051941,1.9280465489131607e-14,3.8639806686311534e-14,5.873810959107148e-15
Correct 6.835382815317814e-10,1.9714493926237253e-11,2.973717105891893e-10,5.2924036680890296e-11,8.089877509206977e-14,1.5984873147356637e-11,0.9977855682373047,1.3248876995497483e-10,0.0012826903257519007,4.0672503587302344e-08
Wrong 1.8931276546396703e-09,9.411157009253657e-08,4.241926276904451e-08,0.9777135848999023,0.02228618413209915
Correct 8.206253054602184e-17,1.0229293889960983e-18,1.0,8.416481669027026e-18,2.1159548902805528e-18
Correct 1.96565596373606e-13,0.9999931454658508,6.956031670807272e-12,3.61529518344908e-13,3.766316414560017e-14,1.2040635415794254e-12
Correct 1.6856237288815539e-15,3.9345236265333886e-16,4.829376559978759e-15,1.0047695402743643e-14,1.488084554744198e-16,2.471958295135611e-15,6.089387620446945e-14,3.1263124227132394e-15,4.024094859417238e-12,0.9995486736297607
Wrong 5.77722331779329e-13,8.304035729173303e-17,2.8702713034172095e-15,0.9999994039535522
Wrong 3.0794865355648904e-15,2.412565827181797e-16,3.664561330166821e-14,8.159831016881218e-16,1.5190266037211353e-13,0.9999989867210388,1.6013811777277828e-14,1.5016477644680393e-11
Wrong 5.173894805921009e-06,1.9312918974170504e-16,0.9999902248382568,1.658183545983835e-14
Wrong 5.960626415189851e-13,6.17368391584122e-15,4.6324408068190714e-14,8.453956664485757e-14,0.9999998807907104,5.0694461649347655e-12
Wrong 1.018800958263455e-06,3.4715322283496164e-10,5.42219822818879e-06,1.3307802637640975e-09,0.9999907612800598,3.185654240400737e-10
Wrong 0.9999997615814209,1.9463671939359134e-14,6.6738314602064665e-15,1.8460231817295485e-15,1.329802419566543e-16,1.4660286373608636e-15,1.74298207866741e-07
Correct 1.4047503394884475e-13,0.9999992847442627,1.5577503412081244e-14
Wrong 1.1486413598049694e-07,1.798278162823408e-06,0.997031033039093,3.621480199056393e-11,5.765333956769814e-12,1.359574453886625e-12,1.077281376637984e-05,2.8147000789152665e-12
Correct 4.6590860916474394e-15,0.9999990463256836,1.0875056009797962e-14,1.1072464993489017e-11,1.909127153240653e-12
Correct 4.7886396237206696e-11,0.9994857311248779,0.00031993151060305536,7.376374355771986e-08
Wrong 4.222590177960228e-06,0.9999641180038452,2.650573120363542e-12,4.4066791105024095e-08
Wrong 1.0,1.6680884528074954e-17,3.01942397190557e-17,8.418130239987845e-18
Wrong 5.322497000428972e-13,0.9999846816062927,2.008568224937113e-12,2.0561338547574193e-13,2.7894295206998265e-10,2.0847976123228307e-11,3.8187915286577723e-13
Wrong 3.6925293416456215e-14,3.331456351295273e-17,0.00021995266433805227,0.9997768998146057,8.575618976609163e-17
Wrong 4.6326129239139535e-14,2.487519507986534e-16,1.483724743815782e-14,0.9905733466148376,1.8864324978409147e-14
Correct 1.0,2.261310376240821e-18
Wrong 1.0,5.957326094935279e-21,1.2602660149037678e-19,1.6537280765082828e-20,9.792704505299029e-21,7.042311358660452e-20
Correct 1.780569469644888e-08,1.815152303637213e-14,2.7786331381943717e-15,1.9925721635822777e-14,1.0688361477893642e-14,0.9999982714653015
Wrong 9.523005078731703e-15,6.158109521040055e-17,4.464709010616192e-17,3.0446128126978915e-16,6.753404276370377e-16,0.9999996423721313,4.80869794463744e-15
Wrong 3.944259515265003e-05,5.972542474691825e-14,0.9999605417251587,1.0792681208644534e-14
Wrong 3.5777885645446594e-14,3.6616326396363065e-16,1.7812681481866677e-15,0.9994805455207825,0.0005193047691136599,2.0281456514226193e-09
Wrong 2.114684775733622e-06,5.588503881881479e-09,0.0004410219844430685,0.18946132063865662
Correct 1.3456640379461658e-16,4.09617001775886e-15,0.9999995827674866,5.6037267879343605e-18,7.287815333291923e-20
Correct 8.719745206004729e-16,3.693269309628343e-14,1.0,1.9532537412036803e-16,2.9386889934508016e-18
Wrong 1.2937370536916554e-15,7.254510973879007e-19,1.0,3.025261286226683e-16
Wrong 8.484600389517462e-16,2.1501494614686986e-17,1.0
Correct 4.360877978171196e-13,3.6714380518524e-15,4.779558571295882e-14,1.340433704788077e-13,1.0
Wrong 5.118608987185469e-13,5.33213889505218e-15,9.904405854493925e-13,0.9999926090240479,2.6401889910974453e-14
Correct 3.486172062139303e-08,1.3835313075976594e-16,0.9999984502792358,8.159835781441547e-16
Wrong 1.2345471324913537e-15,8.753232686661652e-18,0.9999971389770508,3.543419067156271e-17
Wrong 0.9982612133026123,6.124688430031444e-13,4.316823287719984e-11,0.0013666012091562152,1.930692679840383e-14
Correct 2.478246557621744e-13,1.032292266532793e-14,3.774927351501804e-14,6.73786926860126e-14,9.211286789746753e-14,0.9971887469291687,9.175672374683863e-13,8.486441733265675e-15
Wrong 7.757816199334411e-14,0.9999963045120239,5.744281786346228e-12,5.331913160771737e-14,1.2037897568139503e-14,9.304316215055786e-13
Correct 0.8579421043395996,0.12753738462924957,1.134935617708166e-10,2.214101298136928e-12
Correct 0.9999998807907104,9.147316237800851e-10,5.4038438868668417e-17
Wrong 1.724717136957713e-14,5.692744987607112e-17,0.9999999403953552,2.114519404017301e-08,4.839032949817237e-19
Correct 0.003240658203139901,0.7449420690536499,0.006149688735604286
Correct 3.2155056612151456e-13,2.0676390225471467e-17,1.1940869626394168e-16,4.99828001185895e-15,1.0
Wrong 0.9999999403953552,1.230859858480926e-09
Correct 0.00012148100358899683,8.756029450487143e-15,4.1937154161668377e-13,3.3502207084923352e-12,0.9998726844787598
Wrong 1.0,1.4864422682880836e-20,9.025278741650236e-19,6.515558867177563e-20
Correct 1.0455515958811477e-16,3.7515007918730026e-14,1.0,1.894270764551953e-12
Correct 8.018504310785667e-15,6.847850890172039e-19,1.0
Wrong 1.0,3.0129753959271983e-19,9.933193422759358e-18,4.86024899515588e-18
Correct 1.0,3.102788888399889e-17,4.940163534520087e-19,5.156309447495373e-19
Wrong 1.0693138596806762e-09,1.9685788171507767e-16,1.1572730578671728e-16,1.0,3.5613547666457634e-09
Correct 2.590172434174809e-12,7.91456879417965e-14,5.514676172310717e-13,0.9925702810287476,6.176348495146033e-13,0.001144162262789905,5.98651065785577e-13
Correct 2.6841527756005235e-07,0.013461019843816757,0.0006894456455484033,2.704044845813769e-07,3.829678241196177e-11,3.858060093619997e-09,5.107846871160726e-12
Wrong 1.3882864711542062e-15,0.9172636270523071,4.0368692411215865e-15,1.758921513213968e-15
Wrong 1.0,1.4868772445914002e-12,4.208984218421292e-15,4.787099014764039e-17
Correct 1.0,6.306759038722856e-16,2.283951020981724e-16,7.681431784590555e-15,2.650406623808721e-17,8.979332084627304e-17,2.2233948157851666e-17
Correct 3.4477506662308383e-17,3.023565117225467e-19,3.4251848275686314e-19,5.0952679643847524e-18,6.750368854394553e-17,1.0
Correct 3.114941825959518e-17,1.043578257268229e-17,1.0
Wrong 3.0367611203452327e-10,7.470715127251559e-13,6.516312489601717e-11,2.4394939193705945e-12,2.068346036977753e-15,1.0271791013247156e-13,0.9990002512931824
Correct 1.0299964006699192e-12,0.9997859597206116,9.000126165170652e-12,5.359754456121628e-14,2.2869831977625696e-14,5.458970515209716e-12
Wrong 0.004094652831554413,0.12540800869464874,3.842109616569722e-11,0.870491087436676
Correct 5.105632681079442e-07,2.9064402794209965e-12,9.700963123082662e-12,0.9966191053390503,2.3738855594256612e-14,2.1861221058232239e-13
Wrong 1.8755026811510768e-15,0.9999952912330627,3.259664673599394e-14,2.3115859473419285e-14,2.607389334280917e-15
Wrong 1.466650829647434e-13,0.9999663233757019,9.163282383307242e-14,2.967018517268001e-14,1.2664949918002994e-15
Wrong 2.765332815098348e-16,1.700929012050953e-17,1.0,3.395241783576454e-15,1.1619774159904966e-17
Correct 1.0,2.8115142652702013e-19,5.080888153218554e-19,1.1503958534389885e-18
Wrong 0.9999996423721313,1.7127040887951472e-12,1.9805427604840497e-16,9.64027260796918e-11,2.85223500735485e-15
Wrong 2.040780322509761e-10,0.9999814033508301,4.482998347543621e-11,4.499434136905067e-13,1.5190542508765337e-13,3.324514708663573e-12
Wrong 0.9999998807907104,2.7141823944615284e-12,1.810536101129619e-15,1.5654308720143568e-17,2.078353162149301e-17
Wrong 6.314415372798976e-07,0.9983919858932495,1.2583867828652728e-05,0.0012248025741428137,3.293530812659151e-12
Wrong 1.6949537259836056e-11,0.999993622303009,1.602801489752892e-06,7.462767383226154e-12
Correct 5.901988695943688e-14,8.381936290541097e-16,8.807750129279437e-15,0.9999978542327881,2.4367161934046866e-13
Wrong 2.2586195067009207e-11,4.646338245791262e-14,3.4636776953533843e-12,2.499530530469807e-13,0.9787057042121887,9.327711129533678e-13,1.069663129772691e-12,1.5768273839422697e-11,1.190882841228813e-07
Wrong 0.004608492832630873,4.778445868158787e-12,3.802333559121962e-09,9.207593021365312e-12,5.921986425544423e-12,2.1407329034439648e-11,0.9952042698860168
Wrong 8.410590446317201e-09,5.926946867323979e-12,3.190399333607985e-13,0.9999756813049316,2.2474050638265908e-05
Wrong 1.2015398170774766e-13,0.9999887943267822,2.0799110860263842e-14
Wrong 1.2664733151090957e-10,4.309734806442339e-13,5.741312373436225e-12,2.853370751482176e-12,4.968036615773941e-14,7.755979018753134e-12,0.9994410872459412
Wrong 1.5425261945306492e-15,3.526763640765909e-19,0.9999999403953552
Wrong 1.0,1.4486086103452993e-20
Wrong 0.07807803899049759,2.6320191889145882e-14,2.0580123976515763e-12,0.9219203591346741
Wrong 1.4084831079230753e-08,1.3383491537233283e-10,1.3411620702896698e-09,4.94424279295913e-09,1.0631797664473197e-08,1.0289180863765068e-05,0.9999577403068542
Wrong 1.2229887241810289e-12,3.6478428228292614e-05,2.917083241626983e-11,0.9999597072601318
Wrong 2.22766340523563e-15,1.3976898074181498e-15,1.0,1.1533262443219703e-14,1.6458358881227776e-18
Wrong 1.9137830520321586e-07,0.9539554119110107,4.636672201741021e-06,6.142592155811144e-06,0.04603336751461029
Correct 8.892428224774687e-16,8.896355405353486e-19,1.0,1.49186831461249e-18
Wrong 1.803321074484907e-15,6.941170966697464e-17,1.0623055767055927e-16,0.9999988079071045,2.4796598363294024e-16
Wrong 1.2613982886775519e-15,0.9999927282333374
Wrong 1.0,9.464582370858266e-18,1.1062452950391238e-17
Wrong 4.6780041490078906e-15,0.9999924302101135,6.042108951836642e-14
Correct 1.0080225364269765e-13,0.9999535083770752,1.0408871098485824e-14
Wrong 0.002754655433818698,0.9961711764335632,3.5981606743007433e-06,0.0005684553179889917
Wrong 1.2899938062194138e-11,3.072012994464676e-14,2.925659253706289e-14,3.9821685310142615e-14,3.4650372306675725e-13,0.9965152740478516,7.241352761866438e-08,4.924683165603849e-13
Wrong 2.9393035314712046e-13,0.9999774694442749,1.239761196264108e-13,2.1260000121589746e-14,1.4391452303951988e-14,6.982060058152023e-14
Wrong 1.0,6.286801079724569e-10,2.361302122664546e-15,8.436427825862097e-15,6.079458210548308e-18,1.132953302657236e-17
Correct 3.511425959029646e-12,1.2015540472309905e-13,9.448651679588773e-15,6.198040128010951e-13,1.0
Wrong 1.546062973825646e-12,2.6547835805368738e-15,2.2974612494299895e-15,0.999998927116394
Correct 1.2281856087703602e-10,0.9999989867210388
Wrong 3.080846688874317e-11,1.6295551240918843e-15,3.3845138995412414e-15,3.8342729361819875e-15,3.9811477610216135e-16,0.9998636245727539,5.992878415739256e-11,1.4523436977793153e-14,9.003282563924131e-10
Wrong 1.1470727701023975e-09,0.999884843826294,3.390736025288277e-10,1.1446688041871766e-10,6.223448145714627e-11,2.4964080580502923e-07,4.4317243208524815e-09
Wrong 1.0,4.1032078556989184e-16,6.966712318779632e-17,1.5333196875478238e-16,7.591923880760282e-17,1.7185416978371393e-10,1.9272538531294727e-15
Wrong 1.096121023808072e-12,0.9998055696487427,1.954031120937616e-12,1.0016943871593575e-14
Correct 1.2863023278762492e-15,2.210680156415165e-16,0.9999998807907104,2.4267493938835705e-15,7.422706881105819e-18
Wrong 3.17896230173087e-11,1.6139010023145592e-14,9.45075831829123e-13,0.9999834299087524,1.6359652619136328e-13,4.1126900062610217e-13
Wrong 1.0542479432842922e-12,7.536158857872864e-15,2.280043829520212e-13,3.885704014409616e-14,1.379889198273364e-15,1.013854365045086e-12,0.9999223351478577,6.308392176690436e-12,1.725636877836223e-08,3.3827991406318314e-13
Correct 2.1928550013143588e-13,5.209135629188108e-16,4.47171298047325e-16,3.8476628330121835e-15,4.429586326237149e-15,0.9999998211860657,6.554362651073049e-16,5.067648833865525e-16
Wrong 2.099925754591998e-15,2.721739577907997e-18,1.3554241074298015e-17,5.2982969641940554e-17,1.0
Wrong 2.787820057540292e-14,7.288107969774874e-14,1.7896884603636753e-13,0.9999948740005493,1.4953404454346592e-13
Correct 0.9999799132347107,1.738388084613764e-16,6.539683887734488e-15,1.9223180061089806e-05,3.384056923572132e-11
Wrong 1.465990732636474e-15,3.176434763568955e-17,5.046583653862903e-16,2.654052339640487e-17,2.3628507255396148e-18,0.9999998807907104
Wrong 4.143714824121191e-15,2.1622211368049505e-16,1.0
Wrong 2.2457109025708633e-06,0.05103662237524986,4.902195871459014e-10,3.88023681807681e-06,8.176385783709161e-12,2.249167740941971e-09,1.4674468751252334e-08,2.1217442736087833e-07,0.9480334520339966
Wrong 0.9172735214233398,6.253589768419332e-13,3.110556720509715e-14,0.0826946347951889,1.2392701882052437e-13
Correct 0.9999999403953552,1.8867289646664096e-16,3.6079185429180316e-14,2.4880310695645615e-18
Correct 1.0314816771780943e-15,5.402512622388999e-18,1.0,4.778189617822353e-16
Wrong 1.4872053241687944e-11,0.0018386458978056908,1.1379105123443534e-12,1.3251397592076164e-12,0.9981486201286316
Wrong 1.3019174497155839e-12,3.0646761115425897e-16,6.067272552423564e-12,2.499086515798856e-14,0.9999999403953552
Correct 9.331269784640384e-11,0.9986451864242554,1.6958850502287598e-13
Correct 7.449331429487671e-11,8.569793163407287e-15,4.6323859190840894e-14,0.9999985098838806
Wrong 1.0,6.974512301083762e-17,2.1964431207585963e-16,2.1372102060187766e-17
Wrong 5.720233721374576e-14,1.0560975531211577e-17,1.0,1.763001633570127e-09,3.097128326032066e-16
Correct 2.1329470134556772e-10,0.002715053502470255,0.9972531795501709,1.3292224309083278e-12,1.4178833454558948e-11
Wrong 1.8060463064309418e-12,5.16897580382647e-06,0.17090903222560883,0.8282015919685364,1.0072776217718432e-13
Wrong 9.474926088159918e-08,1.8629955705288387e-13,2.4320270190086868e-12,1.1542766742422828e-06,0.9998374581336975
Wrong 9.86885087539413e-11,4.819888377305404e-10,7.287826754836385e-14,0.9999993443489075,1.1759071262562332e-14
Wrong 2.3759715982868412e-12,2.4759524789983887e-15,4.7515168679506704e-15,1.0832386725080027e-14,0.9999999403953552,1.4638470557243322e-12
Wrong 0.0002196844870923087,0.9985603094100952,0.00015336442447733134,5.657569681835617e-13
Wrong 5.407560163539493e-11,0.9999426007270813,1.0753638257643416e-10,5.492613308621941e-11
Wrong 2.20651399929217e-10,0.9999321103096008,4.133237962378189e-05,3.451498642448314e-09
Wrong 4.908494156552479e-05,0.9999281764030457,1.7933263381231246e-12,1.2943590935122953e-14,4.100238740520996e-15
Wrong 1.2626074408217391e-08,0.9999982118606567,2.5529107162123622e-15,1.8604549290848673e-15
Wrong 2.604002083406165e-13,1.7619747620569587e-13,2.1796629374993236e-14,0.9999996423721313
Wrong 2.8317202505371772e-14,1.2988407183664382e-16,0.9999946355819702,2.1497397622200235e-15,1.1965371253805387e-18,1.4890916504487037e-15,1.288746600264229e-16
Wrong 1.0,9.88965909165529e-10,9.343555790186642e-11,1.0706205073960501e-14
Wrong 1.5763601632790697e-14,4.491930068737434e-16,1.8911204863907884e-15,2.0159357039598036e-14,0.9999999403953552
Wrong 0.00022271490888670087,2.759439812066722e-12,5.3814151357300943e-08,1.8339919860554943e-11,9.174861391458844e-12,3.5980748935848794e-10,1.9575389920145625e-10,5.6484206201190545e-11
Correct 6.599225940012721e-12,2.922982494067694e-13,0.0016479126643389463,1.7865057848863442e-13,2.104890257047503e-14,0.9980064034461975,8.762679167342857e-13
Correct 0.022976944223046303,0.9770212173461914,5.7126307156929457e-11,4.3800206517286e-11,1.0363793021472487e-13,1.3978426416372258e-08
Wrong 1.4629479919148203e-11,1.4480138347595407e-14,3.993315823413307e-13,0.9969416856765747,3.908985494235212e-13,7.345335819620991e-13,2.362462981318758e-13,1.0861514595714161e-12
Wrong 6.939844749212498e-13,1.0876780162302757e-12,1.0295671650298321e-12,0.9957325458526611,1.5134494768531681e-09,2.0117830741139126e-13,1.0687767538391027e-13,1.9537663655433586e-14
Correct 9.080506970349234e-06,9.49227048824058e-15,1.648760609377492e-13,0.9999860525131226,4.7378668455166917e-07,2.594604912864451e-11
Wrong 1.287167529680222e-14,8.815224106228925e-09,0.9999967813491821,1.2665096031186395e-16,6.090162147373915e-14
Wrong 5.481255206662983e-12,6.899977822178577e-14,9.982126887228548e-13,1.6944513283809193e-13,1.0,2.671354673924875e-12
Correct 1.8151427583212865e-10,1.992675671008432e-14,7.316651624844628e-14,2.48479025983378e-13,0.9999999403953552,1.3432621985207116e-12,4.6256318220194714e-11,1.356628871740373e-11
Wrong 1.0,2.3057636413858495e-17,9.371209809722974e-19,1.1822335802668176e-17
Correct 2.6663540264593166e-09,3.670697914463089e-14,4.1759616055923876e-13,3.0433072511701353e-13,2.69624410688743e-13,0.9996315836906433,5.680521098838653e-06
Wrong 4.5403377238462106e-12,3.603004989494304e-15,2.3878233171661413e-14,4.889359791061636e-14,0.999163031578064,9.406991244992335e-13,1.0282702152860507e-14,6.956478046049597e-06
Wrong 6.322165707617344e-11,2.408155538383681e-15,1.0,2.8455960689933893e-16
Wrong 6.04178233593218e-14,5.227546949087864e-16,6.659914073608368e-16,4.2777930503445916e-11,1.0,4.490121992208225e-14,4.2108205858509395e-15
Wrong 2.490826989109962e-11,8.886652095349123e-15,0.9981486797332764,0.00015092527610249817
Wrong 0.028435470536351204,0.971549391746521,3.988563819501412e-12
Wrong 6.258028492113488e-14,0.9999983906745911,1.832135246467026e-13,8.177183227959552e-15,9.506446643404065e-16,6.740072909516837e-14
Wrong 4.336093550189046e-12,1.7728804467781294e-14,8.471976917744095e-13,4.705570243353219e-14,0.9999949336051941,1.3861996403172205e-12
Wrong 5.027060603219875e-16,2.533070451730588e-15,1.0,2.1164081687126196e-15,1.4793440763554012e-18,1.2319383504231493e-16
Wrong 9.74493380954955e-13,5.596744855757008e-13,0.9993833899497986,1.1239966422882386e-11,0.0006166298990137875
Wrong 2.1257243198753023e-13,2.3279133544332024e-16,0.999991774559021,1.4839971707874427e-15,4.678853875519917e-13
Correct 6.739656402240848e-16,2.1394143786874102e-19,1.0
Correct 8.759018683968112e-12,1.2275203165675215e-14,0.9999996423721313,3.47677995334722e-13,3.9278623376048927e-07
Wrong 3.34261922645357e-15,5.9691412681551734e-18,8.288265563882204e-16,0.9999739527702332
Wrong 2.9171692839113916e-11,0.9999721050262451,3.8494946813516506e-11,2.2984808500936538e-12,1.0380076789426318e-12,1.629979311246199e-11
Wrong 7.929011758278648e-07,6.94337416007329e-07,3.3573502378203557e-07,6.86401835992001e-05,0.2429845631122589,1.4894022681843921e-09,0.7368445992469788,4.779264206611344e-10
Wrong 4.334873050250952e-14,4.139122846755889e-16,1.100315280241123e-14,0.9999994039535522,6.753007441434589e-15
Wrong 0.0002583663153927773,8.436008101853076e-06,6.016251177243248e-07,0.5461388230323792,0.45276498794555664,2.2911044589291052e-11
Wrong 2.8557683995344973e-10,7.456963606645192e-16,1.1637339075514733e-14,0.9997385144233704,1.0563139989441805e-12
Correct 3.2148556820127405e-13,0.9997811913490295,4.335082206402552e-12
Wrong 6.691585063833827e-10,0.9999997019767761,6.95400971507075e-14,1.4320400639237455e-15
Wrong 1.0139345960058499e-12,1.2542518717015673e-15,0.9999997615814209,2.3705032298123327e-15
Correct 9.259511213333127e-11,1.9921464651517784e-12,5.6736434127235835e-12,4.841416850753788e-11,3.4683470317986576e-08,0.6890897750854492
Wrong 1.0,3.2897985430303676e-17,4.241967681387375e-15,7.903803810763092e-20
Correct 1.0,2.3516653825015196e-17,1.8278355579372062e-16,5.99830185521455e-10
Correct 5.156939023758574e-15,1.7998689122990333e-17,1.4014369223581253e-16,0.9999998211860657,3.079432325456266e-15
Wrong 2.1689952234282828e-07,2.084766405934988e-15,8.092751522781327e-05,2.043820706209773e-13,0.9999187588691711,3.954911180178208e-15,1.221499198743832e-16
Correct 1.0,4.534490933238121e-15,7.13210974247246e-15,1.2442544477042432e-15,6.076626645580086e-15,1.0519187822503277e-15
Wrong 1.1025429768924018e-15,4.698285955883201e-17,0.9999998807907104,1.2283197992026993e-16,4.682730245437712e-18,8.625989147393845e-18
Correct 1.0,5.676220830644059e-16,1.1831503114524857e-16,1.42138415121927e-17
