grade confidence_levels
Wrong 0.0007637440576218069,0.0013512364821508527,0.8309767842292786,0.11073407530784607
Correct 0.01246087346225977,0.7771418690681458,0.1136772483587265,0.04776543378829956
Wrong 0.026147933676838875,0.0532466284930706,0.7699121236801147,0.13178294897079468
Wrong 0.02457369677722454,0.10029038041830063,0.7407086491584778,0.007095311768352985,0.05285647138953209,0.0445072203874588
Wrong 0.01481897383928299,0.036114465445280075,0.9384158253669739
Wrong 0.03388242423534393,0.025387106463313103,0.6698681116104126,0.15669818222522736,0.002633807947859168,0.055447887629270554
Wrong 0.05348940193653107,0.09540347009897232,0.7044281363487244,0.11327215284109116
Wrong 0.0834345743060112,0.055598460137844086,0.5069732069969177,0.322449654340744
Correct 0.04182915762066841,0.5341081023216248,0.2948648929595947,0.014232884161174297,0.01057753711938858,0.004920450039207935,0.003486880101263523,0.02639152482151985
Correct 0.022191496565937996,0.0037094303406774998,0.9360634684562683,0.02656847983598709
Wrong 0.18673723936080933,0.1782560497522354,0.5573898553848267
Wrong 0.01015234924852848,0.010980033315718174,0.9576231241226196
Wrong 0.022537745535373688,0.010900952853262424,0.9071447253227234,0.007037355564534664,0.009178000502288342,0.0059734913520514965
Wrong 0.004746972117573023,0.004785618744790554,0.17804621160030365,0.7984757423400879
Correct 0.011480409651994705,0.017377294600009918,0.8975652456283569,0.05228250473737717
Wrong 0.03989778086543083,0.47486749291419983,0.41895413398742676,0.020063437521457672
Wrong 0.04504724219441414,0.114144466817379,0.6880502104759216,0.11960792541503906,0.009152974002063274
Correct 0.008366287685930729,0.004174808971583843,0.30426985025405884,0.004693085793405771,0.6146658062934875
Correct 0.003894264344125986,0.0012160687474533916,0.9829435348510742,0.0019130839500576258,0.00024136315914802253
Wrong 0.027858741581439972,0.006618187762796879,0.951679527759552
Wrong 0.028421590104699135,0.8504980802536011
Wrong 0.015412249602377415,0.004450349602848291,0.18626973032951355,0.01565556600689888,0.39437827467918396,0.0121914092451334,0.0022375083062797785,0.010186572559177876,0.008783765137195587,0.022810202091932297,0.002942456863820553,0.05954835191369057,0.010031245648860931
Wrong 0.007727519143372774,0.012841974385082722,0.9431071877479553,0.012742036953568459,0.0039175525307655334
Correct 0.005912897177040577,0.06357642263174057,0.9052810072898865,0.002043577842414379,0.004193635657429695,0.004641467705368996
Wrong 0.1389448493719101,0.7633306384086609
Wrong 0.34790658950805664,0.17498993873596191,0.4466904103755951,0.008184649050235748,0.0030113006941974163
Correct 0.01316230557858944,0.0007545784465037286,0.05286611616611481,0.9228851795196533
Wrong 0.0005632793181575835,0.0005767135880887508,0.9870173335075378
Wrong 0.02145390212535858,0.010457128286361694,0.4143567681312561,0.018066689372062683,0.4844837784767151
Wrong 0.1062588319182396,0.8106438517570496
Wrong 0.0658184215426445,0.05630974844098091,0.6243880987167358,0.030377445742487907,0.008111421018838882,0.16426146030426025
Correct 0.017766563221812248,0.01240677759051323,0.9326021671295166,0.02710234932601452
Wrong 0.18286390602588654,0.18006649613380432,0.2876669764518738,0.2703007459640503
Wrong 0.04583160579204559,0.00772104924544692,0.5850282907485962,0.34404057264328003
Wrong 0.03874194994568825,0.010510837659239769,0.6705466508865356,0.2586188316345215
Wrong 0.16000942885875702,0.08434247225522995,0.717016875743866
Wrong 0.019828978925943375,0.015937194228172302,0.45478370785713196,0.033209286630153656,0.4477967321872711
Wrong 0.09943538159132004,0.014438237063586712,0.18287505209445953,0.04343917965888977,0.02739812433719635,0.02380331978201866,0.01635870151221752,0.017278600484132767,0.025540314614772797,0.009184514172375202,0.019897641614079475,0.01797262206673622
Wrong 0.0027491727378219366,0.0013611080357804894,0.8436356782913208,0.0015302341198548675,0.12155307829380035,0.0005718424799852073
Wrong 0.0019692012574523687,0.0013019309844821692,0.9884787201881409
Wrong 0.11674503237009048,0.06653256714344025,0.7611647844314575,0.024664007127285004,0.007178737316280603
Wrong 0.006587767507880926,0.16991671919822693,0.7855572700500488
Wrong 0.055275220423936844,0.02611428126692772,0.4484900236129761,0.008677500300109386,0.004502290394157171,0.057488102465867996,0.28959861397743225
Correct 0.6322646141052246,0.3034590482711792
Correct 0.0005390906590037048,0.0005475606885738671,0.9821400046348572,0.0021998598240315914
Wrong 0.06024396792054176,0.057496968656778336,0.4850184917449951,0.02473233826458454,0.018814023584127426,0.04141590744256973,0.03249935805797577,0.007966140285134315,0.1885119527578354
Wrong 0.09140709787607193,0.0344298779964447,0.3729223310947418,0.47898945212364197
Correct 0.0146932452917099,0.002308384282514453,0.03469030186533928,0.9380180239677429
Wrong 0.005770510993897915,0.007645952515304089,0.817101240158081,0.00966491550207138,0.012122034095227718,0.017097879201173782,0.03590511158108711
Wrong 0.008746225386857986,0.032254915684461594,0.10324520617723465,0.8381067514419556
Wrong 0.14569759368896484,0.5542994737625122
Correct 0.007805953733623028,0.007807181216776371,0.7361158728599548,0.0055365124717354774,0.0016234763897955418,0.00431252783164382,0.20769375562667847
Wrong 0.009670937433838844,0.011133127845823765,0.21833033859729767,0.7389505505561829
Wrong 0.039302192628383636,0.20918402075767517,0.3188198208808899,0.39697644114494324
Correct 0.03138427808880806,0.8159099221229553,0.07296091318130493,0.006477062124758959
Wrong 0.022474093362689018,0.46227556467056274,0.3030235171318054,0.044014133512973785,0.0036129599902778864
Correct 0.03587969392538071,0.08607388287782669,0.2032032459974289,0.16848236322402954,0.4438602924346924
Correct 0.019139112904667854,0.46745482087135315,0.4388950765132904,0.03927486017346382,0.013789689168334007
Wrong 0.13813015818595886,0.0025699648540467024,0.807354748249054
Correct 0.03767256438732147,0.0189472995698452,0.23436416685581207,0.19284041225910187,0.0041283173486590385,0.011590429581701756,0.007832469418644905,0.35773783922195435,0.007964158430695534,0.0009543531923554838
Wrong 0.005902429111301899,0.5315303206443787,0.38869261741638184,0.008455093018710613,0.011115403845906258,0.004319276660680771
Wrong 0.004699090030044317,0.005758896004408598,0.06796862930059433,0.0031299362890422344,0.736550509929657,0.018731340765953064,0.0016110707074403763,0.0009851321810856462,0.008917558006942272
Wrong 0.009647081606090069,0.33224931359291077,0.592099666595459,0.007003327831625938,0.005164715461432934,0.012884729541838169
Correct 0.013051167130470276,0.0072103398852050304,0.5294275879859924,0.025957800447940826,0.3755151033401489
Wrong 0.055407021194696426,0.04086412116885185,0.39669689536094666,0.06843522191047668,0.02291935496032238,0.36718109250068665
Wrong 0.01801988296210766,0.0057163177989423275,0.20142750442028046,0.10451018810272217,0.0026162774302065372,0.0042162793688476086,0.5307754874229431
Wrong 0.09163965284824371,0.002745878417044878,0.20974092185497284,0.5701885223388672
Wrong 0.08612458407878876,0.682982861995697,0.20176589488983154
Wrong 0.03153873607516289,0.03775440528988838,0.6742746233940125,0.21553175151348114,0.0070374212227761745
Correct 0.020250238478183746,0.07407192885875702,0.8745716214179993
Wrong 0.157833069562912,0.03692182898521423,0.6747980117797852,0.009555943310260773,0.0012928711948916316,0.010745696723461151,0.006667895242571831,0.016770796850323677,0.011892206035554409,0.0034419705625623465
Correct 0.03308986872434616,0.8272972106933594,0.0987873524427414,0.016512174159288406
Wrong 0.1002078428864479,0.011425508186221123,0.6844140291213989,0.16520780324935913
Correct 0.008364489302039146,0.0042073470540344715,0.08059914410114288,0.764797031879425,0.001823600847274065,0.09069278091192245
Wrong 0.03794903680682182,0.16487249732017517,0.17006735503673553,0.5844611525535583
Wrong 0.005344610661268234,0.0641217902302742,0.5755634307861328,0.32299181818962097
Wrong 0.19819173216819763,0.0075088259764015675,0.30932268500328064,0.006224642973393202,0.07180014997720718,0.03016871027648449,0.21261058747768402,0.0260075181722641,0.015407632105052471
Wrong 0.021976834163069725,0.11429887264966965,0.6887003779411316,0.04172253981232643,0.013023078441619873,0.06567661464214325
Wrong 0.41730764508247375,0.05023634433746338,0.3352855443954468,0.04573705419898033,0.07309228926897049
Wrong 0.12625987827777863,0.046469978988170624,0.7207840085029602,0.05781108886003494,0.007408234756439924
Wrong 0.004792899824678898,0.15265938639640808,0.6948097348213196,0.10328560322523117
Wrong 0.010214783251285553,0.013014547526836395,0.194210484623909,0.00400029681622982,0.01363924890756607,0.6781138777732849
Wrong 0.0016210495959967375,0.8397515416145325,0.09720302373170853,0.001079856650903821,0.0004098772769793868,0.00234053423628211,0.002033268567174673
Correct 0.009529483504593372,0.003371891798451543,0.25351858139038086,0.7002177834510803,0.0012403661385178566,0.003943019080907106,0.00126950116828084
Wrong 0.04010222107172012,0.9203136563301086
Wrong 0.010240896604955196,0.005191567819565535,0.9434814453125,0.01073529664427042,0.0031004336196929216,0.002571000484749675
Correct 0.041465915739536285,0.010243558324873447,0.11625894904136658,0.8074218034744263
Wrong 0.06712695956230164,0.006754316855221987,0.5707515478134155,0.34103283286094666
Wrong 0.014942706562578678,0.014945351518690586,0.394465833902359,0.011913870461285114,0.3823787569999695,0.029033580794930458,0.029715746641159058,0.009499258361756802
Wrong 0.012042108923196793,0.3205348551273346,0.5890973210334778,0.012620124034583569,0.0060561164282262325,0.004869495518505573
Wrong 0.09173635393381119,0.045790694653987885,0.715751588344574,0.10235102474689484,0.01321891974657774
Wrong 0.008956320583820343,0.003944437485188246,0.07323644310235977,0.3036321997642517,0.00736741628497839,0.5329698324203491,0.0030708545818924904
Wrong 0.1062258630990982,0.2609666883945465,0.48721155524253845,0.027066940441727638,0.017073187977075577
Correct 0.008567774668335915,0.002361192600801587,0.9823510050773621
Correct 0.0025064460933208466,0.000276893813861534,0.9875713586807251,0.0012906474294140935
Wrong 0.08453027158975601,0.024798773229122162,0.5511401295661926,0.1996883600950241,0.003176869824528694,0.0037445451598614454,0.005842661950737238,0.006270304322242737,0.019771913066506386
Wrong 0.10184624791145325,0.07451801747083664,0.4563480317592621,0.05451369658112526,0.07993831485509872,0.040519628673791885,0.011073422618210316,0.0074952030554413795
Wrong 0.043907880783081055,0.7784942388534546,0.05998294800519943,0.024820582941174507,0.022602098062634468
Wrong 0.11562325060367584,0.024815430864691734,0.136221244931221,0.009640514850616455,0.026619523763656616,0.011724484153091908,0.016916844993829727,0.013385983183979988,0.009349796921014786,0.008127802982926369,0.5312849879264832
Correct 0.012928429059684277,0.004398790188133717,0.4115312993526459,0.5286370515823364
Correct 0.25461897253990173,0.11301833391189575,0.6203450560569763
Correct 0.005258974619209766,0.017115792259573936,0.9558351039886475,0.013752579689025879,0.002143536228686571
Wrong 0.23647168278694153,0.11707145720720291,0.3206722140312195,0.19152845442295074
Correct 0.020508799701929092,0.012151539325714111,0.2989870607852936,0.4929887652397156,0.0544588528573513,0.0738593116402626
Wrong 0.006386465858668089,0.0103671969845891,0.07901845872402191,0.006190468557178974,0.008011302910745144,0.02817923203110695,0.829974353313446
Wrong 0.029799174517393112,0.1325877606868744,0.5116803646087646,0.2827501893043518,0.016719231382012367
Wrong 0.003324562916532159,0.03575658053159714,0.9361632466316223
Correct 0.004624714609235525,0.0026979995891451836,0.034979481250047684,0.006032108329236507,0.009269669651985168,0.8281257748603821,0.0004234436491969973,0.0005654834094457328
Wrong 0.14579911530017853,0.3039320707321167
Wrong 0.006433538626879454,0.02353694662451744,0.7038440108299255,0.1672094315290451,0.04430986940860748,0.009510845877230167
Wrong 0.06574376672506332,0.02987038716673851,0.12186557799577713,0.04278344660997391,0.004990743938833475,0.01769949309527874,0.01868600584566593,0.004616691265255213,0.017426496371626854,0.0068818856962025166,0.35306471586227417
Wrong 0.0100409472361207,0.017490146681666374,0.9543083906173706,0.007064958103001118,0.005503501743078232
Correct 0.019343886524438858,0.02929048053920269,0.5696154832839966,0.04258199781179428,0.05730174481868744,0.023905953392386436,0.14863821864128113
Wrong 0.009650129824876785,0.8552724123001099,0.04531518369913101,0.014377089217305183,0.020918674767017365
Wrong 0.007266941945999861,0.003029641229659319,0.8204131126403809,0.008171112276613712,0.14712120592594147
Wrong 0.020731402561068535,0.017323443666100502,0.4571828544139862,0.4295957386493683,0.0017285655485466123,0.007873098365962505
Wrong 0.49980592727661133,0.004605074878782034,0.4142893850803375,0.0075307199731469154,0.0007694464293308556,0.0010356046259403229,0.026693519204854965,0.00028751412173733115,0.003969303797930479
Wrong 0.008369161747395992,0.012178322300314903,0.7416122555732727,0.013692501932382584,0.005036880262196064,0.04524928703904152,0.10116434097290039
Wrong 0.015496390871703625,0.025955401360988617,0.7762735486030579,0.011884172447025776,0.01974419504404068,0.1059214323759079
Wrong 0.0890655666589737,0.056209858506917953,0.6037954688072205,0.2222682386636734
Wrong 0.06439211964607239,0.051347408443689346,0.49468573927879333,0.016537973657250404,0.3244684636592865
Wrong 0.01671499013900757,0.008342811837792397,0.7803015112876892,0.16369745135307312
Wrong 0.3226853013038635,0.07731166481971741,0.5236799120903015,0.013640332967042923,0.007475218735635281
Wrong 0.030433988198637962,0.017615769058465958,0.494972288608551,0.016677886247634888,0.005046966951340437,0.026655562222003937,0.2955920398235321,0.02837544120848179
Wrong 0.011117453686892986,0.0007746631163172424,0.1213923841714859,0.7673046588897705,0.001083706272765994
Wrong 0.02731402777135372,0.07141808420419693,0.626455545425415,0.186673104763031,0.010616126470267773
Wrong 0.009705929085612297,0.26241207122802734,0.7129637002944946
Wrong 0.06218082457780838,0.017545096576213837,0.524631917476654,0.11438004672527313,0.006353053729981184,0.023610880598425865,0.19154606759548187
Wrong 0.02544061467051506,0.07717850804328918,0.8226975798606873,0.003443266497924924,0.045362457633018494
Wrong 0.01929350569844246,0.01841369830071926,0.6591514945030212,0.09498873353004456,0.0011230993550270796,0.0028922695200890303,0.0032493944745510817,0.04087337851524353
Wrong 0.0036737825721502304,0.008883875794708729,0.9273057579994202,0.0043635014444589615,0.004982631653547287,0.00815387163311243
Wrong 0.11280649900436401,0.07342904806137085,0.7587852478027344,0.02498389221727848,0.005980986170470715
Wrong 0.010361975058913231,0.01221044547855854,0.9181512594223022,0.031424786895513535
Wrong 0.03541352599859238,0.032016754150390625,0.1561455875635147,0.7512044310569763
Wrong 0.018477387726306915,0.00604703975841403,0.1940045803785324,0.034253910183906555,0.007525350898504257,0.6773760914802551,0.010945198126137257,0.0004019880434498191,0.003755733370780945
Wrong 0.005579817574471235,0.0014787479303777218,0.8811013698577881,0.10045609623193741
Wrong 0.029142936691641808,0.008960035629570484,0.9353112578392029,0.003374749328941107
Wrong 0.023515386506915092,0.01191866584122181,0.2031070739030838,0.02858968824148178,0.687189519405365,0.0023105437867343426
Correct 0.05077294260263443,0.009178190492093563,0.12563857436180115,0.7698214054107666
Correct 0.003742646425962448,0.008370271883904934,0.4094823896884918,0.4863455295562744,0.0026333234272897243,0.009411390870809555,0.028086945414543152
Wrong 0.03558505326509476,0.015922024846076965,0.1806725561618805,0.5743239521980286,0.16979379951953888
Wrong 0.01668497547507286,0.008394218981266022,0.6873747110366821,0.2736402750015259
Wrong 0.012472236528992653,0.8344428539276123,0.06089715659618378,0.011181979440152645,0.033905621618032455
Wrong 0.005232854746282101,0.02119445987045765,0.8594750761985779,0.001780859543941915,0.0005781028885394335,0.001739937113597989,0.05805358290672302,0.0007965709664858878,0.0028675561770796776,0.0006112983101047575
Wrong 0.05064428970217705,0.02863369509577751,0.19261278212070465,0.047208789736032486,0.6026824712753296
Correct 0.0056579033844172955,0.001986245857551694,0.981598973274231,0.0004906987305730581,0.00232309359125793
Wrong 0.14815668761730194,0.12675291299819946,0.6743888258934021,0.0021977026481181383,0.007264264393597841,0.0021642972715198994
Correct 0.018383076414465904,0.020834628492593765,0.23834003508090973,0.022883150726556778,0.015121327713131905,0.009032606147229671,0.018236424773931503,0.0030724527314305305,0.017004502937197685,0.5100640058517456
Wrong 0.027003763243556023,0.005075140856206417,0.21403948962688446,0.7242125868797302
Wrong 0.08812551945447922,0.056909315288066864,0.5928035378456116,0.02299109660089016,0.017219463363289833,0.10549094527959824,0.022631224244832993,0.020132120698690414
Wrong 0.2943747341632843,0.003096856875345111,0.5085964798927307,0.152721107006073
Correct 0.0020863462705165148,0.0010094847530126572,0.022253595292568207,0.0021706377156078815,0.01101955771446228,0.9245953559875488
Wrong 0.0012684771791100502,0.0007342660683207214,0.0246905367821455,0.9412443041801453,0.0004023153451271355,0.000763745978474617
Wrong 0.007376780733466148,0.012946927919983864,0.1470000445842743,0.014671260491013527,0.002163754077628255,0.01675729639828205,0.7123996615409851
Wrong 0.011956975795328617,0.1930290013551712,0.7750380039215088
Wrong 0.03980489820241928,0.04204655811190605,0.5450716614723206,0.0836162194609642,0.011054940521717072,0.010799964889883995,0.17560626566410065,0.03352957218885422
Wrong 0.04110274091362953,0.03831560164690018,0.6581090688705444,0.0293718334287405,0.13583172857761383
Wrong 0.017351599410176277,0.0457308255136013,0.6163511276245117,0.3005376160144806
Correct 0.029270406812429428,0.03140588104724884,0.7971175909042358,0.10960713773965836
Correct 0.08957381546497345,0.030242998152971268,0.7982242703437805,0.018343962728977203
Wrong 0.02224816009402275,0.3974919319152832,0.16565319895744324,0.03527729585766792,0.003493210067972541,0.005124232266098261,0.2953723967075348
Wrong 0.035125479102134705,0.0027943297754973173,0.8985944986343384,0.018800396472215652,0.008476744405925274
Wrong 0.03363890200853348,0.009058068506419659,0.4000782072544098,0.5221970081329346,0.011999523267149925
Wrong 0.3266342580318451,0.547150194644928
Wrong 0.07622558623552322,0.07448116689920425,0.2403254508972168,0.015014087781310081,0.5250019431114197,0.03280254453420639
Wrong 0.10528093576431274,0.03583401441574097,0.7193543910980225,0.019784757867455482,0.008441785350441933,0.06142290681600571
Correct 0.01841118559241295,0.016376128420233727,0.33931612968444824,0.015873946249485016,0.003569783642888069,0.1437121480703354,0.3669567108154297
Wrong 0.022495070472359657,0.004227709025144577,0.948907196521759,0.010061460547149181
Wrong 0.03193182870745659,0.018779825419187546,0.5528094172477722,0.022120673209428787,0.17398683726787567,0.10311413556337357
Wrong 0.01257231179624796,0.0007913723238743842,0.02008030377328396,0.9603745341300964
Correct 0.0006512518739327788,0.017333371564745903,0.9684255719184875,0.00029130777693353593,0.0008629683288745582
Wrong 0.0065653505735099316,0.006568808574229479,0.3113647401332855,0.629126250743866,0.005073487758636475
Wrong 0.001888571190647781,0.0014367630938068032,0.9855976700782776,0.0039365957491099834
Wrong 0.008090132847428322,0.033028047531843185,0.9496906995773315
Wrong 0.0380479097366333,0.00992585252970457,0.46681949496269226,0.2788761556148529,0.08311289548873901
Wrong 0.016279825940728188,0.008448605425655842,0.5264043807983398,0.42979174852371216,0.006578551139682531
Correct 0.01673215441405773,0.006155084352940321,0.7453910708427429,0.18558251857757568
Wrong 0.006513291969895363,0.012172163464128971,0.9294667840003967,0.02988787367939949
Wrong 0.04726952314376831,0.040748752653598785,0.7807800769805908,0.020977608859539032,0.07152051478624344
Correct 0.030324973165988922,0.018111560493707657,0.27882423996925354,0.023805178701877594,0.003978082910180092,0.28779903054237366,0.21716424822807312,0.0018793258350342512
Wrong 0.025747239589691162,0.258060097694397,0.6091839075088501,0.008829704485833645,0.005835926625877619,0.031312450766563416
Wrong 0.018409600481390953,0.0057064746506512165,0.11447913199663162,0.8331761360168457
Wrong 0.08901406824588776,0.25965309143066406,0.5581641793251038
Wrong 0.023462211713194847,0.008367825299501419,0.9442442059516907,0.004692773334681988,0.0007030057022348046
Wrong 0.3767382800579071,0.010943026281893253,0.5834722518920898
Correct 0.029645193368196487,0.01538932416588068,0.2878951132297516,0.0485045351088047,0.5637668371200562
Correct 0.0030677865725010633,0.9056572914123535
Wrong 0.03301463648676872,0.049572885036468506,0.4664774239063263,0.24975115060806274,0.12956352531909943
Correct 0.033082738518714905,0.0442044697701931,0.8397095203399658,0.056301724165678024
Wrong 0.011983595788478851,0.011175110004842281,0.3936363756656647,0.5729002356529236
Correct 0.0010399200255051255,0.0010566293494775891,0.9906110763549805
Wrong 0.5944564938545227,0.06726148724555969,0.28968697786331177,0.03570622578263283
Wrong 0.156809002161026,0.025021536275744438,0.5735108852386475,0.22467927634716034
Wrong 0.2799452841281891,0.00633248733356595,0.19088183343410492,0.3539023995399475,0.07958264648914337
Wrong 0.008016721345484257,0.0029726659413427114,0.6621090769767761,0.011664878576993942,0.0016416253056377172,0.28486108779907227,0.011940055526793003
Wrong 0.02711709961295128,0.009900270961225033,0.8566937446594238,0.02095561847090721,0.0054665119387209415,0.02842242643237114,0.01053488440811634
Correct 0.02999255061149597,0.15843923389911652,0.5356525182723999,0.22342996299266815
Wrong 0.01474448386579752,0.07432548701763153,0.8367722630500793,0.052287545055150986
Wrong 0.040934231132268906,0.11215001344680786,0.5144318342208862,0.09974370896816254,0.09153149276971817,0.034209661185741425,0.006894254591315985
Wrong 0.004556312225759029,0.2015259712934494,0.5919332504272461,0.013081816956400871,0.033938150852918625,0.13425840437412262
Correct 0.019077599048614502,0.013530596159398556,0.8908841013908386
Wrong 0.02700718492269516,0.01871061883866787,0.40307509899139404,0.21917501091957092,0.0031754695810377598,0.008049537427723408,0.057622525840997696
Wrong 0.03354590758681297,0.1785937249660492,0.47761744260787964,0.24403232336044312,0.001545005477964878,0.0034033549018204212
Correct 0.060670156031847,0.07263786345720291,0.5845971703529358,0.2326018065214157
Wrong 0.0033802282996475697,0.03207773715257645,0.9224708676338196,0.0089076217263937,0.0008028607117012143,0.0029612723737955093
Wrong 0.05860674008727074,0.4100373685359955,0.324270099401474,0.11121100932359695,0.02156372368335724
Wrong 0.06045771390199661,0.5737234950065613,0.27517491579055786,0.02190147526562214,0.0021683545783162117
Wrong 0.035077113658189774,0.04986811801791191,0.6934559345245361,0.0968601182103157,0.08548285067081451
Wrong 0.01024384330958128,0.012077619321644306,0.10922540724277496,0.8460804224014282
Correct 0.011416379362344742,0.004760035779327154,0.07679037749767303,0.879070520401001,0.0011849699076265097
Wrong 0.03085947223007679,0.039940670132637024,0.8404701352119446,0.008438064716756344,0.0036292187869548798,0.04670228064060211
Wrong 0.7068058252334595,0.026992131024599075,0.20565231144428253,0.025557653978466988,0.012655279599130154
Wrong 0.10483499616384506,0.11073783785104752,0.637157678604126,0.07610364258289337,0.01582927815616131
Wrong 0.031891364604234695,0.02446141093969345,0.6658456921577454,0.23755069077014923
Correct 0.01025482825934887,0.004481195937842131,0.4062587320804596,0.5384424924850464,0.006030224729329348
Wrong 0.029319854453206062,0.023558462038636208,0.6671360731124878,0.03706195205450058,0.03764064982533455,0.019995588809251785,0.037641994655132294,0.04721978306770325,0.01486213319003582
Wrong 0.0205349363386631,0.013260290026664734,0.9219340085983276,0.010655456222593784,0.0006155074224807322,0.0015234580496326089,0.006023805122822523
Correct 0.016156446188688278,0.014827351085841656,0.9169947504997253,0.03394896537065506,0.0015268216375261545
Correct 0.0328068807721138,0.13285358250141144,0.8136201500892639
Wrong 0.012055600993335247,0.005968994926661253,0.7694154381752014,0.00241186679340899,0.0007073294254951179,0.002319356892257929,0.17995142936706543
Wrong 0.0119481785222888,0.00201268307864666,0.979112446308136
Correct 0.19261907041072845,0.694044828414917
Wrong 0.010596276260912418,0.0036061254795640707,0.07411329448223114,0.8961114883422852
Wrong 0.007757427170872688,0.012016760185360909,0.8487769961357117,0.013831005431711674,0.012109705246984959,0.013303719460964203,0.05178496614098549
Wrong 0.025366228073835373,0.003654664847999811,0.3288818299770355,0.6145033240318298
Wrong 0.0034171463921666145,0.0022232134360820055,0.2528506815433502,0.7095461487770081,0.0003804698644671589
Correct 0.14600849151611328,0.1309043914079666,0.5596052408218384,0.11917674541473389,0.019915221258997917
Correct 0.36785826086997986,0.004026894923299551,0.5027761459350586,0.06445006281137466
Wrong 0.013878344558179379,0.013883589766919613,0.9136720895767212,0.042104702442884445,0.0017929038731381297
Wrong 0.17773784697055817,0.5967026352882385
Wrong 0.7487186789512634,0.01734193228185177,0.2145138680934906
Correct 0.003643806790933013,0.033785320818424225,0.9563634991645813
Correct 0.00612917123362422,0.9535529613494873,0.023491717875003815
Correct 0.010085531510412693,0.0026312298141419888,0.31370237469673157,0.6437891721725464
Wrong 0.010212129913270473,0.008534017018973827,0.15723715722560883,0.015816612169146538,0.006291552912443876,0.6571200489997864,0.00449577858671546,0.0031886331271380186
Wrong 0.062331680208444595,0.15673354268074036,0.6005986332893372,0.041534826159477234,0.010417191311717033,0.08791989088058472
Wrong 0.13837599754333496,0.08393057435750961,0.5021591186523438,0.05170973390340805,0.014027083292603493,0.08394663780927658
Wrong 0.04480257257819176,0.13587622344493866,0.47782495617866516,0.24031178653240204,0.042417973279953
Wrong 0.003157540690153837,0.0007682243012823164,0.05637926980853081,0.931950032711029
Correct 0.01732386089861393,0.8154825568199158
Correct 0.03992278128862381,0.030615128576755524,0.3530009686946869,0.014577893540263176,0.004079061560332775,0.022400548681616783,0.44629424810409546,0.006174168549478054,0.013586836867034435
Wrong 0.059826336801052094,0.03032531403005123,0.6953820586204529,0.07623783499002457,0.0018646370153874159,0.009847421199083328,0.03517016023397446
Wrong 0.007438790984451771,0.0076768603175878525,0.3288586735725403,0.005113891325891018,0.01467946171760559,0.5684071779251099,0.02555941790342331
Correct 0.008100846782326698,0.09794071316719055,0.7463631629943848,0.11812563240528107
Correct 0.01303785853087902,0.005107316188514233,0.9426621198654175,0.017963077872991562,0.007035795133560896
Wrong 0.004756226669996977,0.005349775310605764,0.19291803240776062,0.7754107117652893,0.00037254145718179643,0.0002924856962636113
Wrong 0.00043004227336496115,0.0003621309297159314,0.009940738789737225,0.0018390959594398737,0.00023935461649671197,0.0028932683635503054,0.8879076838493347,0.0010981257073581219,0.0031780987046658993,0.00012620918278116733
Correct 0.011194114573299885,0.010517734102904797,0.20630063116550446,0.007342383731156588,0.007172628305852413,0.6872982382774353,0.0027430395130068064,0.0007214053766801953
Correct 0.13340045511722565,0.03975210338830948,0.646390974521637,0.03000052273273468,0.13134674727916718
Correct 0.016583357006311417,0.017652636393904686,0.9266126155853271,0.011761290021240711,0.008878202177584171
Wrong 0.05230523273348808,0.026511183008551598,0.5800794363021851,0.2698301374912262,0.020970391109585762
Correct 0.008440441451966763,0.005450419615954161,0.8149384260177612,0.12697985768318176,0.0015492996899411082,0.003987604286521673
Wrong 0.03179820254445076,0.013468915596604347,0.8072497248649597
Wrong 0.024264292791485786,0.026459572836756706,0.5350956916809082,0.18937525153160095,0.043944068253040314,0.03788377344608307,0.014149757102131844,0.005047196056693792,0.029274815693497658
Wrong 0.022404301911592484,0.051307134330272675,0.2141929715871811,0.044212374836206436,0.619921863079071
Wrong 0.17329391837120056,0.01479345839470625,0.6642187833786011,0.034935805946588516
Correct 0.016333170235157013,0.010967576876282692,0.9127486348152161,0.04993753135204315
Wrong 0.08983534574508667,0.04447850212454796,0.5010066628456116,0.018542343750596046,0.31356221437454224
Wrong 0.012656030245125294,0.003712996141985059,0.8075404763221741,0.008365794084966183,0.15180300176143646
Wrong 0.1183108240365982,0.025392474606633186,0.847183346748352
Correct 0.06293044239282608,0.006379018537700176,0.20310020446777344,0.6764283180236816
Correct 0.2675999701023102,0.01894363760948181,0.37146061658859253,0.3228383958339691
Wrong 0.22515307366847992,0.007708716206252575,0.1925058215856552,0.49958935379981995,0.04758657142519951
Correct 0.01642483100295067,0.2630693316459656,0.6407060027122498,0.03423454985022545,0.013943824917078018
Wrong 0.020389650017023087,0.01256371010094881,0.6290526986122131,0.274944007396698,0.0037723893765360117
Wrong 0.06042307987809181,0.06848735362291336,0.7189055681228638,0.08724978566169739,0.043529484421014786
Wrong 0.04029408469796181,0.022432301193475723,0.62033611536026,0.2977552115917206,0.0071150814183056355
Wrong 0.023716991767287254,0.008070479147136211,0.2910882532596588,0.013618933968245983,0.5612053871154785,0.012697122991085052
Wrong 0.0275442972779274,0.004749266430735588,0.4692109227180481,0.4768393933773041
Correct 0.011202307417988777,0.014842935837805271,0.6163396239280701,0.34583598375320435
Wrong 0.01413147896528244,0.00831057969480753,0.3940235674381256,0.5646676421165466
Wrong 0.050662022083997726,0.04200984910130501,0.811030924320221,0.00908756721764803,0.05522767826914787
Correct 0.0886971578001976,0.012881220318377018,0.8028517365455627,0.07017368078231812
Wrong 0.0041504246182739735,0.0020234801340848207,0.13213863968849182,0.8484970331192017
Wrong 0.0003988149401266128,0.00028504309011623263,0.9702138900756836,0.012120014987885952,0.00011075379006797448,0.00024004012811928988,0.0003105833602603525
Wrong 0.0007513434393331409,0.0005991092184558511,0.9937024712562561,0.000751515559386462
Wrong 0.02558835968375206,0.02330216020345688,0.4942178428173065,0.03497526794672012,0.3560124337673187
Wrong 0.006471631117165089,0.0011602496961131692,0.037237007170915604,0.9093196988105774,0.00096185936126858,0.00048379783402197063,0.0010079416679218411,0.006782435812056065
Wrong 0.007006892468780279,0.003810240887105465,0.340209037065506,0.006087941117584705,0.0031832538079470396,0.2231786996126175,0.28652310371398926
Wrong 0.019726209342479706,0.019427848979830742,0.604004442691803,0.013148652389645576,0.003348775440827012,0.29457950592041016
Wrong 0.05200550705194473,0.03493130952119827,0.6333837509155273,0.16791121661663055,0.007151443976908922,0.011080964468419552,0.011158740147948265,0.0069349827244877815
Wrong 0.006809576414525509,0.036527540534734726,0.2698265016078949,0.5987396836280823,0.010302026756107807,0.01621842198073864,0.0016683739377185702,0.0007068361155688763
Wrong 0.014231116510927677,0.009782036766409874,0.9517256021499634,0.002983643440529704,0.0020348208490759134,0.00744427926838398
Wrong 0.005595843773335218,0.029331041499972343,0.9557005167007446,0.00033870647894218564,0.0011107765603810549
Wrong 0.006026033312082291,0.02478490024805069,0.6004038453102112,0.019760970026254654,0.19799719750881195,0.013582480140030384
Wrong 0.04464370012283325,0.07247917354106903,0.6065341234207153,0.023528164252638817,0.05515217036008835,0.016560213640332222,0.007577447686344385,0.007231635972857475
Wrong 0.09792155772447586,0.1732729822397232,0.5996922850608826,0.09950514882802963
Wrong 0.032240256667137146,0.02098906971514225,0.7748485803604126,0.009314955212175846,0.0036463041324168444,0.08170712739229202,0.0255015566945076
Wrong 0.00977438222616911,0.004801350645720959,0.6385960578918457,0.03576595336198807,0.014333431608974934,0.010086135938763618,0.052832912653684616,0.14937745034694672
Wrong 0.022780081257224083,0.005671466235071421,0.7600579857826233,0.204644575715065
Wrong 0.041858844459056854,0.02223757840692997,0.7079131603240967,0.031112201511859894,0.08792922645807266,0.024805933237075806,0.023117590695619583
Wrong 0.011099901050329208,0.001855364185757935,0.7599313855171204,0.19523358345031738
Wrong 0.1805202215909958,0.05770739167928696,0.7481722831726074
Wrong 0.006597476080060005,0.5120536684989929,0.3744855225086212,0.00771357910707593,0.0035040571819990873,0.028221257030963898
Wrong 0.009642738848924637,0.012577042914927006,0.7251374125480652,0.009643011726439,0.19827355444431305,0.01844462752342224
Correct 0.288931667804718,0.16723668575286865,0.2889012098312378,0.06916827708482742,0.00832561869174242,0.029292352497577667
Wrong 0.00490319961681962,0.0065991743467748165,0.9638746380805969,0.004034141078591347,0.005302257835865021
Wrong 0.023795396089553833,0.01015780121088028,0.9282913208007812,0.012059840373694897,0.010562576353549957
Correct 0.0027390632312744856,0.0006455768598243594,0.990399181842804
Correct 0.019951753318309784,0.01816975511610508,0.6555219292640686,0.0215744748711586,0.24118031561374664
Wrong 0.006496293004602194,0.0027090730145573616,0.9560447931289673,0.018079379573464394
Wrong 0.0012775855138897896,0.12152713537216187,0.032181527465581894,0.8172274827957153,0.0001294949179282412,0.00010253336949972436
Wrong 0.06280141323804855,0.023475714027881622,0.4223357141017914,0.1667868196964264,0.05415177345275879,0.054147932678461075,0.09500278532505035,0.010579641908407211
Wrong 0.009986547753214836,0.007426041178405285,0.07263101637363434,0.8783378601074219,0.00976303219795227
Wrong 0.01127990335226059,0.16576361656188965,0.6710007786750793,0.027702942490577698,0.027484510093927383,0.023519529029726982
Wrong 0.02135075256228447,0.010407034307718277,0.41880080103874207,0.4898207187652588,0.014677326194941998
Wrong 0.0356769934296608,0.03223655745387077,0.9057462215423584
Wrong 0.026387259364128113,0.3505297899246216,0.5017421841621399,0.10037891566753387
Wrong 0.0026541377883404493,0.001355931512080133,0.9823917746543884,0.0035449708811938763
Wrong 0.010865762829780579,0.02907913364470005,0.6617178320884705,0.01580987498164177,0.14652098715305328,0.04870200902223587
Wrong 0.04278542473912239,0.015745649114251137,0.7944558262825012,0.1297658532857895
Wrong 0.02070489525794983,0.01041390374302864,0.4747718572616577,0.47496286034584045
Wrong 0.013901389203965664,0.7416291236877441,0.13391649723052979,0.05454939231276512,0.02422267571091652
Wrong 0.033645618706941605,0.058148737996816635,0.6056925058364868,0.046353377401828766,0.004113561008125544,0.009418630972504616,0.16821716725826263
Wrong 0.0242133941501379,0.035237982869148254,0.7954176068305969,0.011260759085416794,0.028089093044400215,0.04120517149567604
Wrong 0.051281653344631195,0.059032000601291656,0.7712960839271545,0.04285150766372681,0.003773157950490713,0.019166773185133934
Wrong 0.03699230030179024,0.08671729266643524,0.7907113432884216,0.030671294778585434
