grade confidence_levels
Correct 7.545072003267705e-05,2.230318568763323e-05,0.9923728108406067,3.4543845686130226e-05
Correct 2.7182499252376147e-05,0.00043528882088139653,0.0015193067956715822,0.9794631004333496
Correct 4.592276309267618e-05,0.0002444070705678314,0.002247524680569768,0.965194821357727
Wrong 0.004229344427585602,0.007422725670039654,0.9422732591629028,0.011861487291753292
Correct 0.00011432452447479591,0.9483497738838196,0.005134446546435356,0.005818095989525318
Wrong 0.028764108195900917,0.00365694472566247,0.908915638923645,0.0004577202198561281
Correct 0.8157572150230408,0.007057678885757923,0.08204269409179688,0.0011887073051184416
Wrong 0.0008022186229936779,0.826438844203949,0.061767302453517914,0.06274006515741348
Correct 0.0002610251249279827,0.00011857586650876328,0.0018118706066161394,0.9836157560348511
Correct 0.014286108314990997,0.7679024338722229,0.044004254043102264,0.009818687103688717
Correct 3.147328243358061e-05,6.874395330669358e-05,0.9930270910263062,0.00015983445337042212
Correct 0.0002899827959481627,0.8248416185379028,0.11882951110601425,0.015107488259673119
Correct 0.00019605818670243025,0.9486420154571533,0.0042579141445457935,0.0062927971594035625
Correct 0.00013033080904278904,0.0009046746417880058,0.9920957088470459,0.0015150450635701418
Correct 0.0024315770715475082,0.44911956787109375,0.08706571906805038,0.2991780638694763
Correct 0.759079098701477,0.0005738454638049006,0.021533384919166565,0.026383282616734505
Correct 0.009407445788383484,0.0009761637775227427,0.0009314616909250617,0.9300611615180969
Correct 0.00017775398737285286,0.0001129871525336057,0.0035149261821061373,0.9745920300483704
Correct 3.499746526358649e-05,0.0002818042121361941,0.002511692699044943,0.9668876528739929
Correct 0.8049460649490356,0.0004248153418302536,0.01095612533390522,0.009975675493478775
Correct 0.00013227926683612168,3.91016474168282e-05,0.2545912563800812,0.7140190601348877
Correct 0.8837376236915588,0.000352055998519063,0.010952134616672993,0.000528498669154942
Correct 0.002709174994379282,0.9060947299003601,0.023040834814310074,0.010714990086853504
Correct 0.00015278442879207432,0.0005856818170286715,0.004002407193183899,0.9793573021888733
Correct 0.00030847470043227077,0.00014916849613655359,0.04040217772126198,0.9195497632026672
Correct 0.7116162180900574,0.00020418837084434927,0.15878280997276306,0.06619057804346085
Correct 0.00019917917961720377,0.9488014578819275,0.00030371156753972173,0.0005247668013907969
Correct 0.0014096854720264673,0.7773315906524658,0.09283886849880219,0.013374718837440014
Wrong 0.06838739663362503,0.016499217599630356,0.8731105923652649,0.003681473433971405
Correct 0.00015388912288472056,3.683852628455497e-05,0.9864383339881897,0.0002421014942228794
Correct 0.00013831508113071322,7.34584973542951e-05,0.010241672396659851,0.9813857674598694
Correct 0.0004901011125184596,0.7461909651756287,0.17723560333251953,0.0036213824059814215
Correct 0.7005850076675415,0.0003162540087942034,0.1217433288693428,0.0007239127298817039
Correct 0.00036938191624358296,5.405246338341385e-05,0.9870287775993347,0.00018866162281483412
Correct 0.0010548117570579052,0.00030696752946823835,0.0005303921643644571,0.9740735292434692
Correct 0.3941591680049896,0.22110305726528168,0.18618716299533844,0.05950911343097687
Correct 0.0037697467487305403,0.5338592529296875,0.03690163046121597,0.3289010226726532
Correct 0.014855381101369858,0.6027405261993408,0.05104638263583183,0.20830154418945312
Correct 0.0011859541991725564,8.933245408115909e-05,0.98171067237854,0.0010303743183612823
Correct 0.00013779287110082805,6.407961336662993e-05,0.9853487014770508,8.75864498084411e-05
Correct 8.12212674645707e-05,0.00024438349646516144,0.001922223949804902,0.980299711227417
Wrong 0.006915587931871414,0.00022935769811738282,0.9641792178153992,0.0014956004451960325
Correct 0.8980194926261902,0.0007004316430538893,0.0013713777298107743,0.00011434231419116259
Correct 0.0005438813823275268,0.6153709292411804,0.005323991645127535,0.32938408851623535
Correct 0.9158446192741394,9.011070505948737e-05,0.0001280730648431927,0.0015360608231276274
Correct 0.8810827732086182,0.0012639932101592422,0.015398583374917507,0.0034899988677352667
Correct 0.00018545606872066855,3.099280729657039e-05,0.9702581763267517,0.015682769939303398
Correct 0.8849180936813354,0.00010920752538368106,0.001102956710383296,0.00022060528863221407
Correct 0.9045965671539307,0.0018017124384641647,0.006191094871610403,0.008074723184108734
Wrong 0.0019296673126518726,0.7784832119941711,0.0989728569984436,0.0028076465241611004
Correct 0.004357341676950455,0.0026844795793294907,0.843437910079956,0.06710357218980789
Correct 2.599217987153679e-05,4.971133967046626e-05,0.9969766736030579,0.00010689618648029864
Correct 0.8664100170135498,0.0001427614624844864,0.002181433141231537,0.020060107111930847
Wrong 0.0058443862944841385,0.6755193471908569,0.12692606449127197,0.10359417647123337
Correct 0.004360597115010023,0.0006687185377813876,0.009088250808417797,0.9564543962478638
Correct 0.5912176966667175,0.007922315038740635,0.18896420300006866,0.08926048874855042
Wrong 0.00483263935893774,0.000966588209848851,0.9354391694068909,0.025719963014125824
Wrong 0.09014195203781128,0.5877987146377563,0.06292909383773804,0.121299147605896
Correct 0.0037146045360714197,0.00232453690841794,0.10039833933115005,0.8275928497314453
Wrong 0.3306843638420105,0.045458000153303146,0.19439908862113953,0.2873034179210663
Correct 0.900000810623169,8.125975000439212e-05,0.008033697493374348,0.00010515793837839738
Correct 1.9558876374503598e-05,0.00011255346180405468,0.007890605367720127,0.9861398935317993
Correct 0.0001472180592827499,0.0001846527447924018,0.9812682867050171,0.0003848494088742882
Correct 0.007104115094989538,0.610206663608551,0.03389173746109009,0.19200997054576874
Correct 0.0006198171759024262,6.431541260099038e-05,0.9889745712280273,0.0013121528318151832
Correct 4.14214409829583e-05,0.5239289402961731,0.4623652398586273,0.0008925754809752107
Correct 6.696302443742752e-05,0.00010371432290412486,0.9980062246322632,0.00036769924918189645
Correct 6.25164175289683e-05,8.816226909402758e-05,0.9918265342712402,0.00010469526750966907
Correct 0.0439080074429512,0.0009112806874327362,0.029709603637456894,0.8029929399490356
Correct 0.0002526452881284058,0.0004365319909993559,0.9822589755058289,0.00020945025607943535
Correct 0.0005785612156614661,0.0007907992694526911,0.9826836585998535,0.002019376028329134
Wrong 0.09594365954399109,0.0038986681029200554,0.019189907237887383,0.7429548501968384
Correct 0.9676175713539124,6.803974247304723e-05,0.0009392591891810298,0.0005268769455142319
Wrong 0.015534454956650734,0.026015296578407288,0.9028514623641968,0.006179180461913347
Correct 0.0004509001737460494,7.476652535842732e-05,0.0002777912304736674,0.9383423924446106
Correct 0.8821790218353271,0.0010491907596588135,0.0005034072091802955,0.022084916010499
Correct 0.9536994695663452,0.000417267729062587,0.00020020709780510515,0.003035415429621935
Correct 0.5744653940200806,0.01137666217982769,0.33247458934783936,0.0038107053842395544
Wrong 9.284322004532441e-05,0.04553446173667908,0.9145830273628235,0.00037590975989587605
Correct 0.00010423068306408823,0.0012211434077471495,0.0080882478505373,0.9495969414710999
Correct 0.0015580650651827455,3.4422133467160165e-05,0.9888761043548584,0.00022098056797403842
Correct 0.9354057312011719,0.00037263892590999603,0.016094530001282692,0.007254378870129585
Correct 0.002109365537762642,0.8509789109230042,0.0014957616804167628,0.001220806036144495
Correct 0.0001626558369025588,0.000289965100819245,0.006599572952836752,0.9642787575721741
Correct 0.0005537826218642294,0.6774885654449463,0.21318089962005615,0.0008577152038924396
Wrong 0.015767471864819527,0.16688798367977142,0.5303685665130615,0.2505286931991577
Correct 0.00011047168663935736,0.8608688116073608,0.0032033296301960945,0.004243724513798952
Wrong 0.00011605814506765455,0.45122307538986206,0.4655456840991974,0.0020895758643746376
Correct 0.00018692978483159095,0.9187167286872864,0.00405966816470027,0.0014703160850331187
Correct 0.6713230609893799,0.0002323523222003132,0.02027217671275139,0.0534101203083992
Correct 0.0010035514133051038,0.00010172135080210865,0.009521422907710075,0.9561547636985779
Correct 2.059446160274092e-05,3.969684985349886e-05,0.9830927848815918,0.000141841359436512
Correct 0.015047182328999043,0.12797239422798157,0.736429750919342,0.09811991453170776
Correct 0.0002365221007494256,0.00036633238778449595,0.016324397176504135,0.9637057185173035
Correct 0.40837547183036804,0.019099943339824677,0.027790235355496407,0.40204373002052307
Wrong 0.0008104781154543161,0.00010798568837344646,0.9915240406990051,0.0032559812534600496
Correct 0.00010527273116167635,6.286117422860116e-05,0.9818346500396729,0.007614457048475742
Correct 8.678359881741926e-05,4.609038296621293e-05,0.9916905760765076,0.0005233718547970057
Correct 0.0010108596179634333,0.9782850742340088,0.0038149394094944,0.0006733774207532406
Correct 0.0007762923487462103,0.0010124745313078165,0.0009661095682531595,0.9646569490432739
Correct 0.0009111326071433723,0.7425263524055481,0.20619149506092072,0.003896415699273348
Correct 0.0030019693076610565,4.776999048772268e-05,0.9580420255661011,0.000439284835010767
Correct 0.6254233717918396,0.08597464859485626,0.05296740308403969,0.1508902758359909
Correct 0.0011752141872420907,0.00011912130867131054,0.9881396293640137,0.000513412815053016
Correct 0.003150342032313347,0.011168921366333961,0.0027370608877390623,0.9444805979728699
Wrong 0.0040487851947546005,0.7025156021118164,0.0717662051320076,0.15432195365428925
Correct 0.001038628863170743,0.9010186195373535,0.008428753353655338,0.0215236097574234
Correct 0.00038803782081231475,0.9008585214614868,0.0015347179723903537,0.0006200824864208698
Correct 2.046862391580362e-05,5.1057650125585496e-05,0.9924730658531189,6.659172504441813e-05
Correct 0.00017842200759332627,0.8700790405273438,0.0052551389671862125,0.0012288547586649656
Correct 0.0018712452147156,4.332519165473059e-05,0.9845932722091675,5.6506702094338834e-05
Correct 0.0004462152428459376,0.001175618963316083,0.23478463292121887,0.7009384632110596
Correct 0.9572635293006897,0.0001084073810488917,0.007902688346803188,0.00011184861068613827
Correct 5.981041249469854e-05,7.923591329017654e-05,0.9790170192718506,0.00023655474069528282
Correct 0.8825219869613647,0.00010151699825655669,0.0006883437745273113,0.0011893517803400755
Correct 0.9262975454330444,0.0003989956167060882,0.00981900654733181,0.001653791288845241
Correct 4.8993828386301175e-05,0.000295470526907593,0.9980596899986267,0.0001193808566313237
Wrong 0.0071124364621937275,0.08013556152582169,0.9028835296630859,0.0002017641527345404
Correct 0.00017345754895359278,0.0003449609794188291,0.0037670815363526344,0.9812244176864624
Correct 0.00032597334939055145,0.0003209191781934351,0.0021256094332784414,0.9128389358520508,0.002446564380079508
Correct 0.948574423789978,8.836406050249934e-05,0.001239037374034524,0.00347496778704226
Wrong 0.10585123300552368,0.0005821125232614577,0.36372870206832886,0.4670373201370239
Correct 0.00021361897233873606,0.941114068031311,0.0033415600191801786,0.00021030705829616636
Correct 0.0016510774148628116,6.15666140220128e-05,0.008126876316964626,0.9691573977470398
Wrong 0.015343855135142803,0.01272049080580473,0.7993814945220947,0.06261249631643295
Wrong 0.0004998993244953454,0.7149953246116638,0.0033632218837738037,0.21806110441684723
Correct 0.0008722110651433468,9.484850306762382e-05,0.9868571162223816,0.0007818446028977633
Correct 0.9411587119102478,0.0001587557198945433,0.0018745356937870383,0.00018852711946237832
Correct 0.8635573387145996,0.00019297588733024895,0.003756769234314561,0.0003467148926574737
Correct 0.0025699830148369074,0.01756262592971325,0.046271320432424545,0.8595407009124756
Correct 4.878880281466991e-05,0.9409911036491394,0.005863855592906475,0.0004966141423210502
Correct 0.00034125271486118436,0.0003989645338151604,0.028857411816716194,0.9556266665458679
Correct 0.8979249596595764,0.00018269926658831537,0.03945204243063927,0.0009134389110840857
Wrong 0.12676972150802612,0.01024455577135086,0.7765575051307678,0.00523240864276886
Correct 0.00030443849391303957,0.00013938205665908754,0.996712863445282,0.00017897006182465702
Correct 5.4075739171821624e-05,0.09931083023548126,0.0007123073446564376,0.7690299153327942
Wrong 0.3803396224975586,0.00037500690086744726,0.5363642573356628,0.0014375485479831696
Correct 0.0002783576201181859,0.9184744954109192,0.03790990635752678,0.0019473384600132704
Correct 0.001235832110978663,3.142564310110174e-05,0.9915245771408081,0.0007265079184435308
Correct 0.000579630141146481,0.00022172789613250643,0.0012660259380936623,0.9844995141029358
Correct 8.666952635394409e-05,0.00019228468590881675,0.9903875589370728,0.0004007557581644505
Correct 0.002210435923188925,0.00024415875668637455,0.01375377457588911,0.9642143845558167
Correct 0.6414153575897217,0.00016497720207553357,0.24728746712207794,7.732324593234807e-05
Correct 0.00018351987819187343,0.00018067449855152518,0.03285377100110054,0.9601283073425293
Correct 0.00026136578526347876,0.0024034699890762568,0.011113530956208706,0.9696294069290161
Correct 0.01079827081412077,0.0011381274089217186,0.01621008850634098,0.9131360650062561
Correct 2.9731243557762355e-05,3.3689906558720395e-05,0.990792453289032,5.686247459379956e-05
Correct 0.13337813317775726,0.6668484807014465,0.07028518617153168,0.013839990831911564
Correct 0.7615975141525269,0.030947508290410042,0.02486700750887394,0.08412408083677292
Wrong 0.01239944901317358,0.00313506368547678,0.939899742603302,0.02109215222299099
Correct 0.0005430050659924746,3.063424810534343e-05,0.9817756414413452,0.00034515498555265367
Correct 0.0002469705359544605,0.08656428754329681,0.007331178057938814,0.7960302233695984
Correct 0.004870761185884476,0.8719662427902222,0.05751229450106621,0.0028633710462599993
Correct 0.00010314712562831119,1.9532775695552118e-05,0.992548406124115,2.1285610273480415e-05
Correct 1.81756004167255e-05,1.3827263501298148e-05,0.9908608794212341,0.0006820341804996133
Correct 5.9879894251935184e-05,1.729042924125679e-05,0.9955894351005554,1.5258747225743718e-05
Correct 0.0038971463218331337,0.00011229440860915929,9.605045488569885e-05,0.8415486812591553
Correct 0.8377041816711426,0.0034774139057844877,0.007714975159615278,0.0028381841257214546
Correct 0.0006381366983987391,0.09323947876691818,0.0365130789577961,0.8181507587432861
Correct 0.8825775980949402,0.00015971866378095,0.008788734674453735,0.0019610330928117037
Correct 0.0002346716937609017,0.004863122012466192,0.15366967022418976,0.7803997993469238
Correct 0.9138197898864746,0.0007951353909447789,0.007311925292015076,0.01809721440076828
Correct 0.0008530252962373197,0.9501864314079285,0.0011125514283776283,0.013136671856045723
Correct 0.5669629573822021,0.001129238517023623,0.17563672363758087,0.0053037721663713455
Correct 0.00030807766597718,0.940144956111908,0.010608515702188015,0.001552370609715581
Correct 2.306384158146102e-05,4.732393063022755e-05,0.9946445226669312,1.8244994862470776e-05
Wrong 0.09887323528528214,0.02579258196055889,0.2816629111766815,0.34510114789009094
Correct 0.010795213282108307,0.6783936619758606,0.1537536233663559,0.03273608162999153
Wrong 0.14624901115894318,0.0003513612609822303,0.8157101273536682,0.01277908869087696
Wrong 0.0012554907007142901,0.0058967480435967445,0.9763052463531494,8.280853217002004e-05
Correct 5.713562131859362e-05,5.803538078907877e-05,0.9801169037818909,0.0004424390208441764
Correct 0.0004603758279699832,7.876100426074117e-05,0.9731491208076477,0.0012129286769777536
Correct 8.707166853128001e-05,0.9059433341026306,0.010383576154708862,0.00024419845431111753
Wrong 0.004837203770875931,0.0025095066521316767,0.9660447239875793,0.0022146329283714294
Correct 0.004371844697743654,7.463634392479435e-05,0.9740225672721863,0.00016951479483395815
Correct 0.00015559913299512118,0.00018768833251670003,0.007042950019240379,0.9517261981964111
Correct 0.005415963474661112,0.0006673763273283839,0.0009559719474054873,0.8691138625144958
Correct 0.8921854496002197,0.0008009542361833155,0.0010778014548122883,0.00759924529120326
Wrong 0.029856842011213303,0.01048072800040245,0.9434444308280945,0.0033498427364975214
Correct 8.603718015365303e-05,0.00011134033411508426,0.14959940314292908,0.7838451266288757
Wrong 0.002859182422980666,0.0007695375825278461,0.9124734997749329,0.053112372756004333
Wrong 0.009320431388914585,0.02100389078259468,0.7881643772125244,0.13069063425064087
Correct 0.9748272895812988,0.00012412200157996267,0.006170373875647783,0.001196182449348271
Wrong 0.00023716167197562754,0.002113797003403306,0.9815276265144348,0.0040112826973199844
Correct 0.001183826825581491,0.24392914772033691,0.007251802831888199,0.5943697094917297
Wrong 0.00016632927872706205,0.00026997894747182727,0.986055850982666,0.0014594924869015813
Wrong 0.07216721773147583,0.006608523894101381,0.4779995381832123,0.3840838074684143
Correct 0.0020897153299301863,0.732455849647522,0.14880724251270294,0.039430029690265656
Correct 0.0001839808828663081,2.4513075914001092e-05,0.9930945634841919,3.708709482452832e-05
Correct 0.00025577290216460824,0.8505734205245972,0.006700341124087572,0.00022748905757907778
Correct 0.00022911337146069854,2.981925536005292e-05,0.9937256574630737,2.1478001144714653e-05
Correct 0.0017030843300744891,0.0005034304340369999,0.01667132042348385,0.9391173124313354
Wrong 0.03057137504220009,0.6743931770324707,0.1576986163854599,0.018254971131682396
Correct 0.0005478361854329705,0.007329966407269239,0.9600353837013245,0.0013141907984390855
Correct 2.333394695597235e-05,0.9306694269180298,0.028546316549181938,0.00417725183069706
Correct 5.097862958791666e-05,0.0002180076262447983,0.049335774034261703,0.9308981895446777
Correct 0.00016011280240491033,0.9492039084434509,0.004752864129841328,0.0013198235537856817
Correct 0.00010088639828609303,0.0019949362613260746,0.08351168781518936,0.8567208647727966
Correct 0.006841598078608513,0.0005193875404074788,0.1878267228603363,0.7785205245018005
Wrong 0.026596982032060623,0.00046483229380100965,0.937574028968811,0.010915369726717472
Correct 0.00011473705671960488,3.526725777192041e-05,0.9896848797798157,0.00013625354040414095
Correct 0.0002817999629769474,0.6697333455085754,0.21743012964725494,0.01207640953361988
Correct 0.00045359041541814804,0.0070953452959656715,0.929306149482727,0.03438306599855423
Correct 0.0010512955486774445,0.0018164729699492455,0.012608814984560013,0.8702426552772522
Wrong 0.0007325751939788461,0.6455233097076416,0.3049231767654419,0.006529371719807386
Correct 8.204884215956554e-05,0.9449403882026672,0.00044703029561787844,0.0006816401146352291
Correct 0.9338163733482361,5.885989230591804e-05,4.141308454563841e-05,0.0003084037743974477
Correct 0.008312901481986046,0.001688865595497191,0.0013570410665124655,0.9168393611907959
Correct 3.338237729622051e-05,0.9367910623550415,0.005232866853475571,0.006512411404401064
Correct 0.00035488978028297424,0.8239022493362427,0.02449393831193447,0.013317137956619263
Correct 0.9558979868888855,0.0003308469895273447,0.002332697156816721,0.002123946323990822
Correct 0.9482675790786743,0.00014909425226505846,0.002971332287415862,0.0013603763654828072
Wrong 0.06644737720489502,0.0015873002121225,0.04937944561243057,0.7724249362945557
Correct 0.0002745167294051498,0.0002460748655721545,0.05150249972939491,0.9272801876068115
Correct 0.0025358195416629314,0.002496501663699746,0.0017702837940305471,0.9610396027565002
Wrong 0.09351085126399994,0.5215618014335632,0.24254845082759857,0.0009458485874347389
Correct 5.743869041907601e-05,0.00033574170083738863,0.028391407802700996,0.9256182909011841
Wrong 0.0012164771324023604,6.862893496872857e-05,0.9913657307624817,0.00024331074382644147
Correct 0.0007863102946430445,1.104222064896021e-05,0.9771063923835754,0.00011152249498991296
Correct 0.11576613783836365,0.66618812084198,0.0031829888466745615,0.026650873944163322
Correct 0.000683915801346302,0.0487012155354023,0.9189236760139465,0.0027908016927540302
Wrong 0.21227294206619263,0.008625705726444721,0.04245718568563461,0.5592642426490784
Wrong 0.001964161405339837,0.7443898916244507,0.017234908416867256,0.10393999516963959
Correct 0.0005622402532026172,2.470311119395774e-05,0.9852777123451233,1.9541766960173845e-05
Correct 0.0001499642530689016,0.00010801508324220777,0.991793692111969,0.00038294686237350106
Wrong 0.007507998030632734,0.06797176599502563,0.6864896416664124,0.17357206344604492
Correct 6.687905988655984e-05,3.9316146285273135e-05,0.003886969294399023,0.9660881757736206
Wrong 0.17707397043704987,0.038897909224033356,0.4382612407207489,0.2829630672931671
Correct 0.0001394097926095128,0.00012302861432544887,0.03154882788658142,0.9512593746185303
Correct 0.00015743459516670555,0.9117065072059631,0.01165739819407463,0.0004449990810826421
Correct 3.636518522398546e-05,4.185606667306274e-05,0.9968556761741638,1.6136948033818044e-05
Correct 0.00019663741113618016,0.00029061114764772356,0.9664265513420105,0.005483431741595268
Correct 0.7830275893211365,0.00013842061161994934,0.0005389763391576707,0.01960270293056965
Correct 0.9247735738754272,0.00014884851407259703,0.0006365440203808248,0.0003983392671216279
Wrong 0.16487202048301697,0.004978700075298548,0.7161703109741211,0.04437471181154251
Correct 0.6855196356773376,0.006826425902545452,0.2369088977575302,0.010572979226708412
Correct 0.0010661514243111014,0.868858277797699,0.0077557023614645,0.07591994851827621
Correct 0.0035613777581602335,0.0001380894536850974,0.012824999168515205,0.9570894241333008
Correct 0.8995454907417297,4.052148142363876e-05,0.0013314438983798027,0.00017464750271756202
Correct 0.00013771375233773142,0.9251186847686768,0.004489741288125515,0.016944125294685364
Correct 0.0001028701663017273,0.8873260617256165,0.001292995410040021,0.000161837408086285
Wrong 0.024048294872045517,0.039034154266119,0.6499757170677185,0.17769381403923035
Correct 0.0012130498653277755,0.00023886353301350027,0.028485262766480446,0.9286781549453735
Correct 0.002554755425080657,0.8412017822265625,0.022770246490836143,0.07124192267656326
Wrong 0.011452918872237206,0.0006563042406924069,0.9684948325157166,8.279036410385743e-05
Correct 0.0010605514980852604,0.9345256090164185,0.000516870932187885,0.00018719836953096092
Correct 0.8841776251792908,0.0002458970120642334,0.027547379955649376,0.003557410556823015
Correct 3.074341657338664e-05,8.757983596296981e-05,0.9852740168571472,0.0028552815783768892
Correct 0.890954315662384,0.0004702069563791156,0.026076698675751686,0.012317772023379803
Wrong 0.36098405718803406,0.002146487357094884,0.10342352092266083,0.501176655292511
Correct 0.0013664698926731944,0.9377470016479492,0.033627793192863464,0.00448047649115324
Correct 0.8494882583618164,0.0003081275208387524,0.0009343847050331533,0.002206723438575864
Wrong 0.33939242362976074,0.014453060925006866,0.5256602168083191,0.0039512463845312595
Correct 0.744114100933075,0.0009420649730600417,0.015204149298369884,0.0027259557973593473
Correct 0.837658703327179,0.00039013425703160465,0.031975988298654556,0.004980900790542364
Correct 0.9671081304550171,0.0015968924853950739,0.002551825251430273,0.001431445823982358
Wrong 0.001663046539761126,0.00022861281468067318,0.8349729180335999,0.13419246673583984
Correct 0.0043635182082653046,0.0014615944819524884,0.09184961020946503,0.7690479755401611
Correct 0.00012575594882946461,0.8922755718231201,0.0025062160566449165,0.013131641782820225
Correct 9.883403254207224e-05,0.9217846989631653,0.005834628362208605,0.00224945112131536
Correct 0.04919946938753128,0.1690606027841568,0.6480741500854492,0.03434676676988602
Correct 0.0002650482056196779,7.360122981481254e-05,0.9680472016334534,0.00011048852320527658
Correct 0.03088984452188015,0.4399564266204834,0.0764528289437294,0.37631475925445557
Correct 0.00015602886560373008,0.0016006490914151073,0.03165145218372345,0.8965324759483337
Correct 0.6329365968704224,0.0024682136718183756,0.005307490471750498,0.03251234441995621
Correct 6.385061715263873e-05,1.887419966806192e-05,0.997288703918457,9.736054198583588e-05
Wrong 0.019148536026477814,0.00672176294028759,0.8942403197288513,0.041824229061603546
Correct 0.9318056702613831,0.00011145591997774318,0.0005486049922183156,0.0005234827985987067
Correct 0.0014995146775618196,0.00027095634141005576,0.007042860612273216,0.966701865196228
Correct 0.8565043807029724,6.771458720322698e-05,0.023184489458799362,0.022471193224191666
Correct 0.0007963032694533467,4.492432708502747e-05,0.9895235300064087,0.00011293974239379168
Correct 0.0006227765697985888,0.00016246094310190529,0.9936966300010681,0.000642545463051647
Correct 0.884742796421051,0.0006482661701738834,0.010462481528520584,0.01807757280766964
Correct 0.029951946809887886,0.0004841270565520972,0.3072669506072998,0.5830908417701721
Correct 0.7971633672714233,0.00831914134323597,0.0035780170001089573,0.02602829784154892
Correct 0.003313250606879592,0.00026775154401548207,0.003472253680229187,0.9627600908279419
Wrong 0.3254377841949463,0.0005458260420709848,0.011489341966807842,0.5282372832298279
Correct 0.0006713723996654153,8.144664752762765e-05,0.9753705859184265,0.0004911862197332084
Correct 0.00012533929839264601,0.9319988489151001,0.0029663441237062216,0.0010576831409707665
Correct 0.013932042755186558,0.007005463354289532,0.27122265100479126,0.6405426859855652
Wrong 0.003167041577398777,0.0024282531812787056,0.8781318068504333,0.053566429764032364
Correct 0.030223896726965904,0.8695778846740723,0.00921773910522461,0.032173145562410355
Correct 7.174092752393335e-05,0.9584388136863708,0.0012716363416984677,0.0023388988338410854
Correct 0.002457092981785536,0.8885619640350342,0.029469409957528114,0.0022372081875801086
Correct 0.0005879196105524898,0.00011576811812119558,0.008243776857852936,0.9830982685089111
Correct 0.00010282541916240007,3.210365684935823e-05,0.9894524812698364,0.00012210819113533944
Correct 0.9210782647132874,0.0006855177343823016,0.04514675587415695,0.0026278586592525244
Correct 0.0008807122358120978,1.2961464562977199e-05,0.9810270071029663,0.00011196997365914285
Correct 0.003938991576433182,7.800746971042827e-05,0.9790164828300476,0.00014347766409628093
Wrong 0.01038103923201561,0.0036440847907215357,0.8778534531593323,0.06067948043346405
Wrong 0.0025541482027620077,0.000510861340444535,0.9832292199134827,0.006321575492620468
Correct 1.715621147013735e-05,0.00011908764281542972,0.01039010751992464,0.9649771451950073
Correct 0.0009780374821275473,0.8753884434700012,0.005045095458626747,0.07413718849420547
Wrong 0.012561704032123089,0.09281909465789795,0.8403146862983704,0.012759518809616566
Wrong 0.005352494306862354,0.24996231496334076,0.40572813153266907,0.28770485520362854
Correct 0.8900009393692017,0.0004999972297810018,0.021935293450951576,0.0011267613153904676
Correct 0.00036868310417048633,0.0013070928398519754,0.014052565209567547,0.969887912273407
Wrong 0.07269264757633209,0.0007826960645616055,0.8995223641395569,0.008957487531006336
Correct 0.0014892435865476727,0.0021332413889467716,0.901911735534668,0.04025131091475487
Correct 0.0017779284389689565,0.0012219499330967665,0.016096029430627823,0.9651883244514465
Correct 0.9170029759407043,0.00014759771875105798,0.0009475361439399421,0.0005747101386077702
Correct 0.00010314071550965309,0.00014774221926927567,0.9924864172935486,6.764131103409454e-05
Correct 0.0004942531231790781,0.00024467270122841,0.00539739103987813,0.9814598560333252
Correct 0.0001479422498960048,0.00016504147788509727,0.9632530808448792,2.198965012212284e-05
Correct 0.0019747400656342506,0.0016628956655040383,0.9460635185241699,0.022955579683184624
Correct 8.540510316379368e-05,6.05612549406942e-05,0.991307258605957,0.0005314081790857017
Correct 0.00016642850823700428,0.0001827859232435003,0.986644446849823,7.047023973427713e-05
Correct 0.009339328855276108,6.004617171129212e-05,0.00157299789134413,0.9526368379592896
Correct 0.00034734801738522947,0.0005133466911502182,0.0017366284737363458,0.9726955890655518
Correct 0.0006103072082623839,0.8729100227355957,0.008425024338066578,0.00543960789218545
Correct 0.863013744354248,0.0012575684813782573,0.010366244241595268,0.010695311240851879
Correct 0.9790602922439575,0.0002055312361335382,0.00047046542749740183,6.777701491955668e-05
Correct 0.5750933885574341,0.013737854547798634,0.2018762081861496
Correct 0.0015441772993654013,0.00026008140412159264,0.00012094902922399342,0.9800608158111572
Wrong 0.005633026361465454,0.029979703947901726,0.7150800228118896,0.18654008209705353
Correct 8.745714876567945e-05,4.4321113819023594e-05,0.983893632888794,7.718062261119485e-05
Wrong 0.11599589884281158,0.0003634653694462031,0.6995438933372498,0.09767833352088928
Correct 8.536506356904283e-05,0.9021737575531006,0.022235287353396416,0.007805326022207737
Correct 5.438656444312073e-05,5.926709491177462e-05,0.9854010343551636,0.0010838821763172746
Correct 5.350316860130988e-05,6.062698957975954e-05,0.013507361523807049,0.9769984483718872
Correct 0.001570332096889615,0.0052299960516393185,0.000718949013389647,0.9510206580162048
Correct 0.0016106542898342013,0.0007727988995611668,0.0014213939430192113,0.975440263748169
Correct 0.00012510585656855255,0.00027973612304776907,0.22797049582004547,0.7358981966972351
Correct 0.8065608143806458,0.003735112026333809,0.019267145544290543,0.010312981903553009
Wrong 0.07959765940904617,0.053023409098386765,0.4439590275287628,0.22675250470638275
Correct 0.4319908320903778,0.18579699099063873,0.016234738752245903,0.005437964107841253
Correct 0.002772574545815587,0.8443155288696289,0.020486680790781975,0.0022629080340266228
Correct 0.00047647440806031227,0.9761916995048523,0.0016372738173231483,0.0024197357706725597
Correct 0.9636171460151672,9.407327161170542e-05,0.0008516694651916623,0.0009650685242377222
Correct 8.651202369946986e-05,7.005949009908363e-05,0.005742181558161974,0.980894148349762
Correct 0.0005554279196076095,0.000262365530943498,0.9886669516563416,0.00014717367594130337
Correct 0.00020523030252661556,0.9776267409324646,0.0023123195860534906,0.0043199872598052025
Correct 0.002301547210663557,0.0004977441276423633,0.9431312084197998,0.03832419216632843
Correct 0.0006574089056812227,0.7674331068992615,0.06705746799707413,0.05646810308098793
Correct 0.7077730894088745,0.0025526240933686495,0.18463322520256042,0.006219862028956413
Correct 2.643001062097028e-05,0.9375849366188049,0.0014772486174479127,0.0008031665929593146
Correct 0.5644844770431519,0.000260859087575227,0.01758703961968422,0.0009034023969434202
Correct 4.27711675001774e-05,0.8850188851356506,0.01114073395729065,0.0019359702710062265
Correct 0.019183626398444176,0.010109052993357182,0.019183600321412086,0.8819906711578369
Wrong 0.031937628984451294,0.0008379128994420171,0.7983392477035522,0.08681544661521912
Correct 0.023078588768839836,0.008101328276097775,0.024566957727074623,0.8263581991195679
Correct 0.001012109569273889,0.00016139482613652945,0.9949178695678711,0.00022938830079510808
Correct 0.00011339284537825733,4.5104527089279145e-05,0.5235341191291809,0.44780266284942627
Wrong 0.04245350882411003,0.0038875662721693516,0.7180455327033997,0.10026171803474426
Correct 0.8384971618652344,8.645972411613911e-05,0.013553032651543617,0.0012606289237737656
Correct 0.7583421468734741,0.0003879065334331244,0.002163567813113332,0.04554196819663048
Correct 0.1845889687538147,0.0016221553087234497,0.03522937744855881,0.5176923871040344
Correct 7.873761205701157e-05,0.9577778577804565,0.021493256092071533,0.003454284043982625
Correct 0.00018288751016370952,0.8378201127052307,0.00808634702116251,0.10163906961679459
Correct 0.0010585082927718759,9.394785593030974e-05,0.977486252784729,0.011926168575882912
Correct 0.0001868716935859993,3.5112145269522443e-05,0.9930604696273804,3.00330084428424e-05
Correct 6.464430771302432e-05,0.9862970113754272,0.001173019758425653,8.300491026602685e-05
Wrong 9.214972669724375e-05,0.00016427446098532528,0.01728835329413414,0.9587768912315369
Correct 0.761581301689148,0.004123267717659473,0.012118952348828316,0.014168507419526577
Correct 0.00015213683946058154,1.889396480692085e-05,0.9905640482902527,0.0002628688234835863
Correct 2.6039431759272702e-05,3.476719211903401e-05,0.9910160303115845,0.0002016405778704211
Correct 0.00033063965383917093,3.2994506909744814e-05,0.9856220483779907,0.00035750665119849145
Correct 0.002946134889498353,0.009362793527543545,0.8428112864494324,0.07137832045555115
Wrong 0.4297424554824829,0.06590304523706436,0.4297415018081665,0.027905119583010674
Wrong 0.3550654947757721,0.0016442787600681186,0.3663361072540283,0.1227073222398758
Correct 0.0005196907441131771,0.9396219849586487,0.002365763997659087,0.007518389727920294
Correct 0.5637932419776917,0.0001833124551922083,0.3419575095176697,0.012262701988220215
Correct 0.6882879734039307,0.00021354279306251556,0.014284947887063026,0.09314961731433868
Correct 2.5457886295043863e-05,0.0011256183497607708,0.9918602108955383,0.00010634757927618921
Correct 0.007544805761426687,0.4968853294849396,0.28311607241630554,0.07385537028312683
Wrong 0.006699732970446348,0.0013192546321079135,0.948793351650238,0.01070613693445921
Correct 0.4914623498916626,0.01579800806939602,0.2672029137611389,0.08811430633068085
Correct 0.00010391527030151337,0.00011960563278989866,0.006843638140708208,0.9691745638847351
Correct 0.03081422485411167,0.37539395689964294,0.12187253683805466,0.25006648898124695
Correct 9.225615940522403e-05,0.8671839833259583,0.002847666386514902,0.11736055463552475
Correct 0.006529596168547869,0.0008975998498499393,0.0021198459435254335,0.9540529847145081
Correct 7.685676246182993e-05,0.0003471496165730059,0.9721401929855347,0.0007464890950359404
Correct 0.00020079841488040984,0.9565145969390869,0.0024462197907269,0.012040735222399235
Correct 0.0003225812688469887,0.00029371329583227634,0.1569768488407135,0.8225002884864807
Wrong 0.02331998385488987,0.20145393908023834,0.17231257259845734,0.2318720817565918
Correct 2.76251339528244e-05,1.913536834763363e-05,0.9954128861427307,5.5370019254041836e-05
Wrong 0.004341030027717352,0.016128871589899063,0.801800549030304,0.10193761438131332
Correct 0.00030778517248108983,0.9615260362625122,0.0019758930429816246,0.0071154688484966755
Wrong 0.015715455636382103,0.04407510906457901,0.8852708339691162,0.00016921153292059898
Correct 0.9662873148918152,0.00011202431778656319,0.000686231825966388,0.0012426060857251287
Correct 0.0003179440973326564,0.03243117406964302,0.9477770328521729,0.005462300963699818
Correct 0.0006353158387355506,0.8945911526679993,0.06480386853218079,0.0014317051973193884
Correct 0.9266559481620789,1.1501324479468167e-05,0.0006478839786723256
Correct 0.8983248472213745,0.0012297133216634393,0.005258813034743071,0.014748719520866871
Correct 0.7190044522285461,0.0019574000034481287,0.007503477856516838,0.002288432791829109
Correct 0.8835760951042175,0.000298731290968135,0.001963249873369932,0.03023429587483406
Correct 9.309998858952895e-05,0.0002611052477732301,0.004850312136113644,0.9536467790603638
Correct 0.00013028141984250396,0.0002958961413241923,0.002327402587980032,0.9687468409538269
Correct 0.6651593446731567,0.001674728118814528,0.0039551774971187115,0.2334928661584854
Correct 0.442788302898407,0.02701023407280445,0.14601589739322662,0.11732719093561172
Correct 0.017131851986050606,0.0026272519025951624,0.001147761009633541,0.9208650588989258
Correct 0.1448877453804016,0.7832553386688232,0.00856627244502306,0.004444126971065998
Correct 4.157960574957542e-05,1.6030360711738467e-05,0.9980380535125732,5.81803142267745e-05
Correct 0.0004907494876533747,0.0007029655389487743,0.8872948884963989,0.09955178201198578
Correct 0.0222882479429245,0.2081865817308426,0.7042847871780396,0.0004589776217471808
Wrong 0.011267884634435177,0.23718267679214478,0.1372707039117813,0.43624579906463623
Correct 0.0015315699856728315,0.8990101218223572,0.04270929843187332,0.00037532701389864087
Correct 0.002194002503529191,0.0011205854825675488,0.0010203042766079307,0.95704585313797
Wrong 0.2237749993801117,0.011859619058668613,0.7452825307846069,0.006447967607527971
Correct 7.619515963597223e-05,2.1324576664483175e-05,0.9866271018981934,3.952952101826668e-05
Correct 0.0005063951248303056,8.938401151681319e-05,0.9899813532829285,0.0005224696360528469
Correct 0.00014138522965367883,1.5018761587271001e-05,0.9953625202178955,3.2295414712280035e-05
Correct 0.0027265134267508984,0.8174167275428772,0.053914401680231094,0.0010188232408836484
Correct 0.8731895089149475,5.0902279326692224e-05,0.001419460866600275,0.00011471006291685626
Correct 7.248245674418285e-05,0.042546119540929794,0.0018987826770171523,0.8955729007720947
Correct 0.8522544503211975,0.00037875515408813953,0.010398215614259243,0.002798643196001649
Correct 0.00020477311045397073,5.177469938644208e-05,0.2044648379087448,0.7479017972946167
Correct 0.0005390719743445516,0.0004908301634714007,0.005530163180083036,0.8736832737922668
Correct 0.0008747794781811535,0.00024102683528326452,0.07998508960008621,0.8599212169647217
Correct 0.822675883769989,0.00045500884880311787,0.040323566645383835,0.011919635348021984
Correct 7.303970050998032e-05,6.445727922255173e-05,0.9834428429603577,0.002219562418758869
Correct 0.0026931657921522856,0.0025698337703943253,0.0005471489857882261,0.9739317893981934
Correct 0.0005138861597515643,0.497326523065567,0.4253855049610138,0.014330233447253704
Correct 0.0005304778460413218,3.3386539143975824e-05,0.9895715713500977,6.958354060770944e-05
Correct 0.001821475219912827,0.8326781988143921,0.09944909065961838,0.00020277337171137333
Correct 0.0001201379272970371,0.9435367584228516,0.0045081390999257565,0.0027773850597441196
Correct 0.9190554618835449,0.000603638996835798,0.004747986327856779,0.000175668959855102
Wrong 0.14871276915073395,0.0008842772804200649,0.022452231496572495,0.6664839386940002
Wrong 0.0033932237420231104,0.003967077471315861,0.9118987321853638,0.01750357262790203
Correct 0.00014251218817662448,3.332482083351351e-05,0.9877423644065857,6.034346006345004e-05
Correct 0.0024510452058166265,0.0008470577304251492,0.16396255791187286,0.7822222709655762
Correct 0.0005938576068729162,8.622412133263424e-05,0.05602269619703293,0.904161274433136
Correct 2.5073122742469423e-05,0.00018097498104907572,0.9922527074813843,0.0007619329844601452
Correct 0.8306073546409607,0.0005205635097809136,0.0029491926543414593,0.06016898527741432
Correct 9.377012611366808e-05,1.3614816452900413e-05,0.9910010695457458,4.2931085772579536e-05
Correct 0.001205485314130783,0.37287983298301697,0.11195874214172363,0.4359408915042877
Correct 0.00017209498037118465,0.00011827901471406221,0.9888481497764587,0.00011111285130027682
Correct 0.00014839376672171056,9.052074346982408e-06,0.9968630075454712,1.5159370377659798e-05
Correct 0.0023727950174361467,0.0003472163516562432,0.9876383543014526,0.0019065941451117396
Correct 0.0002569696225691587,0.0003567668318282813,0.0015020438004285097,0.9385414719581604
Correct 0.0011781888315454125,0.0002508504258003086,0.0019123846432194114,0.9752818942070007
Correct 0.9199280738830566,0.0007519542123191059,0.05354619398713112,2.398342803644482e-05
Correct 0.9803112149238586,4.55614754173439e-05,0.0035355528816580772,0.003480740590021014
Correct 0.0010914817685261369,5.3499148634728044e-05,0.9769251346588135,4.199197064735927e-05
Wrong 0.16861827671527863,0.0003519597230479121,0.597802996635437,0.11771446466445923
Correct 8.817820344120264e-05,0.00012829843035433441,0.008062537759542465,0.9766260981559753
Correct 0.00010165539424633607,0.00010821156320162117,0.9935980439186096,0.00013894641597289592
Correct 0.48920461535453796,0.0049482304602861404,0.08369287848472595,0.2421736866235733
Correct 0.5938628911972046,0.00019158676150254905,0.004751794971525669,0.014636573381721973
Correct 0.001962454989552498,6.508544902317226e-05,2.4320648662978783e-05,0.9401793479919434
Correct 0.9128643870353699,0.00011090978659922257,0.0030928298365324736,0.0033441483974456787
Correct 3.210927752661519e-05,4.3888165237149224e-05,0.9973871111869812,2.789700920402538e-05
Wrong 0.013482081703841686,0.10440072417259216,0.8472407460212708,0.009863697923719883
Wrong 0.024165937677025795,0.001078496570698917,0.7286490797996521,0.16774480044841766
Correct 3.6780380469281226e-05,0.0001477597834309563,0.00449018832296133,0.984880268573761
Wrong 0.0029700216837227345,0.052644845098257065,0.6827079653739929,0.18089985847473145
Correct 0.00018933808314613998,0.9161261916160583,0.0031527576502412558,0.0033560958690941334
Correct 0.000297632155707106,0.0026116373483091593,8.395087934331968e-05,0.9011998176574707
Correct 0.0012235166504979134,0.5421156883239746,0.4028657078742981,0.0027144895866513252
Wrong 0.011771116405725479,0.0021436766255646944,0.9205961227416992,0.039203789085149765
Correct 0.8113144040107727,0.00029891548911109567,0.005910791922360659,0.011755022220313549
Correct 4.096068732906133e-05,1.4491322872345336e-05,0.9908934235572815,8.536939276382327e-05
Correct 0.00882426556199789,0.0010214810026809573,0.0327860452234745,0.9286704063415527
Wrong 0.3802882134914398,0.001761081744916737,0.04910952225327492,0.49598899483680725
Wrong 0.018986843526363373,0.0036807646974921227,0.0037387271877378225,0.9006535410881042
Correct 0.00016994707402773201,0.0006216401816345751,0.006683260202407837,0.9765064120292664
Correct 0.00297350506298244,0.7991042137145996,0.1048194095492363,0.0011827769922092557
Wrong 0.012982114218175411,8.281751797767356e-05,0.8417192697525024,0.13740700483322144
Correct 0.0001967640855582431,8.202345634344965e-05,0.9822781682014465,0.000106978761323262
Correct 0.015384222380816936,0.0017260597087442875,0.10350201278924942,0.8531766533851624
Correct 6.410810601664707e-05,0.9333248734474182,0.003755144774913788,0.0025808727368712425
Correct 2.4095161279547028e-05,0.00033003470161929727,0.001676053972914815,0.9838194847106934
Correct 0.00040401643491350114,0.00010215124348178506,0.0006160503253340721,0.9527228474617004
Correct 7.438519969582558e-05,7.042647484922782e-05,0.9860316514968872,0.0001161136242444627
Correct 0.0006806048331782222,0.00018034222011920065,0.9887834787368774,0.00021753422333858907
Correct 0.4162564277648926,0.004770972300320864,0.21260260045528412,0.2263146936893463
Correct 5.367859557736665e-05,5.581690857070498e-05,0.9956377744674683,4.520190486800857e-05
Correct 0.0006475880509242415,0.0001161060354206711,0.0010676911333575845,0.9859678149223328
Wrong 0.11358603835105896,0.1413598209619522,0.08440973609685898,0.44227635860443115
Correct 9.097559814108536e-05,4.297382110962644e-05,0.9919876456260681,0.00011500393156893551
Wrong 0.00518443901091814,0.004575246945023537,0.11436676234006882,0.8319612741470337
Correct 0.00018464052118360996,0.951015293598175,0.0009826807072386146,0.0027132707182317972
Correct 8.721932681510225e-05,0.9510301947593689,0.0038263818714767694,0.0013223631540313363
Correct 0.002663940656930208,0.9337243437767029,0.00140379520598799,0.0002679192693904042
Correct 0.014259455725550652,0.003083823248744011,0.9390972256660461,0.00013132499589119107
Correct 0.006186468992382288,0.8230274319648743,0.07775890082120895,0.011028568260371685
Correct 0.0005780321662314236,0.0009987492812797427,0.01914176717400551,0.9368266463279724
Wrong 0.007834257557988167,0.010876777581870556,0.5323251485824585,0.401820570230484
Wrong 0.02281307429075241,0.6361656785011292,0.16338013112545013,0.07839090377092361
Correct 7.283292507054284e-05,0.00033941713627427816,0.005740804132074118,0.9806589484214783
Correct 0.9385715126991272,0.00019096952746622264,0.002762768417596817,0.0015257467748597264
Correct 0.0002884100831579417,0.0047280010767281055,0.007674300577491522,0.929598331451416
Wrong 7.822758198017254e-05,0.0065636965446174145,0.9741382598876953,0.011341053992509842
Wrong 0.27341294288635254,0.0005662583862431347,0.6662114858627319,0.0017578789265826344
Correct 3.196716352249496e-05,1.0541647498030216e-05,0.9929727911949158,0.0004771514795720577
Correct 0.8617933392524719,0.0002758605405688286,0.0009628475527279079,0.0031081116758286953
Correct 0.00010640466643963009,2.2832537069916725e-05,0.992392361164093,0.00010640464461175725
Correct 0.004636111669242382,0.00035195547388866544,0.000589414150454104,0.9404650330543518
Correct 0.951616644859314,7.012588321231306e-05,0.0016467218520119786,0.0021815532818436623
Correct 0.0003287769795861095,0.9648761749267578,0.0015685056569054723,0.0021776563953608274
Correct 0.000320370658300817,0.0014813781017437577,0.12332801520824432,0.00010731067595770583,0.8560662269592285
Correct 0.9244819283485413,0.00018518653814680874,0.002477767411619425,0.00022689531033392996
Correct 0.9195975065231323,0.0002808836579788476,0.0014717248268425465,0.02231336385011673
Wrong 0.0007098238565959036,0.45760807394981384,0.4795677959918976
Correct 9.727589713293128e-06,4.258612170815468e-05,0.9907479882240295,0.00024698826018720865
Correct 0.00044765789061784744,0.8482279181480408,0.0894024595618248,0.005539470352232456
Correct 0.008410041220486164,0.0012697253841906786,0.05570390447974205,0.8713562488555908
Correct 2.8997717890888453e-05,0.9739277362823486,0.006770573556423187,0.0008474370697513223
Correct 2.416509232716635e-05,2.5523417207296006e-05,0.9866749048233032,1.4542800272465684e-05
Correct 9.22579929465428e-05,0.8604528307914734,0.018715137615799904,0.061364609748125076
