grade confidence_levels
Correct 2.4777629600847284e-11,1.623429255609432e-12,7.469135553106465e-12,0.9999971985816956
Correct 6.942926944475403e-08,0.8036367893218994,2.135739487130195e-05,3.37325225530094e-08
Correct 0.9999539256095886,3.2341872235885916e-12,4.5930707154306916e-12,1.6669346458719758e-11
Correct 4.495266381354668e-10,3.684941241033357e-11,3.970710427125823e-09,0.999176561832428
Correct 1.8049941541420367e-09,8.013690405705987e-12,1.0757335300315418e-10,0.999954342842102
Correct 5.998221297431883e-08,0.9639068841934204,2.6015943177526424e-08,8.804288853525577e-09
Correct 0.0016067568212747574,1.4351546617774602e-08,0.01713799685239792,0.9806137084960938
Correct 1.85892509718677e-10,2.792031363052505e-12,0.9999900460243225,5.09204588217127e-11
Correct 3.419710348229188e-10,6.3117306520199534e-12,0.9997850656509399,2.4588489577759276e-10
Wrong 1.6769894273238606e-06,0.9763291478157043,2.9442491111808522e-08,2.146664535018772e-08
Wrong 0.9999964237213135,1.2870965578060112e-11,9.243374815559591e-11,9.915390036807636e-11
Wrong 4.1578157583543884e-10,1.3684589052209706e-11,7.209843139177607e-11,0.9998893737792969
Correct 0.999995231628418,4.885620241701361e-10,1.1588955489694186e-10,1.2358126744160813e-09
Wrong 0.9999675750732422,8.952010140117483e-12,1.0595288202353004e-08,1.4229668832133058e-10
Correct 8.29823362802351e-11,5.247350731013567e-12,0.999999463558197,3.4450373109784493e-10
Wrong 1.1972643676472217e-07,0.995969831943512,7.307793037369947e-09,5.918280976402457e-09
Correct 5.989237578107875e-11,2.2269954977338635e-12,1.0590654048181491e-10,0.9999951720237732
Correct 3.424267447371676e-08,0.8058449625968933,8.849372790109555e-09,6.564700782973887e-09
Wrong 0.9999845027923584,2.989636316286237e-10,6.10738437600844e-09,2.326909775973718e-09
Correct 1.6361257237917926e-08,1.5667394048790584e-09,0.9971112012863159,1.954189201569534e-07
Correct 0.9997254610061646,1.5711668077678098e-11,2.6169420797028664e-11,4.222003099130234e-06
Correct 3.213496690968043e-10,1.67272706103061e-11,7.999614859421911e-11,0.9997990131378174
Correct 2.281247191149305e-09,3.7907222499855564e-11,0.9992424249649048,8.425116715393699e-10
Correct 5.974617579340702e-06,0.21291030943393707,0.15481005609035492,2.144222293054554e-07
Wrong 5.6118882639566436e-05,0.7677645683288574,0.23042981326580048,0.000524150556884706
Correct 0.9987804889678955,1.6802566282780873e-11,1.587571046846037e-11,3.787549440747995e-11
Correct 4.1241657311452684e-10,2.0953138529788973e-11,0.9999324083328247,2.662741693804094e-10
Correct 0.999890148639679,8.796387923615256e-11,8.41853392552494e-11,2.428927059483499e-10
Correct 1.1479588390983508e-09,1.2153503203826688e-10,0.9999589323997498,1.855978037923478e-09
Correct 9.932440292459432e-08,9.561246239186971e-11,0.9999285936355591,6.825923715148008e-10
Wrong 5.8072009778697975e-06,0.00029096557409502566,7.737333362456411e-05,0.0001625157310627401
Correct 3.347599204062135e-06,0.0040567475371062756,2.579505675726068e-08,1.8059244766277516e-08
Wrong 2.288882638978862e-09,1.7345309910599127e-10,3.243025292753998e-10,0.9985969662666321
Wrong 0.6313397884368896,3.775286927520938e-07,0.15232129395008087,5.3978266805643216e-05
Wrong 0.9978254437446594,2.099503490171628e-06,9.117013632931048e-07,5.326307928044116e-08
Correct 0.9999603629112244,3.0777208039067805e-12,3.557463134837291e-12,1.1035409565318677e-11
Correct 0.9999926090240479,1.8411374855253904e-12,2.4093901786897964e-12,9.065295389354411e-12
Wrong 0.9084656238555908,6.190306976350257e-06,4.548179610708303e-09,1.0215124746082438e-08
Correct 0.9999992847442627,1.3275101504173215e-12,1.6142283907130683e-12,5.065827965444747e-12
Wrong 0.9999990463256836,3.925578612173908e-12,4.0874560680581595e-12,1.349375472470271e-10
Wrong 0.9999898076057434,2.3376370283934023e-11,2.0895885716187834e-11,5.401540326133158e-10
Wrong 0.41161590814590454,4.221612471155822e-06,6.092538917812362e-09,1.8908590249111512e-08
Wrong 2.3270399651664775e-07,0.8558586835861206,4.6274956844172266e-07,4.338710368756438e-08
Correct 0.011859596706926823,1.710128927356891e-09,3.979264207032429e-08,0.9872825741767883
Correct 5.074811126881684e-10,2.566757570376943e-11,1.1907817787371044e-10,0.9997065663337708
Correct 7.525518697093503e-08,0.8948175311088562,2.88581625262907e-09,3.0108089354996537e-09
Wrong 8.108703696052544e-06,8.500944659317611e-07,0.7773630023002625,6.254110473946639e-08
Wrong 0.9949799180030823,4.756031679598038e-10,9.478985374400395e-10,0.00044566052383743227
Wrong 1.511667768738789e-08,5.221041377012625e-10,6.948429387421129e-09,0.9999350309371948
Correct 2.444568565351801e-07,0.9492492079734802,3.2101410418761134e-09,6.3835563501868364e-09
Wrong 9.81106950348476e-06,9.307861182605848e-05,1.2824260693378164e-06,1.0398736094430205e-06
Correct 1.277921379827518e-10,9.242290092970062e-12,0.9999032020568848,1.0168948322286653e-10
Correct 3.1763196517431425e-08,0.997694730758667,1.8080097419215235e-08,7.08191505438549e-09
Correct 7.948660063483715e-10,9.791539974657315e-12,0.999992847442627,1.637150748301508e-09
Correct 2.473225235721799e-10,1.3045320899907065e-11,4.477908668865105e-11,0.9999957084655762
Correct 6.720301537477269e-10,3.405450227367268e-11,0.99974524974823,8.494104308809369e-10
Correct 0.999314546585083,1.745706530720259e-11,1.156316882522379e-11,4.190918445612368e-11
Correct 0.0007659788825549185,0.23593652248382568,8.799069206588683e-08,2.533638721047282e-08
Correct 3.407713222713937e-08,0.84993976354599,4.215896467485436e-07,1.085280221246876e-08
Wrong 2.599036270112265e-05,7.492607423387199e-09,0.00037291558692231774,0.8861715197563171
Correct 0.9934033751487732,1.2391299791802979e-11,2.2918691250373158e-11,2.866201026519022e-11
Wrong 0.00032674314570613205,0.00101134879514575,0.008212297223508358,1.0458776387167745e-06
Wrong 0.9999892711639404,6.105144167989351e-11,9.376163040419883e-11,9.331286854319387e-10
Wrong 0.9990132451057434,2.1426199356411324e-11,2.5307460987944452e-11,7.873360990950928e-11
Correct 1.0205430944765226e-09,4.098103800753705e-11,2.0731578953547825e-10,0.9998566508293152
Wrong 0.9058911800384521,6.2418698689725716e-06,8.985860233678977e-08,7.940531787653526e-09
Correct 1.3419045874485391e-09,2.099890483719946e-09,0.9999414682388306,5.223742771676143e-09
Correct 0.8158736228942871,3.823117822321365e-09,2.332033588459126e-08,5.977463501949387e-08
Correct 4.372726625234691e-10,6.91080612874595e-12,3.711684778973101e-11,0.9999920129776001
Correct 1.580531039380162e-09,2.0181781593131554e-11,0.9999989867210388,2.550640232357182e-08
Wrong 0.9999128580093384,4.4304608592948824e-11,3.632614777870913e-07,3.527456660101791e-10
Correct 0.0017559104599058628,2.701913399505429e-05,0.10611370950937271,5.020003186473332e-07
Wrong 0.9999867677688599,3.800535164355523e-10,3.712272433897823e-10,2.0535804168275718e-09
Correct 0.9988637566566467,1.5156258192927652e-11,1.79255221777197e-11,3.609278501071067e-11
Correct 0.16725482046604156,2.6692953269957798e-06,2.431231678201584e-06,0.008863790892064571
Correct 3.976655804649454e-08,3.2946231853792085e-10,2.8140163532697215e-09,0.9986296892166138
Correct 0.9999992847442627,1.8588624563220524e-12,1.144150746368311e-12,5.550139774851415e-12
Correct 3.318785957162618e-08,0.9749455451965332,3.68885699764121e-09,2.8626232495554405e-09
Wrong 0.9998734593391418,8.850319090925041e-07,2.002499677189462e-08,2.2737070004552606e-09
Correct 0.000636183365713805,5.562626470556609e-10,2.184376901581686e-09,0.9993472099304199
Correct 6.024657068337547e-06,0.6918388605117798,4.38199577956766e-07,3.468318254817859e-08
Correct 6.896322446436898e-08,4.0608263973673786e-10,0.0618448331952095,0.9376319646835327
Correct 5.322254192918763e-09,0.9993816018104553,1.044981434716874e-09,1.3895221639970146e-09
Wrong 0.0003089006640948355,0.0407363697886467,1.7134796053142054e-06,8.481970326101873e-07
Wrong 6.067630664574608e-08,6.150946418870262e-09,0.9948248267173767,2.1669086436304497e-07
Wrong 1.16269660566104e-07,0.6437411308288574,1.9318208899221645e-07,8.98784904279637e-08
Correct 3.8446956729387693e-10,1.1622522388954337e-11,9.060611289024578e-11,0.9999383091926575
Correct 0.9999938011169434,4.473981515124015e-12,2.8882816277553403e-12,8.596890560541581e-12
Correct 0.9999831318855286,3.8159597010034574e-11,2.8909329791160232e-11,1.3949617017061655e-09
Correct 4.359735239489737e-09,0.9989599585533142,8.588112998531017e-10,1.072896660403444e-09
Correct 3.4054911668413013e-10,1.1126285656692936e-11,0.9999985098838806,4.511019335851074e-10
Wrong 0.9980311989784241,8.280746921496274e-11,2.3714397112684082e-09,5.268814273762246e-10
Correct 0.9999820590019226,9.958135878396224e-12,5.9236842861465355e-12,3.314336652349148e-11
Correct 5.749644649277741e-10,1.5748785955893574e-11,2.443679425478962e-10,0.9999621510505676
Correct 6.564173649081795e-10,2.2355423068276536e-11,0.9999980330467224,7.042563199277652e-10
Correct 9.661420552475875e-10,1.5865992547547947e-11,6.784308531626593e-11,0.9999832510948181
Wrong 1.382125418558644e-07,3.174489648927192e-08,0.9969655871391296,1.0487394952463092e-08
Correct 2.063362991577833e-08,0.9870612025260925,2.251278941045598e-09,2.116678832209118e-09
Wrong 8.013684293928236e-08,1.4266892556236144e-08,0.05155970901250839,0.9428810477256775
Correct 8.707767847226933e-06,0.0004719898570328951,0.9581349492073059,1.688929501142411e-06
Correct 2.7048444040111974e-10,2.1197366778524795e-11,0.9999977350234985,3.8141434455241097e-10
Correct 2.2805515698109957e-07,2.441525315255433e-10,0.9990137815475464,3.2432752039568413e-09
Correct 4.985156731862617e-09,6.859880441467681e-10,0.9999805688858032,8.581796606677017e-09
Correct 2.64500377156196e-09,4.104297457452333e-11,4.798368369307582e-10,0.9992741942405701
Correct 1.072666862000915e-07,0.9995561838150024,1.6290431226195778e-09,7.422543690793759e-10
Correct 0.999337375164032,3.694108213769809e-11,7.330860224419311e-11,2.1787235904291435e-10
Correct 0.9998253583908081,1.8995037487368194e-10,6.853270173579062e-10,6.002398023063904e-10
Wrong 0.9999925494194031,7.050357259813511e-12,8.790111000189782e-12,4.861759606011873e-11
Correct 9.6637886581874e-10,7.418122366376068e-11,1.3678460586419305e-09,0.9999862313270569
Correct 4.984823931408755e-07,0.21240703761577606,5.603071713267127e-07,8.576346317568095e-07
Wrong 5.563779836847971e-08,0.0006578888860531151,4.329276492853751e-09,0.0010558817302808166
Correct 2.145796429431357e-08,0.9912751317024231,5.405635494781791e-09,3.879065957335115e-09
Correct 1.168079521995935e-10,4.765661823502576e-12,3.386566027607785e-11,0.9999911785125732
Correct 2.067704230057643e-08,7.299794102522128e-11,2.6394335606028108e-09,0.9968097805976868
Correct 3.146086413607918e-08,0.9988192915916443,1.2398467807983593e-09,2.2655001430393895e-08
Correct 9.283465551845893e-09,1.3175964852507605e-07,1.1513066944246475e-08,0.9997209310531616
Correct 1.1658259913005509e-09,1.891360679184828e-10,0.9999873638153076,3.74763464705552e-09
Correct 0.9998544454574585,8.277335414308418e-12,8.189825553839292e-12,1.9492326155945428e-11
Correct 2.5683326043690613e-07,0.46821895241737366,3.147576066453439e-08,3.5463589398432305e-08
Correct 0.9994843006134033,1.274782970156485e-11,1.8963396825055767e-11,6.210490455238471e-11
Correct 0.9999755024909973,5.5019998973504514e-11,2.2915811609403036e-11,1.9298591891203642e-10
Correct 0.9999930262565613,5.794039727169409e-12,3.730480334362962e-12,1.987341194387149e-11
Correct 1.9333118439490704e-10,2.589237635061692e-12,1.9080428209639066e-11,0.9999920725822449
Correct 2.1646756609428053e-10,3.4263570713316538e-12,2.0655057525464926e-11,0.9999885559082031
Correct 2.7704974314701758e-08,3.110598445488222e-10,0.9998584389686584,2.43018227763514e-09
Correct 1.4195393305271864e-07,0.33368951082229614,0.6215502023696899,5.303134457790293e-06
Correct 2.890142569711429e-10,1.3072893462195978e-11,5.998577329302535e-11,0.9999934434890747
Correct 1.537923233208005e-09,2.7766474883228476e-11,1.672388616480447e-10,0.9999968409538269
Wrong 2.525001036701724e-06,5.960652060821303e-08,0.9253584146499634,1.1493538920603896e-07
Correct 5.582977635754105e-09,0.9965800642967224,9.5607921579699e-10,7.119836942237612e-10
Wrong 0.9999663233757019,1.302436214434266e-10,1.179772252113409e-10,5.530496616223957e-10
Correct 0.9999978542327881,1.9399347579718285e-12,7.052335603517645e-13,4.626715243566393e-12
Correct 4.822482324584598e-08,0.7682379484176636,2.5976193640531164e-08,1.0517423376654733e-08
Correct 1.0156314678155809e-09,3.250107474817021e-11,2.1385387904970798e-10,0.9975349307060242
Correct 2.077745531181563e-09,3.8621550402240246e-11,0.9999972581863403,8.363151282608783e-10
Correct 0.0016887746751308441,1.1645939324012033e-08,0.013384840451180935,4.520479635061747e-08
Wrong 9.131764677761112e-09,1.2366228874238772e-10,2.2907875596445137e-09,0.9996410608291626
Correct 0.3466011583805084,3.61630725365103e-08,6.508048500108998e-08,0.6475228667259216
Correct 5.114963452790278e-10,8.312214805350493e-11,7.675684532415517e-10,0.9998835325241089
Correct 3.1906680075799443e-10,1.0786644147331437e-11,3.433246464901174e-10,0.9999956488609314
Correct 9.625080732433844e-10,3.4937580606353436e-11,4.877153125804057e-10,0.9999683499336243
Correct 4.69074112885437e-10,6.0931702391964215e-12,8.057533806837824e-11,0.9999823570251465
Correct 4.3077620830445085e-06,8.517894833914852e-09,5.205591264711984e-07,0.8320589661598206
Correct 0.9999871253967285,3.562332069953489e-12,7.016129344172839e-11,1.2386013850118616e-06
Correct 5.83327981473758e-08,0.8543959259986877,5.449851681049722e-09,4.020095367707199e-09
Correct 0.9999963641166687,8.001739028318244e-12,5.553715473616272e-12,6.082596926137995e-11
Correct 9.236662299372256e-05,1.7001706986707887e-10,0.9992526173591614,2.066546267442959e-09
Correct 0.9999784231185913,1.0047890471043264e-11,1.492755224985487e-11,1.2781389835403445e-10
Correct 1.9670815731842595e-07,0.8910218477249146,0.0014376514591276646,3.7345921555242967e-07
Wrong 0.030893729999661446,2.3461184994744144e-08,1.3679714072623028e-07,9.077353979591862e-08
Correct 1.2936087756543202e-08,0.9967247247695923,1.303294627774676e-08,3.401396275748425e-09
Correct 3.655061675544857e-08,0.9813143610954285,9.169752068771686e-09,7.752907649205554e-09
Wrong 0.9999954700469971,3.264447306222662e-12,2.8045385024738634e-12,6.058502310946068e-11
Wrong 4.579248269465097e-08,2.2189304560438217e-10,0.9988961815834045,1.50712009538978e-09
Correct 0.2635352909564972,0.6532779932022095,1.2923342183057684e-06,1.026185259433987e-06
Wrong 1.7748213849699823e-06,0.7454217076301575,1.6665532598381105e-07,3.798376724262198e-07
Correct 1.517268977124786e-08,0.9997755289077759,3.0460871602855377e-09,9.045565962928492e-10
Correct 4.0717833371672896e-07,0.33396852016448975,2.3118671776956035e-07,5.2159393248985e-08
Correct 1.624484102791257e-09,1.8129291470825315e-11,0.9999990463256836,1.143047878571224e-09
Correct 0.48580697178840637,2.4798301190287475e-09,0.5012302994728088,9.126390310143506e-09
Correct 2.6113802675808984e-08,1.0573037584338252e-10,6.771876392974718e-10,0.9998818039894104
Correct 3.9281258068513125e-07,0.9553865790367126,5.5256914599510765e-09,1.4616327703720344e-08
Correct 1.7714932298851238e-10,1.1492790226441674e-11,0.9998698234558105,1.7230614157703883e-10
Correct 0.03655299171805382,0.4379477798938751,2.3187521946965717e-07,9.477243168021232e-08
Correct 3.1754043838816415e-10,1.170562258234753e-11,7.400613455388338e-11,0.9998182058334351
Wrong 0.0001093816536013037,0.5879527926445007,1.3322036238605506e-06,0.126614511013031
Correct 0.997430145740509,5.9369835270217663e-08,1.4782411406066842e-10,5.7685325266509935e-11
Correct 1.167891339193261e-10,8.09749316210695e-12,0.9999926090240479,2.570728907524966e-10
Correct 4.230315209241553e-09,1.839924601565457e-10,0.9999604225158691,2.7424997828262576e-09
Correct 3.770863621355147e-10,1.4154137063793204e-11,1.1700798663305534e-10,0.999890923500061
Correct 1.7490197024017107e-07,0.03135592117905617,6.899342430699562e-09,9.918465160296819e-09
Correct 0.9991844892501831,4.3154372436626787e-11,7.973990912013562e-11,1.7710151400951446e-10
Correct 3.1874078376681325e-10,1.7723421688597973e-11,3.5416350407935226e-11,0.9999732375144958
Correct 1.147547945556937e-09,1.5462147118228131e-09,3.052637609357589e-08,0.9999524354934692
Correct 6.284656706156966e-08,0.2728424668312073,3.73788910934536e-09,2.7189570594998713e-09
Wrong 0.9999985694885254,1.813623917712448e-09,4.4060011195057314e-10,1.3834201145757064e-11
Wrong 3.0000228967708154e-09,9.525684407929447e-11,2.560991696487491e-10,0.9999829530715942
Correct 5.913834977278043e-10,1.153616004806457e-11,2.456198300304635e-10,0.9993762373924255
Wrong 5.7382232299119096e-09,2.6042540412163362e-05,0.9998852014541626,1.8777407603920437e-05
Correct 2.877244043020255e-08,0.9886046648025513,2.252243946898602e-09,1.2621367284637586e-09
Correct 0.9999282360076904,1.8889190558923907e-11,1.38070293045911e-11,1.8868026585572295e-10
Correct 0.9999622106552124,7.903952665977432e-12,6.6720864944080915e-12,2.954055750015172e-11
Correct 2.828610679017629e-09,0.999945342540741,5.976883432623481e-10,3.7120354012820655e-10
Correct 6.787720163714539e-09,1.4985457319482975e-10,0.9999539256095886,7.1403127854807735e-09
Correct 6.149085862716674e-08,0.9410651922225952,9.94630156014864e-09,1.1829341950431171e-08
Wrong 0.00017519450921099633,5.097438560142109e-08,7.402700248348992e-06,0.7716876268386841
Correct 0.9999964833259583,3.7800085977979236e-11,2.5368889280952267e-11,3.617619315221532e-09
Wrong 3.458922219579108e-05,1.4782181700923047e-08,0.6411404609680176,0.06348274648189545
Correct 6.012018275214359e-05,3.827902578246167e-11,0.9995737075805664,1.8849827254641127e-10
Wrong 1.4819629079454444e-08,0.9991476535797119,1.9353130209509573e-09,1.2527069381818023e-09
Wrong 0.9954319000244141,1.3662664777314149e-08,7.86564768873177e-09,1.0383255366619437e-09
Correct 1.4141807169743004e-10,7.894669293295742e-12,0.9999977946281433,3.332714770820644e-09
Correct 0.9999686479568481,7.685574399118877e-11,4.229853273196582e-11,6.004081121169236e-10
Correct 8.298008680185376e-08,2.257661835258773e-10,1.6242907019403674e-09,0.9998473525047302
Correct 4.416910570625987e-08,0.9964008331298828,7.590422512748773e-09,3.5888105820447436e-09
Wrong 0.9051645398139954,1.404248628489313e-08,0.0003361447888892144,9.06548436319099e-08
Correct 9.310681889473926e-06,1.5157867849779905e-08,0.9936795234680176,6.486376378234127e-07
Correct 2.17738982399851e-09,4.236000786250749e-11,1.149606451700258e-10,0.9999563694000244
Wrong 0.9999723434448242,1.8780485847025297e-11,2.3919416794471182e-11,1.0149931589653605e-10
Correct 0.9918350577354431,7.377803923347415e-10,9.582483251335816e-09,8.956488454714417e-05
Correct 1.675663635625213e-10,1.206041082973952e-11,0.9995680451393127,3.9591818712381155e-09
Correct 1.929300941228007e-09,2.371052909566629e-09,0.9999932646751404,2.5864288488719467e-09
Wrong 3.171234368437581e-07,1.6629403489787364e-06,0.006509856320917606,0.9661528468132019
Correct 0.9999994039535522,2.909870044573437e-12,4.149377022533152e-12,1.982354558283106e-11
Correct 1.6557651179027744e-05,0.05707000195980072,7.979217002684891e-07,6.263730938371737e-07
Correct 0.9999885559082031,7.533930423964108e-11,5.838558525539383e-10,5.815891657157124e-10
Correct 4.2726655546942993e-10,3.612565108168653e-11,0.9998457431793213,7.014929193083219e-10
Correct 2.066275754941671e-07,0.44315803050994873,1.6132016611436484e-08,6.054162948743169e-09
Correct 1.1444997198850615e-06,1.138624194929605e-09,0.9988918900489807,1.1491107620997809e-08
Correct 0.15153029561042786,1.6593206808579453e-08,4.973695899579411e-10,1.6756837584175344e-10
Correct 1.3921325203725132e-10,2.325440404474244e-12,2.5007321213799116e-10,0.9999975562095642
Correct 0.9997628331184387,1.3723211803040591e-11,1.9622414804132404e-11,2.5380936935492926e-11
Correct 1.0950830242606457e-09,3.045295265957648e-11,7.468010237987599e-11,0.9999305605888367
Wrong 0.9932773113250732,1.1685710177289366e-09,1.5248727835981413e-09,1.3946081622862039e-08
Wrong 0.9832935333251953,4.313859047755386e-09,9.695890756944436e-10,7.830387005469674e-09
Correct 9.679936713302695e-11,5.708236834600644e-12,1.0,2.6517710249862603e-10
Correct 4.581199775088862e-08,1.1726386084376372e-08,6.6684904709291e-08,0.9839540719985962
Correct 1.034765773511026e-06,0.9671217203140259,3.466578561983624e-07,1.7771965588053718e-07
Correct 0.14725661277770996,0.8229030966758728,2.5595143142709276e-06,1.1668523711705348e-06
Wrong 3.2006104447646067e-05,3.9572882087668404e-05,0.0039682406932115555,0.20197755098342896
Correct 2.865940041374415e-05,0.022070588544011116,2.028133621934103e-06,7.790668519191968e-07
Wrong 1.662792792345158e-09,2.4428006492605014e-11,0.9995090365409851,6.359795179378125e-08
Correct 2.4337393211837366e-10,6.212532224769696e-12,2.6519716977979613e-11,0.999966025352478
Correct 5.975692829451873e-08,0.025624873116612434,1.309146924199922e-08,3.048003183181436e-09
Correct 5.4235140822811445e-09,0.9983556866645813,9.187168803492796e-10,9.916595322678745e-10
Correct 9.389623106814682e-11,6.5661768557101485e-12,4.281231966163368e-11,0.9999876618385315
Wrong 1.0160965402405964e-09,2.952571173664431e-11,1.1054584331260386e-10,0.9994296431541443
Correct 3.555536143284854e-10,3.709273339869146e-12,2.868261531063787e-11,0.9999904632568359
Correct 4.6099226658213865e-09,2.22141749439686e-11,1.1609481431751334e-10,0.9998522400856018
Correct 0.9999955296516418,8.270817190847435e-12,1.0682558136687614e-11,4.793932265045875e-11
Correct 0.9999954700469971,2.582810484583198e-12,2.86334866407556e-12,9.833120429014741e-12
Correct 6.045783873531718e-10,2.4889019664686707e-11,1.7594108114860063e-10,0.9999988079071045
Correct 0.9999955892562866,6.27250768686638e-12,4.411946068899608e-12,3.6112786372388683e-11
Correct 4.5157808159501656e-08,0.679834246635437,3.5100757855843767e-09,4.021503130502424e-09
Wrong 2.0451540461152717e-09,2.5808704132157523e-11,0.9955615997314453,1.6719720719038378e-08
Wrong 1.001036809000766e-09,5.4260054782595546e-11,0.9999947547912598,9.778694520790054e-10
Correct 1.344928879376539e-08,5.302497330106348e-10,0.9998771548271179,7.254219447361265e-09
Correct 7.147820468844657e-08,0.08053400367498398,2.44110970015754e-06,2.3608754418091848e-07
Correct 0.9996727108955383,9.662840839974596e-12,1.8730229173202773e-11,4.316573140594748e-11
Correct 5.093255817101294e-10,6.307728211280006e-12,0.9999631643295288,6.014525683051275e-11
Correct 1.1452673476242126e-07,0.970002293586731,7.105274590912813e-08,1.4805609183099477e-08
Correct 3.5297079148399746e-10,1.694967777243761e-11,1.3658052466780646e-10,0.9999885559082031
Wrong 5.81806547383934e-10,2.1761516200147213e-10,2.6502836383834882e-11,0.9999579191207886
Wrong 0.00011195932165719569,1.1285180789855076e-06,0.00033951285877265036,0.9885303974151611
Correct 8.85015971618941e-09,2.7706703598084914e-09,0.9998676180839539,2.845878377399913e-08
Correct 1.0265483602056591e-10,4.389453210629224e-12,0.9999995827674866,1.577537267483109e-10
Correct 5.931043989271245e-10,1.5656391114116097e-11,0.999959409236908,1.9980876952985227e-09
Correct 2.332584081443656e-08,2.4918964114384323e-10,0.9999774694442749,1.9108632898223732e-08
Correct 0.9999166131019592,2.832330758817392e-10,3.232115686202519e-09,9.670861889077287e-10
Correct 4.1825890662039455e-07,0.9926565885543823,2.683996846997161e-08,1.569220864361398e-09,4.513039897346971e-08
Correct 5.6343134929193184e-05,8.650284826217103e-07,0.002766533987596631,0.03504224121570587
Correct 9.222522190377447e-10,2.6395458735395394e-11,4.795275843072488e-10,0.9997202157974243
Correct 3.165492756806998e-08,0.6153920292854309,8.544523311115881e-09,7.005820812366892e-09
Correct 2.471334603626474e-08,0.9998243451118469,1.6405220515380847e-09,2.8946498531468023e-09
Wrong 0.9455567598342896,5.10729387315223e-06,0.0008037008228711784,6.806471901654731e-07
Correct 5.703438277215866e-10,2.483797889585304e-11,0.9999976754188538,3.6968747507692967e-10
Correct 0.9999961256980896,4.48395660879175e-12,8.203189863498217e-12,8.152276187445295e-09
Wrong 5.0008595280814916e-05,0.25510817766189575,4.207555903690263e-08,6.165498689369997e-08
Correct 0.9999967813491821,3.816132739670186e-12,1.308495239243923e-11,2.4340076829054702e-11
Wrong 0.9606966972351074,0.0001580246171215549,4.433627864841583e-08,5.017977589005795e-09
Wrong 1.3079598737419929e-08,1.4327125041901922e-09,1.3493700379285656e-08,0.9999472498893738
Correct 5.744811293340035e-09,1.3063428810911049e-11,0.9970560669898987
Correct 0.999998927116394,2.2549134868349308e-12,2.328836776199772e-12,6.3640000387554796e-12
Correct 7.125235956806364e-10,1.2940238290626294e-11,1.4906131884373508e-10,0.999921977519989
Correct 5.508238309914759e-09,0.9981815218925476,6.883752456943171e-10,2.483245276074797e-10
Correct 6.141820940719356e-10,3.154999525523117e-11,0.9999980926513672,6.361394744303084e-10
Correct 1.910773477220573e-07,0.9983372688293457,3.7858938206625226e-09,4.7751218090752445e-08
Correct 3.625094890935543e-08,1.1525294052461277e-09,0.9999198317527771,7.795163270429839e-08
Correct 0.9999909400939941,6.121621005245048e-12,1.1111406933439483e-11,4.1986816801120597e-11
Wrong 2.2629228269011037e-08,1.1771211783084823e-09,0.9973508715629578,4.913856059829413e-07
Correct 9.255367028337957e-10,2.517419606107296e-09,2.505945895237005e-09,0.9999844431877136
Wrong 0.9999975562095642,7.709852201109868e-11,7.727035677973504e-11,1.1039472808116457e-10
Correct 4.615217985559639e-09,0.9971626996994019,4.6297854439103503e-10,4.4772541230031493e-10
Correct 0.10801537334918976,4.6483322080348444e-08,0.8903756141662598,7.375832389300285e-09
Correct 0.9999992251396179,1.474855177222012e-12,8.510166855067725e-13,1.0191964459893565e-11
Correct 3.881913013259464e-09,5.028757618652513e-11,3.453710814937949e-05,0.9999518394470215
Wrong 9.457448157945691e-09,5.124849433713052e-10,7.0274137620174315e-09,0.9999566674232483
Wrong 7.527879688495887e-07,1.2833034190862236e-08,0.7700586915016174,0.1589014232158661
Correct 0.9999904632568359,5.389111032427785e-12,6.62124218300808e-12,2.445783332805096e-11
Wrong 4.063605008042259e-09,2.8077147362637334e-07,6.927654006005923e-10,0.9744095206260681
Correct 0.9999961256980896,4.416869300860604e-11,1.800312156297057e-11,1.313386205348266e-10
Correct 0.9999992251396179,4.064615397730842e-12,4.055881932391037e-12,1.873730164081433e-11
Wrong 0.6762762665748596,0.009653549641370773,5.736029606850934e-07,0.018022077158093452
Correct 4.620082538764336e-09,0.9979758262634277,6.801467722361565e-10,7.816081115663565e-10
Correct 1.4087441435606252e-08,1.6275653047514993e-09,8.397270101490051e-10,0.9998858571052551
Wrong 0.9971669912338257,1.5991243884627693e-08,0.0011228637304157019,3.3052124592813925e-08
Wrong 2.7629343257729033e-09,1.2060800969049268e-10,7.582336425393521e-10,0.999807596206665
Correct 0.9996158480644226,6.035561807282708e-12,3.695481420873392e-12,2.2104679198164945e-11
Correct 0.9999988079071045,2.0067738703416493e-12,2.054639878373843e-12,9.68238857146364e-12
Correct 0.9995222687721252,6.45874598248497e-09,3.4450531529728323e-06,3.051459884773067e-08
Correct 0.9999859929084778,1.0925678764484026e-11,7.198855227208423e-12,3.296291711807342e-11
Correct 1.1493497126258134e-10,7.585782696439836e-12,1.6657056289837158e-10,0.9999997019767761
Correct 0.999859631061554,9.544610761469396e-12,3.896698502064977e-12,6.46568840134698e-11
Wrong 0.9992677569389343,9.463992090008588e-11,7.954549796629351e-10,1.048212627807743e-10
Correct 9.464077521670333e-09,3.538184745188744e-10,0.0013780960580334067,0.3167305290699005
Correct 1.1122186505119203e-09,2.1581833542505535e-11,0.9999751448631287,2.862612369369799e-10
Correct 1.3288495210872497e-06,7.869286888784188e-10,0.9999769330024719,2.8072597579864578e-09
Wrong 8.474888204546005e-07,0.03983040153980255,4.307573249207053e-07,8.403083029406844e-08
Correct 3.352339517093128e-10,1.2671317987933417e-11,1.1011419553952351e-10,0.9999979734420776
Correct 1.4504207834775684e-09,5.5800621068247125e-11,0.9999958276748657,1.71574421337084e-09
Correct 1.4254925240209104e-08,2.2428059409662637e-10,5.78339968342334e-05,0.9998566508293152
Correct 5.052844809227963e-10,3.4055380737640917e-10,0.9999738931655884,7.437890303663153e-10
Correct 1.086426060226131e-09,2.8155821424347138e-11,1.0508820202925762e-10,0.9999843835830688
Correct 3.42686767851319e-09,1.4955047616949102e-11,3.2245207393089004e-08,0.9999337196350098
Correct 4.0602368689413026e-10,3.216379593218299e-11,0.9999263286590576,6.263808360884582e-10
Wrong 0.99997478723526,4.56491528605385e-12,1.1632530008687247e-11,1.694768110571676e-11
Correct 1.1311302117178457e-08,6.686240450193282e-11,1.1268288062638021e-06,0.9991070032119751
Correct 3.5407271559151354e-10,1.4540571004195701e-11,0.9999973177909851,3.5549096999432095e-10
Correct 2.0101840618735878e-06,1.3237831275603185e-08,0.999703049659729,4.423802124620124e-08
Wrong 9.718708042782964e-07,2.425765160296578e-05,0.9994164109230042,9.607331818983766e-09
Correct 0.9999666810035706,2.0111455903415454e-12,1.8540047969084483e-12,8.246180648041612e-12
Correct 9.511714749166345e-10,3.1573754027958145e-11,0.9999889135360718,1.1977101532778534e-09
Correct 1.8713773641820808e-08,0.9995924234390259,1.4734324871312765e-09,5.282222659275249e-09
Correct 0.9999852776527405,2.169656815320664e-12,2.501237932051037e-12,8.708226847953249e-12
Wrong 0.9999874830245972,2.2983716319036063e-10,2.682281263419184e-12,2.3937024237752347e-11
Correct 8.106748050629164e-10,7.055511990622376e-12,6.377665756618356e-11,0.9998430609703064
Correct 5.113163226155848e-10,8.596720557640936e-12,4.638590206385018e-11,0.999613881111145
Correct 4.727827018768949e-10,8.552905779446451e-12,0.9999455213546753,2.672795595959343e-10
Correct 2.7229697607822345e-08,0.9801022410392761,4.212223903010681e-09,2.637196239163586e-09
Correct 5.132117508743761e-10,2.948339489217133e-11,0.9999940991401672,6.667233987123211e-10
Correct 4.0826604319477156e-09,0.9996921420097351,2.1681358930436545e-09,1.279876760129639e-09
Correct 1.8701282744615355e-09,1.7717638120529067e-11,8.565387982217842e-11,0.9999397397041321
Correct 1.51145387872198e-10,1.3785912515718035e-11,0.9999961853027344,1.7738688296020655e-10
Wrong 9.034618528858118e-07,6.260040663619293e-08,1.1328850177960703e-06,0.45446887612342834
Correct 7.224211895362487e-09,3.430973283258254e-10,0.9999808669090271,5.782318623914762e-09
Correct 3.5765847172797294e-08,0.9414708018302917,3.394189818095583e-09,4.681601328826446e-09
Correct 1.0410439177377384e-09,1.1080874932900553e-11,5.26560635372153e-11,0.9998698234558105
Wrong 1.1565896018694843e-09,3.1798834398966136e-11,0.9999983906745911,5.691551230313507e-09
Correct 4.399804674903862e-05,0.0002520241541787982,3.2491120904865056e-09,9.143297230451708e-10
Correct 0.9999983310699463,6.776989993489968e-12,5.845733185710911e-12,1.3289215561318457e-10
Correct 2.2381082942501962e-07,1.4090589806059484e-10,0.9999659061431885,1.8300966075912584e-08
Correct 0.9999978542327881,7.169365795478555e-12,1.0117897839001522e-11,2.3369771395831407e-11
Correct 4.099932127132888e-08,0.983008623123169,4.5122652281293085e-09,9.784090870823547e-09
Wrong 9.764436015302635e-08,2.5328081298958693e-10,1.1499280416771285e-09,0.9984568357467651
Wrong 9.243275478354462e-09,1.9297590192479674e-09,0.999984860420227,1.7606984314966212e-08
Correct 0.9999843835830688,4.820061884347471e-12,2.4980193694817965e-12,2.329421378011176e-11
Correct 0.9999299645423889,3.531384906718671e-10,7.971393510552982e-12,1.5816339557495063e-11
Wrong 3.168201374137425e-06,0.9789465665817261,7.624245235149374e-09,4.5530557102324565e-09
Wrong 0.9832469820976257,1.277163819146665e-09,9.142271295559112e-08,1.1196400606650059e-07
Correct 0.999220609664917,3.8563668924851413e-10,2.2239861341422085e-10,1.073003019769203e-09
Correct 2.1315389731046963e-10,8.087991214267287e-12,0.9999980926513672,1.140773076002688e-08
Correct 1.3812332610996236e-07,0.9712373614311218,6.524854967437932e-08,1.521495818224139e-08
Correct 2.172304647274359e-07,0.5575692653656006,2.1062039223807005e-08,3.100220524743236e-08
Wrong 0.4705832600593567,3.295654823887162e-05,0.5168222188949585,4.778461857313232e-07
Wrong 0.0609641969203949,1.363461121783871e-09,0.938859224319458,9.200561201794244e-09
Correct 1.1841497382647503e-07,1.2432510132498464e-08,0.9032498002052307,5.726389318283509e-08
Correct 0.9999983310699463,3.4815186757825023e-12,2.122904716600482e-12,1.888533079918986e-11
Correct 0.9999904036521912,1.1953703001402194e-12,2.8272241318905156e-12,5.15361061118047e-12
Correct 4.493751759593323e-10,4.925893460488995e-12,9.005746148815774e-10,0.999998927116394
Wrong 0.99988853931427,7.466882667728214e-11,3.23141444158459e-11,7.153826420136511e-10
Correct 1.2024664101772942e-05,0.10286631435155869,2.034508028714299e-08,8.808955342942681e-09
Correct 0.9999750256538391,1.534225350929841e-11,1.2335112965777828e-11,7.560616022139754e-11
Correct 7.710492155865722e-08,0.12781663239002228,7.02069016256246e-08,1.288680806510456e-08
Correct 0.999963641166687,3.6141445738935296e-12,6.386577464795318e-12,2.0384086779623445e-11
Correct 8.010072050090855e-10,4.915275478301062e-11,3.813156179699462e-10,0.9999960660934448
Correct 5.570715984504204e-06,2.8192681611471926e-07,0.05295982584357262,6.299334927462041e-05
Correct 3.103919652858167e-06,7.508870858430328e-09,1.4351450772664975e-05,5.49584946440973e-08,0.004334737081080675
Correct 6.338408686801245e-10,2.3566286075360487e-11,0.9999313950538635,5.615031217764965e-10
Wrong 0.999936044216156,5.7243352419300564e-11,1.1044988257324917e-09,5.203729074310104e-07
Wrong 3.218922211090103e-05,1.1102947006236263e-08,1.0224495028410274e-08,0.9998306035995483
Correct 6.721397198816703e-07,0.022714955732226372,1.3810352861298725e-08,1.7756850212435893e-08
Wrong 4.934960773361752e-10,3.2544786310317875e-11,2.0976749504075798e-10,0.9999973773956299
Correct 9.381411619768798e-11,1.6373414126261143e-12,0.9999999403953552,5.181401488418835e-11
Correct 0.9999905228614807,3.6748052517632246e-11,5.392528090730764e-11,1.612009414841964e-10
Correct 0.9998085498809814,1.8125918543887565e-08,2.6477420760784298e-05,1.2978285894860164e-06
Correct 1.1735371785448478e-08,0.2569521367549896,1.3203479198864443e-08,5.6209912280280605e-09
Correct 0.00018061988521367311,0.0017495048232376575,9.636050890549086e-07,0.0017134960507974029
Correct 0.9999975562095642,7.745432767380933e-12,1.0954892375181213e-11,3.19316968699912e-11
Correct 0.0001357393484795466,1.1884418427143828e-06,1.4777982926261757e-07,0.002790546976029873
Correct 9.852213622707495e-08,0.9885240197181702,1.2428661193553125e-06,5.0111470528690916e-08
Correct 0.9996588230133057,5.961641336843515e-12,6.5730493964411e-12,2.2350132161674807e-11
Wrong 2.3587953812409523e-10,1.0519476782711035e-11,8.119004080153758e-11,0.9997917413711548
Correct 1.7425756482225552e-07,3.405071780093749e-09,1.815485688894114e-06,0.9995583891868591
Wrong 0.00011793297744588926,3.6843803563613164e-09,0.9630834460258484,6.347838166220754e-08
Correct 0.9998948574066162,9.978647769193216e-11,1.3954701283402926e-10,4.921117402467701e-10
Correct 0.9997560977935791,6.277933728426888e-11,1.6644553790801098e-11,3.1257482713265006e-11
Wrong 1.837214824718103e-08,1.032858687466387e-09,3.689819338958955e-09,0.9996499419212341
Wrong 0.9998892545700073,5.328213911748314e-11,1.0604507272304886e-09,3.2282432282926266e-10
Correct 8.992130651197527e-11,2.8153844273265394e-12,8.297356690611934e-10,0.9999949336051941
Correct 1.7703486321352102e-07,0.9976611733436584,7.347372132926466e-08,7.122945078208431e-08
Correct 2.489854011855641e-08,0.9961526989936829,2.2726760473545937e-09,3.8045295802646706e-09
Correct 0.9982136487960815,3.291228123369905e-10,2.928175479866013e-10,7.331569240598412e-10
Correct 0.9999272227287292,9.613366526439737e-12,1.6216852513628588e-11,1.663185041078652e-11
Wrong 0.9999894499778748,1.6718927631220737e-10,7.704643034678327e-10,4.60231880383688e-10
Wrong 0.9999874234199524,1.0510360637372429e-10,2.736481874432428e-10,8.36193836395438e-10
Correct 2.7477931041630654e-10,1.340717380865497e-11,0.9999551177024841,2.901937579125047e-10
Wrong 0.007769735064357519,0.0009485577465966344,2.2539575539326506e-08,4.681517751237152e-08
Correct 3.4450500785432325e-10,4.091396318961493e-11,0.9999980330467224,1.211759137476065e-09
Correct 0.9984996914863586,7.824692976887704e-11,3.386525782023142e-11,3.6490707677749867e-10
Wrong 0.9998583197593689,3.362651823657359e-10,3.5994529579141954e-10,6.56695697820453e-10
Correct 2.1834705421497347e-06,0.005272727459669113,3.0723356758244336e-05,8.393487291868951e-07
Correct 0.9999827742576599,1.0130944694264343e-11,7.184694679474024e-12,2.7385267664659096e-11
Correct 1.0948389972398331e-09,2.394733855659581e-10,3.9964209719300925e-10,0.9999933242797852
Correct 5.703633676468201e-10,1.545300692962215e-11,1.3105283525050027e-10,0.9999562501907349
Correct 4.3297117713336775e-07,0.3317682445049286,3.296171158240213e-08,3.2337521105318956e-08
Correct 4.3695297380352827e-10,2.606133017724055e-11,0.9988918304443359,3.9402006657418553e-10
Correct 0.9997605085372925,2.7014755016319114e-11,1.359020621732876e-11,9.365429959329319e-11
Correct 2.868072723760662e-10,6.71087621237354e-12,1.9478371693359975e-10,0.9999787211418152
Correct 1.1208612926694173e-09,1.829522991436683e-11,0.9999615550041199,1.5837281708286355e-08
Correct 3.80516118614338e-10,1.4802779835232371e-10,0.9999027252197266,2.4748564309007293e-10
Correct 3.653234381673087e-10,3.462881370541737e-11,6.523948742342967e-11,0.9999988675117493
Correct 0.9996691942214966,1.390818016311357e-10,1.1676488942402585e-10,0.00029594788793474436
Correct 0.9999926686286926,6.757330806017592e-12,7.052693064973914e-12,4.231023517653476e-11
Correct 0.9999906420707703,8.999101810958088e-12,2.0656837351751278e-11,5.540643291390701e-11
Wrong 0.00012929532385896891,5.325406782219488e-10,1.0970961916711985e-08,0.9996457099914551
Correct 0.9999907612800598,2.6191850771573044e-11,3.9461166972953876e-11,2.3632917844906842e-09
Wrong 2.279170621477533e-05,0.024421125650405884,0.00462192902341485,7.831386028556153e-06
Correct 0.9999972581863403,3.0328697452758346e-12,2.4772790156030178e-12,1.069738828768374e-11
Correct 1.3052070535479743e-08,2.3711102525858507e-10,0.0518217533826828,0.9477187991142273
Correct 2.4158969269549857e-10,5.789261431354831e-12,0.9999945163726807,1.7780210637141636e-10
Wrong 0.956689178943634,3.189765396260924e-10,2.760572048732257e-10,7.932321466341818e-10
Correct 6.840836590527033e-07,2.1357320079129494e-10,0.9999144673347473,6.203996427700531e-09
Correct 2.013908817488641e-09,2.870401485943752e-11,0.9999885559082031,1.0867710065198821e-09
Wrong 0.9997196197509766,4.86321486553587e-12,1.6835210309151805e-11,5.683786774568489e-10
Correct 1.4677834503373788e-09,1.4791940242120383e-11,4.314073294153786e-07,0.999972403049469
Wrong 1.150399384641787e-05,3.799075543042818e-08,1.952800630533602e-06,0.005300168413668871
Correct 7.156616965708906e-10,1.54659722528816e-11,9.20971979234686e-11,0.9997878074645996
Correct 6.856524947806975e-08,3.615637567122576e-08,0.9998034238815308,2.0141656875694025e-07
Wrong 0.9999954700469971,1.0953072650254914e-11,1.2528473050665845e-11,3.2941011030018785e-11
Wrong 0.0019182258984073997,0.002399045042693615,7.059773452056106e-06,9.221440677720238e-07
Correct 0.9999741911888123,6.64409499639973e-12,1.0763174206063209e-11,2.4518735999845553e-11
Correct 0.9999988079071045,9.01849081524908e-12,3.4737030960019233e-12,4.0366900794230887e-11
Correct 2.7905569521813334e-10,1.0315580854791673e-11,8.087973346615485e-11,0.9999812245368958
Correct 0.9999977946281433,2.8647149756533263e-12,2.5116692579929545e-12,1.5198143091255112e-11
Wrong 0.6982174515724182,0.00021057929552625865,2.4689750262041343e-06,3.485864041863351e-08
Correct 6.489444537294276e-10,1.6083382889386932e-11,2.812528265838665e-10,0.9999169707298279
Wrong 6.719639844554592e-10,1.7377307925947605e-10,0.9999973773956299,3.5757339311714986e-09
Correct 0.9999913573265076,6.013094102502725e-12,3.979611345322764e-12,2.0915345844141342e-11
Wrong 8.679648999532219e-06,9.06802063993517e-11,2.1397127125677429e-10,0.9937695264816284
Correct 1.9819190733016967e-10,8.161193942868294e-12,1.9904617884480835e-11,0.9998753070831299
Correct 0.9999956488609314,1.2665455489946353e-11,4.2962321200601394e-11,6.838690030930294e-11
Correct 0.9998159408569336,5.754093816007222e-12,7.255251954774167e-12,1.9849158774953857e-11
Correct 0.9999825954437256,8.432459591700692e-11,2.690007071259881e-11,6.865195967264981e-09
Wrong 0.999864935874939,6.779146688451476e-11,3.568537479403666e-11,1.0035215020076649e-10
Correct 3.4268610171750424e-09,1.5297765831867594e-10,0.9999879598617554,6.552880016386098e-09
Correct 0.9999850392341614,1.8286179861992657e-11,1.3860308734070514e-11,5.249363790871264e-11
Correct 6.135435342002893e-07,0.8591957688331604,8.21736080069968e-07,2.9591044281573886e-08
Correct 5.2242758730169925e-11,2.729008642329833e-12,1.925601691987744e-11,0.9999942183494568
Correct 0.028137097135186195,8.370134452206912e-08,0.00025514993467368186,0.8222528100013733
Correct 3.9238745586089863e-10,1.693246931555592e-11,5.119068016701256e-11,0.9996662735939026
Correct 0.9999468922615051,3.657927259703708e-12,3.3657625297944804e-12,1.0801047556352472e-11
Wrong 0.00017990839842241257,0.015192575752735138,1.8237546100863256e-05,0.44451895356178284
Wrong 4.091935679184644e-08,5.770997013598844e-10,0.9999406337738037,7.0166470322874375e-06
Wrong 3.2559764804318547e-06,0.0006197842303663492,7.540450752685501e-08,0.0009797405218705535
Wrong 1.6680693306625471e-06,4.338365400258226e-08,0.00026969684404321015,0.012791870161890984
Wrong 2.5730905690579675e-06,1.3932610443134763e-07,0.9886921048164368,1.5036133049761702e-07
Correct 0.9999962449073792,2.5776122555831726e-11,8.01347790208018e-12,1.0497607644266438e-10
Correct 2.275524302319809e-08,7.308692540064499e-10,0.9989715218544006,2.1379250938480254e-06
Correct 1.3974320312026833e-10,6.747229944897848e-12,0.9999992251396179,2.550218369812285e-10
Correct 0.9999955296516418,3.5657251890724995e-12,1.0669449265060527e-12,6.619748152414395e-12
Correct 0.9999469518661499,1.1855123827064773e-10,1.9576842924529103e-10,8.90568674360992e-10
Correct 1.3651565211603156e-07,0.7054525017738342,9.270783607462363e-08,3.248562308044711e-08
Wrong 1.6910169051698176e-06,0.23028017580509186,0.7656005620956421,4.9412941734772176e-05
Correct 1.624748113826513e-09,4.184720278632703e-11,8.361640269072268e-10,0.9999357461929321
Correct 2.3049624708892935e-10,1.13322068742705e-11,0.9999716877937317,2.856792302718958e-10
Correct 7.191653821791988e-06,0.6189259886741638,3.6884407563775312e-06,7.650333827768918e-06
Correct 0.9138156175613403,3.298632123005518e-08,0.0001349837111774832,0.001280596130527556
Correct 4.2264193922392224e-08,0.9894641041755676,8.757270464343492e-09,5.5653797126353766e-09
Wrong 0.9977236390113831,2.1108623116106173e-07,1.5748757959954673e-06,2.640892837746378e-08
Correct 6.695351544294681e-07,0.979699432849884,1.692675795084142e-07,1.373851077346444e-08
Correct 4.924473273604235e-08,0.9984742403030396,1.6952474979348153e-08,1.289539763860148e-08
Wrong 0.9924469590187073,1.2224654710735194e-07,5.542484586840146e-07,2.675318633293955e-08
Correct 1.11753459819397e-08,0.9987258315086365,2.3432533691192248e-09,2.129334930600635e-09
Correct 6.591891832385954e-08,4.663244235203479e-10,0.9999837279319763,1.0930691907162782e-08
Correct 0.9999650716781616,1.9633643669192402e-11,1.3034870058326042e-11,1.300896335099111e-10
Correct 2.3281810257458346e-08,0.9984984397888184,8.598506795465255e-09,4.7870933883586986e-09
Correct 2.1738509603519418e-10,5.98955390493372e-12,4.6474008669195044e-11,0.9999974966049194
Wrong 0.0001344317279290408,0.9717221856117249,2.4862629288691096e-05,3.67493441899569e-07
Correct 6.947726394201936e-09,5.870283148468047e-10,0.9999803304672241,1.7601120561039352e-08
Correct 0.9991416931152344,5.16427789420959e-10,7.720760919482927e-09,1.1724115900335619e-08
Correct 1.5868105718297443e-09,1.678014810435613e-10,0.9999898076057434,1.3519620978286184e-09
Correct 6.940761920759542e-08,0.9950231909751892,2.5828455818555085e-08,1.299654606157219e-08,3.108915125338285e-09
Correct 0.0035147385206073523,0.40339699387550354,0.1229427382349968,3.42569933309278e-06
Wrong 0.00399957736954093,0.06590624153614044,1.5789173630764708e-05,0.00016770805814303458
Correct 1.916807406132648e-07,0.17621354758739471,8.706602017127807e-08,2.1157536167493163e-08
Correct 0.9999971985816956,1.5500764734277528e-12,1.9843657966811534e-12,5.358518316567196e-12
Correct 4.6476504422798826e-08,0.9994709491729736,4.675142051269177e-09,2.80368417371335e-09
Wrong 0.9384665489196777,0.023160526528954506,8.10189533240191e-08,3.1863990557212674e-08
Wrong 0.9950904846191406,3.6720002594137213e-09,1.4753240975551307e-06,0.0017490923637524247
Wrong 2.444209812324516e-08,8.566210241145455e-11,0.999965250492096,3.8673516655762796e-07
Wrong 6.326233415165916e-05,0.0007335281115956604,0.002160129602998495,6.639917955908459e-06
Wrong 6.153959111543372e-05,4.484558758122148e-06,0.00431302934885025,4.137316409469349e-06
Wrong 0.998167097568512,1.2751684153045062e-09,5.365735855633602e-09,6.55550225214796e-10
Correct 6.591270862443821e-10,2.1947652029119524e-11,6.404921731872903e-11,0.9999871253967285
Wrong 0.23119550943374634,1.1692500265780836e-05,0.02848864160478115,9.658749178242942e-08
Correct 0.9999910593032837,3.2626223771259344e-12,3.7086154459908816e-12,1.5630463937044148e-11
Correct 1.9788894860539585e-05,3.5316544133578986e-10,0.9594005346298218,1.5754094695452636e-09
Correct 0.9999626874923706,1.7090603376956892e-09,9.156238545138251e-10,4.214140147951184e-09
Correct 1.7705875654527858e-09,1.1354071328961712e-11,0.999995231628418,1.4225380595700443e-10
Correct 2.4342397542120864e-10,8.432506429234543e-12,3.5571899592579115e-11,0.999974250793457
Correct 0.9999949932098389,1.8938996204642677e-11,7.669781476593585e-12,6.865619878171358e-11
Correct 0.9999713897705078,3.164737916172555e-11,5.844991157744062e-11,2.091665729508918e-10
Correct 9.043925053298096e-10,1.01712700761869e-11,3.667942338747565e-10,0.9997673034667969
Correct 1.0723526884248713e-06,0.051144495606422424,2.079054084447307e-08,9.983367910137986e-09
Wrong 0.9836740493774414,5.020895921248325e-10,4.913315310162147e-10,1.4090889566276132e-09
Correct 3.9961186359960266e-08,0.20434169471263885,5.238470102142401e-09,5.913038947369387e-09
Wrong 0.9999769926071167,6.330385434599739e-12,5.8683405357307095e-12,1.1275314015790627e-10
Correct 1.4286446470279657e-09,4.337642398044572e-11,0.9999631643295288,4.718768931155637e-09
Correct 4.2049730364368543e-10,1.0593701263439392e-11,0.9999996423721313,7.524929568347716e-10
Correct 2.7280933068141167e-09,5.4044244773843175e-11,8.974567755615226e-09,0.9977818131446838
