grade confidence_levels
Correct 15.843750953674316,16.015625,25.703125,19.171875
Correct 15.101564407348633,23.656251907348633,18.8125,17.687501907348633
Correct 20.140626907348633,19.296875,24.75,20.875001907348633
Correct 17.828126907348633,18.484375,19.71875,24.312501907348633
Correct 20.437501907348633,23.296876907348633,19.546875,20.796876907348633
Wrong 18.953126907348633,16.90625,25.09375,19.375001907348633
Correct 16.4375,15.390625,26.0625,16.609375
Correct 18.203126907348633,23.968751907348633,19.546875,19.265626907348633
Correct 23.296876907348633,19.21875,21.3125,20.375001907348633
Correct 23.65625,19.500001907348633,23.09375,16.15625
Correct 18.703125,15.6171875,25.796875,17.59375
Correct 24.046876907348633,19.406251907348633,19.828125,17.968751907348633
Correct 15.328125953674316,25.046875,19.5,16.359375
Correct 16.828126907348633,20.96875,19.4375,25.03125
Correct 14.867189407348633,15.531250953674316,21.140625,25.109375
Wrong 21.109376907348633,21.187501907348633,23.625,19.609376907348633
Wrong 22.328126907348633,20.21875,23.921875,17.984375
Correct 19.375001907348633,16.46875,25.828125,16.4375
Correct 15.179688453674316,15.000000953674316,25.34375,18.546875
Correct 15.56250286102295,16.5625,19.421875,24.171876907348633
Wrong 19.500003814697266,20.312501907348633,23.625,20.656251907348633
Correct 23.546876907348633,16.875001907348633,18.90625,18.578126907348633
Correct 24.359376907348633,14.820313453674316,18.578125,18.687501907348633
Correct 15.953125953674316,15.437500953674316,26.015625,16.15625
Correct 16.34375,16.140625,25.859375,16.984375
Correct 15.187501907348633,21.312501907348633,21.40625,23.781251907348633
Correct 23.703126907348633,16.015625,20.921875,20.109376907348633
Correct 15.60156536102295,16.859375,17.796875,23.593751907348633
Correct 13.96094036102295,23.625003814697266,18.390625,18.671876907348633
Correct 24.375001907348633,14.554688453674316,17.0,17.640625
Correct 16.625,16.84375,26.5,19.59375
Correct 19.671876907348633,16.265625,16.75,24.640625
Wrong 21.718751907348633,22.390626907348633,22.140625,19.218751907348633
Correct 24.578126907348633,18.125,17.265625,18.375001907348633
Correct 25.015625,15.765625953674316,18.40625,17.40625
Correct 19.875001907348633,20.015625,22.984375,23.875001907348633
Correct 23.281251907348633,16.765625,18.25,16.500001907348633
Correct 23.578126907348633,17.875,21.921875,17.5625
Correct 23.968751907348633,17.046875,20.203125,18.265625
Correct 15.25781536102295,23.625001907348633,18.515625,20.421876907348633
Wrong 19.796876907348633,21.312501907348633,23.390625,19.875001907348633
Wrong 16.890626907348633,19.062501907348633,23.984375,19.890626907348633
Correct 15.46094036102295,23.062503814697266,18.640625,18.046876907348633
Correct 17.109378814697266,23.343753814697266,16.96875,15.335939407348633
Wrong 24.109375,16.828125,18.84375,15.898438453674316
Wrong 16.046875,16.609375,24.515625,24.25
Correct 16.421876907348633,16.875,21.53125,24.531251907348633
Correct 15.070313453674316,22.953125,16.71875,23.578125
Wrong 23.281251907348633,18.140625,17.3125,23.96875
Correct 15.781251907348633,17.296876907348633,24.734375,21.109376907348633
Correct 16.484375,17.4375,25.78125,16.640625
Wrong 18.687501907348633,19.312501907348633,21.203125,23.562501907348633
Correct 16.687503814697266,16.140626907348633,19.640625,23.765626907348633
Correct 15.484375953674316,18.453125,25.90625,17.796875
Correct 16.421876907348633,16.09375,21.3125,24.4375
Correct 21.875003814697266,20.750001907348633,17.953125,18.031251907348633
Wrong 19.625001907348633,18.656251907348633,22.765625,23.078126907348633
Correct 23.828126907348633,16.140625,18.453125,18.546876907348633
Correct 17.171875,24.953126907348633,20.421875,16.1875
Wrong 24.328126907348633,18.09375,17.140625,19.609375
Wrong 19.531251907348633,17.0,20.859375,23.765626907348633
Correct 16.296875,25.031251907348633,19.78125,17.1875
Correct 17.718751907348633,21.046876907348633,24.59375,15.367188453674316
Correct 16.421876907348633,17.65625,20.828125,25.453125
Correct 16.0625,15.328125,26.0625,16.875
Wrong 15.273439407348633,23.265626907348633,23.125,17.140626907348633
Wrong 17.390628814697266,21.343751907348633,22.328125,21.125001907348633
Correct 15.445314407348633,23.640626907348633,19.09375,18.468751907348633
Correct 16.796875,15.984375953674316,26.234375,15.921875
Correct 24.625001907348633,18.375,18.796875,17.59375
Correct 15.601563453674316,15.554688453674316,25.921875,16.71875
Correct 22.468753814697266,18.062501907348633,21.671875,18.578126907348633
Correct 13.937501907348633,24.250001907348633,18.734375,17.625001907348633
Correct 17.609376907348633,16.40625,25.046875,16.812501907348633
Wrong 18.921876907348633,21.859376907348633,24.046875,18.390626907348633
Correct 24.375001907348633,16.140625,17.359375,17.171875
Correct 16.859376907348633,18.234375,20.84375,24.765625
Correct 16.078126907348633,18.4375,24.9375,20.625001907348633
Wrong 23.125001907348633,16.671875,24.40625,16.796876907348633
Correct 17.343751907348633,23.812501907348633,20.421875,20.000001907348633
Correct 17.906251907348633,15.203125953674316,25.578125,16.578125
Correct 23.890626907348633,18.296875,19.609375,16.8125
Correct 16.515625,15.5234375,26.203125,16.859375
Correct 23.203126907348633,18.703125,18.78125,20.593751907348633
Correct 15.085939407348633,24.718751907348633,17.796875,17.968751907348633
Correct 23.406251907348633,15.289063453674316,18.96875,23.000001907348633
Wrong 17.765626907348633,20.765625,24.8125,19.96875
Correct 14.359376907348633,23.593751907348633,20.421875,17.140626907348633
Correct 16.7031307220459,22.687503814697266,19.78125,17.703126907348633
Correct 19.218751907348633,19.328125,21.09375,24.78125
Wrong 19.625003814697266,21.640628814697266,19.9375,20.640628814697266
Correct 15.875000953674316,17.5625,26.609375,15.578125
Correct 24.031251907348633,16.781251907348633,19.671875,19.375001907348633
Correct 17.125001907348633,14.914063453674316,24.546875,18.968751907348633
Correct 23.328126907348633,15.953125953674316,19.140625,18.421876907348633
Correct 24.65625,15.570313453674316,18.96875,15.773438453674316
Correct 14.968750953674316,14.960938453674316,25.359375,16.390625
Wrong 20.500001907348633,22.171876907348633,22.25,20.203126907348633
Correct 16.328126907348633,17.0,18.625,25.09375
Wrong 17.546876907348633,18.359375,25.25,18.453126907348633
Correct 16.437501907348633,24.046876907348633,18.421875,19.312501907348633
Correct 24.484376907348633,15.5859375,17.21875,18.0625
Correct 17.390626907348633,15.039063453674316,20.3125,24.140625
Correct 23.000001907348633,17.84375,19.9375,17.156251907348633
Wrong 18.515628814697266,21.578126907348633,22.859375,20.140626907348633
Correct 24.562501907348633,15.218750953674316,18.21875,17.75
Correct 24.984375,17.484375,18.34375,17.390625
Correct 14.585939407348633,22.578126907348633,22.109375,22.531251907348633
Wrong 15.140626907348633,15.789063453674316,23.515625,21.968751907348633
Wrong 19.828126907348633,20.921876907348633,24.109375,21.468751907348633
Correct 18.296876907348633,15.9765625,20.578125,25.078125
Wrong 20.765628814697266,17.703126907348633,23.21875,19.843751907348633
Correct 19.515625,16.203125,27.515625,16.609375
Correct 23.609376907348633,18.734375,20.265625,20.578126907348633
Correct 17.515626907348633,16.875,25.296875,15.320313453674316
Correct 23.921876907348633,15.343750953674316,17.703125,18.140626907348633
Correct 15.203125953674316,15.2421875,26.046875,15.5390625
Correct 23.421876907348633,17.921875,19.65625,19.875001907348633
Correct 18.562503814697266,22.328128814697266,20.968751907348633,19.296878814697266
Correct 17.765626907348633,23.515626907348633,19.6875,18.515626907348633
Correct 16.750001907348633,14.890625953674316,24.921875,16.796876907348633
Correct 15.695313453674316,15.695313453674316,26.421875,15.90625
Wrong 23.359376907348633,17.125,22.78125,21.171876907348633
Correct 16.296876907348633,24.203126907348633,22.421875,19.203125
Correct 17.000001907348633,23.312501907348633,20.953125,19.921876907348633
Correct 15.898438453674316,25.312501907348633,18.890625,17.03125
Wrong 17.015626907348633,21.000001907348633,17.71875,24.000001907348633
Wrong 18.328125,15.8203125,26.0625,17.40625
Wrong 18.296876907348633,16.937501907348633,24.84375,19.093751907348633
Correct 19.328126907348633,23.593751907348633,20.109375,19.015626907348633
Correct 15.281250953674316,15.281250953674316,25.609375,17.84375
Correct 16.328126907348633,21.359375,17.328125,24.640625
Correct 16.234376907348633,24.234376907348633,20.359375,19.937501907348633
Wrong 22.312501907348633,16.734375,22.765625,20.312501907348633
Correct 16.703126907348633,18.796875,20.234375,25.125
Correct 17.359375,16.125,25.09375,16.40625
Correct 18.093751907348633,19.578125,19.953125,23.453126907348633
Wrong 17.453126907348633,15.812501907348633,23.640625,20.484376907348633
Correct 17.640626907348633,21.796876907348633,21.09375,22.562501907348633
Correct 16.984376907348633,23.109376907348633,19.125,18.687501907348633
Correct 17.125003814697266,23.421878814697266,19.453125,18.984376907348633
Wrong 18.046876907348633,21.453125,21.40625,24.187501907348633
Correct 19.843751907348633,19.125001907348633,22.5,22.656251907348633
Wrong 20.328128814697266,14.359376907348633,23.328125,19.187501907348633
Correct 14.500000953674316,24.500001907348633,16.484375,15.179688453674316
Correct 22.328126907348633,21.484376907348633,21.140625,19.640626907348633
Correct 17.437501907348633,14.921875,19.03125,25.28125
Correct 17.250001907348633,15.742188453674316,18.828125,25.25
Correct 18.625001907348633,24.468751907348633,19.59375,19.015625
Wrong 18.921876907348633,19.5,24.390625,20.765626907348633
Correct 25.0625,17.328125,17.875,17.234375
Wrong 18.281251907348633,22.187501907348633,23.40625,18.343751907348633
Correct 15.726563453674316,18.984375,20.484375,25.375
Correct 25.296875,16.21875,17.03125,16.859375
Correct 16.406251907348633,16.8125,19.296875,24.390626907348633
Correct 15.859376907348633,24.656251907348633,18.046875,16.84375
Correct 23.687501907348633,15.203125953674316,19.1875,20.453126907348633
Correct 23.453126907348633,17.21875,19.15625,21.921876907348633
Correct 19.71875,21.046875,25.9375,15.992188453674316
Correct 19.359376907348633,17.234375,19.890625,23.968751907348633
Correct 24.875,16.40625,18.09375,15.601563453674316
Wrong 16.578126907348633,24.515626907348633,17.5625,16.890626907348633
Correct 19.640626907348633,16.46875,17.640625,25.75
Correct 17.421876907348633,18.671875,19.5625,24.84375
Correct 14.242188453674316,24.062501907348633,17.5,20.75
Correct 24.453126907348633,17.203125,18.703125,21.25
Correct 22.296878814697266,21.843751907348633,20.09375,18.484376907348633
Correct 14.960939407348633,16.1875,18.390625,24.390625
Correct 24.078126907348633,16.390625,19.53125,19.671876907348633
Correct 17.796876907348633,17.593751907348633,26.140625,15.539063453674316
Correct 20.437503814697266,16.203126907348633,14.0390625,23.343751907348633
Correct 17.203126907348633,16.28125,19.59375,25.25
Correct 15.562500953674316,15.195313453674316,25.921875,16.609375
Wrong 17.796878814697266,18.765626907348633,23.375001907348633,22.562501907348633
Correct 23.703125,16.625,19.390625,18.9375
Wrong 20.406251907348633,20.734376907348633,22.5,22.265626907348633
Wrong 22.421876907348633,17.359375,23.015625,22.500001907348633
Correct 17.671875,17.0625,18.03125,25.796875
Correct 24.890625,18.046875,21.109375,17.90625
Correct 15.546876907348633,24.859376907348633,18.703125,17.515626907348633
Correct 18.765626907348633,14.2421875,19.1875,25.140625
Wrong 22.500001907348633,19.984375,18.5625,22.953125
Correct 24.140625,14.8984375,22.984375,18.984375
Correct 17.468751907348633,17.421875,19.203125,24.640625
Correct 18.156251907348633,21.109376907348633,26.046875,16.515625
Correct 23.984376907348633,16.28125,18.375,17.890626907348633
Correct 14.187500953674316,16.28125,17.734375,24.46875
Correct 23.593751907348633,14.570313453674316,17.109375,16.718751907348633
Wrong 21.046876907348633,16.4375,23.15625,20.109376907348633
Wrong 19.437501907348633,17.390625,24.21875,21.062501907348633
Correct 23.843751907348633,16.515625,16.390625,18.531251907348633
Wrong 15.750000953674316,15.507813453674316,25.609375,17.046875
Correct 14.523438453674316,19.750001907348633,25.046875,19.703126907348633
Wrong 20.281251907348633,20.265626907348633,23.515625,20.406251907348633
Correct 16.140626907348633,17.546875,25.6875,18.265625
Correct 16.828125,16.515625,26.3125,18.34375
Correct 15.273438453674316,17.296875,19.1875,25.0
Correct 23.375001907348633,18.890625,18.703125,18.671876907348633
Correct 19.140626907348633,16.546875,25.03125,18.015626907348633
Wrong 19.531251907348633,17.65625,25.140625,22.734375
Correct 17.921876907348633,16.84375,18.6875,25.5
Wrong 22.140626907348633,17.75,23.484375,20.390625
Correct 15.453125953674316,15.656250953674316,26.125,17.390625
Correct 15.695314407348633,24.062501907348633,21.046875,21.062501907348633
Correct 15.632813453674316,16.28125,25.703125,16.4375
Correct 17.953126907348633,15.710938453674316,25.25,17.609375
Correct 24.765626907348633,17.71875,19.109375,17.046875
Correct 14.539064407348633,15.992188453674316,19.34375,25.234375
Correct 16.156251907348633,16.53125,19.03125,24.640625
Correct 15.445313453674316,15.507813453674316,25.78125,16.828125
Correct 15.250000953674316,24.781251907348633,20.890625,16.421876907348633
Correct 23.125001907348633,20.171876907348633,19.515625,20.484376907348633
Correct 23.890626907348633,18.0,20.875,20.406251907348633
Wrong 15.476563453674316,21.015625,20.375,25.78125
Correct 17.546876907348633,16.46875,19.703125,25.546875
Wrong 21.437501907348633,20.875001907348633,23.78125,20.437501907348633
Correct 22.687501907348633,17.765625,18.5625,21.000001907348633
Correct 24.546876907348633,15.968750953674316,16.3125,18.28125
Correct 15.226564407348633,24.218751907348633,18.171875,17.250001907348633
Correct 23.062501907348633,18.875,21.625,17.281251907348633
Correct 17.078126907348633,24.484376907348633,19.859375,16.96875
Correct 23.671876907348633,16.984375,20.0625,22.46875
Correct 14.781250953674316,18.15625,23.828125,24.71875
Wrong 17.312501907348633,19.609375,24.953125,20.265626907348633
Correct 16.890625,16.859375,26.71875,15.421875
Wrong 17.062501907348633,21.156251907348633,23.296875,21.125001907348633
Correct 25.078125,17.140625,21.0625,16.28125
Correct 15.007813453674316,16.640625,26.0625,18.125
Correct 17.890626907348633,23.750001907348633,19.109375,14.539063453674316
Correct 19.625001907348633,18.546876907348633,24.15625,20.015626907348633
Correct 18.328125,24.593751907348633,21.546875,16.75
Correct 17.078125,15.6640625,26.421875,17.640625
Correct 15.164063453674316,15.929688453674316,25.515625,17.46875
Correct 23.015626907348633,20.515625,19.265625,21.171876907348633
Wrong 17.296876907348633,22.703126907348633,21.3125,17.562501907348633
Correct 23.406251907348633,17.4375,19.40625,21.578125
Correct 15.25000286102295,23.781253814697266,20.640625,19.421876907348633
Wrong 21.718751907348633,18.078125,20.515625,24.390625
Correct 20.953126907348633,16.234376907348633,23.765625,16.171876907348633
Wrong 19.796876907348633,22.468751907348633,18.625,23.359376907348633
Correct 18.625001907348633,24.828126907348633,17.609375,17.421875
Correct 24.187501907348633,15.203125953674316,17.65625,15.843750953674316
Wrong 19.796876907348633,21.718751907348633,22.53125,22.203126907348633
Correct 15.429688453674316,24.406251907348633,17.640625,16.265626907348633
Correct 14.937501907348633,23.062501907348633,17.265625,23.890625
Correct 19.937501907348633,17.1875,24.90625,21.750001907348633
Correct 18.328126907348633,16.609375,19.5625,23.984376907348633
Correct 16.250003814697266,19.312501907348633,19.375,23.937501907348633
Correct 24.234375,17.03125,16.9375,19.0
Correct 16.671876907348633,16.500001907348633,25.28125,15.921875953674316
Wrong 19.156251907348633,18.359375,24.5625,20.5625
Wrong 22.015626907348633,18.687501907348633,23.15625,19.062501907348633
Correct 16.921876907348633,15.9140625,21.09375,23.828125
Wrong 22.656251907348633,21.578126907348633,19.5625,19.968751907348633
Correct 16.578125,15.125,26.15625,16.546875
Correct 16.765626907348633,24.312501907348633,19.890625,20.937501907348633
Correct 14.234376907348633,15.023438453674316,22.78125,23.140626907348633
Correct 24.265626907348633,14.984375953674316,15.6328125,16.90625
Correct 20.031253814697266,16.625001907348633,20.8125,23.281251907348633
Correct 18.531251907348633,16.265625,18.359375,24.671875
Correct 17.234375,24.312501907348633,22.375,16.75
Wrong 13.953126907348633,19.0,23.84375,23.031251907348633
Correct 15.140625953674316,15.726563453674316,25.359375,16.0625
Correct 21.453128814697266,15.757813453674316,18.109375,22.015626907348633
Wrong 19.171876907348633,20.046876907348633,23.921875,20.828126907348633
Correct 24.296876907348633,17.75,19.5625,18.703126907348633
Wrong 17.046878814697266,18.328126907348633,23.5,20.546876907348633
Correct 15.57031536102295,17.625,18.828125,24.859375
Correct 15.03906536102295,23.281253814697266,21.046875,18.031251907348633
Correct 23.828125,15.429688453674316,18.4375,18.515625
Correct 16.968751907348633,15.367188453674316,25.421875,18.015625
Wrong 17.625003814697266,19.453126907348633,20.593751907348633,22.515628814697266
Correct 23.000001907348633,18.296875,22.9375,19.843751907348633
Wrong 21.312503814697266,17.968751907348633,21.3125,18.984376907348633
Correct 16.250001907348633,15.640625953674316,25.4375,18.15625
Wrong 21.484376907348633,17.906251907348633,25.015625,19.046876907348633
Wrong 22.531251907348633,17.046875,22.765625,20.406251907348633
Correct 17.9375,17.765625,26.5,15.484375
Correct 14.851564407348633,15.859375953674316,19.296875,23.390626907348633
Correct 18.750001907348633,23.234376907348633,20.1875,21.281251907348633
Correct 20.515625,15.4140625,26.0625,15.609375
Correct 17.734376907348633,16.703125,25.171875,19.890626907348633
Correct 16.156253814697266,23.656253814697266,17.171875,17.109376907348633
Correct 16.953126907348633,15.953125953674316,25.546875,17.953125
Correct 18.140626907348633,23.718751907348633,20.359375,16.937501907348633
Wrong 21.046876907348633,16.921875,20.28125,23.8125
Wrong 24.078126907348633,15.679688453674316,16.75,21.140626907348633
Wrong 19.890628814697266,21.062501907348633,19.078125,21.421876907348633
Correct 24.781251907348633,18.90625,18.40625,19.09375
Wrong 15.617189407348633,17.03125,23.25,23.984376907348633
Correct 23.140626907348633,16.59375,21.015625,22.0
Correct 17.765626907348633,15.601563453674316,19.171875,23.953125
Wrong 16.953126907348633,22.000001907348633,23.875,18.046876907348633
Wrong 19.328126907348633,19.96875,20.765625,23.953126907348633
Wrong 14.867189407348633,16.796875,23.890625,22.328126907348633
Correct 14.054689407348633,24.062501907348633,17.328125,21.0
Wrong 18.062501907348633,22.0625,21.390625,23.28125
Wrong 18.546876907348633,15.828125953674316,24.1875,21.203126907348633
Wrong 22.250001907348633,17.515625,23.96875,16.890625
Correct 24.265626907348633,19.234375,19.390625,19.53125
Correct 15.726566314697266,22.265628814697266,20.453126907348633,19.875003814697266
Correct 16.406251907348633,15.710938453674316,25.15625,16.796876907348633
Correct 17.578126907348633,17.1875,19.78125,24.484376907348633
Correct 16.718751907348633,15.000000953674316,25.59375,17.109375
Correct 15.187500953674316,16.296875,26.265625,17.78125
Correct 15.867188453674316,15.289063453674316,26.171875,18.234376907348633
Correct 17.687501907348633,16.5,18.8125,24.421875
Correct 17.718751907348633,16.0625,16.78125,25.671875
Correct 16.406251907348633,23.484376907348633,18.390625,19.046876907348633
Correct 23.453126907348633,14.656250953674316,17.703125,15.859375953674316
Wrong 19.140626907348633,17.593751907348633,24.109375,19.359376907348633
Correct 22.671876907348633,17.765625,21.3125,20.796876907348633
Correct 17.484376907348633,15.859375953674316,25.671875,16.90625
Wrong 17.843751907348633,19.562501907348633,24.46875,20.828126907348633
Correct 24.8125,16.953125,19.453125,19.21875
Correct 13.546876907348633,23.906251907348633,17.703125,20.25
Correct 23.750001907348633,17.843751907348633,17.625,17.718751907348633
Correct 15.398439407348633,24.359376907348633,18.5,18.375001907348633
Correct 15.390625953674316,24.671876907348633,21.8125,17.71875
Correct 16.031251907348633,24.890626907348633,19.640625,17.46875
Correct 17.359376907348633,23.140626907348633,19.6875,16.703126907348633
Wrong 19.546876907348633,22.453126907348633,23.40625,20.765626907348633
Correct 16.296875,15.265625953674316,25.984375,15.539063453674316
Wrong 23.437501907348633,17.468751907348633,23.546875,17.40625
Correct 16.406251907348633,16.703125,19.71875,24.90625
Correct 17.843753814697266,19.140626907348633,23.1875,21.296876907348633
Correct 15.523438453674316,16.28125,26.328125,18.21875
Correct 16.328126907348633,15.843750953674316,19.125,25.328125
Correct 24.140626907348633,17.359375,18.140625,18.640626907348633
Correct 24.281251907348633,15.265625953674316,20.609375,16.656251907348633
Correct 23.812501907348633,16.078125,17.828125,18.828126907348633
Wrong 16.078128814697266,20.671878814697266,20.484376907348633,20.468753814697266
Correct 18.921876907348633,24.437501907348633,18.90625,17.734375
Correct 24.437501907348633,16.21875,17.078125,19.812501907348633
Correct 16.203125,18.609375,20.0625,26.25
Wrong 20.593751907348633,19.515626907348633,23.90625,21.125001907348633
Correct 14.804689407348633,23.296876907348633,18.40625,19.453126907348633
Wrong 21.656251907348633,21.187501907348633,22.734375,18.968751907348633
Correct 15.570313453674316,15.796875953674316,25.515625,16.890625
Correct 14.757814407348633,23.890626907348633,20.65625,18.421876907348633
Correct 18.156251907348633,16.953125,18.578125,25.03125
Correct 16.515626907348633,24.171876907348633,19.578125,18.421876907348633
Correct 15.96875286102295,15.554688453674316,23.125,23.890626907348633
Correct 18.21875,14.929688453674316,25.703125,17.109375
Correct 24.859375,15.125000953674316,17.25,15.500000953674316
Wrong 21.859376907348633,15.367188453674316,23.671875,19.578126907348633
Correct 20.015626907348633,17.375001907348633,24.15625,19.375001907348633
Correct 17.0,24.906251907348633,17.5,14.4921875
Correct 18.046876907348633,14.460938453674316,24.890625,18.03125
Wrong 22.843751907348633,17.046875,17.703125,23.328126907348633
Wrong 20.593751907348633,16.78125,21.5625,22.515625
Wrong 17.078126907348633,19.390625,22.375,23.734375
Correct 15.75000286102295,23.546876907348633,20.5,20.703126907348633
Correct 16.65625,17.9375,26.75,18.296875
Correct 24.234376907348633,17.109375,20.234375,16.859375
Wrong 15.359375953674316,24.484376907348633,21.671875,17.390625
Correct 24.312501907348633,18.171875,20.015625,19.500001907348633
Correct 25.21875,15.9296875,20.265625,18.03125
Correct 18.296878814697266,23.468751907348633,18.984375,17.078126907348633
Correct 16.203125,15.703125,26.5625,16.78125
Correct 23.890626907348633,17.125001907348633,21.28125
Correct 19.687501907348633,23.812501907348633,20.03125,19.890626907348633
Wrong 21.687501907348633,21.046875,24.96875,20.890626907348633
Correct 21.515626907348633,18.953126907348633,23.078125,20.281251907348633
Correct 16.015626907348633,15.546875953674316,17.453125,24.062501907348633
Wrong 16.328125,24.109376907348633,22.0,15.625000953674316
Correct 17.578126907348633,17.906251907348633,22.984375,23.687501907348633
Correct 16.21875,16.34375,25.34375,17.4375
Correct 24.515625,16.609375,16.671875,19.703125
Wrong 20.578128814697266,19.609376907348633,23.171875,20.625001907348633
Correct 16.406251907348633,15.500000953674316,18.5,24.656251907348633
Correct 16.640626907348633,24.015626907348633,18.1875,19.765626907348633
Wrong 15.859376907348633,21.843751907348633,23.421875,20.140626907348633
Correct 23.500001907348633,18.109375,18.828125,17.812501907348633
Correct 15.859376907348633,17.875,19.140625,24.5
Correct 21.015626907348633,16.59375,19.859375,24.234376907348633
Wrong 16.312501907348633,23.328125,19.421875,24.40625
Correct 17.937501907348633,22.843751907348633,20.921875,20.671876907348633
Correct 23.65625,15.703125953674316,17.765625,16.968751907348633
Correct 15.429688453674316,15.4609375,21.625,25.625
Correct 23.906251907348633,16.406251907348633,17.9375,17.859376907348633
Wrong 16.843751907348633,19.359376907348633,23.15625,21.796876907348633
Correct 23.265626907348633,18.265626907348633,18.859375,18.265626907348633
Correct 18.453128814697266,16.500001907348633,23.015626907348633,21.578126907348633
Correct 17.703126907348633,23.265626907348633,18.375,19.453126907348633
Correct 16.609376907348633,17.421875,19.015625,24.9375
Correct 20.140626907348633,15.718750953674316,24.25,20.578126907348633
Correct 23.9375,16.875,21.890625,18.859375
Wrong 23.031251907348633,15.953125953674316,19.265625,20.468751907348633
Wrong 20.000003814697266,21.453126907348633,21.984375,20.734376907348633
Wrong 20.062501907348633,16.75,22.15625,22.406251907348633
Wrong 17.765626907348633,23.468751907348633,23.859375,20.046876907348633
Correct 17.328126907348633,23.968751907348633,21.6875,17.484376907348633
Correct 15.500001907348633,24.125001907348633,18.8125,17.437501907348633
Correct 15.921876907348633,17.578125,19.640625,25.296875
Correct 16.375001907348633,24.640626907348633,17.34375,16.953125
Correct 16.375001907348633,16.34375,25.28125,18.0625
Correct 24.296876907348633,17.109375,22.09375,18.921876907348633
Correct 16.031251907348633,24.109376907348633,18.765625,16.640625
Wrong 16.687501907348633,18.828126907348633,24.734375,19.875001907348633
Correct 23.921875,16.234375,21.015625,20.28125
Correct 16.468753814697266,21.671876907348633,19.546875,22.328126907348633
Correct 14.570313453674316,24.156251907348633,19.90625,17.687501907348633
Wrong 21.656251907348633,18.859376907348633,22.484375,21.921876907348633
Correct 15.328125953674316,24.656251907348633,19.484375,17.515626907348633
Correct 15.42969036102295,16.437501907348633,18.734375,23.921876907348633
Correct 24.078126907348633,16.875,18.65625,16.59375
Wrong 21.828126907348633,18.359375,23.078125,20.468751907348633
Correct 18.312501907348633,23.937501907348633,18.296875,16.65625
Correct 16.359376907348633,24.171876907348633,18.125,15.875000953674316
Correct 17.265625,16.34375,26.609375,17.0625
Correct 16.187501907348633,17.156251907348633,24.890625,18.328126907348633
Correct 16.781251907348633,14.539063453674316,25.59375,16.921875
Correct 21.359376907348633,23.828126907348633,19.265625,18.906251907348633
Correct 20.531251907348633,22.375001907348633,22.140625,19.359376907348633
Correct 23.343751907348633,19.390625,19.046875,20.5
Correct 19.515626907348633,20.156251907348633,23.8125,19.921876907348633
Correct 24.312501907348633,15.484375953674316,17.21875,17.34375
Wrong 16.578126907348633,21.703125,21.796875,24.34375
Correct 16.625,16.171875,19.609375,26.390625
Correct 17.4375,16.390625,21.703125,25.328125
Correct 16.031251907348633,24.515626907348633,21.046875,20.953125
Correct 24.609376907348633,14.929688453674316,19.03125,18.515626907348633
Wrong 21.343753814697266,22.062503814697266,20.171875,17.250001907348633
Correct 16.5,15.25,25.96875,15.742188453674316
Correct 17.015626907348633,23.531251907348633,16.96875,15.835938453674316
Correct 15.281250953674316,24.750001907348633,18.625,16.265625
Wrong 18.578126907348633,19.53125,23.4375,22.765626907348633
Correct 20.234378814697266,16.968751907348633,20.25,23.000001907348633
Wrong 20.859378814697266,19.500001907348633,22.515625,20.421876907348633
Wrong 21.796876907348633,17.21875,23.984375,20.265626907348633
Wrong 16.671876907348633,16.140626907348633,23.8125,21.484376907348633
Correct 20.390628814697266,19.953126907348633,23.46875,21.343751907348633
Correct 23.750001907348633,15.945313453674316,22.453125,17.40625
Correct 19.390626907348633,16.359375,25.046875,19.828125
Correct 15.421875953674316,14.890625,25.609375,15.0859375
Wrong 18.828126907348633,19.781251907348633,23.546875,22.109376907348633
Wrong 17.8437557220459,21.625003814697266,18.578126907348633,20.906253814697266
Wrong 19.906251907348633,21.859376907348633,24.203125,20.312501907348633
Wrong 16.8437557220459,18.812501907348633,21.703126907348633,22.328128814697266
Wrong 22.218751907348633,14.640625953674316,16.0,23.140625
Correct 19.843751907348633,18.625,24.6875,22.781251907348633
Correct 23.187501907348633,19.312501907348633,20.765625,19.828126907348633
Correct 16.062501907348633,22.203126907348633,19.078125,23.984376907348633
Correct 16.546876907348633,15.515625953674316,20.5,24.75
Correct 23.234376907348633,18.765625,22.875,17.468751907348633
Correct 14.406251907348633,24.375001907348633,18.46875,19.578126907348633
Correct 15.539064407348633,17.125,21.546875,24.421875
Correct 24.328125,15.953125,22.171875,20.203125
Correct 18.859376907348633,21.406251907348633,21.34375,23.765626907348633
Correct 17.046876907348633,15.523438453674316,25.34375,19.671876907348633
Correct 22.906251907348633,18.953126907348633,17.0625,19.359376907348633
Correct 17.562501907348633,16.671876907348633,24.421875,19.109376907348633
Correct 18.390626907348633,15.398438453674316,24.71875,15.406250953674316
Correct 17.078128814697266,16.468751907348633,17.375,24.031251907348633
Correct 15.367189407348633,23.890626907348633,18.21875,17.203126907348633
Correct 15.515625953674316,24.140626907348633,21.703125,19.5
Wrong 21.343751907348633,21.46875,21.578125,20.859376907348633
Wrong 19.468751907348633,17.5,21.75,23.765626907348633
Correct 24.796875,16.375,16.84375,16.375
Correct 14.484375953674316,15.6015625,23.234375,24.109375
Correct 23.562501907348633,15.9765625,16.6875,17.781251907348633
Correct 24.203125,15.687500953674316,18.359375,18.46875
Wrong 20.109376907348633,19.25,22.53125,23.281251907348633
Correct 15.82031536102295,16.25,18.390625,24.281251907348633
Correct 14.617188453674316,24.437501907348633,18.609375,19.3125
Correct 22.890626907348633,19.578125,22.71875,19.937501907348633
Correct 24.234376907348633,17.0,18.34375,16.609375
Correct 24.453126907348633,17.359375,18.171875,17.265625
Correct 23.953126907348633,18.09375,17.015625,17.34375
Correct 16.75,15.429688453674316,25.921875,16.296875
Correct 13.953126907348633,24.093751907348633,19.125,17.703126907348633
Correct 17.500001907348633,14.953125953674316,25.546875,16.421875
Correct 18.234378814697266,22.843753814697266,21.921875,19.890626907348633
Correct 16.781251907348633,23.812501907348633,19.953125,17.656251907348633
Wrong 21.5156307220459,15.359378814697266,21.859376907348633,18.937503814697266
Correct 15.89844036102295,24.140626907348633,18.875,17.359376907348633
Correct 14.000001907348633,24.609376907348633,19.515625,18.828126907348633
Wrong 14.031250953674316,22.515626907348633,23.4375,16.8125
Correct 17.781251907348633,22.921876907348633,22.140625,19.890626907348633
Correct 18.500001907348633,16.71875,25.265625,18.09375
Correct 23.546876907348633,13.429688453674316,20.703125,19.687501907348633
Correct 16.281253814697266,19.343751907348633,19.0625,23.265626907348633
Wrong 17.250001907348633,22.312501907348633,21.015625,21.515626907348633
Correct 16.71875,15.3515625,26.375,16.3125
Correct 15.15625286102295,23.312503814697266,22.28125,18.078126907348633
Correct 19.828126907348633,22.843751907348633,21.015625,19.468751907348633
Correct 23.656251907348633,16.0,17.703125,18.390626907348633
Correct 16.343751907348633,16.109375,19.140625,24.90625
Correct 18.125,16.59375,26.171875,17.15625
Correct 23.765626907348633,16.265625,17.671875,19.640626907348633
Correct 17.625001907348633,19.046875,19.390625,24.46875
Correct 22.078128814697266,21.390626907348633,20.03125,20.281251907348633
Correct 17.656251907348633,16.703125,19.609375,24.093751907348633
Correct 16.515626907348633,16.859375,17.34375,24.390626907348633
Correct 17.171875,14.4296875,25.984375,16.3125
Wrong 22.359376907348633,18.671876907348633,22.515625,15.859375953674316
Correct 19.093751907348633,16.968751907348633,24.640625,18.984376907348633
Correct 15.906251907348633,22.468751907348633,22.40625,20.328126907348633
Correct 18.453126907348633,24.000001907348633,18.5,16.703126907348633
