grade confidence_levels
Correct 15.117247581481934,15.047027587890625,17.26569366455078,15.601839065551758
Wrong 14.937569618225098,16.234556198120117,14.992291450500488,15.140946388244629
Correct 14.484475135803223,13.531551361083984,14.343902587890625,15.219103813171387
Wrong 15.382885932922363,15.062726974487305,15.32823657989502,14.890974044799805
Wrong 14.84384536743164,15.445535659790039,15.101712226867676,15.51595687866211
Correct 15.742294311523438,14.945591926574707,15.187674522399902,14.789473533630371
Correct 15.804763793945312,14.45337200164795,14.617359161376953,14.476946830749512
Wrong 14.484513282775879,14.422139167785645,14.01581859588623,14.000480651855469
Wrong 15.343883514404297,13.680070877075195,14.23458194732666,14.953564643859863
Wrong 16.15632438659668,14.687759399414062,15.617305755615234,15.547188758850098
Correct 14.929807662963867,14.125322341918945,15.336121559143066,14.102041244506836
Wrong 15.054791450500488,14.000391006469727,14.820534706115723,14.51613998413086
Wrong 15.093830108642578,15.523636817932129,15.578243255615234,15.320632934570312
Correct 14.968867301940918,14.680044174194336,15.593942642211914,15.539607048034668
Wrong 15.218907356262207,14.781587600708008,14.086159706115723,14.430192947387695
Wrong 15.234474182128906,14.445584297180176,15.359543800354004,15.531636238098145
Wrong 15.586063385009766,15.055005073547363,14.797066688537598,15.383283615112305
Wrong 14.742325782775879,13.719079971313477,14.234556198120117,14.633319854736328
Correct 14.898503303527832,14.172093391418457,14.67982006072998,16.484619140625
Correct 16.406320571899414,14.273680686950684,14.734541893005371,15.086262702941895
Correct 15.156329154968262,14.500187873840332,15.781339645385742,17.031478881835938
Wrong 15.742234230041504,15.39859676361084,16.46882438659668,15.32831859588623
Wrong 15.289138793945312,14.812729835510254,15.203265190124512,15.398746490478516
Correct 15.007936477661133,14.055000305175781,14.492361068725586,15.320693016052246
Correct 14.320422172546387,13.523710250854492,13.961091995239258,15.531633377075195
Wrong 14.742288589477539,13.734667778015137,14.242349624633789,15.390990257263184
Wrong 15.695435523986816,15.265926361083984,13.52363109588623,13.477153778076172
Wrong 15.023517608642578,14.773652076721191,15.117314338684082,15.242481231689453
Wrong 15.17978286743164,14.804940223693848,15.554825782775879,14.906618118286133
Correct 14.914175033569336,14.453385353088379,15.91419506072998,15.281608581542969
Correct 15.453279495239258,13.953590393066406,15.000256538391113,15.680285453796387
Wrong 14.898550033569336,14.9299955368042,14.945479393005371,14.48478889465332
Correct 15.156367301940918,13.820599555969238,14.570477485656738,15.14887523651123
Wrong 15.67197036743164,14.51589298248291,15.531386375427246,15.453471183776855
Correct 15.000099182128906,15.265870094299316,14.695456504821777,15.953449249267578
Wrong 15.656346321105957,15.336223602294922,15.179882049560547,15.773811340332031
Wrong 15.14855670928955,14.656567573547363,15.195464134216309,15.76613998413086
Wrong 15.468879699707031,13.859700202941895,14.164299011230469,14.742742538452148
Correct 15.921926498413086,14.711082458496094,17.06256675720215,15.250216484069824
Wrong 15.078191757202148,14.42989444732666,15.148557662963867,15.679924011230469
Correct 13.906347274780273,13.76589298248291,14.211073875427246,16.750247955322266
Wrong 15.757902145385742,14.812782287597656,15.929840087890625,15.851943016052246
Correct 16.453203201293945,14.515836715698242,14.070479393005371,14.515962600708008
Wrong 14.85173225402832,13.625401496887207,14.008075714111328,14.539575576782227
Correct 16.015779495239258,13.070752143859863,13.195570945739746,13.961494445800781
Wrong 15.367280960083008,15.429910659790039,14.90638542175293,15.36751937866211
Wrong 16.031314849853516,15.6173734664917,14.726693153381348,15.625316619873047
Correct 16.171968460083008,13.711219787597656,14.164233207702637,14.109827995300293
Correct 16.359420776367188,15.00796890258789,14.79697036743164,15.226799011230469
Wrong 14.781378746032715,14.734654426574707,14.562681198120117,15.070706367492676
Wrong 15.132891654968262,15.031489372253418,15.312647819519043,15.351861953735352
Correct 14.84386920928955,13.859604835510254,15.398575782775879,14.820666313171387
Correct 15.93768310546875,13.828587532043457,14.422150611877441,15.125699043273926
Correct 15.16413688659668,15.515791893005371,15.742295265197754,15.406512260437012
Correct 15.007912635803223,14.22680377960205,14.593897819519043,15.015949249267578
Correct 15.336024284362793,13.914318084716797,14.914200782775879,14.937862396240234
Wrong 15.500118255615234,14.039432525634766,14.375197410583496,14.875420570373535
Correct 14.937657356262207,13.703533172607422,14.336165428161621,14.289721488952637
Wrong 15.648538589477539,14.804969787597656,15.25798225402832,15.234779357910156
Wrong 14.898591995239258,13.03166389465332,13.593963623046875,14.281816482543945
Correct 15.945415496826172,14.54722785949707,15.070512771606445,14.953573226928711
Correct 14.64852237701416,14.843947410583496,15.44542121887207,17.343982696533203
Wrong 14.851746559143066,14.172261238098145,14.508051872253418,14.734938621520996
Correct 15.32037353515625,15.625163078308105,15.140741348266602,15.406536102294922
Wrong 14.968850135803223,13.328414916992188,14.695473670959473,15.101923942565918
Wrong 14.929807662963867,14.398707389831543,16.468887329101562,14.367648124694824
Wrong 15.1173095703125,14.781579971313477,15.21893310546875,15.266081809997559
Correct 14.640775680541992,14.125349998474121,15.133009910583496,15.02388858795166
Wrong 15.546971321105957,14.758050918579102,14.64859676361084,14.883155822753906
Wrong 15.843877792358398,14.570712089538574,14.984577178955078,15.078691482543945
Correct 15.039173126220703,14.430012702941895,15.539216995239258,15.320733070373535
Correct 16.015684127807617,15.03142261505127,14.96104621887207,15.718978881835938
Correct 15.382960319519043,13.133211135864258,13.469012260437012,13.477181434631348
Wrong 14.773612022399902,13.023908615112305,13.226848602294922,14.297584533691406
Correct 15.812543869018555,14.562620162963867,15.414132118225098,16.89076042175293
Correct 16.140766143798828,14.703545570373535,14.773709297180176,15.235004425048828
Correct 15.539188385009766,14.562776565551758,14.640822410583496,14.969159126281738
Wrong 15.804752349853516,15.320531845092773,16.1563663482666,16.84398078918457
Wrong 14.922019004821777,15.094103813171387,15.164278030395508,15.20356273651123
Correct 14.101686477661133,13.469036102294922,14.679817199707031,15.929987907409668
Wrong 14.984489440917969,14.414379119873047,14.461161613464355,14.797337532043457
Correct 16.625043869018555,16.31261444091797,16.343822479248047,16.57828712463379
Wrong 15.79694938659668,15.117376327514648,15.156364440917969,15.508048057556152
Correct 15.039149284362793,14.242422103881836,15.211074829101562,15.859692573547363
Wrong 16.000120162963867,14.703474998474121,15.758028030395508,15.039498329162598
Wrong 15.61729907989502,14.492656707763672,14.593941688537598,14.812969207763672
Correct 16.04692840576172,16.125150680541992,15.695415496826172,15.890917778015137
Wrong 14.77353286743164,13.703428268432617,14.76576042175293,14.539508819580078
Wrong 15.046988487243652,14.015951156616211,14.211169242858887,13.969271659851074
Correct 15.62508773803711,14.179914474487305,13.937629699707031,13.984734535217285
Wrong 16.031333923339844,14.78930377960205,15.109524726867676,15.781530380249023
Correct 14.781347274780273,13.625288963317871,15.265763282775879,14.726930618286133
Wrong 15.218870162963867,14.422201156616211,15.125192642211914,15.14891242980957
Correct 15.492269515991211,15.281495094299316,15.265806198120117,16.234697341918945
Correct 15.390764236450195,14.523780822753906,15.242417335510254,15.156685829162598
Wrong 15.531355857849121,14.609679222106934,15.72673225402832,16.0941162109375
Wrong 15.148544311523438,13.03939437866211,13.2736177444458,13.703615188598633
Correct 14.226630210876465,14.125178337097168,15.593866348266602,15.578364372253418
Wrong 15.015786170959473,14.703533172607422,14.844014167785645,14.992725372314453
Correct 15.547002792358398,14.562853813171387,15.023637771606445,15.734819412231445
Wrong 15.179769515991211,15.062697410583496,15.531366348266602,14.83624267578125
Wrong 14.968911170959473,12.81290340423584,13.54710865020752,13.531826972961426
Wrong 15.359452247619629,15.10176944732666,15.453242301940918,15.328390121459961
Wrong 15.66418170928955,14.508234977722168,15.008042335510254,15.141096115112305
Correct 15.093806266784668,15.031455039978027,14.921978950500488,15.961173057556152
Correct 14.617334365844727,14.062859535217285,13.718990325927734,14.125693321228027
Wrong 14.757903099060059,14.492388725280762,14.882953643798828,14.758132934570312
Wrong 15.187591552734375,14.953429222106934,15.437663078308105,15.383258819580078
Correct 14.781339645385742,13.937767028808594,15.672017097473145,14.89885139465332
Correct 15.28133773803711,16.0002384185791,15.21888542175293,14.883179664611816
Correct 15.273537635803223,13.672157287597656,15.586091041564941,14.656651496887207
Wrong 15.04705810546875,14.0551118850708,14.718964576721191,14.734996795654297
Correct 15.789173126220703,13.547211647033691,13.820507049560547,14.00053596496582
Correct 14.484552383422852,12.555187225341797,14.601826667785645,13.532063484191895
Correct 15.91419506072998,13.484674453735352,13.867398262023926,14.148890495300293
Correct 16.453166961669922,15.92979621887207,15.789131164550781,15.867325782775879
Wrong 15.234448432922363,14.531465530395508,14.718880653381348,15.125328063964844
Wrong 15.890707969665527,15.53929328918457,15.85169792175293,15.234786033630371
Correct 14.945375442504883,15.187662124633789,16.296939849853516,17.656410217285156
Correct 14.875075340270996,14.6642427444458,14.828248023986816,16.34404754638672,15.000380516052246
Correct 16.171972274780273,14.265957832336426,14.218953132629395,14.414615631103516
Wrong 15.585991859436035,15.211079597473145,16.234455108642578,15.804885864257812
Wrong 15.953255653381348,14.812858581542969,15.297080039978027,15.344269752502441
Correct 14.937614440917969,14.008191108703613,14.882999420166016,15.86760139465332
Wrong 14.757954597473145,14.476943969726562,15.21113395690918,14.92237663269043
Correct 15.38290786743164,15.101839065551758,14.672032356262207,15.906641960144043
Correct 15.42196273803711,14.734609603881836,15.882943153381348,15.062918663024902
Wrong 15.375086784362793,14.164307594299316,15.523600578308105,15.180051803588867
Correct 15.929771423339844,14.179896354675293,13.922040939331055,13.875542640686035
Wrong 15.554768562316895,14.62519359588623,15.312627792358398,15.05498218536377
Wrong 15.343844413757324,15.273709297180176,15.0861234664917,15.453484535217285
Wrong 16.10943031311035,14.406421661376953,15.1485595703125,15.398672103881836
Correct 15.414165496826172,14.06279182434082,14.664252281188965,15.133193969726562
Wrong 15.304800033569336,14.633111000061035,14.523641586303711,14.727069854736328
Wrong 15.52354907989502,14.828380584716797,15.203266143798828,14.797287940979004
Wrong 15.664155960083008,15.570530891418457,13.906426429748535,14.867595672607422
Correct 15.570395469665527,14.461183547973633,15.281402587890625,14.773846626281738
Wrong 14.672001838684082,13.695655822753906,14.75016975402832,14.352117538452148
Wrong 15.445412635803223,14.570600509643555,15.367350578308105,15.203495979309082
Wrong 15.367308616638184,14.070636749267578,14.531434059143066,15.023871421813965
Correct 15.320377349853516,14.008017539978027,16.031347274780273,14.929971694946289
Correct 15.437609672546387,14.476877212524414,15.140829086303711,15.664546966552734
Wrong 15.96098518371582,14.500143051147461,16.67194175720215,14.273695945739746
Wrong 15.351644515991211,14.961189270019531,15.257953643798828,15.101895332336426
Correct 14.890707015991211,14.023697853088379,14.867324829101562,15.430027961730957
Correct 15.679801940917969,15.015937805175781,15.187698364257812,15.828533172607422
Correct 15.078264236450195,14.562813758850098,15.593920707702637,14.828574180603027
Wrong 15.461071968078613,13.430047035217285,13.640875816345215,13.586532592773438
Correct 16.06259536743164,14.726866722106934,14.914244651794434,14.914523124694824
Correct 16.312591552734375,15.281505584716797,15.281394958496094,15.070677757263184
Correct 15.281291007995605,14.468883514404297,15.69538402557373,15.35173225402832
Correct 15.171974182128906,14.265897750854492,15.078288078308105,15.680116653442383
Wrong 14.7736177444458,13.398873329162598,13.492460250854492,13.883469581604004
Correct 15.578167915344238,15.203250885009766,17.093812942504883,15.422072410583496
Correct 14.007898330688477,13.90649127960205,15.984477996826172,14.789402961730957
Correct 15.0703763961792,14.40642261505127,16.40633773803711,15.179970741271973
Correct 15.226648330688477,14.547123908996582,15.000138282775879,15.937843322753906
Correct 15.18767261505127,12.516056060791016,12.70339584350586,13.328938484191895
Wrong 15.023564338684082,13.758155822753906,14.109577178955078,14.563011169433594
Correct 17.171926498413086,14.086111068725586,14.453227043151855,14.562749862670898
Correct 14.98442268371582,15.445446014404297,15.507903099060059,16.32831382751465
Wrong 14.875141143798828,15.28152084350586,13.898660659790039,14.29740047454834
Wrong 15.250101089477539,15.164328575134277,15.101716041564941,15.758155822753906
Correct 15.75791072845459,14.20345401763916,15.070484161376953,14.867582321166992
Wrong 14.953256607055664,13.945679664611816,14.218972206115723,15.21928596496582
Correct 15.343827247619629,14.40645694732666,16.765718460083008,14.555076599121094
Correct 15.273548126220703,13.672170639038086,14.047033309936523,14.586369514465332
Wrong 15.984447479248047,15.117432594299316,15.304831504821777,15.398774147033691
Correct 15.55478286743164,13.265922546386719,14.390791893005371,14.211404800415039
Wrong 15.60942268371582,15.49232006072998,15.523527145385742,15.257987022399902
Correct 14.976649284362793,14.023741722106934,15.062662124633789,14.25828742980957
Correct 15.304786682128906,14.804983139038086,15.953276634216309,15.141074180603027
Wrong 15.797024726867676,14.984707832336426,15.13308048248291,14.891216278076172
Wrong 14.906359672546387,13.969096183776855,14.804858207702637,14.969123840332031
Correct 15.382868766784668,14.867362022399902,15.421978950500488,15.093992233276367
Correct 15.578204154968262,14.219022750854492,14.843878746032715,16.390865325927734
Correct 15.4844388961792,15.50800895690918,15.375103950500488,15.804987907409668
Correct 16.37507438659668,14.758062362670898,14.093911170959473,14.765993118286133
Correct 15.945379257202148,15.781427383422852,15.82823371887207,15.687783241271973
Correct 15.47661304473877,14.640762329101562,16.234447479248047,16.96892738342285
Wrong 15.2735595703125,14.922228813171387,15.758010864257812,15.422355651855469
Correct 15.750154495239258,14.961385726928711,15.406484603881836,15.508341789245605
Correct 17.609434127807617,14.586122512817383,15.015728950500488,14.711305618286133
Wrong 15.218870162963867,14.719086647033691,15.101741790771484,14.867755889892578
Wrong 15.289130210876465,15.36735725402832,15.10948657989502,15.039325714111328
Correct 14.984493255615234,13.687835693359375,14.429871559143066,15.000386238098145
Correct 15.69540786743164,15.070629119873047,15.437654495239258,15.617546081542969
Wrong 15.671947479248047,13.984609603881836,15.421979904174805,14.867502212524414
Correct 15.8360013961792,14.172052383422852,16.046974182128906,15.000299453735352
Wrong 15.343829154968262,15.117414474487305,15.507914543151855,14.984737396240234
Correct 15.484471321105957,14.63306999206543,16.12514877319336,15.430131912231445
Correct 15.421951293945312,14.304902076721191,15.156363487243652,15.930002212524414
Wrong 15.226619720458984,15.234548568725586,15.000107765197754,15.67209529876709
Wrong 15.343856811523438,15.617438316345215,15.375176429748535,15.195730209350586
Wrong 14.75788402557373,14.578323364257812,15.195429801940918,15.383061408996582
Correct 14.9297513961792,14.484580039978027,15.586054801940918,15.726801872253418
Wrong 15.304778099060059,14.640839576721191,14.484521865844727,15.062811851501465
Correct 15.476635932922363,14.812727928161621,15.750129699707031,15.984776496887207
Correct 15.273551940917969,15.172199249267578,15.742348670959473,16.094158172607422
Correct 15.257887840270996,14.281453132629395,15.156352996826172,15.83619499206543
Correct 14.429779052734375,13.961246490478516,15.07044506072998,14.820642471313477
Correct 15.343830108642578,15.695491790771484,15.547000885009766,15.609701156616211
Wrong 15.218865394592285,13.875381469726562,14.78926944732666,14.875482559204102
Wrong 15.20320987701416,14.15649127960205,14.914190292358398,15.195669174194336
Wrong 14.906371116638184,15.4299955368042,14.953326225280762,15.102002143859863
Wrong 15.976614952087402,15.843899726867676,15.296965599060059,16.343936920166016
Correct 16.515718460083008,14.60178279876709,13.851710319519043,14.71908187866211
Correct 15.4219970703125,15.0003080368042,15.640804290771484,16.00037956237793
Wrong 14.453261375427246,14.22691535949707,14.21897029876709,15.156670570373535
Wrong 15.000105857849121,14.242443084716797,15.648598670959473,15.59410285949707
Correct 15.984458923339844,14.664318084716797,15.547002792358398,14.992476463317871
Correct 17.45319175720215,14.773656845092773,14.554849624633789,14.750372886657715
Wrong 15.859465599060059,14.695548057556152,15.078279495239258,16.031593322753906
Correct 15.55475902557373,15.406440734863281,15.70325756072998,16.75021743774414
Correct 14.507893562316895,14.125227928161621,14.437641143798828,16.406463623046875
Correct 15.367249488830566,14.61734390258789,15.296969413757324,15.117415428161621
Correct 14.500103950500488,14.765941619873047,14.500199317932129,15.086331367492676
Wrong 15.312600135803223,14.172141075134277,15.992321968078613,15.055108070373535
Wrong 15.01574993133545,13.461308479309082,14.468951225280762,13.531838417053223
Wrong 16.890666961669922,16.234512329101562,15.187579154968262,15.781434059143066
Wrong 14.820438385009766,14.234686851501465,14.242378234863281,14.117679595947266
Correct 15.632939338684082,14.476902961730957,14.890851974487305,15.391105651855469
Correct 14.320450782775879,13.742552757263184,14.125178337097168,14.547327995300293
Wrong 16.140682220458984,15.203282356262207,15.820414543151855,15.703370094299316
Correct 15.460987091064453,15.406386375427246,17.26569938659668,15.789298057556152
Correct 15.265779495239258,14.32859992980957,14.804909706115723,14.898927688598633
Correct 15.101631164550781,13.515838623046875,14.82042407989502,15.828353881835938
Correct 15.164143562316895,15.031466484069824,15.507942199707031,15.78152847290039
Wrong 14.937585830688477,15.554922103881836,15.00015640258789,15.156617164611816
Correct 15.18758487701416,15.687738418579102,14.968894958496094,14.844093322753906
Correct 14.757905960083008,14.039316177368164,15.77357292175293,14.031668663024902
Correct 15.078241348266602,14.179951667785645,15.44546890258789,14.859869003295898
Wrong 15.578227043151855,14.523763656616211,14.86739444732666,15.601956367492676
Correct 15.484548568725586,13.148869514465332,13.695595741271973,14.445910453796387
Correct 15.781340599060059,14.726851463317871,15.140792846679688,15.156648635864258
Correct 15.961044311523438,14.844026565551758,15.375137329101562,15.625293731689453
Wrong 14.742290496826172,14.015950202941895,14.30485725402832,14.469244003295898
Wrong 15.570419311523438,14.336195945739746,15.367329597473145,15.500380516052246
Correct 15.43762493133545,13.33637809753418,14.117424964904785,14.172506332397461
Correct 14.843879699707031,14.97690200805664,14.625205039978027,14.383367538452148
Wrong 15.60944938659668,14.500190734863281,15.398547172546387,15.179986000061035
Wrong 14.859500885009766,14.14096736907959,15.000198364257812,14.547412872314453
Correct 15.554769515991211,14.937713623046875,15.89855670928955,16.31281089782715
Wrong 15.468851089477539,15.031506538391113,15.312661170959473,15.625370025634766
Correct 15.343852043151855,14.398701667785645,15.078265190124512,14.109824180603027
Wrong 15.695415496826172,14.797119140625,14.757979393005371,15.398794174194336
Correct 17.39065933227539,13.867314338684082,14.101643562316895,14.000207901000977
Wrong 15.320442199707031,15.13315200805664,15.179895401000977,15.14115047454834
Correct 15.093852043151855,14.469025611877441,14.515786170959473,14.664432525634766
Correct 15.672046661376953,14.937965393066406,15.054945945739746,15.367744445800781
Correct 15.906295776367188,16.125106811523438,16.125072479248047,15.742372512817383
Correct 15.88290023803711,14.656510353088379,14.86733627319336,15.578489303588867
Correct 15.078254699707031,14.351912498474121,14.953328132629395,14.211514472961426
Correct 15.445398330688477,13.765897750854492,14.07828140258789,14.203554153442383
Correct 16.359447479248047,15.00019645690918,15.711048126220703,15.953400611877441
Correct 15.898552894592285,14.00030517578125,14.17988395690918,14.523935317993164
Wrong 14.968856811523438,14.609662055969238,15.757949829101562,15.351949691772461
Wrong 15.398543357849121,14.476914405822754,14.547065734863281,14.758271217346191
Wrong 15.132915496826172,14.640925407409668,14.672048568725586,15.156708717346191
Correct 15.179797172546387,15.42995548248291,14.570469856262207,15.078446388244629
Wrong 16.406339645385742,15.297097206115723,15.281391143798828,14.96909236907959
Wrong 14.92199993133545,13.85973072052002,14.312724113464355,14.148941040039062
Wrong 15.484451293945312,15.578338623046875,15.726678848266602,15.30495834350586
Correct 14.679808616638184,14.109664916992188,14.211116790771484,14.719146728515625
Correct 15.6953763961792,14.133035659790039,14.156392097473145,14.437812805175781
Correct 14.984436988830566,14.203303337097168,16.046960830688477,14.633110046386719
Wrong 15.242293357849121,14.031586647033691,14.453307151794434,14.78172492980957
Correct 16.625064849853516,14.484594345092773,14.922006607055664,15.234623908996582
Correct 14.94540786743164,14.344024658203125,15.203269958496094,15.52379035949707
Correct 16.03132438659668,14.226781845092773,15.257944107055664,15.070662498474121
Wrong 14.554807662963867,13.773816108703613,14.476763725280762,14.258378982543945
Wrong 16.453227996826172,14.734662055969238,14.687721252441406,15.172340393066406
Correct 16.765710830688477,14.062755584716797,14.351734161376953,14.789432525634766
Wrong 15.664264678955078,14.578460693359375,14.609650611877441,14.680160522460938
Correct 14.859527587890625,13.953537940979004,13.765873908996582,14.180251121520996
Correct 15.77353286743164,14.445563316345215,15.023569107055664,16.843976974487305
Wrong 15.211041450500488,14.047112464904785,15.632946968078613,15.297183990478516
Wrong 15.445453643798828,15.164386749267578,15.39862060546875,15.539451599121094
Wrong 14.976631164550781,15.265859603881836,15.109501838684082,15.375313758850098
Wrong 15.226631164550781,14.179925918579102,15.211063385009766,15.195610046386719
Wrong 15.19542407989502,13.695698738098145,14.437698364257812,14.648853302001953
Correct 14.945418357849121,15.34400749206543,14.593914031982422,15.062875747680664
Wrong 14.961100578308105,15.297187805175781,14.843985557556152,15.414519309997559
Correct 15.562578201293945,15.570512771606445,14.773582458496094,15.242548942565918
Wrong 15.429821968078613,14.625347137451172,14.66428279876709,14.961414337158203
Correct 15.242271423339844,14.273693084716797,16.234508514404297,15.148832321166992
Correct 15.078238487243652,14.672142028808594,14.906425476074219,14.875362396240234
Correct 15.31256103515625,14.875164985656738,15.601654052734375,15.187764167785645
Wrong 15.22668170928955,14.04720687866211,14.976764678955078,15.742609977722168
Wrong 15.359463691711426,14.492412567138672,15.211051940917969,15.039341926574707
Wrong 15.609485626220703,15.1018705368042,15.59392261505127,15.3676118850708
Correct 14.875089645385742,13.398690223693848,14.812623023986816,15.344114303588867
Wrong 15.60168170928955,14.008203506469727,14.648660659790039,14.70369815826416
Wrong 15.601667404174805,14.992548942565918,15.164238929748535,15.351883888244629
Wrong 15.336050033569336,14.890947341918945,15.570484161376953,15.672374725341797
Correct 16.843841552734375,15.43770694732666,14.890765190124512,14.984731674194336
Correct 15.52353572845459,14.086201667785645,14.922027587890625,15.531559944152832
Wrong 15.257904052734375,14.383048057556152,15.859498023986816,15.398724555969238
Wrong 15.718860626220703,15.523691177368164,15.406394004821777,15.640933990478516
Correct 15.921980857849121,15.398701667785645,15.461094856262207,16.312849044799805
Correct 16.203229904174805,14.953390121459961,15.320502281188965,15.508269309997559
Correct 15.554793357849121,15.54720687866211,15.961095809936523,15.64106273651123
Correct 14.172018051147461,14.015880584716797,14.492338180541992,16.29718017578125
Wrong 15.437637329101562,14.945634841918945,15.047073364257812,14.992648124694824
Wrong 15.18760871887207,14.570585250854492,14.398634910583496,14.766018867492676
Wrong 14.898618698120117,13.383277893066406,14.015884399414062,13.789731979370117
Wrong 14.750127792358398,14.164368629455566,14.781415939331055,14.805109977722168
Correct 15.898540496826172,15.21125602722168,15.875154495239258,16.42218589782715
Correct 15.257959365844727,14.976895332336426,14.953296661376953,16.125417709350586
Correct 15.148477554321289,15.875102043151855,14.929757118225098,15.554864883422852
Correct 15.922008514404297,15.219094276428223,14.633033752441406,15.14886474609375
Correct 16.218849182128906,14.711265563964844,14.633003234863281,14.492673873901367
Wrong 15.25795841217041,14.320611953735352,15.531387329101562
Wrong 15.56265926361084,13.891087532043457,14.383096694946289,15.109977722167969
Wrong 15.242277145385742,15.054976463317871,15.914194107055664,15.648837089538574
Correct 15.054805755615234,14.812826156616211,15.359566688537598,14.27403736114502
Wrong 15.24224853515625,14.531455039978027,15.125116348266602,15.883075714111328
Wrong 15.125070571899414,14.633033752441406,14.789189338684082,14.789372444152832
Wrong 15.336019515991211,14.23465347290039,15.007976531982422,15.53159236907959
Correct 14.937590599060059,13.125289916992188,13.757973670959473,15.07853889465332
Wrong 15.390789985656738,13.883191108703613,13.758036613464355,14.695755004882812
Correct 14.66423511505127,14.445618629455566,13.95344352722168,15.625495910644531
Correct 14.968859672546387,13.750314712524414,14.12515640258789,15.26597785949707
Correct 14.851659774780273,14.422126770019531,14.547039985656738,14.773848533630371
Wrong 15.632906913757324,14.359640121459961,14.601705551147461,14.992523193359375
Wrong 16.062612533569336,16.03150749206543,15.859538078308105,16.156606674194336
Wrong 15.046989440917969,14.594059944152832,14.593981742858887,15.086488723754883
Wrong 15.570405006408691,14.992445945739746,15.429862022399902,15.578511238098145
Correct 16.125104904174805,14.000280380249023,13.97675895690918,14.031753540039062
Correct 15.031339645385742,14.437736511230469,15.328265190124512,16.531494140625
Wrong 16.047021865844727,14.180047035217285,14.000263214111328,14.352115631103516
Wrong 15.000177383422852,13.828543663024902,14.172101020812988,14.719376564025879
Wrong 15.203221321105957,14.117471694946289,15.18765640258789,14.984766960144043
Wrong 14.765717506408691,13.945595741271973,14.929844856262207,15.414443016052246
Correct 14.921993255615234,14.180041313171387,14.047083854675293,14.188032150268555
Correct 15.461017608642578,17.031429290771484,15.41418743133545,15.18779468536377
Correct 15.078322410583496,13.617767333984375,13.742568969726562,15.008471488952637
Correct 14.507895469665527,15.101810455322266,14.117335319519043,14.508201599121094
Correct 15.211007118225098,14.523658752441406,14.789222717285156,15.586211204528809
Wrong 15.265746116638184,14.52376937866211,15.398604393005371,15.695816040039062
Wrong 15.65635871887207,14.172164916992188,14.070501327514648,15.25816822052002
Wrong 15.84386157989502,14.57846450805664,15.554855346679688,15.437958717346191
Wrong 15.445418357849121,15.125215530395508,15.187638282775879,16.594039916992188
Correct 15.257903099060059,14.390900611877441,14.625173568725586,15.039412498474121
Correct 15.047093391418457,12.734896659851074,13.695475578308105,13.078938484191895
Correct 15.648508071899414,14.218960762023926,14.414199829101562,14.78936767578125
Correct 14.961013793945312,14.492464065551758,15.047012329101562,16.015939712524414
Wrong 15.289148330688477,14.859591484069824,15.30482006072998,15.12537670135498
Correct 15.226696014404297,15.414429664611816,15.086177825927734,15.211559295654297
Wrong 15.578258514404297,14.430116653442383,14.773674011230469,15.000490188598633
Wrong 15.28915023803711,14.523707389831543,14.789219856262207,14.578540802001953
Correct 15.476662635803223,15.703401565551758,14.492362976074219,14.820713996887207
Wrong 14.476641654968262,14.804863929748535,15.047000885009766,16.047075271606445
Correct 15.625062942504883,15.070512771606445,15.570435523986816,15.000320434570312
Correct 15.63296127319336,13.969087600708008,15.765780448913574,15.49263858795166
Wrong 14.750101089477539,13.562820434570312,14.804851531982422,14.875422477722168
Wrong 15.46102523803711,14.492480278015137,15.265814781188965,15.055068969726562
Wrong 15.187594413757324,14.13310718536377,14.343934059143066,14.656659126281738
Wrong 15.539167404174805,14.695564270019531,14.929838180541992,14.875389099121094
Wrong 16.125083923339844,15.164326667785645,16.015783309936523,16.140966415405273
Wrong 15.875105857849121,15.117452621459961,15.23455810546875,15.484759330749512
Wrong 15.500077247619629,15.008011817932129,15.429818153381348,15.773725509643555
Correct 16.23444175720215,13.968975067138672,14.390775680541992,14.578417778015137
Correct 15.312579154968262,14.773648262023926,16.84385108947754,15.094103813171387
Wrong 15.570356369018555,15.422063827514648,15.625102996826172,15.90647029876709
Correct 15.10170841217041,14.656706809997559,14.992433547973633,15.531712532043457
Correct 14.609513282775879,13.719071388244629,14.398601531982422,14.375454902648926
Correct 14.984436988830566,14.07050609588623,14.711048126220703,16.14084815979004
Wrong 16.18766212463379,14.633265495300293,14.875246047973633,15.398950576782227
Wrong 14.781341552734375,15.47679615020752,15.39856243133545,16.469036102294922
Wrong 15.078251838684082,13.33635139465332,13.922074317932129,14.219329833984375
Correct 15.640716552734375,15.078369140625,16.156400680541992,15.430024147033691
Wrong 15.171993255615234,13.851945877075195,14.468958854675293,14.97705078125
Wrong 16.85943603515625,15.61735725402832,15.304800987243652,15.844099998474121
Wrong 16.250062942504883,15.51580810546875,16.625083923339844,16.15644073486328
Correct 14.67195987701416,13.914307594299316,15.672013282775879,14.422290802001953
Wrong 15.203271865844727,13.55512523651123,14.687636375427246,13.961525917053223
Wrong 15.601740837097168,15.281702995300293,14.390918731689453,15.078722953796387
Correct 16.250070571899414,15.21114444732666,15.289175033569336,15.906545639038086
Correct 16.26569366455078,15.008008003234863,15.148547172546387,15.85179615020752
Wrong 15.281414985656738,14.320816040039062,14.812849044799805,15.375553131103516
Wrong 14.672001838684082,14.67221736907959,14.867388725280762,14.047431945800781
Wrong 15.5548095703125,14.797107696533203,16.531373977661133
Wrong 15.531373023986816,14.836220741271973,15.945466995239258,15.187944412231445
Correct 16.859437942504883,14.804853439331055,14.921989440917969,14.593992233276367
Correct 14.898581504821777,13.523765563964844,13.648632049560547,14.172384262084961
Correct 15.445384979248047,15.46113395690918,16.015731811523438,16.281476974487305
Wrong 15.203198432922363,13.656538963317871,14.304815292358398,14.609692573547363
Wrong 15.062654495239258,14.44573974609375,14.515833854675293,15.437952995300293
Wrong 15.484477996826172,14.97680377960205,15.718894004821777,16.031604766845703
Correct 14.984472274780273,14.906493186950684,15.336097717285156,16.234737396240234
Wrong 15.265692710876465,15.093968391418457,14.726685523986816,14.570634841918945
Correct 14.898538589477539,13.984711647033691,15.218945503234863,14.945734977722168
Wrong 15.515686988830566,15.586143493652344,15.718859672546387,16.187782287597656
Correct 15.000067710876465,14.523635864257812,15.468865394592285,14.828392028808594
Wrong 15.289198875427246,13.531784057617188,13.781503677368164,14.3599214553833
Wrong 15.3048095703125,14.35193920135498,14.187732696533203,14.063223838806152
Wrong 15.023599624633789,14.375391006469727,14.359597206115723,14.89115047454834
Wrong 15.445414543151855,15.203400611877441,15.461112022399902,15.625456809997559
Correct 16.109434127807617,14.742354393005371,16.375093460083008,15.383100509643555
Correct 15.4219331741333,15.06265926361084,16.531341552734375,16.187746047973633
Wrong 14.906346321105957,13.617416381835938,14.812642097473145,13.976943969726562
Wrong 15.359481811523438,14.68777084350586,14.500194549560547,14.812925338745117
Correct 16.203248977661133,13.773724555969238,14.10956859588623,14.289525032043457
Wrong 15.406320571899414,16.04704475402832,16.03134536743164,16.015857696533203
Correct 15.000168800354004,13.430068016052246,13.57056999206543,13.906845092773438
Correct 15.390748977661133,14.08623218536377,15.062664985656738,15.570720672607422
Correct 15.203187942504883,14.570480346679688,14.812579154968262,15.976757049560547
Correct 14.742310523986816,13.680070877075195,15.242368698120117,15.773929595947266
Correct 16.64068031311035,14.672019004821777,15.062610626220703,15.086187362670898
Wrong 15.164144515991211,14.515888214111328,14.92984390258789,14.85191822052002
Wrong 16.14068031311035,15.156394004821777,15.070413589477539,15.812723159790039
Correct 15.226664543151855,15.242414474487305,14.734548568725586,14.906646728515625
Wrong 14.382976531982422,12.687891960144043,13.523677825927734,13.313151359558105
Correct 15.03915023803711,15.047148704528809,14.922028541564941,14.687868118286133
Wrong 15.46104621887207,14.961258888244629,15.765774726867676,15.6176118850708
Correct 16.515756607055664,14.52375602722168,14.453347206115723,14.09426498413086
Correct 14.89855670928955,13.367497444152832,13.898633003234863,13.617642402648926
Wrong 14.921964645385742,14.711202621459961,15.85949993133545,14.820627212524414
Correct 15.554752349853516,14.531476974487305,15.937604904174805,15.797123908996582
Correct 14.91417407989502,14.726898193359375,14.617399215698242,15.101996421813965
Wrong 15.09390926361084,13.844097137451172,14.672101020812988,14.789571762084961
Correct 15.171951293945312,15.008003234863281,15.914169311523438,15.25805377960205
Wrong 15.820390701293945,14.375188827514648,14.515731811523438,16.07834815979004
Correct 15.4766263961792,14.359551429748535,15.523539543151855,15.14091682434082
Wrong 15.070402145385742,15.945574760437012,15.211097717285156,15.297283172607422
Correct 15.093829154968262,13.906482696533203,15.539179801940918,14.648818969726562
Wrong 15.726714134216309,14.125415802001953,15.687713623046875,14.649091720581055
Wrong 15.47668743133545,14.156639099121094,14.609577178955078,14.930221557617188
Correct 15.76572036743164,14.89087200164795,15.828245162963867,16.18777847290039
Wrong 15.054790496826172,14.03930377960205,14.4689359664917,14.578500747680664
Correct 16.984447479248047,15.054896354675293,14.961068153381348,15.836210250854492
Correct 15.867292404174805,14.820633888244629,14.703344345092773,15.430230140686035
Wrong 15.070436477661133,14.156530380249023,14.679883003234863,14.539525032043457
Correct 16.046985626220703,14.336275100708008,14.718931198120117,15.234774589538574
Correct 15.429757118225098,14.51579475402832,16.015727996826172,16.79710578918457
Correct 15.148613929748535,14.164496421813965,15.726837158203125,14.500690460205078
Correct 15.734467506408691,14.718972206115723,15.351696014404297,15.547191619873047
Correct 14.898632049560547,13.320834159851074,13.789396286010742,14.828766822814941
Correct 15.148555755615234,14.703377723693848,14.843903541564941,15.187887191772461
Correct 15.75013542175293,14.375299453735352,15.05492877960205,14.94581413269043
Wrong 14.273632049560547,12.469249725341797,14.094009399414062,13.578970909118652
Correct 14.875131607055664,13.328483581542969,14.148655891418457,13.883392333984375
Wrong 15.671965599060059,15.140928268432617,15.74233341217041,16.140953063964844
Correct 14.632896423339844,13.98463249206543,14.601700782775879,15.594049453735352
Wrong 15.289130210876465,15.000178337097168,15.492270469665527,15.148681640625
Correct 15.171957969665527,15.226810455322266,15.086071968078613,14.750378608703613
Wrong 15.937586784362793,14.640806198120117,16.093854904174805,15.304970741271973
Wrong 14.8048095703125,14.00034236907959,15.039234161376953,14.461373329162598
Wrong 15.304784774780273,14.828422546386719,15.570453643798828,15.789387702941895
Correct 15.953210830688477,14.734575271606445,15.382954597473145,15.640936851501465
Correct 15.546957015991211,14.523622512817383,15.98450756072998,15.523751258850098
Correct 15.632914543151855,15.086301803588867,15.320513725280762,15.914433479309082
Correct 14.882952690124512,13.211341857910156,14.28140640258789,14.453592300415039
Correct 16.37507438659668,14.828351020812988,15.000140190124512,15.43777847290039
Correct 15.648520469665527,14.242437362670898,15.234513282775879,15.703408241271973
Wrong 15.812614440917969,15.226887702941895,15.023669242858887,15.031692504882812
Correct 14.672054290771484,12.797324180603027,14.133063316345215,14.438157081604004
Wrong 16.109468460083008,15.101871490478516,15.773567199707031,15.68783950805664
Correct 15.757884979248047,15.781497955322266,15.867323875427246,16.281578063964844
Wrong 14.492284774780273,14.273714065551758,15.08607292175293,15.351926803588867
Correct 14.757865905761719,13.179889678955078,13.601668357849121,16.281469345092773
Correct 14.773499488830566,13.984557151794434,14.867280960083008,16.62518310546875
Correct 15.156329154968262,14.437698364257812,16.2032413482666,15.359679222106934
Correct 14.750129699707031,14.797208786010742,15.257986068725586,15.180152893066406
Wrong 15.961008071899414,15.11739444732666,16.15635108947754,15.789377212524414
Wrong 15.078243255615234,13.953462600708008,14.60175609588623,14.320821762084961
Correct 15.710997581481934,15.312657356262207,15.984452247619629,17.422054290771484
Wrong 15.476709365844727,14.523834228515625,14.664323806762695,14.852117538452148
Wrong 14.867324829101562,14.10193920135498,14.726788520812988,14.391136169433594
Wrong 14.953184127807617,14.804882049560547,15.687589645385742,15.30490493774414
Correct 15.0236177444458,15.117616653442383,14.047200202941895,14.149158477783203
Wrong 15.500121116638184,14.609829902648926,14.617438316345215,15.094367027282715
Wrong 14.703248023986816,13.711286544799805,13.000273704528809,13.320926666259766
Wrong 15.421968460083008,14.351884841918945,15.09391975402832,15.047281265258789
Wrong 14.789152145385742,14.359658241271973,14.765802383422852,14.836280822753906
Wrong 15.211004257202148,14.914227485656738,15.67197322845459,15.117447853088379
Correct 14.961007118225098,15.437689781188965,16.09384536743164,16.547136306762695
Wrong 15.078267097473145,15.140889167785645,15.297091484069824,15.711338996887207
Correct 15.461003303527832,13.804840087890625,14.757902145385742,16.67206382751465
Correct 15.687623023986816,13.336280822753906,13.33614730834961,14.195821762084961
Wrong 15.140809059143066,13.133244514465332,13.890954971313477,14.281911849975586
Wrong 15.257898330688477,15.047086715698242,15.41419506072998,15.648834228515625
Wrong 15.84382152557373,15.59394359588623,15.86731243133545,15.726836204528809
Correct 15.25004768371582,14.203282356262207,15.984467506408691,14.929960250854492
Correct 16.421979904174805,14.383111000061035,14.703303337097168,14.805100440979004
Wrong 15.195465087890625,13.508207321166992,13.523646354675293,13.711594581604004
Correct 15.117233276367188,14.687642097473145,15.609440803527832,15.992344856262207
Correct 16.218887329101562,14.016016960144043,14.140894889831543,14.69589900970459
Wrong 15.890711784362793,14.484612464904785,14.82046127319336,15.328407287597656
Wrong 14.296947479248047,14.156484603881836,15.093907356262207,14.000532150268555,14.844245910644531
Correct 15.515726089477539,13.570584297180176,13.851730346679688,13.649014472961426
Correct 15.687612533569336,14.609697341918945,15.172065734863281,15.414554595947266
Wrong 16.031352996826172,15.648701667785645,16.12514305114746
Correct 14.718810081481934,14.617298126220703,17.578176498413086,15.367350578308105
Wrong 14.859439849853516,14.312698364257812,15.64853572845459,15.234593391418457
Wrong 16.328197479248047,15.16426944732666,15.88293170928955,15.719021797180176
Correct 15.242268562316895,15.976760864257812,15.367315292358398,15.187832832336426
Wrong 14.609549522399902,13.344226837158203,14.547089576721191,13.656871795654297
Wrong 14.65638542175293,13.297236442565918,15.15645980834961,14.336459159851074
