grade confidence_levels
Correct -5.529498100280762,-5.512299537658691,-6.232354640960693,-6.264304161071777
Wrong -5.41537618637085,-4.919880390167236,-5.894004821777344,-5.889977931976318
Wrong -6.340889930725098,-5.471177101135254,-6.183450222015381,-6.457260608673096
Wrong -5.942142486572266,-4.601665496826172,-5.123679161071777,-5.956492900848389
Correct -7.135435581207275,-5.717514514923096,-6.543464183807373,-6.716477870941162
Correct -5.9972028732299805,-5.638880252838135,-6.208646297454834,-6.583541393280029
Wrong -5.2509942054748535,-4.8494391441345215,-5.679355144500732,-5.6043009757995605
Wrong -6.19949197769165,-5.181238174438477,-5.726589679718018,-5.849886417388916
Wrong -4.761743545532227,-5.209057807922363,-5.673463344573975,-5.996667385101318
Wrong -5.383027076721191,-5.171352386474609,-6.298463344573975,-6.256924152374268
Wrong -6.093064785003662,-5.451448917388916,-5.972885608673096,-6.305116653442383
Correct -6.99354362487793,-5.928064823150635,-6.2213263511657715,-6.368142604827881
Wrong -6.028627395629883,-5.559401035308838,-6.21376371383667,-6.368170261383057
Correct -5.941067218780518,-5.545061111450195,-6.526970386505127,-6.32416296005249
Wrong -4.608961582183838,-4.866879940032959,-5.750360488891602,-5.757839679718018
Wrong -5.36221170425415,-5.5346174240112305,-6.145115852355957,-5.805278778076172
Wrong -6.050258159637451,-5.259068012237549,-5.876760482788086,-5.928526401519775
Wrong -6.460029602050781,-6.007376194000244,-6.502679824829102,-6.276817321777344
Correct -6.275333881378174,-5.669192790985107,-6.214317321777344,-6.535793781280518
Wrong -4.96902322769165,-5.192917823791504,-6.0954270362854,-6.014883041381836
Wrong -5.994739055633545,-5.250281810760498,-5.639564514160156,-5.576155662536621
Wrong -5.755250453948975,-5.337964057922363,-5.93865442276001,-6.249223709106445
Wrong -5.5522284507751465,-5.289643287658691,-5.9093780517578125,-5.905109882354736
Correct -5.342406749725342,-5.420240879058838,-5.863590717315674,-6.050810813903809
Correct -4.919825077056885,-5.34760046005249,-6.284811973571777,-6.393359184265137
Wrong -6.173022270202637,-5.701645851135254,-6.077363014221191,-6.202162265777588
Correct -6.700032711029053,-5.718116760253906,-6.3270263671875,-6.4214982986450195
Wrong -5.893992900848389,-5.094805717468262,-5.653294563293457,-5.510900020599365
Wrong -5.340417861938477,-5.40928840637207,-6.096462249755859,-6.354175090789795
Correct -7.273263454437256,-5.951920509338379,-6.270104885101318,-6.193432807922363
Wrong -5.892732620239258,-5.896692752838135,-6.455737590789795,-6.217226505279541
Correct -5.164277076721191,-5.283133029937744,-6.215125560760498,-6.274984359741211
Wrong -6.11027717590332,-5.273617744445801,-5.637984275817871,-6.0865864753723145
Correct -5.9751105308532715,-5.3822736740112305,-5.846309661865234,-6.169833183288574
Wrong -4.7536540031433105,-4.760075569152832,-5.37905740737915,-5.412991523742676
Wrong -6.791953086853027,-5.587044715881348,-5.756878852844238,-6.190479755401611
Wrong -5.70223331451416,-5.231380939483643,-5.712799072265625,-6.036154270172119
Wrong -6.180335998535156,-5.290363788604736,-5.599257469177246,-5.838497161865234
Wrong -6.285793781280518,-6.090409278869629,-6.5152482986450195,-6.912868499755859
Wrong -5.84960412979126,-5.896819591522217,-6.165945529937744,-6.4895429611206055
Correct -8.146356582641602,-6.155361652374268,-6.215512752532959,-6.441342830657959
Correct -5.289449691772461,-5.195689678192139,-5.897474765777588,-6.161196231842041
Correct -7.543356418609619,-5.855401992797852,-5.426571369171143,-6.119070529937744
Correct -7.449954986572266,-5.4235334396362305,-6.086602210998535,-6.238223075866699
Wrong -4.61037540435791,-5.014396667480469,-5.410820960998535,-5.769473075866699
Correct -5.6068806648254395,-5.592127323150635,-6.325719356536865,-6.346429824829102
Correct -5.799042224884033,-5.552692890167236,-6.1080451011657715,-6.2517828941345215
Wrong -5.76242208480835,-5.201490879058838,-5.7719926834106445,-5.957134246826172
Correct -6.29971981048584,-5.792035102844238,-6.285963535308838,-6.4158453941345215
Wrong -5.473083972930908,-5.288320541381836,-5.631136417388916,-5.85140323638916
Wrong -5.976938724517822,-5.381886005401611,-6.092861652374268,-6.445374488830566
Wrong -5.5430402755737305,-4.94505500793457,-5.329726219177246,-5.688313961029053
Correct -6.561852931976318,-6.159511566162109,-6.3507466316223145,-6.462790012359619
Wrong -6.21859073638916,-5.376149654388428,-5.772264003753662,-5.947872161865234
Wrong -5.153058052062988,-5.028428554534912,-5.9856367111206055,-5.997603416442871
Wrong -7.4529805183410645,-5.858902454376221,-6.104790687561035,-6.267665386199951
Correct -5.954993724822998,-5.744471073150635,-6.533102512359619,-6.473240852355957
Correct -6.296077251434326,-5.518052101135254,-6.212510585784912,-5.988137722015381
Wrong -6.239840507507324,-5.793493747711182,-6.130059719085693,-6.3305864334106445
Wrong -6.394911766052246,-5.631023406982422,-6.105940818786621,-6.3821492195129395
Correct -4.591989517211914,-4.975215911865234,-5.863854885101318,-6.143754959106445
Correct -6.248225688934326,-5.59657621383667,-6.3668107986450195,-6.361802101135254
Correct -5.467906475067139,-5.2059245109558105,-5.824856281280518,-5.7868146896362305
Wrong -5.242681503295898,-5.203938961029053,-6.16004753112793,-5.767168045043945
Wrong -5.400583267211914,-5.120786190032959,-6.017908573150635,-6.166102886199951
Correct -6.733028411865234,-5.392512321472168,-5.950985908508301,-5.7649617195129395
Wrong -6.09465217590332,-5.342600345611572,-6.201577663421631,-5.669833183288574
Correct -6.808254718780518,-5.788288593292236,-6.240903377532959,-6.477712154388428
Wrong -7.240521430969238,-6.28716516494751,-7.033862590789795,-6.768035411834717
Wrong -5.281167030334473,-5.215125560760498,-5.953471660614014,-6.080054759979248
Wrong -4.789490222930908,-4.728418827056885,-5.33958625793457,-5.079981327056885
Wrong -5.850589752197266,-5.117046356201172,-5.820354461669922,-5.803724765777588
Correct -6.211921691894531,-5.635545253753662,-6.055451393127441,-6.572200298309326
Wrong -4.17861795425415,-4.512984275817871,-5.249476909637451,-5.142773151397705
Correct -4.651404857635498,-4.72662878036499,-5.630673408508301,-5.919075965881348
Correct -5.080067157745361,-4.888265609741211,-5.955306053161621,-5.9363322257995605
Wrong -6.924042224884033,-5.8741068840026855,-6.5513715744018555,-6.551010608673096
Wrong -5.418080806732178,-5.303753852844238,-5.74623441696167,-6.1554718017578125
Wrong -6.15760612487793,-5.197198390960693,-5.539647102355957,-5.6471452713012695
Wrong -5.227210998535156,-5.487948894500732,-6.174699783325195,-6.330857753753662
Correct -4.536978244781494,-4.815085411071777,-5.27735710144043,-5.533103942871094
Wrong -6.428922653198242,-5.529384136199951,-5.865307807922363,-6.138604640960693
Wrong -5.133033275604248,-5.257842063903809,-6.208184719085693,-6.239909648895264
Wrong -5.959085464477539,-5.618730545043945,-6.009322166442871,-6.414147853851318
Wrong -5.40108060836792,-5.544856071472168,-6.032293796539307,-6.2532429695129395
Wrong -6.5561113357543945,-5.758386135101318,-6.282399654388428,-6.256465911865234
Wrong -6.049957275390625,-5.2364583015441895,-5.5329270362854,-5.856622219085693
Wrong -5.303328037261963,-5.1665191650390625,-6.008094310760498,-6.052645683288574
Correct -4.235194206237793,-4.4740681648254395,-5.025991439819336,-5.156557559967041
Wrong -6.198910713195801,-5.943833351135254,-6.702178001403809,-6.692953109741211
