grade confidence_levels
Correct 4.235182762145996,1.5097821950912476,3.0360207557678223,28.656259536743164
Correct 5.302699089050293,21.567049026489258,11.031543731689453,4.580853462219238
Correct 27.359384536743164,0.9021862745285034,1.2529574632644653,2.541980266571045
Correct 3.806136131286621,1.3047804832458496,5.984641075134277,25.32813835144043
Correct 6.867351531982422,1.4501900672912598,4.047211647033691,27.00001335144043
Correct 5.583560466766357,22.17601776123047,4.7482218742370605,3.6647510528564453
Correct 15.648575782775879,4.022705078125,18.015655517578125,22.062536239624023
Correct 5.0004143714904785,0.802014946937561,27.40625762939453,3.705510377883911
Correct 3.688316583633423,-0.303999662399292,25.48439598083496,3.3584539890289307
Wrong 8.133358001708984,21.407913208007812,4.091041088104248,3.7751028537750244
Wrong 27.312503814697266,2.2364611625671387,4.207979202270508,4.278160572052002
Wrong 4.852391242980957,1.438501238822937,3.1002633571624756,26.453142166137695
Correct 26.000003814697266,4.560454845428467,3.121626138687134,5.4884724617004395
Wrong 26.343761444091797,0.9046518802642822,7.98093843460083,3.6706879138946533
Correct 3.9594902992248535,1.1985857486724854,27.17188262939453,5.382967472076416
Wrong 7.191702842712402,23.125720977783203,4.395434856414795,4.184539794921875
Correct 3.8834164142608643,0.5915206670761108,4.453424453735352,27.421884536743164
Correct 5.059701442718506,22.03363037109375,3.706575393676758,3.4079360961914062
Wrong 24.812517166137695,2.8818325996398926,5.898764610290527,4.933807373046875
Correct 5.402700424194336,3.0567808151245117,23.328157424926758,7.882929801940918
Correct 25.76566505432129,0.8893216252326965,1.3995094299316406,13.390738487243652
Correct 4.188599586486816,1.2331100702285767,2.798048257827759,26.046890258789062
Correct 4.914752960205078,0.817417323589325,24.812538146972656,3.9186630249023438
Correct 6.259727954864502,16.740833282470703,16.422161102294922,2.9323995113372803
Wrong 11.429780006408691,20.95354652404785,19.750009536743164,13.66408634185791
Correct 25.875009536743164,1.0667403936386108,1.0099990367889404,1.8795130252838135
Correct 4.219217300415039,1.2394715547561646,25.828136444091797,3.781709671020508
Correct 25.82823944091797,2.6742541790008545,2.6303484439849854,3.6899476051330566
Correct 4.149188995361328,1.9036509990692139,24.73442840576172,4.629615306854248
Correct 9.593955993652344,2.6481122970581055,25.718759536743164,4.613707065582275
Wrong 6.692104816436768,10.60621166229248,9.281648635864258,10.023780822753906
Correct 8.243051528930664,15.342945098876953,3.3772361278533936,3.0207109451293945
Wrong 5.434375762939453,2.854464054107666,3.480233669281006,25.328174591064453
Wrong 19.171985626220703,4.842277526855469,17.750133514404297,9.804967880249023
Wrong 22.609416961669922,9.537784576416016,8.703640937805176,5.863572120666504
Correct 27.671884536743164,1.1650919914245605,1.3099504709243774,2.442011833190918
Correct 27.8593807220459,0.838749885559082,1.107740044593811,2.4328200817108154
Wrong 21.187572479248047,9.291045188903809,2.0750319957733154,2.884174346923828
Correct 29.046878814697266,1.6991629600524902,1.8947149515151978,3.0383756160736084
Wrong 27.203134536743164,0.939627468585968,0.9800366759300232,4.476925849914551
Wrong 26.109386444091797,1.6301020383834839,1.5179286003112793,4.770230770111084
Wrong 20.718793869018555,9.231164932250977,2.6902577877044678,3.8228092193603516
Wrong 7.180091857910156,22.297941207885742,7.867510795593262,5.500486850738525
Correct 18.09383201599121,2.341752529144287,5.488865375518799,22.515649795532227
Correct 5.005002498626709,2.0207712650299072,3.5553231239318848,26.40627098083496
Correct 5.96235466003418,22.253599166870117,2.701277494430542,2.743678569793701
Wrong 8.201516151428223,5.946169853210449,19.6722412109375,3.336646556854248
Wrong 23.203140258789062,1.7417348623275757,2.431398391723633,15.492218971252441
Wrong 5.805110931396484,2.4394237995147705,5.027827739715576,23.81251335144043
Correct 6.879805088043213,22.05194854736328,2.547081232070923,3.2344915866851807
Wrong 7.668990135192871,9.918923377990723,5.634232521057129,5.4245781898498535
Correct 3.6569998264312744,1.0303845405578613,26.437519073486328,3.428518533706665
Correct 5.505529403686523,22.768178939819336,4.942033290863037,4.004765510559082
Correct 4.937798500061035,0.541143536567688,25.89063835144043,5.660337448120117
Correct 4.848438739776611,1.9061750173568726,3.139486789703369,26.968761444091797
Correct 4.223298072814941,1.2409570217132568,25.343761444091797,4.4575371742248535
Correct 26.500011444091797,1.7294200658798218,1.317500352859497,2.605180501937866
Correct 13.554888725280762,19.285051345825195,4.483209609985352,3.23822021484375
Correct 5.328988075256348,22.361038208007812,7.844394207000732,4.18478536605835
Wrong 11.235030174255371,3.083466053009033,13.898656845092773,21.67197036743164
Correct 26.640634536743164,1.5332257747650146,2.148184061050415,2.3718037605285645
Wrong 10.565616607666016,11.69548225402832,13.789830207824707,4.821298599243164
Wrong 25.57813835144043,2.0588457584381104,2.487884521484375,4.785672187805176
Wrong 26.406259536743164,1.8408396244049072,2.00732421875,3.1422951221466064
Correct 5.469094276428223,2.25411319732666,3.875247001647949,26.1718807220459
Wrong 20.360231399536133,8.474836349487305,4.234038829803467,1.80778169631958
Correct 5.164649486541748,5.612444877624512,25.593767166137695,6.523773670196533
Correct 21.406286239624023,2.2275829315185547,4.035842418670654,4.977097988128662
Correct 5.558932781219482,1.4114623069763184,3.09244704246521,27.10938835144043
Correct 5.562625408172607,1.2018895149230957,25.828128814697266,8.343793869018555
Wrong 25.859378814697266,2.019534111022949,11.031323432922363,4.094192981719971
Correct 12.601643562316895,8.427446365356445,16.703166961669922,4.441746234893799
Wrong 25.32813835144043,3.6374430656433105,3.613945245742798,5.3244709968566895
Correct 26.296886444091797,1.3854163885116577,1.5532283782958984,2.253095865249634
Correct 18.547229766845703,7.50177001953125,7.408353328704834,15.609684944152832
Correct 8.601761817932129,3.8084425926208496,5.953348636627197,25.6406307220459
Correct 29.281251907348633,2.2701969146728516,1.7848948240280151,3.3640553951263428
Correct 6.009145736694336,23.204853057861328,3.8122785091400146,3.5587000846862793
Wrong 24.687519073486328,10.750003814697266,6.961361408233643,4.785791397094727
Correct 17.2343807220459,3.2846243381500244,4.652470111846924,24.593751907348633
Correct 8.805233001708984,20.45648193359375,6.184291839599609,3.64787220954895
Correct 5.574776649475098,0.44000470638275146,19.281341552734375,22.000070571899414
Correct 5.731052398681641,24.781803131103516,4.10315465927124,4.388115406036377
Wrong 11.625070571899414,16.506927490234375,6.430577278137207,5.7274088859558105
Wrong 4.5125956535339355,2.2236483097076416,21.125120162963867,5.7855143547058105
Wrong 5.489177703857422,21.01607322692871,5.996898651123047,5.231724262237549
Correct 5.180296421051025,1.6813764572143555,3.7349531650543213,26.859390258789062
Correct 28.578128814697266,2.4453928470611572,2.0077757835388184,3.0985145568847656
Correct 26.14063262939453,2.1514053344726562,1.8737925291061401,5.750250339508057
Correct 5.454376697540283,24.704191207885742,3.829759120941162,4.0523271560668945
Correct 4.402670860290527,0.9814220666885376,26.2031307220459,4.683804988861084
Wrong 24.65626335144043,1.4437305927276611,4.798464775085449,3.2941880226135254
Correct 27.234384536743164,1.9017704725265503,1.3823390007019043,3.1042232513427734
Correct 5.145226001739502,1.5476810932159424,4.289592742919922,26.42190170288086
Correct 4.949535369873047,1.569807529449463,26.09375762939453,5.019880771636963
Correct 6.257936477661133,2.148803472518921,3.601823091506958,27.0156307220459
Wrong 6.739844799041748,5.268784046173096,22.531278610229492,4.161226272583008
Correct 5.848978519439697,23.532299041748047,3.6335549354553223,3.5719046592712402
Wrong 4.734936714172363,3.0091426372528076,18.109451293945312,21.01565170288086
Correct 7.267632961273193,11.260375022888184,18.876161575317383,5.627511978149414
Correct 4.328577518463135,1.782239556312561,26.3593807220459,4.672248840332031
Correct 7.7073283195495605,0.8677787780761719,23.000019073486328,3.45432448387146
Correct 4.320757865905762,2.337397813796997,23.43754005432129,4.863936424255371
Correct 6.859513282775879,2.6937053203582764,5.152531623840332,26.6093807220459
Correct 8.703742027282715,24.751245498657227,4.516416549682617,3.730360507965088
Correct 25.625015258789062,1.6039820909500122,2.2893357276916504,3.3785672187805176
Correct 25.156259536743164,2.7721760272979736,4.055309295654297,3.9227426052093506
Wrong 26.79694366455078,1.1190087795257568,1.3395577669143677,3.0499160289764404
Correct 5.5863037109375,3.019258737564087,5.933740139007568,26.3437557220459
Correct 5.528337001800537,18.49078369140625,5.645254135131836,6.070947170257568
Wrong 5.859991073608398,15.237919807434082,3.3065285682678223,15.711014747619629
Correct 5.149285316467285,22.797691345214844,3.7706313133239746,3.438783645629883
Correct 4.551403999328613,1.352309226989746,3.313274383544922,27.421884536743164
Correct 7.043350696563721,1.3970023393630981,4.984890937805176,24.73439598083496
Correct 6.211642265319824,23.484981536865234,2.9778857231140137,5.8832783699035645
Correct 4.880282402038574,7.533026695251465,5.095530033111572,23.37503433227539
Correct 3.773935317993164,1.9552170038223267,24.343759536743164,4.9416303634643555
Correct 26.703134536743164,1.1857800483703613,1.1751518249511719,2.0422799587249756
Correct 5.805834770202637,20.22185516357422,3.706624984741211,3.825914144515991
Correct 26.343759536743164,1.2586159706115723,1.6557657718658447,2.8420798778533936
Correct 26.0781307220459,2.4548301696777344,1.578960657119751,3.7097506523132324
Correct 27.828128814697266,1.9539446830749512,1.513651728630066,3.186497688293457
Correct 5.008413791656494,0.6953727602958679,2.6926724910736084,27.375022888183594
Correct 5.9183149337768555,1.772371768951416,3.5688343048095703,28.171884536743164
Correct 6.692288398742676,2.202906608581543,24.093801498413086,4.258642673492432
Correct 4.457813739776611,19.128032684326172,19.750038146972656,8.078364372253418
Correct 5.519840240478516,2.42390513420105,3.9474716186523438,27.484378814697266
Correct 6.472799301147461,2.4584403038024902,4.254034042358398,26.765628814697266
Wrong 8.547849655151367,4.801618576049805,21.35954475402832,5.458223342895508
Correct 5.080561637878418,24.080678939819336,3.315924644470215,3.0211386680603027
Wrong 25.625015258789062,2.8634345531463623,2.764519453048706,4.309475421905518
Correct 28.9218807220459,1.9535152912139893,0.9416347742080688,2.8227081298828125
Correct 4.32672119140625,20.910457611083984,3.7080280780792236,2.8038806915283203
Correct 4.560374736785889,1.1183820962905884,3.002401828765869,25.265661239624023
Correct 5.52365255355835,1.5384242534637451,25.51563262939453,4.613619327545166
Correct 13.961402893066406,2.0768468379974365,16.031522750854492,3.4330925941467285
Wrong 6.129498481750488,1.8275386095046997,4.746635437011719,24.64064598083496
Correct 20.859413146972656,4.783766269683838,5.371352672576904,21.484392166137695
Correct 4.1377081871032715,2.3206787109375,4.543595314025879,25.531272888183594
Correct 4.7594075202941895,1.3723160028457642,4.832683563232422,26.625024795532227
Correct 5.379184722900391,2.0632050037384033,4.699373722076416,26.1406307220459
Correct 5.5978875160217285,1.2542954683303833,3.8363194465637207,27.0781307220459
Correct 7.203803539276123,0.9777988791465759,5.090533256530762,19.375043869018555
Correct 27.218759536743164,0.8581668734550476,3.838548183441162,13.617244720458984
Correct 5.485804557800293,21.985546112060547,3.1152284145355225,2.810945510864258
Correct 27.609378814697266,2.0580203533172607,1.69282865524292,4.08637809753418
Correct 14.351672172546387,1.1462944746017456,23.640668869018555,3.6440298557281494
Correct 26.890636444091797,1.5669995546340942,1.9628453254699707,4.110212326049805
Correct 4.681507110595703,20.007665634155273,13.578307151794434,5.322595119476318
Wrong 17.453144073486328,3.362426996231079,5.125578880310059,4.715447425842285
Correct 5.512567043304443,23.672531127929688,5.520026683807373,4.176732540130615
Correct 5.62947416305542,22.735179901123047,4.246685981750488,4.078843593597412
Wrong 28.359384536743164,1.9114577770233154,1.7596063613891602,4.8324151039123535
Wrong 7.5238566398620605,2.1941769123077393,24.421897888183594,4.1099371910095215
Correct 16.703184127807617,17.611000061035156,4.477691173553467,4.247089385986328
Wrong 6.509359836578369,19.457365036010742,4.143832683563232,4.967648983001709
Correct 6.403209209442139,24.406753540039062,4.797569751739502,3.583401679992676
Correct 5.122905731201172,18.740211486816406,4.556879997253418,3.0679588317871094
Correct 5.574446201324463,1.0790294408798218,25.81252098083496,5.222953796386719
Correct 20.92188262939453,1.828751564025879,20.95313835144043,3.1317317485809326
Correct 8.195579528808594,2.6862528324127197,4.543308734893799,25.65626335144043
Correct 7.500287055969238,22.204580307006836,3.236362934112549,4.2090935707092285
Correct 3.4055066108703613,0.6702335476875305,25.859403610229492,3.37778639793396
Correct 15.711091041564941,18.194427490234375,3.7430169582366943,2.8482959270477295
Correct 4.426670551300049,1.1261346340179443,2.9702134132385254,26.296905517578125
Wrong 9.336759567260742,17.926319122314453,4.928750991821289,16.390819549560547
Correct 25.687511444091797,9.050604820251465,3.055086135864258,2.114065647125244
Correct 3.9418649673461914,1.2730493545532227,26.81250762939453,4.730854511260986
Correct 5.078437805175781,1.943300724029541,24.35938835144043,4.645030975341797
Correct 4.64532995223999,1.3628625869750977,3.47509765625,26.343767166137695
Correct 5.9263787269592285,18.023067474365234,2.6935789585113525,3.056550979614258
Correct 25.453149795532227,1.5877286195755005,2.2017149925231934,2.9996678829193115
Correct 5.211521625518799,2.322030544281006,3.014317035675049,27.07813835144043
Correct 5.601922035217285,5.900104522705078,8.882885932922363,26.18751335144043
Correct 5.065035820007324,20.348745346069336,2.242860794067383,1.9245879650115967
Wrong 27.687517166137695,7.559580326080322,6.1446356773376465,2.6836419105529785
Wrong 6.812893867492676,3.363095283508301,4.352083206176758,26.437522888183594
Correct 4.361514091491699,0.42453572154045105,3.4828343391418457,25.609445571899414
Wrong 4.680286884307861,13.100624084472656,23.656288146972656,12.773547172546387
Correct 5.884582042694092,23.236968994140625,3.3370912075042725,2.7579703330993652
Correct 26.265649795532227,1.5732896327972412,1.2598775625228882,3.874753475189209
Correct 27.765628814697266,2.2020084857940674,2.0325779914855957,3.52040958404541
Correct 6.098255157470703,25.781681060791016,4.543783664703369,4.067464828491211
Correct 5.20754861831665,1.3943437337875366,24.015653610229492,5.258190155029297
Correct 4.724545001983643,21.268178939819336,2.9028570652008057,3.0762393474578857
Wrong 9.734691619873047,1.5923632383346558,6.5706400871276855,18.12512969970703
Correct 26.890628814697266,2.8919219970703125,2.4931344985961914,7.453182220458984
Wrong 8.547618865966797,0.7897437214851379,18.375080108642578,16.062599182128906
Correct 15.421907424926758,1.1549537181854248,25.14064598083496,2.7491402626037598
Wrong 5.990020751953125,24.016481399536133,3.9543371200561523,3.5193748474121094
Wrong 23.07814598083496,4.97412633895874,4.421964168548584,2.397068738937378
Correct 4.226956367492676,1.341423511505127,26.906253814697266,7.386778354644775
Correct 25.281278610229492,1.9922200441360474,1.3950421810150146,4.04789924621582
Correct 8.3673677444458,2.4605119228363037,4.433838844299316,24.6718807220459
Correct 6.258500576019287,23.190135955810547,4.49736213684082,3.748295783996582
Wrong 20.906396865844727,2.9248578548431396,13.008068084716797,4.789829730987549
Correct 10.031380653381348,3.610982656478882,21.60938835144043,7.367336750030518
Correct 6.1174092292785645,2.177731990814209,3.176116943359375,26.062503814697266
Wrong 26.359384536743164,1.6612094640731812,1.9030817747116089,3.3484432697296143
Correct 22.671905517578125,1.6527283191680908,4.216773986816406,13.359556198120117
Correct 2.9439845085144043,0.31253352761268616,25.45319366455078,6.10639762878418
Correct 4.6839141845703125,4.890090465545654,24.750015258789062,4.977034091949463
Wrong 6.820470333099365,8.477521896362305,16.75000762939453,21.750011444091797
Correct 29.109376907348633,2.546464681625366,2.9013144969940186,4.465226650238037
Correct 5.657615661621094,13.802801132202148,2.6250226497650146,2.38295841217041
Correct 26.000011444091797,2.6910030841827393,4.738655090332031,4.734765529632568
Correct 4.051555633544922,1.5811504125595093,25.62501335144043,4.54735803604126
Correct 6.454720973968506,21.033239364624023,3.904608726501465,2.924548864364624
Correct 9.11749267578125,2.204590082168579,22.796926498413086,4.516342639923096
Correct 22.890647888183594,6.863345623016357,3.3559300899505615,2.2679882049560547
Correct 5.117495059967041,1.0253974199295044,5.70324182510376,27.8125057220459
Correct 27.375003814697266,2.363309383392334,2.720893144607544,2.9782190322875977
Correct 5.8832688331604,2.3008666038513184,3.197897434234619,26.515634536743164
Wrong 22.531286239624023,1.970547080039978,2.2366764545440674,4.4499640464782715
Wrong 22.109399795532227,2.8648152351379395,1.37209951877594,3.460994243621826
Correct 4.707249641418457,1.8765193223953247,27.7656307220459,5.7150068283081055
Correct 6.21122932434082,4.848525047302246,6.5866618156433105,23.093772888183594
Correct 7.254610061645508,21.002513885498047,6.161017894744873,5.492887020111084
Correct 18.42192268371582,20.1425838470459,7.461807727813721,6.676300048828125
Wrong 8.766040802001953,8.978259086608887,13.586193084716797,17.51602554321289
Correct 9.336158752441406,15.982678413391113,6.687793254852295,5.731019020080566
Wrong 4.457627773284912,0.23710432648658752,24.671903610229492,8.101710319519043
Correct 5.472995281219482,1.8049646615982056,3.256284713745117,27.60938262939453
Correct 5.694607734680176,18.66339683532715,4.176283836364746,2.7188093662261963
Correct 5.578979015350342,24.60985565185547,3.8034579753875732,3.8798599243164062
Correct 4.145574569702148,1.4853161573410034,3.3602101802825928,27.234392166137695
Wrong 5.121413707733154,1.5829519033432007,2.903120756149292,25.828140258789062
Correct 5.570796966552734,1.0079567432403564,3.0534119606018066,27.32813262939453
Correct 5.898870944976807,0.5636351108551025,2.2173118591308594,25.093778610229492
Correct 27.406253814697266,1.8879714012145996,2.143850564956665,3.645174264907837
Correct 27.781253814697266,1.0991147756576538,1.2022285461425781,2.435992956161499
Correct 6.445388317108154,3.255283832550049,5.211006164550781,27.671876907348633
Correct 28.000001907348633,2.205162286758423,1.853302001953125,3.9556331634521484
Correct 5.0527262687683105,21.579923629760742,2.4982006549835205,2.634218692779541
Wrong 4.324812412261963,-0.04770446941256523,24.328157424926758,6.425928115844727
Wrong 4.621551513671875,1.7065483331680298,25.34377670288086,4.5981364250183105
Correct 5.282071590423584,2.0487380027770996,23.406288146972656,4.66472864151001
Correct 6.117959976196289,20.052757263183594,9.648776054382324,7.312770366668701
Correct 27.04688262939453,1.6844760179519653,2.346327304840088,3.1812353134155273
Correct 5.4615068435668945,1.0701950788497925,26.859403610229492,3.3251821994781494
Correct 5.178398609161377,21.130399703979492,4.701013088226318,3.132596492767334
Correct 4.704153060913086,1.6680164337158203,3.7546820640563965,26.46877670288086
Wrong 5.469552040100098,4.486142158508301,2.3806655406951904,26.734392166137695
Wrong 11.679856300354004,7.082625865936279,12.78923225402832,20.765695571899414
Correct 4.238567352294922,3.077221393585205,22.781265258789062,5.406588554382324
Correct 4.203486442565918,1.051318645477295,27.203134536743164,4.633149147033691
Correct 4.6606526374816895,1.0261614322662354,25.90626335144043,5.875227928161621
Correct 5.676383018493652,1.1372801065444946,23.250064849853516,5.476961612701416
Correct 25.218782424926758,3.2341153621673584,5.668737411499023,4.462132930755615
Correct 8.44589900970459,23.125694274902344,5.699690341949463,2.860377550125122,6.219354152679443
Correct 7.825092315673828,3.648638963699341,11.718982696533203,14.257941246032715
Correct 4.5242414474487305,0.9706149101257324,3.8702242374420166,25.328163146972656
Correct 4.486001491546631,21.268877029418945,3.176398515701294,2.977849245071411
Correct 6.281774520874023,23.797521591186523,3.569445848464966,4.137295246124268
Wrong 19.781410217285156,7.652550220489502,12.71110725402832,5.637169361114502
Correct 5.058975696563721,1.925110101699829,26.3437557220459,4.625394344329834
Correct 27.828128814697266,1.6976174116134644,2.3016345500946045,9.203164100646973
Wrong 10.829109191894531,19.366357803344727,3.7486257553100586,4.130712509155273
Correct 28.140628814697266,1.8488487005233765,3.0810739994049072,3.701735258102417
Wrong 21.015779495239258,12.303116798400879,4.124413967132568,1.9456374645233154
Wrong 5.566596031188965,3.355111837387085,5.5977654457092285,23.7187557220459
Correct 5.8249125480651855,-0.2613234519958496,24.796932220458984
Correct 28.906251907348633,2.088343620300293,2.120600938796997,3.1258890628814697
Correct 5.312880516052246,1.3044092655181885,3.748425245285034,26.375011444091797
Correct 5.657739639282227,24.672941207885742,3.578073740005493,2.558475971221924
Correct 5.258030891418457,2.2893128395080566,26.46875762939453,5.29315710067749
Correct 7.98455286026001,23.453475952148438,4.063156604766846,6.597879409790039
Correct 5.820413589477539,2.3719072341918945,22.953134536743164,6.586036682128906
Correct 27.703136444091797,1.8839508295059204,2.4800961017608643,3.8094794750213623
Wrong 5.851772785186768,2.895601987838745,23.453144073486328,8.929759979248047
Correct 6.136873245239258,7.137488842010498,7.132920742034912,26.9375057220459
Wrong 26.50003433227539,3.214099645614624,3.2163259983062744,3.573077917098999
Correct 5.403464317321777,24.59453010559082,3.1040306091308594,3.0705299377441406
Correct 21.218769073486328,6.560079097747803,23.328140258789062,4.719194412231445
Correct 28.421878814697266,1.1794184446334839,0.6295350193977356,3.1124582290649414
Correct 6.320631504058838,1.974306583404541,15.414093017578125,25.68752098083496
Wrong 7.91420841217041,4.998921871185303,7.61722469329834,26.390628814697266
Wrong 5.505731582641602,1.4339708089828491,19.34392547607422,17.765743255615234
Correct 27.3437557220459,1.3971251249313354,1.6030277013778687,2.9096951484680176
Wrong 4.642303466796875,8.877774238586426,2.873168706893921,23.93757438659668
Correct 27.07814598083496,3.235144853591919,2.3376736640930176,4.324907302856445
Correct 28.562501907348633,2.333801031112671,2.3316502571105957,3.8619983196258545
Wrong 20.28130531311035,16.03203010559082,6.301130771636963,16.656301498413086
Correct 5.6846842765808105,24.875511169433594,3.768825054168701,3.907869815826416
Correct 6.969027519226074,4.810829162597656,4.1490654945373535,25.04689598083496
Wrong 22.671897888183594,4.723510265350342,15.882862091064453,5.449554920196533
Wrong 6.058849334716797,2.927346706390381,4.7657928466796875,25.765628814697266
Correct 26.578142166137695,0.7451735734939575,0.25461554527282715,2.0432939529418945
Correct 29.078126907348633,2.1436359882354736,2.167208194732666,3.717416286468506
Correct 23.31250762939453,4.455153942108154,10.734413146972656,6.0079240798950195
Correct 27.125003814697266,1.8851118087768555,1.467918038368225,2.9893791675567627
Correct 6.175846099853516,3.4577555656433105,6.54689884185791,29.0625
Correct 26.9375057220459,1.5626025199890137,0.6667554378509521,3.4757204055786133
Wrong 24.250030517578125,1.1698212623596191,3.2986559867858887,1.2719985246658325
Correct 3.1114847660064697,-0.17498986423015594,15.000194549560547,20.437543869018555
Correct 5.242499828338623,1.3002395629882812,25.859384536743164,3.8852925300598145
Correct 10.765713691711426,3.3340275287628174,24.29688835144043,4.605854034423828
Wrong 5.520845890045166,16.278709411621094,4.844112873077393,3.209751844406128
Correct 5.511937141418457,2.236449718475342,4.398626804351807,27.328126907348633
Correct 4.992347240447998,1.7345232963562012,25.3437557220459,5.160340785980225
Correct 6.340251445770264,2.1882917881011963,14.648481369018555,24.40627098083496
Correct 4.516011714935303,4.121463298797607,25.921884536743164,4.902647495269775
Correct 5.719024658203125,2.0661301612854004,3.38317608833313,26.3593807220459
Correct 6.7741217613220215,1.339768886566162,9.015844345092773,26.265674591064453
Correct 4.219239234924316,1.683669090270996,25.843774795532227,4.6527862548828125
Wrong 27.265628814697266,1.1530332565307617,2.0884387493133545,2.464764356613159
Correct 6.547192096710205,1.4162710905075073,11.148551940917969,24.843761444091797
Correct 5.207238674163818,2.014679193496704,26.9687557220459,5.211236476898193
Correct 9.570528984069824,4.547626495361328,22.687517166137695,5.754132270812988
Wrong 9.469138145446777,12.686403274536133,23.312597274780273,4.852442264556885
Correct 27.76563835144043,0.8333545923233032,0.7519981265068054,2.2444002628326416
Correct 5.179816246032715,1.7744479179382324,25.95313262939453,5.410288333892822
Correct 6.301397323608398,24.094995498657227,3.759732246398926,5.036484241485596
Correct 27.531261444091797,0.674823522567749,0.8170400857925415,2.0645225048065186
Wrong 26.578161239624023,4.384524822235107,-0.0661788284778595,2.12257981300354
Correct 5.035773754119873,0.29171615839004517,2.4932942390441895,25.96877098083496
Correct 4.747007846832275,0.661400318145752,2.347015142440796,26.140653610229492
Correct 4.699562072753906,0.687197208404541,26.171892166137695,4.129220962524414
Correct 5.477530479431152,22.876388549804688,3.611212730407715,3.1429383754730225
Correct 4.687807083129883,1.8309457302093506,26.078134536743164,4.949493885040283
Correct 4.872107982635498,24.188316345214844,4.239226818084717,3.712122917175293
Correct 5.684067249298096,1.0248653888702393,2.600619077682495,25.781265258789062
Correct 4.371607303619385,1.9770125150680542,26.98438262939453,4.531698226928711
Wrong 6.9810004234313965,4.3115386962890625,7.207289695739746,20.109407424926758
Correct 5.4104485511779785,2.363269567489624,24.15625762939453,5.187815189361572
Correct 5.4159088134765625,22.501869201660156,3.0609805583953857,3.3825554847717285
Correct 5.551482200622559,1.0087237358093262,2.56728458404541,26.234394073486328
Wrong 5.17221736907959,1.5784159898757935,25.7500057220459,6.7657246589660645
Correct 12.774280548095703,14.519659996032715,3.2607619762420654,1.9928162097930908
Correct 27.203136444091797,1.4856505393981934,1.3378294706344604,4.461655139923096
Correct 9.156343460083008,1.7858796119689941,24.468774795532227,6.652496337890625
Correct 27.92188262939453,2.260680913925171,2.6051695346832275,3.4423069953918457
Correct 5.821338653564453,22.81391143798828,3.6145823001861572,4.388540744781494
Wrong 8.04712963104248,2.092541456222534,3.6054975986480713,24.187519073486328
Wrong 5.063159465789795,3.4966585636138916,23.56251335144043,5.707559108734131
Correct 27.28125762939453,1.2230380773544312,0.5657492876052856,2.7984561920166016
Correct 28.15625762939453,6.3921661376953125,2.6011650562286377,3.286349296569824
Wrong 9.828997611999512,22.47006607055664,3.7994112968444824,3.283876657485962
Wrong 23.062517166137695,2.600787401199341,6.871639251708984,7.074322700500488
Correct 25.468759536743164,3.7934138774871826,3.2429895401000977,4.816734790802002
Correct 4.152881145477295,0.88124680519104,26.421886444091797,8.132912635803223
Correct 5.688416957855225,21.4543514251709,4.938473701477051,3.482548952102661
Correct 5.8208770751953125,20.579015731811523,3.4873905181884766,3.873976230621338
Wrong 20.06256103515625,10.49602222442627,20.156286239624023,6.262365818023682
Wrong 20.031253814697266,2.4154837131500244,22.76563262939453,4.324721813201904
Correct 4.043645858764648,1.7897655963897705,19.890960693359375,3.3171210289001465
Correct 28.2187557220459,1.8352041244506836,1.3405207395553589,3.526120901107788
Correct 28.171884536743164,0.7193295359611511,1.5801688432693481,2.1805710792541504
Correct 6.179971694946289,1.6666194200515747,6.875146865844727,27.703134536743164
Wrong 25.3281307220459,2.010284423828125,1.172727108001709,4.2700395584106445
Correct 9.78244686126709,18.836671829223633,3.40057110786438,2.5635008811950684
Correct 26.328136444091797,1.4277517795562744,1.2095909118652344,3.022678852081299
Correct 4.8996076583862305,19.220548629760742,4.805886745452881,3.110644578933716
Correct 27.9531307220459,1.6070013046264648,2.176344633102417,3.3369007110595703
Correct 5.507981777191162,2.7170445919036865,4.7657389640808105,26.453128814697266
Correct 6.824798583984375,3.8411672115325928,15.984563827514648,9.250304222106934
Correct 8.20363998413086,2.1793038845062256,9.734825134277344,4.169796943664551,15.445390701293945
Correct 4.352116107940674,1.0601353645324707,25.53127098083496,4.230935573577881
Wrong 24.890647888183594,1.3070018291473389,4.266837120056152,10.421991348266602
Wrong 13.859420776367188,5.88724422454834,5.8048200607299805,24.2031307220459
Correct 6.202991485595703,16.631059646606445,2.317943572998047,2.569296360015869
Wrong 5.304874420166016,2.5859766006469727,4.449358940124512,26.734376907348633
Correct 4.95717191696167,0.9089304804801941,28.046876907348633,4.3635172843933105
Correct 26.406251907348633,2.379326105117798,2.7628402709960938,3.8578925132751465
Correct 23.437528610229492,5.6117963790893555,12.8985013961792,9.882901191711426
Correct 4.645899295806885,21.547691345214844,4.763772010803223,3.909799814224243
Correct 11.234539985656738,13.505233764648438,6.001071929931641,13.484436988830566
Correct 27.234378814697266,1.6504638195037842,1.9971466064453125,3.0669596195220947
Correct 10.672243118286133,5.934150218963623,3.849475145339966,13.695499420166016
Correct 6.31696891784668,22.438411712646484,8.851862907409668,5.640937805175781
Correct 26.59376335144043,0.7484298944473267,0.8460620045661926,2.0699164867401123
Wrong 5.160643100738525,2.0505504608154297,4.094114780426025,27.328134536743164
Correct 9.01585865020752,5.08059024810791,11.359432220458984,24.578147888183594
Wrong 12.976621627807617,2.6028528213500977,21.98440170288086,5.44944953918457
Correct 25.06251335144043,2.03463077545166,2.369999408721924,3.6303036212921143
Correct 26.73438835144043,3.2432374954223633,1.9156943559646606,2.545870065689087
Wrong 5.953563213348389,3.0750577449798584,4.348304748535156,23.765644073486328
Wrong 25.06254005432129,1.407230257987976,4.398078441619873,3.2087371349334717
Correct 4.49293327331543,1.0290971994400024,6.7151055335998535,27.625015258789062
Correct 5.833057880401611,21.377635955810547,4.953638553619385,4.922617435455322
Correct 5.575002193450928,23.07960319519043,3.1811509132385254,3.696385145187378
Correct 23.546884536743164,1.714081883430481,1.5972005128860474,2.5150105953216553
Correct 26.98438262939453,1.6165887117385864,2.1394851207733154,2.1647536754608154
Wrong 25.5000057220459,2.9881207942962646,4.515987873077393,4.000724792480469
Wrong 26.187501907348633,3.211440086364746,4.168336868286133,5.285354137420654
Correct 4.078754901885986,1.0585763454437256,26.09376335144043,4.133335113525391
Wrong 15.18768310546875,13.084634780883789,2.437209129333496,3.1681439876556396
Correct 4.773592948913574,2.642955780029297,26.562503814697266,6.031312465667725
Correct 25.62500762939453,2.3553576469421387,1.5178776979446411,3.8951308727264404
Wrong 24.546890258789062,2.7339112758636475,2.8019633293151855,3.4032318592071533
Correct 5.770217418670654,13.55960464477539,8.414324760437012,4.814173221588135
Correct 27.2031307220459,1.887721300125122,1.5440797805786133,2.882132053375244
Correct 5.0704755783081055,3.5505552291870117,4.062682628631592,25.703126907348633
Correct 5.387182712554932,1.778712511062622,3.9165093898773193,26.671886444091797
Correct 5.384446620941162,18.93372344970703,2.809122085571289,2.790003538131714
Correct 3.7780513763427734,0.9586784243583679,25.32813835144043,3.6746277809143066
Correct 26.125009536743164,1.7906118631362915,1.103577971458435,3.033838987350464
Correct 4.902817726135254,1.1477367877960205,4.515897274017334,26.87500762939453
Correct 5.250259876251221,1.1350477933883667,25.859390258789062,7.898529052734375
Correct 4.123187065124512,3.179058313369751,25.81258201599121,3.6930108070373535
Correct 5.754140853881836,3.398043632507324,4.0314226150512695,27.484376907348633
Correct 25.859384536743164,3.163757085800171,2.9888572692871094,17.73438835144043
Correct 27.1250057220459,1.4046205282211304,1.4474021196365356,3.2390215396881104
Correct 26.421878814697266,0.9879908561706543,1.8189125061035156,2.8055617809295654
Wrong 14.562588691711426,2.1626386642456055,5.187986850738525,23.51564598083496
Correct 26.046878814697266,1.6813161373138428,2.0911850929260254,6.18367862701416
Wrong 7.281740665435791,14.25854778289795,12.593911170959473,6.2134833335876465
Correct 28.406251907348633,1.8847424983978271,1.6823939085006714,3.145232677459717
Correct 4.618183135986328,0.6100096106529236,19.812557220458984,22.71880531311035
Correct 4.137486457824707,0.40625038743019104,26.281261444091797,3.8309168815612793
Wrong 23.84378433227539,2.0221574306488037,1.8776479959487915,2.9331557750701904
Correct 9.773664474487305,1.7018089294433594,23.968765258789062,5.0707783699035645
Correct 5.101842403411865,0.8510464429855347,25.125019073486328,4.484975814819336
Wrong 26.421911239624023,0.3728705048561096,1.6146433353424072,5.13395881652832
Correct 5.504289627075195,0.9068630933761597,11.187588691711426,25.843774795532227
Wrong 13.05471420288086,7.341607093811035,11.28128433227539,19.18751335144043
Correct 5.051797389984131,1.21723210811615,3.001434564590454,26.109399795532227
Correct 6.23915958404541,5.599226951599121,22.73444366455078,7.316749095916748
Wrong 28.265626907348633,3.028230905532837,3.1626148223876953,4.129329204559326
Wrong 12.093844413757324,12.317514419555664,6.489101409912109,4.453634738922119
Correct 27.01564598083496,1.278378963470459,1.7607810497283936,2.584088087081909
Correct 27.750003814697266,2.3182601928710938,1.3642045259475708,3.816993474960327
Correct 5.344165325164795,2.0464093685150146,4.105717182159424,27.3437557220459
Correct 28.03125762939453,1.452707052230835,1.321185827255249,3.1214115619659424
Wrong 20.125228881835938,12.018805503845215,7.5727458000183105,3.312488555908203
Correct 4.985046863555908,1.2874863147735596,4.148953437805176,26.14063835144043
Wrong 4.379194736480713,3.026740312576294,25.50000762939453,6.050915718078613
Correct 27.6406307220459,1.8035576343536377,1.3908023834228516,3.0501012802124023
Wrong 12.617382049560547,1.1482291221618652,2.0067317485809326,24.265661239624023
Correct 4.267751216888428,1.0779062509536743,1.9694674015045166,26.609411239624023
Correct 27.546878814697266,2.454739570617676,3.67618465423584,4.141042709350586
Correct 27.3750057220459,1.4940810203552246,1.7258949279785156,2.7323310375213623
Correct 26.843753814697266,3.6474239826202393,2.5048794746398926,8.04697036743164
Wrong 26.29688835144043,2.8824381828308105,2.2407429218292236,3.2746875286102295
Correct 4.680297374725342,1.571189284324646,24.171905517578125,5.32855749130249
Correct 27.156261444091797,2.431401491165161,2.154285192489624,3.485948085784912
Correct 5.752978801727295,19.905235290527344,6.045146942138672,2.7211992740631104
Correct 4.293644428253174,1.3416818380355835,3.2955667972564697,27.968759536743164
Correct 15.625068664550781,2.8997244834899902,10.922076225280762,19.000028610229492
Correct 4.169727802276611,1.0267109870910645,2.133035659790039,25.82816505432129
Correct 27.562509536743164,1.2284390926361084,1.1451969146728516,2.311185359954834
Wrong 10.40647029876709,14.842584609985352,8.117505073547363,18.21877098083496
Wrong 5.582159042358398,1.3208158016204834,22.59376335144043,10.72659683227539
Wrong 6.847962856292725,12.096841812133789,3.082582473754883,12.55475902557373
Wrong 7.914555549621582,4.26521635055542,13.000186920166016,16.859453201293945
Wrong 7.625496864318848,4.709451198577881,20.484527587890625,4.785675048828125
Correct 26.93750762939453,2.5559394359588623,1.3876157999038696,3.960223436355591
Correct 5.168212890625,1.7298964262008667,22.765653610229492,9.711008071899414
Correct 4.57441520690918,1.5437408685684204,27.265628814697266,5.175958156585693
Correct 27.890640258789062,1.5309916734695435,0.3244236409664154,2.149681568145752
Correct 24.046886444091797,1.1912634372711182,1.6928505897521973,3.207778215408325
Correct 5.3719706535339355,20.82988166809082,4.984984397888184,3.936328887939453
Wrong 6.242589950561523,18.064311981201172,19.265676498413086,9.617471694946289
Correct 5.5121564865112305,1.8530734777450562,4.847873210906982,25.7500057220459
Correct 4.106131553649902,1.0935460329055786,26.296890258789062,4.320766925811768
Correct 5.646067142486572,17.008886337280273,4.978349685668945,5.707894802093506
Correct 19.859413146972656,2.722367763519287,11.039183616638184,13.289111137390137
Correct 6.359979629516602,23.32871437072754,4.785923957824707,4.332604885101318
Wrong 22.73457145690918,7.365851879119873,9.375516891479492,5.28728723526001
Correct 7.602723121643066,21.79889678955078,6.227620601654053,3.7163426876068115
Correct 5.44203519821167,22.266971588134766,4.375646591186523,4.102103233337402
Wrong 21.062519073486328,5.15287446975708,6.66444730758667,3.6334879398345947
Correct 5.473576545715332,23.781856536865234,3.9114067554473877,3.815676212310791
Correct 7.058929443359375,2.1076300144195557,23.593753814697266,5.262078285217285
Correct 25.781261444091797,1.1275198459625244,0.717903196811676,3.0184988975524902
Correct 6.691723823547363,24.26581382751465,5.6956400871276855,5.1099748611450195
Correct 4.969418525695801,1.3777649402618408,3.4266412258148193,27.218767166137695
Wrong 11.679933547973633,20.565702438354492,9.992242813110352,5.777827739715576
Correct 4.887082099914551,2.415985107421875,23.671913146972656,5.816629886627197
Correct 22.46881103515625,1.085584044456482,3.7903168201446533,4.208051681518555
Correct 5.222847938537598,2.9761483669281006,25.484376907348633,5.062678813934326
Correct 6.024354934692383,22.502635955810547,5.035835266113281,4.349041938781738,2.9186325073242188
Correct 12.601617813110352,17.344573974609375,16.156370162963867,5.668202877044678
Wrong 12.101667404174805,14.903712272644043,6.5670485496521,8.929948806762695
Correct 5.817551612854004,19.548927307128906,5.028387546539307,3.6137168407440186
Correct 29.265626907348633,2.0729129314422607,2.3199081420898438,3.31329607963562
Correct 6.883537292480469,23.76732635498047,4.586850166320801,4.075524806976318
Wrong 21.468780517578125,17.766983032226562,5.203705310821533,4.270499229431152
Wrong 22.140663146972656,2.7230563163757324,8.718953132629395,15.796927452087402
Wrong 6.738742351531982,1.0850903987884521,24.265666961669922,9.500175476074219
Wrong 9.344619750976562,11.795195579528809,12.875253677368164,7.090429306030273
Wrong 8.128450393676758,5.5094099044799805,12.378165245056152,5.428816795349121
Wrong 23.93755531311035,3.459203004837036,4.896158218383789,2.79384446144104
Correct 4.641182899475098,1.2389265298843384,2.309918165206909,25.781274795532227
Wrong 18.56254768371582,8.670475959777832,16.46879005432129,3.87422251701355
Correct 28.250003814697266,1.8015236854553223,1.9296510219573975,3.3682141304016113
Correct 12.507967948913574,1.5742727518081665,23.296911239624023,3.0696067810058594
Correct 23.968767166137695,3.7814829349517822,3.1573896408081055,4.683984756469727
Correct 6.473058223724365,1.423567771911621,26.62500762939453,3.9516043663024902
Correct 4.379446029663086,1.0167356729507446,2.456197500228882,26.515636444091797
Correct 27.578126907348633,2.888333797454834,1.9843988418579102,4.176222324371338
Correct 25.546884536743164,1.3705477714538574,1.9840625524520874,3.259023427963257
Correct 5.770242214202881,1.282545804977417,4.867779731750488,26.593767166137695
Correct 7.387679100036621,18.160234451293945,3.4445669651031494,2.710989236831665
Wrong 24.17188835144043,2.7761073112487793,2.7544476985931396,3.8080272674560547
Correct 4.822778224945068,20.270174026489258,2.7908992767333984,2.912029504776001
Wrong 27.687511444091797,1.901875376701355,1.826086163520813,4.781714916229248
Correct 4.352270603179932,0.8577051758766174,24.718772888183594,5.547092437744141
Correct 4.488548755645752,0.8073701858520508,26.0781307220459,5.070502281188965
Correct 5.016973972320557,1.0954186916351318,6.207765579223633,24.73441505432129
