grade confidence_levels
Correct 20.1406307220459,15.062562942504883,12.976642608642578,21.29690170288086
Wrong 20.468761444091797,18.82817268371582,22.125009536743164,12.140778541564941
Correct 21.17189598083496,15.781522750854492,12.953214645385742,19.765687942504883
Correct 17.0937557220459,14.406318664550781,12.99226188659668,23.437511444091797
Correct 14.08599853515625,14.812652587890625,19.671911239624023,21.281299591064453
Correct 13.320343017578125,23.23438262939453,14.187520980834961,12.37502670288086
Correct 17.359439849853516,15.922072410583496,9.81319808959961,18.50007438659668
Correct 13.554705619812012,13.890679359436035,23.7812557220459,10.078229904174805
Correct 10.976603507995605,13.679704666137695,24.296878814697266,8.5157470703125
Wrong 13.312540054321289,21.6562557220459,15.250025749206543,11.523513793945312
Correct 13.609408378601074,12.125218391418457,22.84375762939453,11.945385932922363
Correct 20.546897888183594,14.679964065551758,10.274447441101074,18.62511444091797
Wrong 15.546916961669922,22.156278610229492,12.89860725402832,10.265857696533203
Correct 12.171931266784668,13.351831436157227,22.640644073486328,17.67193031311035
Correct 14.234394073486328,17.109397888183594,24.1093807220459,11.218905448913574
Wrong 12.000125885009766,22.109386444091797,15.023476600646973,12.054764747619629
Correct 16.093759536743164,18.171890258789062,13.28911304473877,20.984397888183594
Correct 13.289108276367188,22.37500762939453,13.015707015991211,11.42976188659668
Wrong 18.375003814697266,15.945355415344238,19.500019073486328,18.23441505432129
Correct 13.156291007995605,11.85944938659668,24.000003814697266,12.515680313110352
Wrong 20.00000762939453,12.547287940979004,16.343839645385742,20.343788146972656
Correct 15.093764305114746,14.835962295532227,11.242269515991211,22.81250762939453
Correct 15.093767166137695,14.031312942504883,23.437509536743164,10.078292846679688
Wrong 16.078136444091797,20.20313262939453,18.843759536743164,20.406253814697266
Wrong 15.60938549041748,15.984436988830566,23.50001335144043,11.914146423339844
Wrong 17.28126335144043,15.359536170959473,12.851753234863281,22.640644073486328
Correct 11.687568664550781,13.914138793945312,23.70313262939453,8.672048568725586
Wrong 16.062515258789062,22.078140258789062,16.671916961669922,11.265825271606445
Correct 16.203134536743164,13.648578643798828,23.062511444091797,14.48447036743164
Correct 15.828134536743164,14.265702247619629,23.81250762939453,8.172228813171387
Wrong 17.687530517578125,15.312920570373535,19.51567840576172,18.375062942504883
Correct 13.750025749206543,21.96875762939453,14.132854461669922,13.203160285949707
Correct 10.984557151794434,17.203174591064453,22.4062557220459,14.968780517578125
Wrong 19.0000057220459,17.453147888183594,16.42193031311035,19.812522888183594
Wrong 23.7031307220459,20.125017166137695,14.031314849853516,9.328558921813965
Correct 23.656253814697266,16.73442268371582,12.51565933227539,10.859565734863281
Wrong 18.890626907348633,13.984427452087402,21.562511444091797,17.843774795532227
Wrong 17.5000057220459,18.90626335144043,14.390640258789062,20.250019073486328
Wrong 17.07813262939453,13.632871627807617,25.953128814697266,10.359503746032715
Wrong 17.234386444091797,18.078144073486328,16.46877098083496,22.312511444091797
Correct 18.859384536743164,12.789280891418457,13.781291007995605,22.109397888183594
Correct 13.593791007995605,20.03129768371582,12.687616348266602,18.031280517578125
Correct 14.609383583068848,15.312531471252441,24.484378814697266,11.437610626220703
Correct 15.63282585144043,14.687609672546387,11.250292778015137,22.609397888183594
Correct 13.85942268371582,15.812551498413086,16.56252670288086,21.28131103515625
Correct 15.812518119812012,22.625003814697266,11.875078201293945,14.695344924926758
Wrong 17.375017166137695,16.265911102294922,19.265684127807617,9.375300407409668
Wrong 21.8906307220459,19.01565170288086,16.85942268371582,17.812541961669922
Wrong 16.10938262939453,18.765634536743164,14.812504768371582,23.593753814697266
Correct 13.250032424926758,21.00002098083496,11.937607765197754,12.687566757202148
Wrong 13.734426498413086,20.98439598083496,15.445326805114746,16.37501335144043
Correct 14.828131675720215,15.992199897766113,25.609378814697266,13.671893119812012
Correct 11.73444652557373,23.6250057220459,13.757848739624023,10.12511157989502
Correct 12.421890258789062,13.500017166137695,24.703126907348633,11.796904563903809
Correct 15.679703712463379,15.484524726867676,14.765668869018555,22.81252670288086
Correct 11.734416007995605,12.523489952087402,24.265628814697266,9.179903984069824
Correct 22.09378433227539,15.765767097473145,14.593932151794434,15.617317199707031
Correct 18.71875762939453,22.57813835144043,10.31265640258789,10.054791450500488
Correct 11.750170707702637,23.01563262939453,13.78135871887207,13.26569652557373
Correct 13.968779563903809,19.03127670288086,21.343769073486328,12.53132438659668
Correct 21.984434127807617,14.672477722167969,10.084198951721191,9.727039337158203
Wrong 16.82814598083496,17.75012969970703,19.07817268371582,10.65646743774414
Wrong 23.1250057220459,17.906293869018555,13.640682220458984,13.406375885009766
Wrong 24.468761444091797,13.437995910644531,10.313014030456543,11.898724555969238
Correct 14.812507629394531,14.570369720458984,12.26566219329834,23.7031307220459
Wrong 18.65627098083496,17.890703201293945,17.656307220458984,14.7500638961792
Wrong 18.6562557220459,16.82817268371582,16.45318603515625,22.031269073486328
Correct 23.265628814697266,18.562524795532227,18.203142166137695,13.484461784362793
Correct 12.359386444091797,14.781282424926758,11.00003433227539,24.281251907348633
Correct 11.765685081481934,15.023467063903809,23.546894073486328,9.680076599121094
Wrong 16.250024795532227,18.812517166137695,18.078147888183594,20.859390258789062
Correct 18.96875762939453,16.40629005432129,22.65626335144043,14.687592506408691
Correct 12.586009979248047,23.0000057220459,14.10159969329834,11.03913402557373
Wrong 15.578142166137695,21.718761444091797,18.250032424926758,12.539084434509277
Wrong 15.945330619812012,18.906288146972656,21.875024795532227,13.289131164550781
Correct 18.656261444091797,17.953149795532227,16.00004768371582,21.32814598083496
Correct 24.078128814697266,16.671924591064453,11.718854904174805,10.976720809936523
Correct 13.25004768371582,22.78125762939453,13.875032424926758,10.57819938659668
Correct 18.343767166137695,17.968849182128906,19.328157424926758,14.375163078308105
Correct 16.234384536743164,14.734403610229492,14.429722785949707,21.406282424926758
Correct 12.546954154968262,22.250015258789062,15.312528610229492,16.000015258789062
Wrong 15.390644073486328,13.5781888961792,22.0156307220459,20.03127670288086
Correct 12.422059059143066,21.562517166137695,9.968929290771484,12.953180313110352
Wrong 12.047036170959473,19.250211715698242,14.086045265197754,15.468818664550781
Wrong 17.593769073486328,19.35944175720215,16.718822479248047,15.836039543151855
Correct 17.000019073486328,15.546906471252441,14.140670776367188,22.000102996826172
Correct 14.914070129394531,14.710968017578125,11.328153610229492,23.312509536743164
Correct 22.70313835144043,16.671995162963867,11.828229904174805,14.82825756072998
Correct 21.43751335144043,14.219245910644531,9.055749893188477,14.391012191772461
Correct 12.89067554473877,24.09375762939453,12.671948432922363,10.08608341217041
Correct 13.257833480834961,13.085977554321289,24.812503814697266,10.187633514404297
Correct 18.031261444091797,18.09379768371582,21.09377098083496,15.7188081741333
Correct 23.656265258789062,16.984535217285156,11.359562873840332,9.469249725341797
Correct 18.843753814697266,13.687591552734375,16.67188835144043,22.64063262939453
Correct 12.61720085144043,13.14063835144043,24.500001907348633,9.804755210876465
Correct 15.820320129394531,16.84376335144043,18.06250762939453,23.32813262939453
Wrong 12.81253719329834,21.156280517578125,19.015640258789062,15.531274795532227
Correct 11.906393051147461,21.468765258789062,16.625011444091797,10.172036170959473
Correct 11.617276191711426,14.476619720458984,24.1093807220459,10.711036682128906
Correct 12.875040054321289,16.203218460083008,23.40625762939453,13.789117813110352
Correct 12.453144073486328,12.984427452087402,23.843753814697266,9.437575340270996
Correct 14.226582527160645,14.56254768371582,22.0937557220459,16.625019073486328
Correct 14.507823944091797,14.429730415344238,22.859378814697266,10.671941757202148
Wrong 11.976592063903809,12.421916007995605,24.078126907348633,18.4375057220459
Correct 10.921954154968262,22.343765258789062,12.812541007995605,9.929850578308105
Correct 24.500015258789062,16.515775680541992,11.078654289245605,10.039571762084961
Wrong 17.078144073486328,16.234437942504883,24.32813262939453,10.47679615020752
Correct 19.4531307220459,20.500049591064453,20.125028610229492,16.125133514404297
Correct 17.21875762939453,15.085991859436035,15.437517166137695,22.015634536743164
Correct 14.45313835144043,21.812509536743164,14.843770027160645,16.562522888183594
Correct 13.562535285949707,22.7656307220459,14.054725646972656,13.687531471252441
Correct 12.625065803527832,22.171886444091797,13.382861137390137,9.570442199707031
Correct 13.437519073486328,13.492252349853516,13.562528610229492,22.468769073486328
Correct 16.890647888183594,16.109426498413086,16.515642166137695,21.984390258789062
Correct 13.585972785949707,22.875015258789062,12.953170776367188,10.867228507995605
Wrong 14.593764305114746,19.54690170288086,15.32033920288086,19.250041961669922
Correct 18.5000057220459,18.500030517578125,21.390634536743164,13.44536304473877
Correct 23.500009536743164,14.930074691772461,10.109933853149414,7.993710994720459
Correct 13.890717506408691,22.640642166137695,15.367267608642578,14.828182220458984
Correct 22.718799591064453,15.540409088134766,10.216424942016602,10.75948429107666
Wrong 18.406267166137695,15.87508487701416,16.718772888183594,22.875011444091797
Correct 23.531265258789062,15.734719276428223,15.000137329101562,9.40680980682373
Correct 14.679723739624023,12.882991790771484,15.226614952087402,20.87504005432129
Correct 15.281255722045898,15.750018119812012,10.507929801940918,22.468759536743164
Correct 13.992208480834961,14.601584434509277,23.56250762939453,11.070464134216309
Wrong 11.29694652557373,21.68750762939453,21.46875762939453,10.757877349853516
Correct 16.703128814697266,17.843759536743164,17.906253814697266,23.390628814697266
Correct 13.046905517578125,13.929728507995605,11.632913589477539,22.015628814697266
Wrong 14.35159969329834,18.890668869018555,21.312524795532227,11.320414543151855
Correct 12.789087295532227,23.7812557220459,13.69533634185791,12.257847785949707
Correct 16.296884536743164,14.554749488830566,22.87501335144043,11.609431266784668
Correct 26.031253814697266,12.52436351776123,10.500438690185547,9.453617095947266
Correct 11.679742813110352,23.3437557220459,13.031294822692871,11.539095878601074
Correct 14.546892166137695,15.070358276367188,11.890727043151855,22.671892166137695
Correct 17.265634536743164,20.093759536743164,20.98438262939453,15.796903610229492
Correct 14.031290054321289,17.859392166137695,22.312511444091797,13.2813081741333
Correct 15.734397888183594,19.70316505432129,11.547135353088379,19.203170776367188
Wrong 18.796890258789062,15.1954345703125,19.75005340576172,17.98448944091797
Wrong 14.07034969329834,21.906259536743164,12.5625638961792,16.765661239624023
Correct 13.617270469665527,15.203205108642578,19.093923568725586,19.921918869018555
Correct 15.921881675720215,14.195362091064453,11.742242813110352,23.65625762939453
Correct 14.00003433227539,14.289114952087402,12.25784969329834,23.765634536743164
Wrong 19.29688262939453,18.109418869018555,15.52347183227539,18.187618255615234
Correct 21.062522888183594,14.656585693359375,15.953234672546387,19.312633514404297
Correct 14.140655517578125,23.1250057220459,13.539121627807617,11.648527145385742
Correct 24.218767166137695,15.891042709350586,12.820455551147461,8.368338584899902
Correct 16.765628814697266,18.17188835144043,23.125009536743164,11.273530960083008
Correct 21.015642166137695,17.406463623046875,16.656335830688477,8.813089370727539
Correct 11.312623977661133,21.671894073486328,15.500038146972656,13.5313138961792
Correct 13.250086784362793,22.078140258789062,13.351698875427246,19.17188835144043
Correct 14.62503433227539,22.187515258789062,12.781332969665527,13.710975646972656
Correct 12.750053405761719,23.468753814697266,13.000029563903809,11.312548637390137
Wrong 22.296932220458984,13.700797080993652,9.174402236938477,13.586368560791016
Wrong 10.906335830688477,13.343886375427246,23.437519073486328,10.789169311523438
Correct 17.250030517578125,20.421897888183594,10.039444923400879,19.000072479248047
Wrong 14.156268119812012,22.718761444091797,14.875046730041504,16.343778610229492
Correct 13.64064884185791,23.359378814697266,14.367209434509277,11.023508071899414
Correct 12.656309127807617,23.234384536743164,11.375106811523438,9.617349624633789
Correct 14.992191314697266,14.546893119812012,24.890626907348633,10.460984230041504
Correct 16.515649795532227,16.71894073486328,23.703142166137695,9.547207832336426
Correct 17.359384536743164,16.31253433227539,14.96878433227539,22.82813835144043
Correct 18.79688262939453,20.625017166137695,15.82033920288086,14.554792404174805
Correct 13.65626049041748,13.875024795532227,25.046876907348633,9.882905006408691
Correct 18.687503814697266,21.67188835144043,13.656352043151855,14.359406471252441
Correct 13.593765258789062,16.18755340576172,11.81257438659668,23.12500762939453
Correct 21.500019073486328,17.765796661376953,12.008243560791016,18.57822036743164
Correct 23.7656307220459,16.546964645385742,13.968801498413086,8.781424522399902
Correct 13.375018119812012,14.015647888183594,24.312503814697266,11.750053405761719
Wrong 18.515642166137695,19.406286239624023,14.45326042175293,18.546926498413086
Correct 17.15625762939453,15.265685081481934,11.32044792175293,23.671886444091797
Correct 13.03138256072998,23.703136444091797,14.992246627807617,15.359467506408691
Correct 23.734399795532227,15.0634183883667,12.727132797241211,10.055987358093262
Wrong 13.273467063903809,22.4531307220459,13.148472785949707,17.640642166137695
Correct 16.750019073486328,18.12506675720215,14.179778099060059,18.3282470703125
Correct 11.469046592712402,22.781261444091797,13.047001838684082,10.492424011230469
Wrong 13.35158920288086,18.593765258789062,16.89063262939453,20.750017166137695
Correct 12.953269958496094,21.453142166137695,13.18776798248291,17.812551498413086
Wrong 12.1328763961792,12.250120162963867,22.109392166137695,18.84378433227539
Correct 13.984405517578125,22.406259536743164,16.34376335144043,19.203134536743164
Correct 12.742250442504883,22.296886444091797,11.375103950500488,10.054882049560547
Correct 21.45315170288086,17.18763542175293,13.703259468078613,13.625123977661133
Correct 23.937515258789062,16.42216682434082,7.919459342956543,8.016279220581055
Correct 12.328203201293945,22.28126335144043,14.61722183227539,9.789237976074219
Correct 11.531451225280762,14.78133773803711,22.890661239624023,10.50815200805664
Correct 16.359376907348633,20.859376907348633,13.640633583068848,20.640626907348633
Wrong 17.375011444091797,19.29697036743164,18.859384536743164,13.38309383392334
Correct 20.531261444091797,17.750045776367188,19.062522888183594,17.04690933227539
Correct 21.500019073486328,15.906497955322266,15.078263282775879,12.781441688537598
Correct 19.390636444091797,13.828367233276367,23.296905517578125,8.477335929870605
Wrong 13.187556266784668,21.53127670288086,15.164104461669922,11.320398330688477
Correct 16.500011444091797,19.125032424926758,14.250080108642578,17.76569366455078
Correct 12.539087295532227,15.039092063903809,24.875003814697266,12.562538146972656
Correct 23.265644073486328,17.750158309936523,10.547825813293457,9.11794376373291
Wrong 16.18750762939453,19.765640258789062,17.734384536743164,13.617293357849121
Correct 11.781488418579102,23.093759536743164,12.851633071899414,10.562644004821777
Correct 16.01563262939453,21.046884536743164,17.968774795532227,15.804737091064453
Correct 13.500072479248047,17.343812942504883,20.25001335144043,15.672082901000977
Correct 13.99220085144043,14.671914100646973,11.632925033569336,22.968759536743164
Correct 19.656251907348633,15.351602554321289,14.500017166137695,24.062501907348633
Correct 19.375015258789062,19.140731811523438,16.23444938659668,18.09381103515625
Correct 12.671955108642578,13.515993118286133,24.25002098083496,11.695474624633789
Correct 12.000048637390137,17.76565933227539,23.2343807220459,8.804800987243652
Correct 12.218853950500488,21.765640258789062,14.265725135803223,11.578276634216309
Correct 19.375030517578125,16.14092254638672,18.000125885009766,16.015920639038086
Correct 15.718766212463379,23.1250057220459,15.12502384185791,17.250019073486328
Correct 21.76563835144043,19.843826293945312,13.867395401000977,9.602413177490234
Correct 14.195384979248047,16.015743255615234,23.70313835144043,15.078204154968262
Correct 14.570387840270996,20.828166961669922,11.172357559204102,16.906322479248047
Correct 13.531339645385742,18.468782424926758,22.015653610229492,10.906396865844727
Wrong 18.0312557220459,21.625015258789062,10.92200756072998,9.711111068725586
Correct 16.3906307220459,17.578142166137695,16.437515258789062,20.343774795532227
Correct 24.04688262939453,16.65645980834961,10.656855583190918,9.44578742980957
Wrong 16.31251335144043,21.89063835144043,14.867203712463379,13.132881164550781
Correct 12.180097579956055,17.96885871887207,14.906356811523438,15.750118255615234
Correct 15.81253719329834,19.93756866455078,12.28137493133545,15.109602928161621
Correct 13.039087295532227,13.320345878601074,23.0937557220459,9.93759536743164
Wrong 14.312590599060059,18.578208923339844,19.015703201293945,17.48444366455078
Correct 15.398468971252441,20.015655517578125,12.703299522399902,17.62502098083496
Correct 16.87500762939453,20.671894073486328,11.867331504821777,19.062528610229492
Correct 13.578197479248047,20.906272888183594,12.773508071899414,15.203154563903809
Correct 16.125017166137695,20.96876335144043,16.421911239624023,14.68758487701416
Wrong 12.156290054321289,14.85942554473877,22.87500762939453,11.02365493774414
Correct 15.531264305114746,16.48440933227539,12.562564849853516,23.093765258789062
Correct 11.468921661376953,23.281259536743164,11.836030960083008,8.625316619873047
Correct 11.453349113464355,23.031261444091797,13.679786682128906,9.851773262023926
Wrong 13.22659969329834,13.109482765197754,21.578140258789062,20.328134536743164
Correct 15.18751049041748,21.156269073486328,13.539121627807617,18.937509536743164
Correct 16.21875762939453,14.234431266784668,11.929754257202148,23.31250762939453
Correct 16.984376907348633,13.804705619812012,21.000001907348633,21.9062557220459
Correct 19.750009536743164,16.656381607055664,16.812562942504883,17.56260108947754
Correct 23.906253814697266,15.40633773803711,10.859481811523438,9.58664608001709
Correct 18.187509536743164,15.12518310546875,20.140636444091797,21.40629005432129
Correct 23.64063262939453,17.000181198120117,11.281410217285156,10.937627792358398
Correct 11.914222717285156,23.093761444091797,12.086040496826172,9.211074829101562
Wrong 14.046886444091797,13.781269073486328,25.109376907348633,15.273446083068848
Wrong 16.250017166137695,19.296920776367188,22.12500762939453,11.390771865844727
Correct 13.593759536743164,15.781259536743164,23.437503814697266,11.312561988830566
Correct 16.2031307220459,22.625009536743164,14.351580619812012,12.382848739624023
Correct 23.046894073486328,17.62520408630371,12.070520401000977,8.086874961853027
Correct 13.921889305114746,13.281289100646973,24.0312557220459,9.679789543151855
Correct 12.234538078308105,21.93752098083496,10.976696014404297,9.070613861083984
Correct 14.390636444091797,15.750022888183594,13.437522888183594,24.0312557220459
Correct 13.421942710876465,22.187515258789062,11.648717880249023,14.843823432922363
Wrong 12.047019004821777,22.343765258789062,18.156272888183594,15.656295776367188
Correct 11.492292404174805,19.562538146972656,20.937522888183594,9.351829528808594
Correct 13.06252670288086,14.273472785949707,24.796884536743164,10.390700340270996
Correct 12.359395980834961,21.1093807220459,22.968753814697266,13.632840156555176
Wrong 16.218780517578125,21.56253433227539,16.671913146972656,11.476760864257812
Correct 21.3593807220459,15.250163078308105,18.906265258789062,16.718799591064453
Correct 11.945361137390137,23.6093807220459,15.203141212463379,9.851722717285156,9.351736068725586
Correct 13.64067554473877,14.710989952087402,15.95315170288086,22.375017166137695
Correct 14.718759536743164,13.523507118225098,10.859447479248047,23.968765258789062
Correct 13.148513793945312,22.781274795532227,11.859503746032715,11.218819618225098
Correct 14.062521934509277,22.765628814697266,13.750031471252441,11.000056266784668
Wrong 18.812524795532227,19.328187942504883,18.234432220458984,9.687854766845703
Correct 11.796916007995605,16.671894073486328,23.281253814697266,8.929842948913574
Correct 24.25000762939453,16.50009536743164,15.984436988830566,11.664505004882812
Wrong 14.359455108642578,21.890666961669922,15.250048637390137,12.687605857849121
Correct 20.906267166137695,13.125519752502441,19.797035217285156,6.637723445892334
Correct 12.968805313110352,22.25001335144043,14.218805313110352,10.359566688537598
Correct 11.44548511505127,21.796897888183594,12.28134822845459,13.812557220458984
Correct 13.781291007995605,19.26563835144043,22.87500762939453
Correct 23.937509536743164,14.844010353088379,9.976900100708008,8.993268013000488
Correct 13.046903610229492,12.42207145690918,16.43752670288086,22.531261444091797
Correct 12.296915054321289,22.5468807220459,12.750039100646973,10.312602996826172
Correct 13.203139305114746,12.687551498413086,24.281253814697266,9.921967506408691
Correct 13.531280517578125,22.79688262939453,11.539146423339844,12.101605415344238
Correct 14.695345878601074,14.843791007995605,22.390634536743164,17.42191505432129
Correct 21.39063262939453,20.109405517578125,14.789133071899414,12.968841552734375
Wrong 13.671889305114746,16.18753433227539,24.531251907348633,12.460984230041504
Correct 12.312541007995605,19.468759536743164,13.148467063903809,21.140634536743164
Correct 16.093778610229492,19.375102996826172,19.546913146972656,9.945603370666504
Correct 11.687625885009766,22.500011444091797,11.578210830688477,9.601698875427246
Wrong 17.14065933227539,19.625078201293945,17.59379768371582,10.430098533630371
Correct 23.000003814697266,19.140668869018555,14.06257438659668,10.77364444732666
Wrong 19.50002670288086,16.781457901000977,17.765708923339844,17.453338623046875
Wrong 13.664093017578125,17.281274795532227,24.00000762939453,10.73450756072998
Correct 21.656261444091797,16.875022888183594,10.218994140625,11.765771865844727
Correct 24.12501335144043,15.695526123046875,10.157012939453125,9.266251564025879
Correct 12.69544506072998,22.140636444091797,16.09377098083496,15.929716110229492
Correct 23.375003814697266,18.531391143798828,11.304817199707031,9.812687873840332
Correct 23.468761444091797,15.625284194946289,10.476922988891602,9.953755378723145
Wrong 22.10938835144043,17.8751163482666,14.047231674194336,8.423251152038574
Correct 13.929719924926758,23.09375762939453,11.781325340270996,10.351686477661133
Wrong 19.453128814697266,17.37507438659668,19.718765258789062,16.625070571899414
Wrong 19.7500057220459,19.000028610229492,18.85941505432129,18.62502098083496
Wrong 13.656271934509277,16.515644073486328,12.906280517578125,23.1250057220459
Correct 21.54689598083496,15.23491096496582,16.656314849853516,9.445754051208496
Correct 20.078142166137695,18.312705993652344,16.46879768371582,13.906412124633789
Correct 21.12500762939453,15.625210762023926,18.06256675720215,13.672283172607422
Correct 23.593780517578125,16.860185623168945,11.110082626342773,7.760501384735107
Correct 17.20313262939453,15.695435523986816,14.781307220458984,21.937538146972656
Correct 24.9218807220459,16.031503677368164,13.578248023986816,10.797120094299316
Wrong 15.632828712463379,16.640737533569336,20.78125762939453,15.734482765197754
Correct 12.632843017578125,12.66411304473877,14.273456573486328,23.7500057220459
Correct 14.718766212463379,13.632930755615234,23.562503814697266,9.914205551147461
Correct 14.476590156555176,16.234447479248047,22.59376335144043,12.265751838684082
Wrong 13.57033634185791,21.500011444091797,17.078163146972656,13.679728507995605
Correct 15.765637397766113,15.5938138961792,12.679760932922363,22.687511444091797
Correct 16.953134536743164,16.312538146972656,22.40626335144043,10.54710865020752
Correct 15.531265258789062,14.25787353515625,12.750067710876465,24.125009536743164
Wrong 12.836012840270996,21.03127670288086,17.796899795532227,9.820469856262207
Correct 15.406257629394531,15.781259536743164,12.812525749206543,22.9375057220459
Correct 14.9297456741333,15.961194038391113,16.922204971313477,20.593782424926758
Correct 12.62501335144043,14.039094924926758,24.828126907348633,10.687554359436035
Wrong 21.234413146972656,14.196868896484375,19.51581382751465,8.5191650390625
Wrong 16.484466552734375,18.250106811523438,19.42192268371582,14.781304359436035
Correct 14.21096420288086,16.93752670288086,21.87500762939453,16.375019073486328
Correct 16.078140258789062,18.031269073486328,23.4687557220459,12.195643424987793
Correct 16.375015258789062,21.625041961669922,16.328142166137695,11.37507152557373
Correct 23.50001335144043,16.062789916992188,12.390880584716797,10.359838485717773
Correct 14.179699897766113,13.01567268371582,25.140628814697266,11.203168869018555
Correct 12.312586784362793,22.31252670288086,13.406301498413086,12.421935081481934
Correct 25.375003814697266,15.937684059143066,9.047595977783203,10.43760871887207
Correct 12.718976974487305,21.015647888183594,14.976612091064453,15.437569618225098
Correct 12.984395027160645,16.4687557220459,13.281264305114746,23.687503814697266
Correct 17.250003814697266,18.015647888183594,15.62508773803711,21.78127670288086
Correct 17.890626907348633,16.328140258789062,20.828128814697266,15.125022888183594
Correct 13.156291961669922,22.43751335144043,14.570356369018555,10.711014747619629
Correct 11.968779563903809,13.56253433227539,23.890628814697266,9.625076293945312
Correct 12.328227043151855,22.28127098083496,11.711138725280762,9.945475578308105
Correct 13.671988487243652,16.51569938659668,14.125105857849121,20.25008201599121
Correct 11.765691757202148,15.25002670288086,23.62500762939453,9.015827178955078
Wrong 13.750044822692871,20.50000762939453,15.078224182128906,22.29688262939453
Correct 13.507864952087402,16.375057220458984,23.9687557220459,9.719026565551758
Correct 12.812540054321289,23.734390258789062,14.468778610229492,10.203215599060059
Correct 15.187508583068848,14.703143119812012,11.671937942504883,22.7812557220459
Correct 22.968769073486328,14.736428260803223,10.96947193145752,10.156970977783203
Correct 11.851608276367188,23.234376907348633,13.273460388183594,10.53132438659668
Correct 22.687501907348633,22.234378814697266,16.078144073486328,17.57814598083496
Correct 13.937516212463379,15.859395980834961,23.703126907348633,12.69534969329834
Correct 23.453134536743164,17.187551498413086,14.390652656555176,10.500397682189941
Wrong 13.468823432922363,18.421913146972656,11.023633003234863,21.359394073486328
Wrong 13.828146934509277,15.562540054321289,21.85938835144043,16.781280517578125
Correct 21.625032424926758,14.375873565673828,15.250492095947266,12.48515510559082
Correct 23.12500762939453,17.359500885009766,16.328205108642578,9.726994514465332
Correct 21.953155517578125,18.2814884185791,14.266119003295898,6.793369293212891
Correct 20.593769073486328,17.312637329101562,11.06277847290039,10.531543731689453
Correct 12.609477043151855,21.703134536743164,18.46877098083496,13.211009979248047
Correct 22.56250762939453,17.156278610229492,10.375212669372559,16.56253433227539
Correct 12.703142166137695,13.726592063903809,24.531251907348633,12.570333480834961
Correct 11.093838691711426,23.234386444091797,12.6406888961792,10.187627792358398
Correct 12.1719388961792,23.796878814697266,14.250029563903809,9.937618255615234
Correct 14.40633773803711,21.468801498413086,14.859437942504883,11.250158309936523
Wrong 17.87500762939453,16.281286239624023,21.93751335144043,15.23444652557373
Correct 16.546878814697266,18.65625762939453,22.453128814697266,14.531285285949707
Correct 22.531259536743164,17.21883201599121,17.375049591064453,9.898727416992188
Correct 21.45313262939453,19.390655517578125,16.35940170288086,17.81254005432129
Correct 13.890655517578125,12.656416893005371,17.45313835144043,22.859390258789062
Wrong 22.7187557220459,16.031301498413086,15.890644073486328,16.57815170288086
Correct 13.843777656555176,23.06250762939453,13.132832527160645,10.07036304473877
Correct 21.031280517578125,16.32855224609375,8.97121810913086,12.617341041564941
Correct 12.906290054321289,22.4062557220459,11.75005054473877,14.851584434509277
Correct 23.406259536743164,16.828529357910156,13.023681640625,10.898738861083984
Correct 17.96876335144043,12.937944412231445,11.906325340270996,21.578166961669922
Wrong 17.9687557220459,18.171903610229492,13.945357322692871,18.031282424926758
Correct 15.453134536743164,18.296907424926758,16.390642166137695,13.515667915344238,22.140666961669922
Correct 13.382838249206543,12.953186988830566,24.484378814697266,10.968798637390137
Wrong 16.656259536743164,13.91413402557373,21.015644073486328,20.781272888183594
Wrong 15.218756675720215,15.062524795532227,23.906253814697266,10.656331062316895
Correct 16.29692840576172,18.7813663482666,16.218852996826172,17.04705810546875
Correct 21.406253814697266,17.03129005432129,15.789087295532227,20.015653610229492
Correct 18.859378814697266,19.109394073486328,21.265636444091797,14.046937942504883
Correct 19.750009536743164,17.312545776367188,19.375022888183594,18.078271865844727
Correct 19.750009536743164,18.500089645385742,16.109413146972656,17.34386444091797
Correct 13.359403610229492,22.343753814697266,13.289109230041504,14.140645027160645
Wrong 16.81255340576172,17.219005584716797,15.750082969665527,17.9063720703125
Wrong 19.078147888183594,19.968761444091797,16.90627670288086,16.68754768371582
Wrong 21.68751335144043,17.843828201293945,15.484410285949707,19.09380340576172
Correct 12.875046730041504,23.21875762939453,14.929723739624023,12.859413146972656
Correct 24.4375057220459,15.78132152557373,11.179878234863281,10.961112022399902
Correct 14.109381675720215,22.765628814697266,11.875016212463379,20.484378814697266
Correct 13.085981369018555,15.726618766784668,21.62501335144043,22.000009536743164
Correct 17.921905517578125,16.843786239624023,16.75006103515625,17.562528610229492
Correct 24.515628814697266,17.218807220458984,11.43766975402832,9.133116722106934
Correct 22.937519073486328,16.406328201293945,21.156299591064453,10.695941925048828
Wrong 13.656277656555176,18.406282424926758,20.062503814697266,21.67188262939453
Wrong 20.04689598083496,18.875080108642578,19.81259536743164,18.140785217285156
Correct 17.04688262939453,16.687538146972656,12.664125442504883,22.70315933227539
Correct 13.85158634185791,22.328136444091797,15.000015258789062,13.656282424926758
Correct 13.921894073486328,22.2343807220459,12.84378433227539,12.156296730041504
Correct 22.76565170288086,14.039321899414062,13.852035522460938,15.500221252441406
Correct 22.859394073486328,15.95366096496582,17.140779495239258,9.453877449035645
Correct 18.703134536743164,22.078147888183594,16.06254768371582,12.219018936157227
Correct 19.218761444091797,20.953149795532227,16.406278610229492,15.640669822692871
Correct 13.093767166137695,12.726603507995605,23.3125057220459,11.156294822692871
Correct 12.007996559143066,22.796905517578125,11.65638256072998,11.234482765197754
Correct 16.484386444091797,18.96877098083496,20.375022888183594,10.328309059143066
Correct 22.43750762939453,18.84379768371582,15.328248977661133,9.062851905822754
Wrong 22.000009536743164,19.76571273803711,13.336036682128906,12.320540428161621
Correct 11.562618255615234,22.234394073486328,13.36727237701416,15.03912353515625
Wrong 16.937515258789062,16.437572479248047,22.281259536743164,13.500207901000977
Correct 17.812517166137695,12.656394004821777,14.796895980834961,23.593761444091797
Correct 15.843759536743164,15.72659969329834,13.289084434509277,22.73438262939453
Correct 12.640686988830566,22.6718807220459,12.578166007995605,10.445363998413086
Correct 15.328132629394531,12.5235013961792,25.437503814697266,10.476638793945312
Correct 21.796892166137695,19.281328201293945,11.219064712524414,9.953487396240234
Correct 14.117212295532227,13.203227996826172,11.437662124633789,23.078136444091797
Correct 15.921886444091797,14.281376838684082,23.03125762939453,9.96107006072998
Correct 13.296892166137695,14.343774795532227,24.078128814697266,9.390718460083008
Correct 14.734383583068848,15.093782424926758,10.687564849853516,23.1093807220459
Wrong 21.60938262939453,15.179825782775879,12.898541450500488,22.312515258789062
Correct 23.31250762939453,15.422054290771484,11.656444549560547,11.055092811584473
Correct 19.500011444091797,17.95318603515625,19.421926498413086,15.6406831741333
Wrong 16.656288146972656,18.859390258789062,14.781335830688477,21.187551498413086
Correct 22.04688835144043,17.062759399414062,14.257898330688477,11.883475303649902
Wrong 14.078161239624023,22.17188835144043,14.546919822692871,13.781339645385742
Correct 23.4531307220459,17.171968460083008,13.87507438659668,11.305123329162598
Wrong 14.10157299041748,14.11722183227539,20.531259536743164,18.765644073486328
Correct 12.085980415344238,12.92192268371582,23.14063262939453,8.87518310546875
Correct 19.31250762939453,21.42190170288086,10.625253677368164,10.218976974487305
Correct 16.718772888183594,17.015663146972656,21.75001335144043,16.656326293945312
Correct 13.101624488830566,13.843840599060059,23.2343807220459,13.50008773803711
Wrong 11.95321273803711,18.87510108947754,22.45314598083496,13.679858207702637
Correct 13.937664985656738,13.695587158203125,14.968971252441406,22.78127098083496
Wrong 16.9062557220459,18.875011444091797,22.2343807220459,13.921956062316895
Correct 13.80469799041748,13.734386444091797,18.078134536743164,22.7812557220459
Correct 14.601624488830566,16.734479904174805,20.81254005432129,10.476719856262207
Correct 17.34377670288086,19.796911239624023,19.875032424926758,9.727136611938477
Correct 19.687580108642578,16.31279182434082,17.81275749206543,16.015871047973633
Wrong 19.781269073486328,14.969008445739746,19.906333923339844,12.453577995300293
Correct 22.85938835144043,16.422061920166016,13.687636375427246,10.922222137451172
Correct 14.796882629394531,14.601577758789062,12.015657424926758,22.7343807220459
Correct 23.125009536743164,15.930164337158203,11.149112701416016,9.96153450012207
Wrong 11.312644958496094,22.812517166137695,21.000017166137695,11.453229904174805
Correct 15.062520980834961,15.51567268371582,11.937606811523438,23.000030517578125
Wrong 13.421939849853516,16.90630340576172,21.4218807220459,19.625019073486328
Correct 23.46875762939453,16.64104652404785,9.899053573608398,9.617705345153809
Wrong 16.968761444091797,18.781293869018555,18.250051498413086,16.48442268371582
Correct 19.000011444091797,14.797094345092773,11.289347648620605,21.203182220458984
Correct 21.54688262939453,16.76573371887207,17.281312942504883,12.117513656616211
Correct 22.750017166137695,16.875255584716797,15.007856369018555,11.469300270080566
Wrong 18.64068031311035,20.14073371887207,10.422696113586426,14.92981243133545
Wrong 22.593761444091797,17.953250885009766,14.257938385009766,8.172951698303223
Correct 12.929713249206543,12.890716552734375,23.375011444091797,9.343907356262207
Correct 20.09376335144043,16.56276512145996,18.40629005432129,10.437963485717773
Correct 13.156278610229492,21.93751335144043,16.43752098083496,12.406339645385742
Correct 15.140628814697266,14.109395980834961,13.109403610229492,23.3437557220459
Wrong 19.734376907348633,18.68751335144043,20.4531307220459,16.718782424926758
Correct 17.765628814697266,15.468783378601074,13.609390258789062,23.29688262939453
Correct 23.375011444091797,16.70327377319336,10.49247932434082,10.320671081542969
Correct 14.703280448913574,20.500064849853516,15.015856742858887,16.390777587890625
Correct 13.671894073486328,13.726635932922363,19.187511444091797,20.218767166137695
Correct 17.906265258789062,20.468767166137695,19.187528610229492,16.03138542175293
Wrong 19.078134536743164,19.95321273803711,15.828203201293945,12.953276634216309
Wrong 16.40631103515625,16.093963623046875,18.54705238342285,17.375123977661133
Correct 23.437509536743164,16.719032287597656,14.453248977661133,10.344176292419434
Correct 18.390626907348633,17.578140258789062,24.5937557220459,13.78129768371582
Correct 13.031261444091797,13.718767166137695,24.437501907348633,10.054762840270996
Wrong 20.4062557220459,16.359668731689453,20.75003433227539,8.220248222351074
Correct 22.468753814697266,15.51588249206543,18.250080108642578,11.39864444732666
Correct 12.781336784362793,23.468759536743164,14.281285285949707,9.867413520812988
Correct 13.937579154968262,22.593759536743164,16.671899795532227,10.742469787597656
Correct 14.156291961669922,14.086091041564941,10.10201358795166,22.50002670288086
Correct 11.898463249206543,14.718780517578125,23.1250057220459,9.593838691711426
Correct 15.750014305114746,21.20315170288086,15.49223518371582,15.593826293945312
Wrong 18.06251335144043,16.468914031982422,20.062515258789062,15.296991348266602
Correct 12.656286239624023,23.875003814697266,14.53126335144043,10.773500442504883
Wrong 18.062511444091797,19.515653610229492,19.781267166137695,11.921943664550781
Wrong 19.968761444091797,20.031288146972656,20.843769073486328,15.578282356262207
Correct 12.125117301940918,22.656269073486328,15.820350646972656,12.000141143798828
Wrong 20.9687557220459,18.359416961669922,15.992207527160645,16.062583923339844
Correct 13.648478507995605,22.6406307220459,12.625082969665527,12.875051498413086
Correct 18.484386444091797,18.718769073486328,22.9375057220459,11.625065803527832
Correct 19.359397888183594,16.93779182434082,13.90649700164795,18.062585830688477
Correct 14.40627670288086,22.750003814697266,13.203149795532227,12.468815803527832
Correct 14.421880722045898,15.531259536743164,12.695329666137695,24.000003814697266
Wrong 15.531307220458984,19.390830993652344,14.500200271606445,14.50826358795166
Correct 16.515628814697266,14.47659969329834,23.000001907348633,11.367252349853516
Correct 23.250011444091797,18.34379768371582,14.234611511230469,15.578235626220703
Correct 12.640652656555176,12.367264747619629,24.1250057220459,9.406378746032715
Correct 14.273472785949707,23.140644073486328,14.492209434509277,10.78917121887207,10.906819343566895
Correct 16.171897888183594,21.093807220458984,15.554744720458984,10.750314712524414
Correct 18.546876907348633,18.29688262939453,11.73441219329834,22.875011444091797
Correct 11.765681266784668,23.437503814697266,13.734421730041504,10.50012493133545
Correct 24.9062557220459,15.195413589477539,11.172027587890625,9.086970329284668
Correct 11.992310523986816,22.218761444091797,15.125031471252441,12.062623977661133
Correct 16.43753433227539,19.656314849853516,16.375043869018555,15.523585319519043
Wrong 15.500007629394531,16.265668869018555,21.15625762939453,18.90627098083496
Wrong 15.50000286102295,13.656269073486328,24.593751907348633,13.398462295532227
Correct 20.156265258789062,15.437613487243652,11.109519958496094,21.390676498413086
Wrong 17.65630531311035,16.625225067138672,20.90627670288086,10.172121047973633
Correct 18.406253814697266,16.062564849853516,21.437509536743164,14.67974853515625
Correct 12.250076293945312,16.06256675720215,13.734411239624023,21.98439598083496
Wrong 21.8593807220459,14.906292915344238,20.781269073486328,10.937617301940918
Correct 24.60940170288086,15.266144752502441,9.625838279724121,8.844346046447754
Correct 13.257874488830566,14.140764236450195,23.46876335144043,10.664158821105957
Correct 21.375009536743164,17.359426498413086,17.234432220458984,11.078474998474121
Correct 13.98444652557373,13.594120025634766,22.421899795532227,7.965176582336426
Correct 12.56253719329834,13.421952247619629,11.328163146972656,23.8281307220459
Correct 21.171903610229492,15.719401359558105,17.57820701599121,8.001177787780762
Correct 21.187511444091797,17.1251163482666,19.031314849853516,14.906339645385742
Wrong 13.039121627807617,12.375107765197754,21.406265258789062,19.890676498413086
Correct 12.703165054321289,22.7812557220459,11.875039100646973,8.914166450500488
Correct 13.421887397766113,14.617210388183594,24.843751907348633,11.601611137390137
Correct 11.109505653381348,22.406267166137695,13.156293869018555,9.414203643798828
Wrong 17.500036239624023,13.69556713104248,16.984521865844727,16.125099182128906
Correct 14.281262397766113,14.843786239624023,25.078126907348633,12.750015258789062
Correct 13.773477554321289,16.26570701599121,21.687519073486328,13.523554801940918
Wrong 20.6406307220459,19.062522888183594,19.437515258789062,17.968820571899414
