grade confidence_levels
Correct 1.5303639466779373e-09,0.9972498416900635,1.928244452997774e-09,6.548767750302886e-09
Correct 4.476500836680941e-10,6.454914824871594e-08,1.6014229942129532e-08,0.996696412563324
Correct 1.5041791812109295e-07,0.01614953577518463,0.9644171595573425,1.0161842922684627e-08
Correct 0.9998406767845154,6.239069048723234e-13,3.512225843493866e-09,5.205666626928451e-13
Correct 1.6039902045461574e-11,0.9999368190765381,3.8170838018158904e-11,1.4385696626983968e-11
Correct 2.546606814313179e-10,5.876796271842011e-11,0.9992882609367371,1.7067591784325487e-10
Correct 6.936401177881635e-07,3.6804433989345853e-07,0.12164661288261414,0.41154763102531433
Correct 0.976224958896637,2.0676882428460885e-09,0.014737187884747982,1.198929733270404e-09
Correct 0.9997844696044922,1.8241994720336052e-11,5.113179844806748e-12,2.110354859613528e-12
Correct 2.0948202894555124e-10,1.538351945828964e-10,2.5592764019144454e-10,0.9996252059936523
Correct 4.0883903901223206e-11,1.2196672491415761e-11,0.9965599775314331,9.425975555643618e-10
Correct 0.9980411529541016,1.339655164578346e-09,2.8516945749235134e-11,9.620439861413033e-12
Correct 7.103251320472737e-11,2.3995595441195228e-11,3.1691888002782775e-10,0.9996075630187988
Wrong 1.188135811958091e-08,2.746529392805286e-10,0.9988709688186646,8.492569980589337e-10
Correct 7.163327570003375e-11,0.9996898174285889,2.185304888435713e-11,5.546850478932441e-11
Correct 0.9944499731063843,2.701274204319759e-10,6.337904645548065e-10,6.970655996862973e-11
Correct 4.442740342280871e-10,2.877352522911991e-10,0.9601187705993652,0.03817816823720932
Wrong 0.31388774514198303,3.7458170254467404e-07,0.6523802280426025,2.993785486182787e-08
Wrong 2.2537178665515967e-05,0.9898751974105835,4.929546992826772e-09,1.2249161045474466e-06
Correct 7.093087333487347e-05,0.9242750406265259,4.684437044488732e-06,8.582854604810564e-08
Correct 8.831223530236798e-10,8.195424783252747e-09,7.825907033520707e-08,0.9985948801040649
Correct 4.798498265401463e-10,0.9925267696380615,5.505747679990236e-08,8.137907014926782e-11
Correct 5.179937367927323e-09,3.620580457663891e-08,2.12042414204916e-06,0.9488516449928284
Wrong 0.9573526978492737,1.0278100148752856e-08,5.480733307194896e-07,2.72356648345351e-09
Correct 1.3907701379434201e-11,1.0818376576515742e-11,0.9978258013725281,1.875702024256576e-11
Correct 0.9897602796554565,3.100834866653912e-10,1.371329161337087e-10,1.7144562158843968e-10
Correct 0.9958212375640869,1.5327956681687738e-09,5.543701497856546e-09,3.4418072558661805e-11
Correct 1.2900117640768372e-09,0.9995314478874207,1.1795826815319543e-10,2.3156716821848278e-10
Correct 7.270687940597043e-10,0.9985738396644592,4.485609800264356e-11,4.3784198489049686e-10
Correct 6.553509818152392e-11,3.198695822104192e-11,0.9984931945800781,3.159436090527379e-08
Wrong 0.6974900960922241,0.00029217125847935677,1.2380789485177957e-05,5.01827130960919e-08
Correct 5.6499548095612084e-11,4.989356150453261e-11,0.9992087483406067,1.9536572359868387e-10
Correct 2.0455213044223708e-12,1.3670641224941549e-12,0.9996494054794312,1.1784539490078405e-11
Wrong 2.586288871953002e-07,4.88896012029727e-06,0.7848435640335083,3.939639157124475e-07
Correct 0.9983177185058594,1.4822748584109036e-09,2.4876220527936255e-10,3.752365085318843e-11
Wrong 0.5086073875427246,1.829460779845249e-05,2.5428136041227845e-07,3.965291028862339e-08
Correct 2.901945350686219e-09,0.999037504196167,7.499573406732907e-09,7.499013632283891e-10
Correct 1.142218177679899e-11,1.701440724422021e-11,0.9994677305221558,1.0259726401784519e-10
Wrong 1.855565354147437e-11,1.4367836781437049e-11,8.226495873397965e-11,0.9995262026786804
Correct 2.3386226288835132e-09,0.9965360164642334,7.672412150050434e-10,2.278875005368164e-10
Wrong 0.9687702059745789,1.390665360645471e-09,0.002375102136284113,0.0004533583123702556
Correct 1.991572358417404e-11,0.9979771971702576,1.2711329211434474e-10,3.40528473474766e-11
Wrong 1.6308240446960554e-05,1.5791254099895013e-06,0.9906182885169983,4.87312945551821e-07
Wrong 0.9998469948768616,2.827328371424187e-09,9.826503166721068e-09,3.697022687987328e-09
Wrong 1.5241988648995175e-06,1.33258692969207e-08,1.246763531526085e-05,0.9953657388687134
Wrong 1.7684608985546468e-11,1.2271749838532742e-08,5.538913772085152e-10,0.9976400136947632
Wrong 0.0158259067684412,1.2778578195593582e-10,0.9820252060890198,3.5385552821232125e-10
Correct 6.632405558093524e-08,0.9957742094993591,8.21291923358558e-11,2.518827924014033e-10
Wrong 3.594599062850534e-10,1.089523887776167e-10,0.9861692786216736,0.013351661153137684
Wrong 0.9877767562866211,0.00391289871186018,1.639531660657667e-06,2.8111649119644255e-10
Correct 1.3286569067183507e-10,1.655459241911572e-10,0.9998022317886353,5.00866674524314e-11
Correct 1.2917650282773252e-10,0.9992712736129761,1.8726084918818664e-11,2.077708699532721e-10
Correct 2.111213807942658e-11,3.083209421106403e-08,0.9931495785713196,5.991272478134135e-10
Correct 2.791512333788493e-11,9.516473546689053e-12,1.1515150812047015e-11,0.9993503093719482
Correct 1.4435437220572389e-11,6.675567650743508e-12,0.9992783069610596,3.0672263340303374e-11
Correct 0.9989905953407288,2.3949961805436182e-11,1.6445430087164148e-11,8.890684195794751e-12
Correct 1.3066318860222026e-12,9.566056714122029e-13,0.9998829364776611,2.287239408288455e-12
Correct 0.17048564553260803,0.6624584197998047,6.323695345145097e-09,3.4724547681719287e-09
Correct 6.961072829270165e-10,0.9985404014587402,1.1961263091109231e-08,8.334806977927656e-08
Wrong 1.0717009918392861e-10,4.3965881282859165e-12,5.761027505740701e-12,0.9999565482139587
Correct 1.1933633459193516e-06,4.036512564198347e-07,0.0005696443258784711,0.907666802406311
Correct 3.9150202524318445e-10,3.658756395452656e-05,8.893052960701198e-11,0.9995511770248413
Correct 6.104465821721305e-10,0.9997830390930176,2.3988535116648002e-11,1.3402030873965742e-10
Correct 5.674789804732683e-11,0.9998226165771484,3.1168344814813675e-12,3.304844939377993e-11
Correct 2.423275802243552e-08,3.731592812528106e-11,0.9996863603591919,4.245225004861908e-11
Correct 0.9927369356155396,4.788638761965558e-05,9.915572363183855e-09,9.074394569097421e-10
Correct 0.9591943025588989,0.00014890720194671303,2.3226978385082475e-07,2.90306528816231e-10
Correct 1.776983005186139e-10,4.325519456505056e-11,0.9984791278839111,6.816328751435563e-11
Correct 2.1426025884063726e-11,4.511429424480795e-12,0.9995335340499878,4.380407842008438e-11
Correct 2.5681297366464406e-11,0.999840259552002,1.6002926414571128e-11,4.8267112529032374e-11
Correct 0.9951960444450378,2.698555268132452e-10,7.841130411634367e-09,6.427419707577542e-11
Wrong 2.6243297313044422e-08,0.005328187253326178,0.0031214028131216764,0.9841330051422119
Correct 1.8637688614653314e-10,9.499420694503158e-11,2.8655615658124134e-09,0.9991723895072937
Correct 0.9995502829551697,2.56005611674881e-12,1.255200457461747e-11,8.514659463609853e-12
Correct 0.9999125003814697,2.518779672680549e-12,5.951778566520849e-12,3.6265808064928073e-12
Correct 3.973512352484221e-10,0.9997040629386902,1.3106464524792472e-10,1.7606122781899103e-08
Correct 8.130718320842334e-11,1.3060693504485243e-07,0.9968283176422119,4.40464942297325e-10
Correct 0.1441764533519745,0.0005709605757147074,0.8398969173431396,3.6869485242618794e-09
Correct 1.2531383916658534e-11,1.48430278484879e-11,0.9998047351837158,4.3677804428821076e-11
Correct 0.9639666080474854,8.716761756843994e-10,1.6446314310414323e-09,0.01809818297624588
Correct 1.2887533262784245e-09,2.5939358238247223e-05,4.109199092106053e-10,0.9929907321929932
Wrong 1.3003475487494143e-06,4.784246956934801e-11,0.9989655613899231,6.810307240812108e-06
Correct 0.9963325262069702,1.8549519698041195e-09,2.3127232073871795e-10,2.5462283323451906e-11
Correct 7.325642400246579e-06,0.9996703863143921,1.4254600277929796e-10,3.309641449789069e-10
Correct 3.154094693758047e-11,2.9405491930312166e-11,0.9986470937728882,6.117027717689183e-11
Wrong 6.934236740363531e-09,9.762267383361944e-12,1.036085627015293e-11,0.9997724294662476
Wrong 0.023018203675746918,7.902631296019536e-07,4.281551557738794e-09,0.9443700313568115
Correct 0.984338641166687,1.8593772355135485e-10,0.002332796808332205,2.509427665664532e-10
Wrong 3.240250521230337e-07,0.3279005289077759,1.1092402928625233e-05,0.009341773577034473
Correct 9.595096245318402e-11,0.9992455244064331,2.836852280863056e-11,3.235162832071481e-11
Correct 3.336520615349059e-09,0.9954885244369507,0.00011435647320467979,1.0183064169666523e-08
Wrong 1.1745014205644111e-07,0.19938170909881592,5.287970505918338e-09,0.30283814668655396
Correct 1.560197977756861e-11,5.043652995251335e-12,0.9998655319213867,1.937496170445474e-11
Correct 3.1234889674713884e-10,0.9998290538787842,3.625448552480037e-11,1.9288519670368487e-09
Correct 1.2529000406602542e-11,8.566702902612633e-12,1.542660399422857e-08,0.9997222423553467
Correct 1.3300384231473839e-11,2.3193230669349418e-10,1.9166040282625474e-11,0.9997278451919556
Wrong 1.356739998126244e-10,5.7320623941814475e-11,0.9844726920127869,0.015442117117345333
Correct 1.8741781737663388e-10,3.162782535870434e-11,0.9995611906051636,1.4560999628265847e-10
Correct 5.072856197607667e-12,2.6820312463982088e-12,0.9994542598724365,1.1381651697506268e-11
Correct 3.003466275686151e-08,0.9699224233627319,2.4747774940436784e-09,5.554237958449448e-09
Correct 0.9879262447357178,1.1597230120674595e-10,0.00026319746393710375,9.765835362607334e-11
Correct 8.635245296595428e-10,1.0747816858724946e-08,0.9744153022766113,7.393097245511626e-09
Correct 5.16686953638823e-12,8.69150931781526e-12,0.9994308948516846,3.577722146319573e-11
Correct 0.9985383152961731,1.2522261005898372e-11,1.204381906705354e-11,5.972428714778877e-12
Correct 1.4721730778877173e-11,2.212678824886627e-11,0.9997721910476685,8.560319814110429e-11
Correct 4.147584359293077e-11,0.9996627569198608,6.49580667033689e-11,7.574912225249975e-11
Correct 1.3739422932701473e-09,0.9995710849761963,3.125077974175383e-11,7.674069157914687e-10
Correct 0.00020444362598937005,0.04282215237617493,3.1343088835456e-07,0.9025593996047974
Correct 0.9979596138000488,1.453539510976043e-10,1.5125750651989733e-10,1.773224944656704e-08
Correct 0.9995259046554565,1.1722913438594329e-11,1.0537184839953806e-11,2.7112328382372652e-08
Correct 8.220581160234275e-11,4.4059603188095764e-11,0.9991565942764282,3.1578242798424583e-10
Correct 3.21456417040622e-10,0.9879230260848999,2.807742406629732e-11,6.189460055594509e-11
Wrong 0.9877311587333679,1.843242003474188e-09,0.0003397143736947328,1.1878957539845914e-10
Correct 4.126121666558902e-10,3.0211486090614414e-11,0.9998610019683838,1.2034717840336828e-11
Correct 6.305129751638106e-10,0.9902644157409668,3.1057695304426147e-10,4.897409699999855e-10
Wrong 0.02399652637541294,0.9743119478225708,3.0226630087781814e-08,1.4181482299591153e-07
Correct 2.7894178078469167e-09,4.0600089050712995e-06,1.8403129020683195e-09,0.9972273707389832
Wrong 2.8185066724972785e-08,0.224273219704628,0.4161633849143982,0.0028421259485185146
Wrong 1.1111967346266738e-08,0.975132405757904,2.433192776152282e-06,0.022012192755937576
Wrong 9.180959992249882e-09,0.4532729685306549,0.010485762730240822,0.00034593226155266166
Correct 2.921745137496323e-11,0.9995014667510986,2.960834355469899e-11,2.633163964649299e-10
Correct 5.722251561479652e-10,3.325924952113368e-11,3.626371078424562e-11,0.9997854828834534
Correct 0.9991780519485474,3.2699096902399916e-11,4.6042572532378756e-10,3.993200301671829e-12
Correct 5.372653710811193e-11,0.9999335408210754,1.1725988235955498e-10,6.916632544484713e-11
Correct 3.585509389392172e-10,0.9998159408569336,1.6996681839742678e-11,3.8081225672836894e-11
Correct 1.553712540569574e-11,1.0478286641135703e-11,0.9992635250091553,8.623138314511891e-11
Correct 1.294807483454008e-09,0.99747633934021,3.2326099574930822e-09,4.146734227106208e-06
Correct 1.7410022312702722e-09,0.9867914915084839,2.4813900934006483e-10,1.5502884531670702e-09
Wrong 8.989586604002398e-06,0.6245014667510986,1.1774576869072462e-08,3.024229226866737e-05
Correct 2.1943094563603438e-10,0.998869776725769,5.689521458407398e-07,1.3398640530404293e-10
Correct 2.365294349271352e-10,1.68225469110439e-08,1.3327673686891472e-10,0.9547752141952515
Correct 1.982516817378155e-09,0.9931234121322632,1.504178170907977e-10,1.6693016391400306e-07
Correct 0.9997509717941284,4.756897566821072e-12,2.6393078261105485e-12,4.333079728358058e-11
Correct 2.5764246291970494e-10,6.000808738804153e-10,0.9883123636245728,7.03539282387311e-10
Correct 2.1991486409689287e-10,0.9995927214622498,1.0274862211057112e-10,1.622141310164693e-10
Correct 0.9960831999778748,5.500518443501967e-11,2.5837644523907244e-11,1.946438843436482e-11
Correct 5.3516185289481655e-05,0.028336435556411743,1.0076167455963514e-08,0.05337587743997574
Correct 0.9999090433120728,1.102142942882578e-11,5.059185709255232e-11,7.633569124032569e-12
Correct 7.513453401108983e-12,4.422027848061116e-12,0.9992639422416687,6.322360690536044e-11
Correct 3.845277984915185e-10,6.282405262680868e-09,1.513618713033793e-06,0.9979652166366577
Wrong 1.4950664990465157e-05,0.5155974626541138,0.045730628073215485,2.929650236183079e-06
Correct 0.9558655619621277,2.7095670152021967e-10,0.04011094570159912,5.640617972701989e-10
Correct 0.9994766712188721,1.0183356762005769e-11,1.2302360519189648e-11,1.6079174450234213e-11
Correct 6.581324894783247e-12,1.0622978191543453e-12,1.9905067177861113e-12,0.99980229139328
Wrong 6.553641287609935e-05,2.0789077057048466e-11,0.9989008903503418,3.1389163490658234e-10
Correct 0.9998197555541992,2.1776871417245047e-09,1.2237881819032737e-09,2.6631063673732136e-11
Correct 0.9987868666648865,4.3404151800485735e-11,4.581801604786051e-09,1.3120136088673462e-08
Correct 2.015967837110111e-09,0.00012530296226032078,3.1490139384970917e-09,0.7961198091506958
Correct 2.8677510366392767e-10,0.9995668530464172,1.5094930513881444e-11,9.449932503180491e-11
Correct 0.9540220499038696,1.5707415923493784e-10,9.461567969992757e-05,2.049807545922988e-10
Correct 3.948098792339039e-11,6.652015310110171e-12,1.1270320093847985e-10,0.9994935989379883
Correct 6.982862066351458e-10,1.1312515368899767e-09,0.9967963695526123,4.113065998900822e-10
Correct 0.9996375441551208,1.0124856508753055e-10,1.066544741412656e-09,1.6587411999502422e-11
Wrong 0.08522184193134308,3.1039146364264525e-08,8.304743096232414e-05,3.7246212514219224e-07
Correct 0.020457521080970764,9.40853624342708e-06,0.8339223861694336,1.6552992576635006e-07
Correct 2.7149071879506437e-10,9.178020010658372e-10,0.9998990893363953,7.289872872018321e-11
Correct 0.9960184693336487,4.1755285451472446e-07,6.022436993546876e-10,1.0607680706042899e-10
Correct 6.645295425045106e-11,4.89105700385295e-10,1.2967795726126496e-09,0.9991605281829834
Correct 2.106652630118333e-08,5.344992132449988e-06,3.769006440279554e-08,0.980554461479187
Correct 6.562130838716485e-10,0.9978286027908325,4.731983208050572e-11,1.6531595536939392e-10
Wrong 5.917999033044907e-07,0.9924452900886536,3.2698152518939594e-10,3.493601241633115e-10
Correct 2.4251574706757317e-11,8.604263829203873e-11,0.998595118522644,1.4877936382884371e-10
Correct 6.845838340652222e-10,2.03892819294893e-10,0.9911947250366211,4.829292521435491e-10
Correct 2.4437927376164126e-11,1.2822173010851312e-11,0.9988254904747009,1.620759637610547e-10
Wrong 5.8821864712399474e-08,0.4586407244205475,3.661755499706487e-06,0.00628776615485549
Correct 1.54862256351862e-08,4.234665396118942e-11,0.9995453953742981,8.724070771348735e-11
Correct 0.9880973100662231,4.120821045505707e-11,2.238055053782606e-11,2.6330855898426542e-11
Correct 0.05388008803129196,0.001052528154104948,0.013802262023091316,0.7527507543563843
Wrong 1.4008968207690486e-08,0.04673174396157265,0.5739318132400513,1.4654124242952093e-05
Correct 3.874202174347641e-12,3.479222465685439e-11,0.9998607635498047,1.3059131900861054e-11
Wrong 7.585914863739163e-05,1.98767025061386e-09,4.935138520067994e-09,0.9994551539421082
Correct 0.9987324476242065,4.260658145738283e-11,1.676141714312962e-08,4.1156803659569974e-11
Correct 0.9978102445602417,2.501266971322025e-10,1.772999455584845e-11,3.9485015257412215e-10
Wrong 5.465667072712677e-06,0.02584642916917801,0.3125733733177185,0.001313817803747952
Wrong 4.286006966003342e-11,0.9997221231460571,2.9032358114799983e-12,3.5656932267924546e-11
Correct 1.1080176776090411e-09,5.762580412849161e-10,3.754766719765712e-09,0.9949843883514404
Correct 4.4288051867624745e-05,4.688494641413854e-07,0.2009197175502777,0.00170614174567163
Correct 0.9970047473907471,5.630078803164906e-08,4.123073438222491e-08,1.0673850692199949e-10
Correct 2.0368033648576755e-11,1.8983118896254148e-11,0.996610701084137,5.4969105656166306e-11
Correct 8.305727533297613e-06,8.523288852302358e-05,0.9115878343582153,1.3935198239778401e-07
Correct 1.0402185363078686e-10,4.198046077430462e-10,0.9984257817268372,1.862269505270575e-10
Correct 0.9877479076385498,1.1984120293351275e-11,1.444074027023845e-11,1.4859497313168823e-11
Wrong 3.0358777713956897e-09,1.235832223756006e-05,9.777566534197035e-10,0.9936967492103577
Correct 7.791225997699769e-12,5.183674670061755e-12,1.2570599942918204e-11,0.9996998310089111
Correct 7.300739006399493e-12,5.943039029648878e-12,7.327388695799186e-12,0.9997052550315857
Correct 8.195764206186951e-11,0.9998952746391296,1.0232394792586419e-11,1.594577248020812e-11
Correct 9.184809357520862e-08,5.208016240487723e-10,0.9980031251907349,1.0736091182739216e-10
Wrong 2.8036211006110534e-05,0.8629500269889832,1.6624698284672945e-09,5.160269989090693e-10
Correct 3.862663966458513e-09,0.7019228935241699,0.2929569482803345,6.896753834695346e-09
Correct 0.8010826706886292,6.553637831530068e-06,9.530806721613772e-08,6.434969890278808e-09
Correct 3.379940494152578e-10,2.499314817605569e-11,0.9996446371078491,1.4044829188541996e-10
Wrong 3.692491201690018e-09,0.9952089190483093,0.003071368206292391,8.485249836098774e-09
Correct 1.829914799600374e-05,3.162361963404692e-07,0.028349997475743294,0.9691978693008423
Wrong 0.38258981704711914,1.9471026462269947e-05,1.0772907899081474e-06,1.951296013658066e-08
Correct 0.0008039495442062616,0.9744316935539246,1.0337465328191797e-09,5.169178973751798e-10
Correct 0.06643149256706238,0.9277119040489197,3.8960304427071435e-10,3.332418785362279e-10
Correct 5.164648442246289e-08,0.9959562420845032,0.0007304941536858678,8.476979118654526e-09
Correct 0.9999305009841919,5.0602170023617e-12,1.6125538404576645e-11,7.9108221709423e-12
Correct 3.410244586721234e-10,0.9991070628166199,1.726508172539276e-11,5.558217427981127e-11
Correct 2.5288460561712078e-11,2.9448622360095378e-12,3.093177190077734e-12,0.999730110168457
Wrong 9.264157597499434e-06,0.5880618095397949,5.483525100657971e-08,2.5242195533792255e-07
Correct 0.9995522499084473,1.4541336017248607e-11,1.0743569228699457e-11,1.4200087328219979e-08
Wrong 1.6573098449157442e-10,1.9089103561742427e-11,0.9982879757881165,1.0672328298877432e-10
Correct 0.9718906879425049,3.7585491554636974e-06,6.660319407103543e-09,1.4825258798367713e-09
Correct 1.425538576071972e-10,0.9999114274978638,4.739520704788447e-07,1.379635017340064e-10
Correct 0.9980506896972656,2.0893284932016476e-12,1.8152191989112554e-12,4.28067650770636e-12
Correct 0.3275529742240906,6.566631682858315e-09,3.742581000665268e-08,0.005872157867997885
Wrong 0.932391881942749,0.013577853329479694,1.4886565224969672e-07,1.6821285697687927e-08
Correct 1.1475199956922921e-10,9.750897334015463e-06,7.865885026658859e-11,0.9994542598724365
Wrong 6.323619405890213e-10,2.2963070334114377e-10,0.9355838298797607,1.384990264341468e-05
Correct 8.933308953684715e-11,8.602812212599176e-11,1.395204646259529e-10,0.9980873465538025
Correct 0.9994962811470032,5.5098869911063275e-11,1.1749874684330308e-10,8.03103503838054e-12
Correct 0.9990652799606323,3.217624083839965e-11,3.4643402729850337e-11,3.934307046815633e-11
Wrong 2.1213863874436356e-06,0.26401472091674805,2.5879214149426844e-07,0.2978399693965912
Correct 0.9910166263580322,2.1729406468606882e-12,1.5905937591348396e-12,2.2551392177272422e-12
Wrong 9.620965357726163e-09,6.67306267132517e-07,1.6178683281964368e-08,0.9998064637184143
Correct 1.592900464308933e-11,1.4148239003974883e-11,0.9996315240859985,3.1217629176127915e-11
Correct 0.9995582699775696,6.04560002059884e-09,0.00018039363203570247,4.528647248869255e-11
Correct 1.4206344989275976e-09,9.483747814842403e-11,0.9997065663337708,1.0573099340493997e-10
Correct 1.2401385474092308e-11,4.920619901122025e-12,1.0454361334955031e-11,0.9998801350593567
Correct 0.9641987085342407,3.5858125496668336e-11,4.902307032539355e-11,6.11061201638563e-11
Wrong 0.9498122334480286,6.362544269222781e-09,1.1071795924522121e-08,0.000597423582803458
Correct 6.341580593982599e-09,4.4614307626034133e-07,0.9333536624908447,6.417984366180463e-08
Wrong 2.536276895170886e-07,0.4643804430961609,0.09339018911123276,0.0027730686124414206
Correct 0.8783895969390869,3.2801064662635326e-05,0.012024600990116596,4.93479657137641e-09
Correct 2.6321816948282617e-10,6.539789820791952e-10,3.092215411015786e-05,0.9991239905357361
Correct 0.0004024570807814598,5.024044639867498e-06,0.44622159004211426,7.51023708289722e-06
Correct 2.981114799460727e-10,6.011507025505125e-07,0.9992363452911377,3.6273256620589223e-10
Correct 1.4269371604314074e-05,0.0006860395660623908,1.5054959590088401e-07,0.985222339630127
Correct 1.0800434331603714e-11,7.440138782843775e-12,0.9997712969779968,5.397121291550455e-11
Correct 3.3072002025846814e-08,2.82496470660476e-10,0.9991357326507568,6.633157911828391e-11
Correct 7.201917014143522e-12,4.965919168931077e-12,0.9996374845504761,4.07816835856778e-11
Correct 0.9999907612800598,2.5082306023826995e-12,1.4459945740785685e-10,2.9615227371132535e-12
Correct 1.2456188858145367e-10,1.3014153643631232e-10,0.9931086301803589,0.00022838424774818122
Correct 0.9998254776000977,2.4478661285465275e-12,2.457550656032037e-12,2.70375527522404e-11
Correct 0.9999322295188904,1.428406655110126e-12,1.4656152810474388e-12,1.7353130651182047e-12
Correct 4.2558567781014744e-11,5.159473959182037e-10,2.953496114344034e-09,0.9995415210723877
Wrong 0.987497091293335,7.565426507483153e-09,0.003299135249108076,1.0791734172954648e-10
Wrong 0.9996250867843628,1.0399758311463447e-11,4.869260897266692e-11,5.43562278521037e-11
Correct 6.053979095810291e-09,8.371628723580216e-08,0.9986260533332825,4.319901563576423e-06
Correct 9.898386277296112e-11,0.9996609687805176,5.75771062771846e-11,2.1991695964285185e-10
Wrong 0.9953760504722595,2.0257607502571773e-06,2.2248876074826285e-09,1.554242706758302e-10
Correct 2.8257537976195124e-10,0.9981883764266968,1.388818227088251e-10,1.122825499244584e-09
Wrong 3.3863923931676254e-07,3.5509915008447024e-09,0.9186750650405884,0.0731198787689209
Correct 0.00013633038906846195,5.487913767865393e-07,0.8180675506591797,0.15904048085212708
Wrong 5.303076200391388e-09,2.399750176351745e-09,0.9937404990196228,1.7736687119018768e-10
Correct 2.7808483293867425e-10,2.5628884431361243e-11,1.9987964061662922e-10,0.9993149042129517
Wrong 5.003432306693867e-06,8.742144564166665e-05,0.99527907371521,2.2253754394796488e-08
Correct 1.5643767531381414e-11,2.3454541260570227e-12,7.86947156744544e-12,0.9999055862426758
Wrong 0.9807023406028748,3.5555347555060735e-09,0.00854678638279438,2.9622151398456253e-09
Correct 7.529556839136475e-11,5.258406557406836e-12,8.720781909110631e-12,0.9994281530380249
Correct 1.3193552153567545e-11,2.1656708544537384e-12,2.2200854436077444e-12,0.9996488094329834
Correct 0.9921923875808716,8.093220538185619e-10,3.489801780887092e-10,2.5269829631580087e-11
Correct 4.860302396991756e-06,9.722656102439942e-08,0.1377543807029724,0.8603355288505554
Correct 1.1575362890425822e-10,1.168901919701426e-10,2.9209218377346247e-10,0.9987119436264038
Wrong 2.8770594795446414e-09,2.049044933727373e-09,0.9556270837783813,1.5847200884877566e-08
Correct 6.353203518827399e-10,0.04015372321009636,1.7575458741703187e-06,0.9573579430580139
Correct 1.1392153713429831e-11,2.4857017486001887e-12,1.8519984157361336e-10,0.9995706081390381
Correct 0.9350427985191345,3.002231778737041e-06,1.0791159184009302e-06,1.685537043272234e-08
Correct 2.306609764302081e-11,1.5497669120234647e-11,1.8526770395599357e-11,0.9988548755645752
Correct 0.999711275100708,6.017966073385006e-12,1.6709947661674995e-11,3.7695788331071345e-12
Correct 3.754202726469202e-09,0.9878733158111572,1.674358607317572e-08,0.002352022798731923
Correct 8.487861802297658e-11,7.901429510681623e-10,2.5914168033658314e-10,0.9986354112625122
Correct 7.58307739517905e-12,2.19327785100365e-11,0.999398946762085,1.2587444975231676e-11
Correct 8.161432085707077e-10,0.99822598695755,2.357190831414613e-10,2.3290780415408108e-09
Correct 1.0377255676985442e-07,4.0183461003096e-09,0.9989748597145081,1.3569700918480976e-10
Correct 1.443361749564609e-11,8.006033336283025e-12,0.9998417496681213,4.0427029779355195e-11
Correct 0.9986943602561951,1.4302599903037727e-12,2.146413255466051e-12,3.3715758050029132e-12
Correct 0.9990658164024353,8.9901107391821e-11,1.1660872587526683e-06,3.595685554858008e-11
Correct 6.105526501043457e-11,5.120421447957213e-11,4.477809789626974e-10,0.9992861747741699
Wrong 0.9993528127670288,2.6291246957299563e-10,6.534823882020646e-08,4.125286334755174e-09
Wrong 2.0960061811181596e-11,1.0657838327154945e-11,1.594278008221206e-11,0.9999701380729675
Wrong 4.559292499095591e-09,0.0027076329570263624,7.763802045701595e-07,0.9945318102836609
Correct 0.9988494515419006,7.077351205087012e-11,6.975137828435507e-11,0.00011917777010239661
Correct 0.9894957542419434,2.0974829340048018e-07,2.0122317323512107e-07,4.5922698976852416e-10
Correct 2.269402443744184e-10,1.9605681661483132e-11,0.9982211589813232,2.669139215205618e-11
Wrong 0.998753547668457,1.5803075514853049e-09,1.577827979382107e-09,1.0734218136576601e-07
Correct 2.2219469320017282e-11,0.9999730587005615,2.333543948351835e-12,4.3904618829415654e-10
Correct 5.725260265876386e-09,0.999803364276886,8.327633721494365e-11,1.41478370685455e-10
Correct 2.529400511264157e-08,2.0970214791304898e-06,0.9974599480628967,1.0722589482980993e-09
Wrong 3.489423033897765e-05,0.15300004184246063,0.2239590883255005,0.0002651948598213494
Correct 3.08173184748739e-05,0.003610332263633609,0.46980124711990356,0.4925455152988434
Correct 1.634951507512028e-09,5.320994755919628e-10,2.603152970959144e-10,0.9935104846954346
Correct 1.55580187621851e-10,2.8976676613723384e-09,0.9956952333450317,4.2496006713577117e-10
Correct 0.9999500513076782,8.959825069376759e-13,8.394238537774712e-13,1.0382756937196702e-12
Correct 7.18148734923929e-11,7.394723028353312e-11,0.9994584321975708,3.6519098856047094e-09
Correct 4.40869320217363e-11,3.4640276758146626e-11,0.990060567855835,5.068613237457775e-11
Correct 1.2799934723251027e-11,6.627277719661873e-12,8.187591230002234e-12,0.9995397925376892
Correct 7.678932489874057e-11,1.7630313209338055e-08,0.9982643127441406,1.1061918048227426e-10
Correct 2.8725426481912564e-09,0.9968790411949158,2.5998470043475663e-10,1.0814483752952242e-09
Correct 0.9986105561256409,1.8742814592020984e-11,1.3724831271488824e-09,3.780916205120555e-11
Correct 0.9581755995750427,0.01104959100484848,1.5776051043303596e-07,7.417286784772159e-09
Correct 1.9465059772350024e-11,2.1215848522437852e-11,0.9991174936294556,9.546826523765262e-11
Correct 6.825108186947482e-12,2.3613526498739157e-12,6.236155255384679e-12,0.9998145699501038
Wrong 6.904399829643637e-10,3.080798727239653e-09,0.009313170798122883,0.9901630878448486
Wrong 0.9997494220733643,4.6088192290349994e-11,2.838523860404507e-11,5.316345280670376e-11
Correct 7.396382811775126e-11,2.348418768477467e-12,8.414107084686595e-12,0.9999205470085144
Correct 2.2704720048505322e-11,1.096004190181965e-11,0.9993550777435303,2.1935423963337364e-11
Correct 1.2832051652367227e-06,5.463194341359667e-08,0.9084656834602356,0.0011747305979952216
Correct 0.9994239807128906,4.1769209618847114e-11,1.970163789055679e-11,5.123631553749508e-12
Correct 5.577369122100606e-11,2.4533114255376187e-12,0.9991658926010132,2.1460614535451228e-11
Correct 0.9980310201644897,2.3567481299835435e-09,1.4815213292274088e-11,2.366084324995077e-12
Correct 0.9980894923210144,7.807483826116624e-12,9.243266742287037e-12,3.713444482467132e-12
Correct 4.816394505446908e-10,4.291383447707631e-06,3.882095533924712e-09,0.9981772899627686
Wrong 0.0004112487949896604,4.833843880724942e-10,7.011426439440527e-10,0.9954344630241394
Correct 0.998795747756958,1.2654025050018447e-10,2.728136605512077e-10,3.25603675965791e-11
Correct 1.5957787868892126e-10,2.8303512311644852e-11,9.507697407151738e-11,0.9997352361679077
Correct 2.2055983428526105e-10,0.999901533126831,2.1585739773399837e-07,7.24516613370696e-10
Correct 7.441943727926059e-10,0.9996351003646851,3.1887967960608776e-11,6.960342857631474e-10
Correct 1.0490965873799496e-09,9.272650008940175e-11,1.1550667367021816e-10,0.9995713829994202
Correct 3.377843491025878e-11,4.9073913821473525e-09,0.9954982995986938,4.5990469210721585e-09
Correct 1.214925582360138e-08,0.06858223676681519,0.6156934499740601,2.3262143145075243e-07
Correct 2.7893709564352775e-10,0.9973142743110657,3.967324038733899e-11,1.7050065803658754e-09
Correct 4.466824132798308e-10,0.9996411800384521,2.2160745061228226e-07,8.264406936575597e-09
Wrong 0.8899649381637573,3.010137277215108e-07,1.3695955658477033e-06,1.0257103610911145e-08
Correct 4.1428835188817015e-12,3.867735558910068e-12,0.9983820915222168,6.283220471692275e-12
Correct 1.7600900736880476e-09,0.9965384602546692,2.0018269264454602e-09,3.4548912619669636e-09
Correct 2.0103034514828977e-10,0.9990683794021606,3.201577197797789e-11,6.68785443691533e-11
Correct 0.9990342855453491,1.9070138523868962e-10,5.1943928325304256e-11,1.188839564986166e-11
Correct 4.9403862334429505e-08,0.05762539803981781,0.004004303365945816,0.8934255838394165
Correct 8.740961426889626e-11,1.2074109073667572e-11,0.9989389181137085,8.145269875248218e-11
Correct 0.989938497543335,1.2338613464280002e-10,0.000837011612020433,2.113757918698056e-10
Correct 1.615341282956706e-08,6.592132706373377e-08,6.697395292576402e-05,0.34477558732032776
Wrong 0.07371475547552109,0.006215881556272507,0.4896135926246643,3.443677343284435e-08
Correct 2.557906386702058e-10,0.9719458818435669,1.1944682398734585e-07,2.8504057447698017e-10
Correct 1.7564563137284495e-09,0.9996209740638733,2.7950467461346218e-12,3.909482113040319e-12
Correct 1.1181138681592984e-08,0.9710909724235535,4.2732639649045723e-10,6.048271883329903e-10
Wrong 0.010131307877600193,5.15029885406193e-09,0.8456717729568481,7.254498779474261e-09
Correct 9.579393918102141e-07,0.0010697616962715983,0.201834574341774,2.540395371397608e-06
Wrong 8.621204444780872e-12,9.617453534949139e-12,9.4534232872312e-12,0.9996073246002197
Correct 0.9987173676490784,4.366703110214587e-10,4.8004125119405217e-08,3.052966560113113e-11
Wrong 1.1436680595611204e-11,6.037842534972748e-12,0.9999155402183533,9.666314970679935e-11
Correct 1.8483360675336513e-10,1.2125207782265335e-10,0.9996187090873718,2.809475430076702e-10
Correct 5.3937583566199265e-12,2.978242435655587e-12,0.9987070560455322,5.731847288470426e-12
Correct 3.128809566987911e-08,1.446929218218429e-06,4.3818481572088785e-06,0.97556072473526
Correct 8.312550300870747e-12,5.3479911471532304e-12,0.9998384714126587,1.9620377544882217e-10
Correct 4.538934117448434e-09,0.9993114471435547,1.5662614261113816e-10,1.3445168589587553e-10
Correct 2.725483467386214e-12,0.999994695186615,6.205405522763385e-09,2.1549960167038806e-12
Wrong 3.705283234012313e-06,8.422338382274575e-10,0.9412621259689331,0.0003710915334522724
Correct 4.167738636845497e-12,4.371953146731222e-11,0.9993197321891785,5.46648403626504e-12
Correct 1.936025117998952e-09,7.155780412659851e-09,3.494989853081165e-09,0.9987242817878723
Correct 0.9998208284378052,6.689163654406693e-13,1.2593051601506033e-12,7.618793833666371e-13
Correct 2.8115747577328598e-11,3.81691483974933e-11,0.997951865196228,1.5185482038493348e-10
Wrong 1.8309219740331173e-07,0.8189459443092346,0.05688730627298355,6.348523129418027e-07
Correct 0.0013200659304857254,3.251698910133882e-10,0.9961703419685364,1.1385068443559021e-09
Wrong 6.157475640478083e-10,6.223476595179633e-11,0.9978647828102112,7.577460928587243e-05
Correct 3.434743323094125e-10,4.607346171248139e-10,9.188909355639652e-11,0.9919973015785217
Correct 1.368208879526378e-10,0.9993077516555786,3.0519306526421985e-10,4.2358178076185027e-10
Correct 0.9988065958023071,4.198359021545528e-11,1.9132674611288536e-10,1.228972999756106e-11
Correct 1.3469109161334814e-10,5.886089393669636e-10,0.9993318319320679,1.1392468912685416e-10
Correct 2.921168015745934e-05,2.3030493068176838e-08,7.18697101831367e-10,0.8364745378494263
Wrong 9.825493663129237e-08,0.9366503953933716,1.5827394950207463e-09,1.1880367765115807e-06
Correct 8.451446487089953e-11,0.9991499781608582,8.677489282682416e-12,8.933134787447727e-11
Correct 1.8177884753001194e-09,0.0004592164186760783,0.9984017610549927,1.5233515837653755e-10
Correct 0.9996529817581177,3.683978633262086e-08,1.5717021597083658e-05,2.5104232581618646e-10
Wrong 2.3412957261825795e-07,0.8309671878814697,0.16631220281124115,3.763406031254135e-09
Correct 7.602792839733752e-10,0.9980877637863159,2.8487556757994525e-10,2.2642978603215624e-09
Correct 9.78189231004567e-12,6.419148199099389e-12,0.9996575117111206,2.5424617272618022e-11
Wrong 0.99910968542099,6.5050759917584244e-12,1.1336348526569395e-11,6.8391065380368765e-12
Correct 3.203113330130236e-10,0.9986140727996826,5.489351750931348e-10,1.0861607080414615e-07
Wrong 8.051851407842037e-10,8.691257158410792e-10,0.9996757507324219,9.055103888933047e-10
Correct 1.3861770753464953e-07,4.408096554442409e-09,0.000601736712269485,0.9961742162704468
Wrong 0.027085859328508377,1.0424861329738633e-06,0.9606994390487671,1.868592613973874e-09
Correct 0.11729989945888519,3.300658590887906e-08,7.774644217306559e-08,2.1221387669356773e-07
Correct 2.2057247694995397e-10,1.6141286224291562e-11,0.9990538954734802,5.3601279664805546e-11
Correct 2.3278581284813527e-09,6.056064677517625e-11,0.9983984231948853,1.3104131668661978e-10
Wrong 2.3750842959024965e-10,2.781930501932761e-12,0.9998775720596313,8.088078817802824e-12
Correct 0.9997633099555969,2.199013323864185e-12,1.7893943705243887e-12,1.1821344250706467e-11
Correct 1.1006891578735356e-11,7.370356061575656e-12,1.814470795835632e-11,0.9997917413711548
Wrong 2.001907320470231e-12,2.7154836539089455e-12,1.3250116065108286e-12,0.9998629093170166
Wrong 1.3555803146658718e-09,1.449537823106084e-08,6.868422985917277e-08,0.7430642247200012
Correct 6.085126180721545e-09,0.9984612464904785,1.3679539445643485e-10,1.2194079079819176e-10
Correct 2.8095759052604308e-09,0.9239707589149475,1.6618588460914907e-07,0.00021329193259589374
Wrong 0.9973921179771423,2.810963406485456e-10,1.7561277432243116e-10,0.00147001922596246
Correct 0.9996535181999207,2.2383555009497513e-09,1.117279690987516e-08,1.0207833883724149e-10
Correct 2.74518741072427e-10,1.1507897412776913e-10,0.9958113431930542,2.057037040703591e-10
Correct 4.01351707424169e-09,3.675707205275103e-08,9.50099332541754e-10,0.999235987663269
Correct 3.915802349041542e-09,3.923728968402429e-07,3.645936885732226e-06,0.949196457862854
Correct 2.0486662366536734e-10,0.9997535943984985,4.152274357682728e-11,7.393188145021767e-11
Correct 0.7088724374771118,1.4097164466875256e-06,0.018196221441030502,2.387728454777971e-05
Wrong 0.992949903011322,1.937155514122879e-12,1.677169904693021e-12,2.169268887783349e-12
Correct 9.338031216332698e-12,1.2501329181915932e-12,1.8069609393836505e-12,0.9999839663505554
Correct 1.783662284537968e-08,2.9905506959693184e-09,6.6656853370261615e-09,0.8220520615577698
Correct 2.769705531591171e-07,1.857315146480687e-05,2.0677509704469799e-10,0.997699499130249
Correct 3.7623060222813365e-10,0.9998893141746521,8.850430111007057e-11,5.320534568475921e-10
Correct 1.0321046101102738e-11,3.4299121702552338e-12,0.9998001456260681,1.2031623961017424e-11
Correct 0.9996218681335449,9.926825854378318e-12,3.1388901894358057e-11,6.291125606572301e-12
Wrong 6.221310400178481e-08,0.00090876838658005,0.08420823514461517,1.1082493983849417e-05
Correct 6.2616680729377094e-09,1.2149203030276112e-05,0.9993834495544434,3.8961953663374516e-09
Correct 3.8688073578097004e-11,0.9996033906936646,2.7466145677279563e-11,1.680534877923634e-11
Correct 0.9997962713241577,1.614426257609547e-12,3.413258608045422e-12,1.835898837468375e-12
Wrong 0.05502361059188843,0.914333701133728,6.597967949772965e-09,0.0010430196998640895
Correct 1.0124139304679147e-09,1.1258156906723826e-10,3.880474552797608e-10,0.9996402263641357
Wrong 1.42349506404571e-07,0.0020312736742198467,0.5418053269386292,3.3840824471553788e-06
Wrong 0.004300424363464117,7.959307879445987e-09,0.7066984176635742,8.77616821526317e-06
Correct 8.51827164360941e-10,0.9964549541473389,2.7152391446350066e-10,1.1602082627959476e-09
Wrong 1.841187619033846e-11,1.4105862311541983e-11,0.9988443851470947,3.527922051715926e-11
Wrong 0.7608767747879028,4.1993062360745625e-09,0.20627696812152863,0.0013399405870586634
Correct 0.9974136352539062,4.550754773013921e-10,2.9527635891923865e-10,4.948431248097407e-11
Wrong 0.9891219139099121,0.003907816018909216,1.3158271485735895e-06,1.6005997915957693e-10
Correct 1.5770839079110033e-09,0.9989756941795349,9.331104777743349e-10,3.1863828242606473e-10
Correct 1.5745401924505131e-06,8.394978976866696e-06,0.4105427861213684,0.4407135248184204
Correct 1.1764995228036312e-11,5.0286896174922546e-11,0.999553918838501,6.515798389727934e-08
Correct 5.122920490596705e-11,1.0734774180676254e-09,0.9998939037322998,4.008603171623548e-11
Correct 1.494750677011325e-06,0.0002486010198481381,0.00032468116842210293,0.9663807153701782
Correct 0.9978830814361572,2.712423619044557e-10,1.0881916895355559e-11,5.5895437583997065e-11
Wrong 0.008483252488076687,1.4953361215930272e-08,0.49543511867523193,0.23905295133590698
Wrong 1.8814920110798994e-07,0.03824486583471298,5.56327790945943e-07,5.050030722486554e-06
Wrong 3.6035560386366017e-12,2.003084330348681e-12,0.9988462328910828,3.5868443631903446e-12
Correct 1.662614934616613e-09,1.5482334164707012e-11,9.733079620044549e-11,0.9995822310447693
Correct 0.9995952248573303,2.6218092141760962e-09,2.4566042533535892e-09,1.1147004153055917e-10
Wrong 1.3073363572257968e-11,1.1731555830951645e-11,0.9991628527641296,2.7015221656934152e-11
Correct 1.2782691571899818e-10,0.9997233748435974,2.333329710002552e-11,1.583317015274588e-07
Correct 0.9893357753753662,1.6381065506720915e-05,7.136190305345735e-09,2.8027313803136167e-10
Correct 8.879382472348762e-12,4.846676011915907e-12,0.9998307228088379,1.1187942065837841e-11
Correct 0.985572874546051,1.0468312848510575e-11,5.48681846485044e-12,1.5539616468607242e-11
Correct 6.812839788844505e-12,5.3912907124753495e-12,9.875568245110156e-12,0.9997254610061646
Correct 0.007390571292489767,7.780970312509794e-11,0.9918509125709534,7.231092113979543e-11
Wrong 0.42282843589782715,1.8591832429137867e-07,1.6567524880883866e-06,0.39619746804237366
Wrong 4.3895860279974386e-09,0.8263769149780273,0.16930480301380157,9.68571021076059e-06
Correct 0.9997053146362305,3.803096171317577e-10,1.6860884910485652e-09,1.315672154555969e-10
Correct 3.548819293985872e-10,5.135436520475878e-11,0.00032903734245337546,0.999306321144104
Correct 6.140754571504203e-12,7.186913824480667e-12,0.9997694492340088,2.9356954367454335e-11
Correct 1.374600433479145e-10,2.1617854173427986e-09,0.9954120516777039,3.11212944303918e-10
Correct 0.9994385838508606,1.4707292458546184e-12,1.4446829149639129e-12,1.5335594122714569e-12
Wrong 1.4112462309867624e-09,0.9987797737121582,6.924154305476549e-11,3.906218069005263e-07
Correct 4.773415551717619e-10,0.9828281402587891,3.1118252419304326e-10,7.062101459176517e-10
Correct 9.05129027284346e-11,6.576190147988825e-10,2.941429766423198e-09,0.9998602271080017
Correct 1.4781666168861562e-10,1.5480576889825848e-11,0.9990106821060181,2.8508176375119376e-10
Wrong 2.1928647786495503e-10,3.3627026163607354e-10,2.6537601005571787e-09,0.9944509863853455
Correct 6.229160416648671e-12,4.155650216303153e-12,9.02438540562045e-12,0.9999673962593079
Correct 0.26343557238578796,0.30984631180763245,0.2540602684020996,3.1666754694015253e-06
Wrong 0.002998167183250189,0.0056508248671889305,7.0303789456716e-09,0.34903112053871155
Correct 0.9971903562545776,2.7085152396466583e-05,1.0059254407224216e-07,2.5919777435490232e-09
Correct 1.882747966419629e-07,3.824651706452187e-11,0.9995349049568176,6.841938821056104e-11
Wrong 1.118506087749438e-08,1.6231128938670736e-06,1.8075745344958705e-09,0.00012100105232093483
Correct 1.756263190433316e-10,0.9995414018630981,1.8377574462213886e-10,2.5718516205586184e-09
Correct 4.9496687637429204e-08,0.12304000556468964,2.8173280597343364e-08,4.346389026466113e-09
Correct 3.477161059084466e-10,0.9999132752418518,1.5063068847798178e-10,3.555772343233343e-10
Correct 0.9998050332069397,4.689735821905572e-10,5.080499221321588e-08,2.0965756908353228e-11
Correct 2.1585244702748696e-10,0.9998303055763245,6.211069436545813e-10,1.471517796503008e-09
Correct 0.9996882677078247,7.736278284653508e-11,1.616034195350835e-09,4.604242334615982e-12
Correct 1.0190353005867792e-09,0.9967139959335327,4.1281297824546925e-10,0.00019223010167479515
Correct 0.9491207003593445,0.011944937519729137,0.016247369349002838,7.094741505397906e-08
Correct 1.887346876006113e-11,9.0507349878588e-12,0.996752142906189,8.652023542055076e-10
Correct 3.0166795284003456e-08,0.008896270766854286,2.334861548547451e-08,5.600429631158477e-06
Correct 3.1719363247084686e-11,7.716270677970982e-11,0.9985920786857605,1.3670303777857384e-10
Wrong 1.8667012380291226e-11,7.346676218766834e-12,7.561791470767076e-12,0.9997458457946777
Correct 3.50663378542726e-12,3.248097320621146e-12,0.9994182586669922,7.446476768535604e-11
Correct 3.6953311938203726e-11,4.0926451561063004e-08,0.9995031356811523,1.7005168106987156e-10
Correct 1.140225674295392e-11,5.899568594064375e-12,1.2601990631577742e-11,0.9999709129333496
Correct 0.995976984500885,2.487877126533533e-10,1.8018621317228423e-10,8.123549749550207e-11
Correct 3.3229380358434923e-10,6.293127130518883e-10,0.9359586834907532,1.4681438287311721e-09
Correct 8.732854023252301e-11,0.9998589754104614,1.4607613079212212e-12,2.572190941144137e-12
Wrong 2.3814965624535667e-11,9.782968705962514e-12,1.1870368576971657e-10,0.9998720288276672
Wrong 0.8256981372833252,1.065204813244236e-07,0.0001720992586342618,0.003765115747228265
Correct 1.096019941471127e-09,0.9979815483093262,3.779430102213155e-09,6.262449225857836e-09
Correct 0.996929943561554,2.2083702921893433e-11,3.1792117549667154e-11,1.8645380378545795e-11
Correct 2.863963066701558e-09,0.9979509711265564,1.3460776937535002e-09,2.179424862802648e-09
Correct 2.0857141014296587e-10,0.9875485301017761,1.644639624487354e-08,2.5558380412071813e-10
Correct 2.600277992925726e-09,1.8645767152492e-09,0.9986652135848999,5.547258763449747e-10
Correct 6.243396910576848e-09,6.659598428271352e-10,0.011382028460502625,0.9868931770324707
Correct 2.443737399937529e-11,2.3467068566151994e-11,2.3360677975370336e-11,0.9987040162086487
Correct 1.5480019488478547e-09,0.987442135810852,1.5573891687381547e-07,1.4193383135463478e-09
Correct 1.3830026013295083e-10,0.9974984526634216,6.922857842539543e-09,6.212848985276409e-11
Correct 1.723818421339729e-09,9.862467322818702e-07,7.475759775843471e-05,0.9975886344909668
Correct 4.7483915466273174e-08,0.982110321521759,0.0006637477781623602,1.9795111327880477e-08
Correct 1.158620754893036e-09,0.9938448071479797,2.90474155839604e-09,0.005759838502854109
Wrong 0.00021333509357646108,0.03359788656234741,0.016129422932863235,0.025798343122005463
Correct 0.9987009763717651,1.900675103416738e-11,5.384619833348481e-11,8.682480082122801e-12
Correct 0.9906654357910156,3.651961399953052e-09,7.217246800195198e-10,7.769144216851487e-10
Correct 0.9965159893035889,3.9942244711710373e-07,4.843526621445271e-11,3.356720804092994e-11
Correct 0.9954458475112915,4.607868575590146e-08,7.268248503056185e-11,1.0651936971362019e-10
Wrong 0.9997451305389404,1.5107823846116641e-12,1.2795138212839952e-12,1.5553903651155387e-12
Correct 0.022215578705072403,8.991845561467926e-07,2.4730012228246778e-05,0.15649019181728363
Correct 2.1291016172320099e-10,5.3908095765109465e-09,4.998561848879035e-07,0.999596357345581
Correct 9.030360814676897e-08,0.005079544149339199,0.006285443902015686,0.9314890503883362
Correct 9.70258075272401e-12,5.2093190872071204e-12,0.999726414680481,3.593539008028834e-11
Correct 0.9997257590293884,1.2819691055238058e-12,6.586657217907965e-13,9.298391050183152e-12
Correct 1.3252431017463095e-05,2.3190929732130883e-10,0.9993177652359009,2.776855412278678e-10
Wrong 0.6337738037109375,3.2464055887970744e-09,4.9271378088633355e-08,0.30851542949676514
Correct 7.325798995205801e-11,7.391370848708334e-11,0.9988924860954285,8.470199645671528e-06
Correct 0.9999819993972778,5.841949645389588e-14,1.310417838693359e-13,4.7181686725975e-13
Correct 0.9891316890716553,9.940830381083288e-10,4.157049982023153e-10,4.031965039619223e-11
Correct 1.9518211699653953e-11,7.392584461252127e-11,0.9993213415145874,1.9971378717453803e-10
Correct 2.2926056886252155e-11,1.1005455227697247e-11,0.9985906481742859,6.540177427405425e-11
Correct 0.9987964630126953,2.4474693105513978e-11,9.368996550795927e-11,1.732662104070304e-11
Correct 1.9810278417686789e-10,1.4602301312560684e-10,0.9953862428665161,1.9460828781792117e-10
Correct 2.6236386327371797e-11,0.9999417662620544,1.3950992054298506e-12,1.1174966334237535e-11
Correct 9.55087031684343e-09,5.060765602138417e-07,9.739040251588449e-05,0.9772076606750488
Correct 0.9989545345306396,7.89724730054786e-09,8.954883014666848e-06,2.5503483769284685e-09
Wrong 0.0004552865866571665,0.9994782209396362,1.4700476946849506e-11,1.2264697937802715e-11
Wrong 2.7958453756582458e-06,0.579063355922699,0.01984046958386898,2.5337049791573918e-08
Correct 3.049158842083344e-11,5.271486372415701e-12,0.9995136857032776,1.3522853843650484e-11
Correct 2.5201906339589186e-08,0.957884669303894,2.7455000235931948e-05,0.009120069444179535
Correct 1.532356463940232e-10,0.9954437017440796,2.6481575265968615e-10,1.7974459254332942e-08
Correct 4.8996104951015695e-09,0.9762692451477051,9.754767826830602e-11,0.00021256430773064494
Correct 3.045477411922626e-11,2.6874908548579768e-11,0.9995107650756836,1.5084553051103455e-10
Correct 1.5901366334780676e-10,2.492647199758835e-10,3.21183968310379e-10,0.996083676815033
Correct 0.9987225532531738,3.5222131877787888e-09,0.0002667166409082711,4.1747333368036266e-10
