grade confidence_levels
Correct 1.7973896265029907,-0.21467375755310059,24.12899398803711,0.9944697022438049
Correct 4.790381908416748,24.928102493286133,3.5954742431640625,4.963355541229248
Correct 4.238595962524414,25.82607650756836,1.7786834239959717,3.4331915378570557
Correct 2.989266872406006,23.444385528564453,1.1598984003067017,3.478510618209839
Correct 1.063140869140625,0.9787886142730713,15.297069549560547,21.911897659301758
Correct 26.01732635498047,-0.6941375136375427,-1.307499647140503,0.018753409385681152
Wrong 2.6822478771209717,23.970930099487305,4.2342729568481445,2.857590436935425
Correct 24.95591926574707,13.39837646484375,3.721900701522827,0.47725027799606323
Wrong 8.499011993408203,6.763124465942383,20.214881896972656,-0.34789037704467773
Wrong 14.474554061889648,25.751522064208984,1.0604554414749146,2.696668863296509
Correct 0.7987915277481079,-0.6665691137313843,-0.07579956203699112,23.64241600036621
Correct 5.687343120574951,2.7189812660217285,2.925208568572998,25.09789276123047
Wrong 25.745607376098633,8.431618690490723,4.061415672302246,0.884931743144989
Correct 3.141204357147217,22.699092864990234,5.430780410766602,3.7194607257843018
Correct 3.0050692558288574,23.85462760925293,-0.3104000687599182,15.80251693725586
Correct 20.180849075317383,5.345125675201416,6.292957782745361,4.120061874389648
Correct 26.736833572387695,2.651437997817993,2.8230326175689697,2.2766335010528564
Correct 4.817356109619141,3.7461302280426025,4.131353378295898,26.30156707763672
Wrong 2.3862452507019043,22.614933013916016,4.557167053222656,15.878376007080078
Correct -0.6928879022598267,-0.5707749724388123,24.409778594970703,0.9468396902084351
Correct 0.9816642999649048,0.632548987865448,1.3443448543548584,27.087604522705078
Correct -0.17070549726486206,-0.7465887665748596,26.19029426574707,1.2803575992584229
Wrong 4.131775856018066,24.99386978149414,4.594620704650879,15.8773193359375
Correct -0.1480640172958374,0.3733721971511841,23.769136428833008,0.9843848347663879
Wrong 4.703726768493652,10.409119606018066,18.494409561157227,12.42782211303711
Wrong 0.8924732208251953,22.43295669555664,16.20703125,0.7285205125808716
Wrong 12.149629592895508,14.187336921691895,19.09320640563965,7.644275665283203
Correct 3.995670795440674,2.141561508178711,3.3717517852783203,27.21817970275879
Correct 1.5169092416763306,11.805452346801758,3.5006978511810303,20.48133659362793
Correct 24.973726272583008,-0.450140118598938,2.2392091751098633,0.3805781602859497
Correct 1.9804948568344116,23.758581161499023,-0.9327521324157715,7.588654518127441
Correct 7.366578102111816,5.187891960144043,23.749265670776367,3.0626049041748047
Correct 2.1504480838775635,23.03932762145996,12.732087135314941,-0.24448060989379883
Correct 25.56195640563965,-0.20133408904075623,1.4107357263565063,-0.753994345664978
Wrong 4.508619785308838,1.6723452806472778,20.248598098754883,5.220347881317139
Correct 1.5685268640518188,0.7201430797576904,4.11050271987915,24.40858268737793
Correct 2.7172348499298096,22.522287368774414,16.058637619018555,2.224066734313965
Wrong 2.243990898132324,11.598043441772461,21.31741714477539,1.91034996509552
Correct 19.912817001342773,5.680934906005859,2.993309259414673,2.738333225250244
Correct 0.8149155378341675,-0.28376492857933044,27.247617721557617,3.360934257507324
Wrong 7.151411056518555,2.1752524375915527,8.569756507873535,22.359333038330078
Correct 2.80176043510437,23.97806739807129,0.16423997282981873,3.433354377746582
Correct 2.2997756004333496,24.420473098754883,1.5519051551818848,2.447817087173462
Correct 25.491130828857422,-0.49543213844299316,0.20478413999080658,-0.5334601402282715
Correct 25.933320999145508,-1.3527785539627075,-1.455862283706665,-1.315687656402588
Wrong 8.845735549926758,1.234190583229065,24.00795555114746,14.482187271118164
Correct 0.6239185333251953,0.19155052304267883,0.48961031436920166,23.65303611755371
Correct -0.02389150857925415,2.0069808959960938,21.96807861328125,0.676421046257019
Wrong 3.1365113258361816,1.9686267375946045,1.0833872556686401,27.224977493286133
Correct -0.6542084217071533,-0.8546180725097656,26.868223190307617,-0.29501086473464966
Correct 3.875577211380005,22.897510528564453,1.8610936403274536,2.518073320388794
Correct 3.0652074813842773,25.97926139831543,0.5040344595909119,3.034324884414673
Correct 7.496799468994141,6.095304012298584,18.817476272583008,20.72794532775879
Correct 8.556034088134766,5.302957057952881,24.783132553100586,2.3045883178710938
Wrong 2.994499444961548,5.612215042114258,1.9024877548217773,20.42212677001953
Correct 24.488126754760742,-0.1823156177997589,1.0136884450912476,-0.591615617275238
Correct 22.99998664855957,0.9920586347579956,-0.5758894681930542,18.075742721557617
Correct -1.0681846141815186,-1.6741315126419067,23.58091926574707,0.6885968446731567
Correct 4.806231498718262,0.50859135389328,25.02482032775879,0.17174877226352692
Wrong 18.029788970947266,4.7055768966674805,1.9075264930725098,17.532377243041992
Wrong 2.9815802574157715,26.122377395629883,0.7439781427383423,3.618117570877075
Correct 6.423458576202393,24.835758209228516,5.211223602294922,4.2152910232543945
Correct 23.040512084960938,2.4700708389282227,3.555964469909668,-0.8909424543380737
Correct 21.799121856689453,-0.9367237091064453,1.4717345237731934,6.811210632324219
Correct 1.2492798566818237,2.340900182723999,24.779678344726562,2.103327751159668
Correct 0.2427642047405243,-0.742070734500885,25.122886657714844,0.4442456066608429
Correct 4.669973373413086,25.254602432250977,7.677316665649414,5.818025588989258
Correct 3.6115055084228516,1.0602142810821533,2.025886297225952,24.29633140563965
Correct 6.034232139587402,27.46546173095703,2.6823198795318604,7.800191879272461
Correct 22.74652862548828,-0.5531212091445923,2.047433376312256,0.7167123556137085
Correct 1.6022201776504517,1.5426719188690186,25.98232650756836,1.9621632099151611
Correct 2.1913299560546875,7.533827781677246,24.073314666748047,7.251733779907227
Correct 10.2086763381958,0.7455621361732483,26.773061752319336,1.6880643367767334
Correct 22.45827865600586,13.641538619995117,14.476362228393555,5.183483600616455
Correct 2.438159942626953,3.0088181495666504,7.099858283996582,23.32483673095703
Correct 0.300190806388855,4.618093490600586,22.76278305053711,1.0714420080184937
Correct 26.232925415039062,7.910755157470703,1.887955665588379,0.7344061136245728
Correct 25.798490524291992,7.212399482727051,1.8909693956375122,0.681556224822998
Wrong 1.449715256690979,12.809677124023438,25.506885528564453,1.5437097549438477
Correct 2.093998670578003,22.64461898803711,16.205339431762695,2.6873819828033447
Wrong 0.5170598030090332,-0.28079599142074585,22.845155715942383,10.605537414550781
Correct 4.670852184295654,21.60173225402832,10.177078247070312,3.829343557357788
Correct -0.3898777365684509,-0.4708516001701355,-0.3606955409049988,26.088939666748047
Correct -0.8610594868659973,-0.9893681406974792,24.05159568786621,0.927571177482605
Correct 2.925086736679077,24.867660522460938,2.232593536376953,3.2706525325775146
Correct 0.0874030590057373,-1.0077407360076904,25.342220306396484,-0.06708025932312012
Correct 4.174543857574463,25.108783721923828,2.7216577529907227,3.280651807785034
Correct 1.3222332000732422,0.5575063824653625,13.746138572692871,21.638002395629883
Wrong 20.730146408081055,1.618105173110962,19.262563705444336,1.3867422342300415
Correct 21.398632049560547,-0.4667965769767761,1.2116657495498657,-0.42146357893943787
Correct 3.0083255767822266,3.2688724994659424,19.941036224365234,2.4303810596466064
Correct -1.0036699771881104,-1.1137367486953735,22.74853515625,0.34318816661834717
Correct 4.164097309112549,25.41094398498535,1.2289782762527466,2.8153891563415527
Correct -0.39626091718673706,1.0193836688995361,23.96828842163086,2.270047187805176
Correct 4.594133377075195,16.490070343017578,5.102726459503174,18.649887084960938
Correct 3.119283676147461,23.882619857788086,4.951714038848877,13.376712799072266
Correct 3.333996295928955,25.083894729614258,2.4345338344573975,5.267565727233887
Correct 2.760967969894409,23.767553329467773,12.100056648254395,5.401948928833008
Correct 23.56293487548828,10.588022232055664,10.808469772338867,0.5420306921005249
Correct -1.0617653131484985,-1.768244743347168,10.372350692749023,22.939382553100586
Correct 8.255967140197754,-1.895721197128296,24.233640670776367,-0.8242038488388062
Correct 0.48008984327316284,1.7591280937194824,0.8296362161636353,22.77938461303711
Correct -0.3622540831565857,-0.7016177773475647,24.4530029296875,1.2785698175430298
Correct 26.275501251220703,9.363699913024902,4.120204448699951,1.4883811473846436
Correct 2.55952525138855,-0.27410298585891724,25.327533721923828,1.4368183612823486
Correct 24.760305404663086,-1.3200788497924805,5.275413990020752,-0.13867491483688354
Correct 24.54728889465332,2.205904483795166,-1.0924911499023438,-1.0231736898422241
Wrong 17.66592788696289,6.337080955505371,18.878089904785156,5.497849464416504
Correct 1.757988452911377,-0.2109743356704712,24.618642807006836,0.1749255657196045
Correct -0.17060059309005737,-0.24667668342590332,22.720035552978516,7.906785488128662
Correct 0.8536099195480347,5.001927375793457,15.55852222442627,22.272003173828125
Wrong 1.8583158254623413,24.00650978088379,3.1351914405822754,4.817721843719482
Correct 5.940967559814453,0.7098335027694702,24.079288482666016,1.404608964920044
Correct 4.706689357757568,12.959534645080566,20.211820602416992,4.995532035827637
Correct 25.659761428833008,-0.441589891910553,-0.7185026407241821,-0.3249319791793823
Correct 3.428497076034546,24.162019729614258,5.288315296173096,3.493445634841919
Correct 1.5070403814315796,5.885036468505859,21.750564575195312,5.131002426147461
Wrong 1.2808349132537842,12.469922065734863,21.063663482666016,17.454225540161133
Correct 19.956340789794922,13.374006271362305,19.53944206237793,7.803343772888184
Correct 25.096839904785156,-0.18697623908519745,-1.0314010381698608,-0.016280725598335266
Correct -0.5375805497169495,-0.9842520952224731,23.527374267578125,0.43313372135162354
Correct 1.7978416681289673,4.3082475662231445,9.016919136047363,22.70054817199707
Correct 3.2839529514312744,22.94029998779297,14.018087387084961,0.669371485710144
Wrong 2.2624738216400146,1.3859283924102783,20.334951400756836,13.6234712600708
Correct 0.15115946531295776,0.057087063789367676,25.478586196899414,0.2949621379375458
Correct 20.98505210876465,13.452310562133789,7.0284810066223145,3.6644840240478516
Wrong 2.346989154815674,22.48046875,-1.039659023284912,12.176977157592773
Correct 20.96807861328125,12.944388389587402,2.2740702629089355,0.9029483795166016
Correct 2.561462163925171,24.895034790039062,10.607355117797852,4.660917282104492
Correct 12.217565536499023,0.1682870090007782,4.102602481842041,23.052644729614258
Correct 3.0057852268218994,-0.5481572151184082,3.2061192989349365,24.798803329467773
Correct -0.2749212384223938,2.402287721633911,24.115266799926758,1.263036847114563
Correct 1.9418294429779053,1.1868538856506348,9.532228469848633,23.1070613861084
Correct 14.290549278259277,11.431802749633789,22.349397659301758,4.618289947509766
Correct -0.2683982849121094,-0.42347219586372375,26.604976654052734,0.510666012763977
Correct 26.51051139831543,-1.122970700263977,0.7874882817268372,-0.017142176628112793
Wrong -0.3309881091117859,-0.6946114301681519,17.675321578979492,23.011226654052734
Correct 24.313600540161133,3.3426780700683594,2.0086216926574707,-0.7284532785415649
Correct 0.48336261510849,14.79176139831543,4.1183953285217285,21.045143127441406
Correct 2.629265308380127,24.475496292114258,0.806082010269165,2.0312788486480713
Wrong 14.920973777770996,4.998134613037109,13.680221557617188,14.131913185119629
Correct 22.20107650756836,14.435962677001953,4.0910139083862305,2.552335262298584
Correct 22.151880264282227,10.411005973815918,6.8798370361328125,1.7647171020507812
Correct -0.36076852679252625,6.962836742401123,24.540061950683594,2.40787410736084
Correct 1.480104684829712,15.297551155090332,21.339651107788086,12.04273796081543
Correct 1.4115378856658936,0.7282902002334595,1.7250394821166992,25.266782760620117
Wrong 4.9651265144348145,22.877206802368164,4.7147135734558105,8.766789436340332
Wrong 9.953886985778809,16.19476890563965,16.61724281311035,4.641272068023682
Wrong 5.218807220458984,26.28923225402832,5.2798333168029785,16.64736557006836
Correct 21.77434730529785,8.064407348632812,20.09189224243164,9.659659385681152
Wrong -0.5944631695747375,17.63286781311035,-0.10048400610685349,18.2777042388916
Correct 1.3120243549346924,17.982227325439453,22.420303344726562,2.5443921089172363
Wrong 15.618952751159668,0.2632467746734619,21.629140853881836,0.14278274774551392
Correct 24.65635871887207,2.634720802307129,2.7944536209106445,0.08586263656616211
Correct 20.737886428833008,2.943662166595459,6.972517013549805,20.444997787475586
Correct 2.3098316192626953,3.1559832096099854,1.3975398540496826,22.950939178466797
Wrong 5.641343593597412,25.29500961303711,-0.2370254397392273,1.223406434059143
Correct 0.43985241651535034,1.9822516441345215,26.789226531982422,1.8449259996414185
Correct 25.685312271118164,1.9794107675552368,2.3477885723114014,-0.03845813125371933
Wrong 18.059175491333008,11.529132843017578,18.154064178466797,0.13124188780784607
Correct -0.36503177881240845,-1.4213523864746094,25.47605323791504,1.4290494918823242
Correct -0.974437415599823,-1.5353267192840576,24.82465362548828,0.07858175039291382
Correct 0.7465241551399231,0.6120589971542358,1.0638619661331177,26.959487915039062
Correct 2.2955217361450195,3.1519529819488525,1.863621473312378,23.071762084960938
Correct 0.7240999937057495,24.367244720458984,14.806706428527832,0.04651254415512085
Correct 0.03194707632064819,-0.3520530164241791,-0.47559231519699097,26.772510528564453
Correct 24.344663619995117,2.8053085803985596,-0.9781098961830139,-0.5823943614959717
Correct 9.62386417388916,18.822956085205078,0.18069446086883545,1.7084641456604004
Wrong 15.316105842590332,18.38265037536621,-0.08171343803405762,-0.3781607747077942
Correct 5.293928623199463,10.782934188842773,9.895179748535156,18.79967498779297
Correct -0.17010843753814697,-1.3588988780975342,0.5713508129119873,25.284420013427734
Correct -0.6502789855003357,-0.8051973581314087,0.8445128202438354,24.47274398803711
Correct -0.0999058187007904,-0.8812683820724487,26.413509368896484,1.3215774297714233
Correct 5.71256160736084,3.3126368522644043,2.702035665512085,25.447336196899414
Correct 25.463804244995117,11.426972389221191,2.9710636138916016,0.18765214085578918
Wrong -0.22886288166046143,-0.4482029676437378,13.700937271118164,18.56182861328125
Wrong 18.0133113861084,2.945230007171631,3.857680320739746,26.911819458007812
Correct 7.28397274017334,25.80425453186035,10.09579086303711,4.274926662445068
Correct 22.366121292114258,3.403507709503174,7.625029563903809,1.457343578338623
Correct 1.7594621181488037,7.33589506149292,12.29572868347168,20.35654640197754
Correct 2.9669532775878906,24.974180221557617,4.0718607902526855,4.645563125610352
Correct 9.668121337890625,17.98036766052246,9.138760566711426,18.711820602416992
Correct 3.489952564239502,3.333711624145508,22.805686950683594,5.616108417510986
Correct 1.3147733211517334,1.0942591428756714,28.4228515625,2.3912837505340576
Correct 21.898122787475586,9.971840858459473,3.0147392749786377,-0.7994526624679565
Wrong 13.39093017578125,-0.27324360609054565,23.974273681640625,0.1495763063430786
Correct 0.895048975944519,-0.23692870140075684,15.280556678771973,22.529848098754883
Correct 3.367002487182617,25.053253173828125,-0.02729654312133789,2.178955554962158
Wrong 19.17302703857422,9.409235000610352,13.487905502319336,8.318975448608398
Correct 24.722553253173828,-1.4131195545196533,-1.6872632503509521,-1.337813138961792
Correct 25.196311950683594,0.6211572885513306,3.9038920402526855,-0.09104955196380615
Correct 18.49386978149414,24.42186164855957,2.3865814208984375,1.0481098890304565
Correct 25.83448028564453,-1.6819247007369995,-0.22231312096118927,-0.601577877998352
Correct 2.0000317096710205,25.30849266052246,1.56270170211792,2.074131488800049
Correct 0.8765915632247925,-2.168272018432617,17.12085723876953,17.84258460998535
Correct 4.17402982711792,27.13715362548828,0.6179352402687073,2.507713556289673
Wrong 0.6127910017967224,-0.6751560568809509,25.07240867614746,0.8762344121932983
Correct 6.801762104034424,9.385457992553711,14.24590015411377,18.832265853881836
Correct -0.41814351081848145,-0.0743335485458374,25.10285186767578,1.28187096118927
Wrong 18.632869720458984,17.42656898498535,8.400303840637207,2.762094020843506
Correct 2.9670767784118652,23.90229034423828,0.6988662481307983,1.8776475191116333
Wrong 8.423624992370605,9.785738945007324,18.542842864990234,16.87099266052246
Correct 0.7522270679473877,-0.06145387887954712,25.314706802368164,1.1905027627944946
Correct 0.4423118531703949,0.3079078793525696,25.188600540161133,0.7233862280845642
Wrong 16.33609390258789,18.388490676879883,4.531435966491699,8.812658309936523
Wrong 4.618521213531494,14.776851654052734,22.93780517578125,8.20719051361084
Wrong 6.25797176361084,21.80084991455078,3.1007649898529053,3.806856870651245
Correct 1.8108209371566772,22.364362716674805,1.9514522552490234,4.772058486938477
Correct 1.1298528909683228,2.356943130493164,22.683467864990234,3.7594873905181885
Correct -0.03738763928413391,1.1153661012649536,13.858570098876953,23.21819496154785
Correct 3.373688220977783,27.17952537536621,2.3302383422851562,5.071126937866211
Correct 13.448504447937012,12.139328956604004,24.939895629882812,4.627687454223633
Correct 24.985780715942383,1.8033725023269653,1.2377986907958984,-0.3418459892272949
Correct 17.737545013427734,1.3932287693023682,0.5965564846992493,20.363515853881836
Wrong 3.595843553543091,0.41847217082977295,-0.25897911190986633,25.04429817199707
Correct 2.2800536155700684,1.4989818334579468,6.892043590545654,24.139095306396484
Wrong 7.060332775115967,21.085758209228516,2.9512510299682617,7.159185886383057
Correct 3.3601455688476562,27.016782760620117,2.4206955432891846,4.578831195831299
Correct 2.4542348384857178,25.521272659301758,1.9785852432250977,3.998474597930908
Correct 30.565349578857422,4.797440052032471,4.523796558380127,4.298378944396973
Wrong 0.4593825936317444,-0.25260645151138306,0.5787379741668701,27.5634765625
Correct 2.800468683242798,24.919328689575195,0.3817155659198761,8.022067070007324
Correct 1.6427359580993652,24.98090362548828,0.3537018299102783,0.9662665724754333
Correct 14.723505973815918,25.709753036499023,2.682896614074707,3.444204330444336
Correct 2.6656155586242676,0.9863937497138977,24.753528594970703,1.2390116453170776
Wrong 3.0089969635009766,21.17616844177246,2.8482601642608643,16.730398178100586
Correct 4.034234046936035,25.688873291015625,2.10199236869812,4.818490028381348
Correct 26.21918487548828,7.82667350769043,1.365372657775879,-0.0808088630437851
Correct 5.1446757316589355,25.146926879882812,9.194066047668457,5.383406639099121
Correct 25.16411781311035,-0.9830453395843506,1.0760254859924316,-0.7027612924575806
Correct 3.791722059249878,23.892553329467773,4.039618492126465,2.475299835205078
Correct 23.99693489074707,8.033317565917969,1.8107445240020752,1.6498136520385742
Correct 1.50569748878479,1.053027868270874,23.23836898803711,2.897784471511841
Wrong 15.912490844726562,2.2026729583740234,22.345678329467773,-1.638200283050537
Correct 2.2909650802612305,-0.7460781335830688,-0.8778108358383179,23.857484817504883
Correct 1.7309229373931885,24.831214904785156,1.300637125968933,3.716639757156372
Correct 26.77183723449707,-1.4073846340179443,-1.5364772081375122,-0.9263829588890076
Correct 13.751014709472656,12.366073608398438,10.603896141052246,3.7255496978759766
Wrong 0.4480190575122833,-0.22672951221466064,-0.3480508625507355,22.39698028564453
Correct 1.3417197465896606,22.41929817199707,3.196542501449585,3.639155626296997
Correct -1.7031292915344238,-0.3462687134742737,25.04106903076172,1.5707273483276367
Correct 24.984764099121094,-1.4124631881713867,4.320705890655518,2.8829567432403564
Correct 5.454928398132324,24.386096954345703,1.5991251468658447,16.89934730529785
Correct 24.7498779296875,4.340244770050049,1.5875513553619385,1.028939127922058
Correct 24.840251922607422,-0.826532781124115,13.004602432250977,-0.6417399644851685
Correct -0.29922914505004883,-0.6301649212837219,23.704740524291992,2.5265860557556152
Correct 4.064581871032715,26.103229522705078,2.9136579036712646,4.013747692108154
Correct 2.6991922855377197,25.83979034423828,2.4598617553710938,5.722579479217529
Wrong 6.105349540710449,19.120254516601562,9.293404579162598,14.24181079864502
Wrong 25.7536563873291,-0.9114151000976562,-0.9707546830177307,-0.805245578289032
Wrong 3.0568785667419434,16.674428939819336,22.100465774536133,10.949296951293945
Correct 23.44515037536621,1.1009116172790527,0.39914262294769287,9.238869667053223
Correct 0.11586116254329681,-0.2110562026500702,25.554054260253906,1.2473273277282715
Correct 11.034626960754395,14.26472282409668,3.2878620624542236,19.8558292388916
Correct 4.754681587219238,27.50638771057129,1.8316946029663086,4.1031413078308105
Wrong 1.6207627058029175,-0.7368382215499878,17.654115676879883,16.319198608398438
Correct 2.7092039585113525,23.313663482666016,1.194894552230835,2.738426923751831
Correct 1.9143092632293701,25.416929244995117,0.7843230962753296,5.206096172332764
Correct 25.783597946166992,-1.114521861076355,6.54288387298584,-0.9329236745834351
Wrong 1.388047218322754,-0.7712129950523376,25.553136825561523,0.021418750286102295
Correct 2.0689570903778076,1.3313310146331787,2.4757914543151855,28.017353057861328
Correct 8.60241413116455,2.0139670372009277,17.25078582763672,18.632259368896484
Correct 2.8108952045440674,0.2155921459197998,6.842180252075195,22.980276107788086
Correct 0.9595882892608643,-0.5392768383026123,27.85066032409668,2.8914666175842285
Correct 0.9147484302520752,2.401498317718506,24.274436950683594,2.4470467567443848
Correct 2.1147549152374268,27.25179100036621,3.960099935531616,2.0161080360412598
Correct 25.423038482666016,-0.014690324664115906,-1.3542839288711548,-0.33848467469215393
Wrong 24.272661209106445,8.247177124023438,-1.3192964792251587,-0.6938292980194092
Wrong -0.12193143367767334,-1.6331710815429688,19.429372787475586,11.306138038635254
Correct 0.9853806495666504,-0.5784783363342285,-0.20149338245391846,26.852331161499023
Correct -0.06036490201950073,-0.8233593106269836,24.771394729614258,1.3499010801315308
Wrong 21.047536849975586,4.658601760864258,-0.23866134881973267,19.61125946044922
Correct 24.320911407470703,4.306406497955322,8.032181739807129,1.5623811483383179
Correct 2.4081523418426514,23.620901107788086,2.32476544380188,9.29355239868164
Wrong 17.585622787475586,7.174368858337402,9.970434188842773,17.481050491333008
Correct 1.5102248191833496,0.15818330645561218,4.519321441650391,25.604846954345703
Correct 2.4635705947875977,25.31260871887207,2.3675615787506104,3.837167501449585
Correct 1.7512359619140625,24.56885528564453,0.8844042420387268,3.7020320892333984
Correct 25.50786781311035,-0.2850441336631775,0.5948344469070435,-0.9645296931266785
Correct 1.586094856262207,1.018478512763977,27.755355834960938,2.0068604946136475
Correct 5.143066883087158,-0.15476523339748383,5.2252044677734375,22.42586898803711
Correct -0.8005341291427612,0.06074097752571106,26.384700775146484,1.341247320175171
Wrong 0.7064995765686035,-0.4534744620323181,25.85787582397461,1.701167345046997
Correct 23.001285552978516,13.036874771118164,6.402500629425049,2.2028539180755615
Correct 22.367332458496094,0.07494515180587769,-0.5262081027030945,0.30294710397720337
Correct 0.37976357340812683,-0.6117824912071228,26.303695678710938,1.2474662065505981
Correct 1.572208285331726,0.7336554527282715,1.5287832021713257,25.913686752319336
Wrong 2.506849527359009,1.6262166500091553,24.61733055114746,10.924338340759277
Correct 6.324812889099121,5.971621513366699,23.71820640563965,4.133268356323242
Correct 19.51605987548828,16.196504592895508,13.48039722442627,6.406701564788818
Correct -0.659446120262146,-0.891548216342926,23.54500961303711,0.8104097843170166
Correct 3.1761534214019775,27.189895629882812,3.6000418663024902,3.654406785964966
Correct 1.7980923652648926,23.308107376098633,5.783216953277588,1.068220615386963
Correct 4.356715202331543,26.436050415039062,0.7700029611587524,2.6587865352630615
Correct 16.63064193725586,8.80692195892334,18.23291015625,1.8442881107330322
Correct -0.3493945896625519,-0.6580914258956909,25.511226654052734,0.5362554788589478
Correct 3.387160301208496,10.96988296508789,6.4499287605285645,23.492168426513672
Wrong 3.0616533756256104,0.19715246558189392,27.010305404663086,0.5558923482894897
Correct 0.39720961451530457,-1.137819766998291,22.758499145507812,1.5271313190460205
Wrong 10.000800132751465,28.33368682861328,2.5127804279327393,2.7051424980163574
Correct 23.161954879760742,-1.0545053482055664,-0.16573232412338257,-0.7125550508499146
Correct 2.4406731128692627,8.031293869018555,24.419984817504883,1.978994369506836
Correct 2.4744009971618652,21.856752395629883,0.9506761431694031,14.335124969482422
Correct 7.062801361083984,23.71527862548828,1.8228567838668823,12.547019958496094
Correct 4.4231109619140625,1.9643223285675049,2.128101110458374,23.209753036499023
Correct 3.3491454124450684,25.887208938598633,4.602027416229248,2.520463705062866
Correct 2.213777542114258,25.055849075317383,-0.389377236366272,1.8960644006729126
Correct 24.341636657714844,4.0914716720581055,4.61259126663208,-0.8055129051208496
Correct 2.4108681678771973,25.85483169555664,-0.3748643100261688,0.9246668815612793
Wrong 27.69450569152832,-1.482661247253418,-1.61673104763031,-1.4184927940368652
Correct -0.3619014620780945,-1.2763710021972656,24.760589599609375,0.829761266708374
Correct 0.925100564956665,0.790937602519989,24.247812271118164,1.892150640487671
Correct 0.430744469165802,19.894136428833008,20.25429344177246,1.8304740190505981
Correct 2.3452465534210205,4.360717296600342,26.669334411621094,1.9639085531234741
Correct 26.891782760620117,-1.187698483467102,-1.2702876329421997,-1.1469976902008057
Correct 21.023975372314453,22.569414138793945,-0.6833620071411133,-0.3934333920478821
Correct 3.2633206844329834,7.605349540710449,15.938350677490234,22.0908203125
Correct 1.1538195610046387,-0.4868834614753723,17.636022567749023,14.798002243041992
Correct 1.9894721508026123,24.331653594970703,-0.5926886200904846,0.07307487726211548
Correct 23.094913482666016,1.3727610111236572,13.763904571533203,0.033968061208724976
Correct 24.458101272583008,-1.3244880437850952,-1.0742692947387695,2.5721793174743652
Correct -1.354954719543457,-0.7657976150512695,-1.3663395643234253,25.487545013427734
Correct 23.99488639831543,2.5377581119537354,13.597018241882324,2.9551918506622314
Wrong 26.35013771057129,-0.8216972947120667,-1.2467637062072754,-0.2965751886367798
Correct 2.4925785064697266,23.36869239807129,2.0574185848236084,2.7738192081451416
Wrong -0.3142806887626648,-0.14994898438453674,0.4700058698654175,24.110034942626953
Correct 3.473602533340454,24.943145751953125,9.181222915649414,2.6180078983306885
Wrong 4.194269180297852,2.67087984085083,11.287964820861816,21.256261825561523
Correct 5.149644374847412,1.2719954252243042,7.564732074737549,22.470701217651367
Correct 26.75556182861328,10.889424324035645,5.557155132293701,3.0916121006011963
Wrong 12.516287803649902,8.286666870117188,23.196054458618164,0.670680046081543
Correct 0.06749242544174194,3.1990554332733154,27.310314178466797,1.9207171201705933
Correct 21.644428253173828,19.757957458496094,3.5336203575134277,0.8964125514030457
Correct 6.336283206939697,5.057399272918701,13.529823303222656,23.74138069152832
Correct -0.2901707887649536,-0.8430702686309814,23.075584411621094,0.0572245717048645
Correct 6.491094589233398,10.678136825561523,17.13483238220215,20.298925399780273
Correct 24.32465362548828,18.04606056213379,14.89806079864502,3.0288748741149902
Correct 2.304356336593628,25.229055404663086,8.0888032913208,3.5084216594696045
Correct 26.29291534423828,-0.048963166773319244,1.0993998050689697,-0.7899460792541504
Correct 8.306035995483398,17.578285217285156,6.628293514251709,20.802579879760742
Correct 29.3883113861084,3.9023149013519287,4.954847812652588,3.056286334991455
Correct 3.949162006378174,5.084984302520752,7.34476900100708,21.97671890258789
Correct 27.162912368774414,0.10404279828071594,-0.6547489166259766,-0.4133138060569763
Correct 8.406835556030273,24.347719192504883,9.479453086853027,2.515921115875244
Correct 20.8870792388916,-0.1596803367137909,0.48647165298461914,11.333649635314941
Correct 0.3313868045806885,10.378070831298828,24.909793853759766,6.467163562774658
Wrong 2.239076614379883,24.678701400756836,14.731653213500977,4.302946090698242
Correct 0.5469894409179688,0.10437953472137451,5.370015621185303,23.019136428833008
Correct 4.100286960601807,6.222222328186035,24.88431739807129,1.4797139167785645
Correct -0.7031750679016113,-1.1303033828735352,24.943023681640625,0.5299448370933533
Correct 25.04631996154785,1.2902847528457642,-0.4586735963821411,0.24432562291622162
Wrong 2.5555334091186523,23.68006706237793,10.369237899780273,14.105317115783691
Wrong 17.834692001342773,1.9104230403900146,8.00379467010498,19.128446578979492
Wrong 17.449708938598633,6.703073978424072,14.081929206848145,0.9809727072715759
Correct 0.10440641641616821,0.28121447563171387,25.123109817504883,1.4072465896606445
Correct 3.3807437419891357,27.782638549804688,2.988523483276367,2.6609506607055664
Wrong 5.527331352233887,20.186098098754883,11.11119556427002,10.417505264282227
Wrong 8.520240783691406,24.649892807006836,4.620880126953125,3.0270869731903076
Correct 3.091944932937622,1.243344783782959,24.421775817871094,5.005385875701904
Correct 0.02210819721221924,-0.04429054260253906,-0.7568818926811218,25.179473876953125
Correct 4.660935878753662,25.73179817199707,10.784049987792969,3.007391929626465
Wrong 16.600576400756836,5.878115177154541,20.89698028564453,3.5003862380981445
Wrong 3.931917428970337,10.824914932250977,8.374420166015625,15.037915229797363
Correct 3.9715871810913086,23.898283004760742,3.0870919227600098,2.48652982711792
Correct 2.0675101280212402,1.722290277481079,25.64683723449707,2.0174152851104736
Correct 0.6646819114685059,-1.8528012037277222,3.6116647720336914,23.03763771057129
Correct 0.6357674598693848,0.21451422572135925,20.69480323791504,16.61112403869629
Correct 3.2692084312438965,0.926960289478302,27.33673858642578,2.1097898483276367
Correct 20.332107543945312,14.211702346801758,0.6642512083053589,2.9598195552825928
Correct 11.618864059448242,11.248058319091797,22.637910842895508,8.284049034118652
Wrong 1.7941948175430298,17.23113250732422,19.49945640563965,6.780056476593018
Wrong 26.537628173828125,3.655766487121582,1.3807196617126465,1.0584274530410767
Correct 24.751157760620117,-0.32879847288131714,0.1591784656047821,-1.0431880950927734
Correct -0.3638756275177002,-0.5574806928634644,-0.6328532695770264,24.32758140563965
Correct 14.316469192504883,24.48735809326172,0.6104358434677124,-0.42241528630256653
Correct 16.742660522460938,-0.02710050344467163,-0.8133396506309509,20.612590789794922
Wrong -0.8290533423423767,-1.472688913345337,21.865144729614258,10.319130897521973
Correct -0.9181270599365234,-1.3435065746307373,24.141998291015625,-0.109121173620224
Correct 10.726970672607422,-0.3001647889614105,24.1270809173584,-0.08649468421936035
Correct 21.794328689575195,13.808638572692871,8.808305740356445,1.210480809211731
Correct 2.4600656032562256,3.9422433376312256,24.968650817871094,0.9681305885314941
Wrong 18.138490676879883,1.7122150659561157,12.190144538879395,8.482000350952148
Wrong 2.3284542560577393,13.86315631866455,1.8023980855941772,21.958648681640625
Correct 2.809683084487915,3.4307594299316406,25.69858169555664,7.610817909240723
Correct 0.22395627200603485,-0.9632447361946106,25.51157569885254,3.0973870754241943
Wrong 15.772624969482422,22.734275817871094,5.14348030090332,0.9817447066307068
Correct 3.5176620483398438,23.881378173828125,2.1979598999023438,5.638594627380371
Correct 23.116201400756836,6.103999137878418,0.4264172911643982,1.0302841663360596
Correct 27.174060821533203,4.091805458068848,3.7363121509552,1.4923456907272339
Correct 2.7022414207458496,0.24107638001441956,2.740234136581421,26.85978889465332
Correct 2.605855941772461,-0.6931438446044922,0.3469644784927368,24.038515090942383
Correct -0.6649324297904968,-0.893308699131012,-0.6316519975662231,25.968158721923828
Correct 5.913385391235352,0.6682969927787781,4.122398376464844,23.070158004760742
Correct 4.253035545349121,22.552305221557617,3.2290449142456055,3.484151601791382
Correct 1.58333420753479,-0.8628813028335571,2.4007372856140137,24.090333938598633
Wrong 14.453758239746094,20.245397567749023,11.510672569274902,5.982925891876221
Correct 4.951595783233643,27.754602432250977,3.2769100666046143,5.848651885986328
Correct 3.5296454429626465,6.349763870239258,1.4144841432571411,21.03825569152832
Correct 18.79233169555664,20.42584991455078,3.880829095840454,5.639735698699951
Correct 5.237283229827881,26.455097198486328,3.057238817214966,5.185110092163086
Correct 14.494433403015137,1.0681207180023193,20.166126251220703,7.276915550231934
Correct 26.23448371887207,-1.9070470333099365,-1.5605089664459229,-0.2941420078277588
Correct -0.15596699714660645,-0.4115559160709381,0.6381919384002686,26.890213012695312
Correct 1.0523674488067627,0.8431408405303955,1.588911771774292,22.759836196899414
Correct 1.735199213027954,-0.8986749649047852,1.5137102603912354,25.731752395629883
Correct 17.166555404663086,1.9811344146728516,24.372459411621094,0.873302698135376
Correct 25.130836486816406,5.480773448944092,2.602609395980835,1.4631578922271729
Correct 25.82607650756836,0.29253801703453064,-0.09349581599235535,-0.3813139796257019
Wrong 10.535013198852539,19.959871292114258,15.126951217651367,1.4391257762908936
Correct -0.38185083866119385,-0.7142311334609985,10.15771770477295,20.97154426574707
Correct 24.00621223449707,-0.7132824659347534,-0.7886215448379517,4.5380167961120605
Correct -0.09697356820106506,14.042737007141113,17.28911781311035,15.14260196685791
Correct 11.536052703857422,12.270602226257324,16.02964973449707,23.477249145507812
Wrong 1.8737140893936157,17.140703201293945,11.607911109924316,7.829485893249512
Correct 3.56837797164917,24.318801879882812,1.1070455312728882,9.814005851745605
Correct 24.92131996154785,-0.18214735388755798,2.581618309020996,-0.48940810561180115
Correct 4.6837944984436035,26.29570960998535,-0.7683397531509399,-0.10524165630340576
Correct 27.34798812866211,1.392680287361145,4.3081231117248535,0.7439069747924805
Correct -0.8785080909729004,-0.7167383432388306,-0.9394793510437012,22.631261825561523
Correct 3.591878890991211,6.471537113189697,5.661581993103027,19.166929244995117
Correct 2.0853524208068848,-0.5295544266700745,23.60654640197754,-0.3856614828109741
Correct 2.727931261062622,4.080230712890625,23.145980834960938,3.62209415435791
Correct 22.64486312866211,-0.6576090455055237,15.450296401977539,2.159402847290039
Correct 31.25189781188965,4.8015055656433105,7.086378574371338,4.535892486572266
Wrong 0.7180697321891785,0.25991418957710266,25.930286407470703,1.7914180755615234
Wrong 1.7436890602111816,20.88755989074707,21.154502868652344,2.6444454193115234
Correct 1.9741780757904053,24.959503173828125,5.141748905181885,1.6676661968231201
Correct -0.08625996112823486,-0.17794105410575867,0.1508130431175232,25.541839599609375
Correct 4.244723796844482,2.052924156188965,25.039043426513672,1.5096642971038818
Correct 1.364452600479126,5.095514297485352,24.96484375,2.122720241546631
Wrong 21.032655715942383,-1.079482913017273,-0.7448838353157043,-0.5912456512451172
Correct 15.198847770690918,24.94041633605957,3.8853583335876465,2.2744083404541016
Correct 24.939115524291992,13.818263053894043,3.5965051651000977,-0.9852921962738037
Correct -0.5560505390167236,-1.3428397178649902,-0.7735641002655029,23.17230987548828
Correct 22.61371612548828,2.687995195388794,18.75815773010254,0.556731641292572
Correct 0.9610249996185303,2.1242334842681885,24.27568817138672,2.145542621612549
Correct 26.47566032409668,5.844252109527588,3.2154853343963623,1.6575664281845093
Wrong -0.8588461875915527,-1.2573785781860352,22.98041534423828,-0.4405163526535034
Wrong 14.926595687866211,19.7470703125,-0.5053396821022034,2.280268907546997
Correct 23.01963996887207,3.7833261489868164,1.4264572858810425,2.0325098037719727
Correct 2.9977498054504395,23.276304244995117,2.93451189994812,1.8333170413970947
Wrong 17.170448303222656,21.21261978149414,-1.188605546951294,-0.79646897315979
Wrong 6.589412212371826,17.939115524291992,17.47347068786621,3.4646191596984863
Correct -0.008334338665008545,0.37329837679862976,10.309014320373535,23.71711540222168
Correct 4.578917980194092,26.54106903076172,1.9071630239486694,4.099112033843994
Correct 4.614221096038818,26.2320613861084,2.2829084396362305,5.9431891441345215
Correct -0.5395244359970093,-1.0759209394454956,24.51700210571289,0.9220548272132874
Correct 24.8123779296875,10.511489868164062,0.28403905034065247,0.05737507343292236
Correct 5.362484455108643,5.513513565063477,11.661331176757812,23.475542068481445
Correct 5.707869052886963,5.671701908111572,19.175474166870117,22.532485961914062
Correct 26.27494239807129,3.0877859592437744,2.5379528999328613,0.5817517042160034
Correct 3.471039295196533,25.597827911376953,9.357539176940918,3.697173595428467
Wrong 0.8514845371246338,0.6674584150314331,3.5891830921173096,23.73154640197754
Correct -0.7665266990661621,-1.1267869472503662,26.120054244995117,0.482431560754776
Correct 6.227563381195068,8.58938217163086,4.554305076599121,23.94801139831543
Wrong 24.984333038330078,7.615966320037842,0.8341962099075317,11.930068016052246
Correct 4.410856246948242,26.19083595275879,2.3128342628479004,4.468765735626221
Correct 15.399580955505371,0.05807311832904816,20.86588478088379,3.185389280319214
Correct 18.626285552978516,1.2984721660614014,2.5488474369049072,9.017160415649414
Correct -0.31909283995628357,-0.8131563663482666,22.89087677001953,1.278286099433899
Correct -0.1924152970314026,-1.0463351011276245,-0.9326996803283691,25.446767807006836
Correct 5.68561315536499,22.67983055114746,1.2847295999526978,8.951081275939941
Correct 2.152498722076416,24.384267807006836,1.2249999046325684,2.8901267051696777
Wrong 23.641538619995117,-0.5226472616195679,0.9561842083930969,0.37162676453590393
Correct 7.696527004241943,21.281557083129883,20.955331802368164,0.3218623399734497
Correct 2.1242237091064453,25.178237915039062,2.917907953262329,2.040168285369873
Correct 4.024362087249756,27.129987716674805,0.8389098644256592,4.671797752380371
Correct 4.0732831954956055,22.986555099487305,4.81368350982666,9.679525375366211
Correct 2.3586602210998535,24.09844398498535,1.5634320974349976,4.448492050170898
Correct 3.9549167156219482,23.60105323791504,2.4832680225372314,3.7411303520202637
Correct 24.446054458618164,0.2910866141319275,0.6970476508140564,-0.5325033664703369
Wrong 0.4852505922317505,1.2940433025360107,4.673039436340332,23.326414108276367
Correct -0.6780464053153992,-0.7424113154411316,23.9063720703125,1.1045422554016113
Correct 25.20545768737793,-0.715122401714325,-0.003146454691886902,-1.8394438028335571
Wrong 25.20126724243164,6.287917613983154,3.5481293201446533,5.080315589904785
Correct 4.497489929199219,-0.357085257768631,24.082111358642578,0.9540325999259949
Correct 2.546752452850342,26.186260223388672,2.3009555339813232,3.5475428104400635
Correct 19.126951217651367,3.54606294631958,6.749902248382568,19.966711044311523
Correct 7.941196918487549,2.4258668422698975,10.271760940551758,22.993070602416992
Correct 25.476408004760742,1.1597659587860107,-0.4327276945114136,-1.0109796524047852
Correct -1.3516228199005127,3.228722333908081,-1.6743838787078857,25.03078842163086
Correct 0.25579971075057983,-0.5494893193244934,22.962703704833984,1.9444397687911987
Wrong 4.262552738189697,22.44385528564453,8.293272018432617,13.595365524291992
Wrong 17.475112915039062,15.460304260253906,19.208484649658203,16.338579177856445
Correct 19.63200569152832,2.92816162109375,12.878951072692871,2.154883623123169
Correct -0.6851640939712524,-0.6128455400466919,25.038908004760742,4.323259353637695
Correct 8.296279907226562,15.02561092376709,27.212291717529297,6.4718756675720215
Correct 0.7685048580169678,-0.08984237909317017,23.3876953125,1.658433437347412
Correct -0.5507468581199646,-0.3443704843521118,23.529136657714844,0.16171520948410034
Correct 1.4421107769012451,0.7617039084434509,11.222126960754395,27.755746841430664
Correct 24.566028594970703,6.396500110626221,5.678648471832275,1.2459230422973633
Wrong 9.867462158203125,-0.27349019050598145,23.969850540161133,3.981405019760132
Correct 0.7494478225708008,3.659733772277832,0.9974504113197327,23.25798225402832
Correct 1.3502719402313232,24.02031135559082,1.922257900238037,2.467837333679199
Correct 0.9321081042289734,0.33706435561180115,3.99959135055542,24.654294967651367
Wrong -0.6173246502876282,3.4124884605407715,-0.8044377565383911,22.598737716674805
Correct 6.4450507164001465,23.027217864990234,6.65555477142334,4.574787616729736
Wrong 2.850738525390625,23.192827224731445,12.436687469482422,14.556479454040527
Correct -0.6457911729812622,-1.1029887199401855,17.753751754760742,14.76672649383545
Wrong 7.680839538574219,-0.6800476312637329,0.8657070398330688,22.63875961303711
