grade confidence_levels
Wrong -5.394908428192139,-5.478909492492676,-6.5158185958862305,-6.698117256164551
Wrong -5.9755859375,-6.0650153160095215,-7.117077350616455,-6.93060302734375
Wrong -5.628383636474609,-6.111377239227295,-6.959000587463379,-7.084033489227295
Wrong -4.995078086853027,-5.485714912414551,-6.094110488891602,-6.296817779541016
Wrong -5.045928001403809,-5.487462043762207,-6.380771636962891,-6.7738542556762695
Correct -4.624235153198242,-5.296174049377441,-6.2276611328125,-6.071536540985107
Wrong -5.641415119171143,-5.993196487426758,-6.978084087371826,-6.662503242492676
Correct -5.5001540184021,-5.8466291427612305,-6.9767165184021,-6.941949844360352
Wrong -5.5785369873046875,-5.437063694000244,-7.119867324829102,-6.408161640167236
Correct -5.266012191772461,-5.3253173828125,-6.121709823608398,-6.1001386642456055
Wrong -4.942176342010498,-5.490167140960693,-6.268346786499023,-6.298098087310791
Wrong -5.522408962249756,-5.539186477661133,-6.629602909088135,-6.218791484832764
Wrong -5.501588344573975,-5.902191638946533,-6.9113006591796875,-6.900777816772461
Wrong -5.192517280578613,-5.443498611450195,-6.447480201721191,-6.047347068786621
Wrong -4.69912052154541,-5.269004821777344,-6.025599002838135,-5.974517822265625
Correct -4.619112968444824,-5.179381370544434,-5.874073505401611,-5.892756938934326
Correct -4.922138214111328,-5.455165386199951,-6.398374080657959,-6.215153217315674
Wrong -5.502648830413818,-5.564687728881836,-6.559379577636719,-6.552480697631836
Wrong -5.702274799346924,-5.996883869171143,-7.503906726837158,-7.2638044357299805
Wrong -4.957418918609619,-5.207408428192139,-5.813539981842041,-6.191964626312256
Wrong -4.367901802062988,-4.90545654296875,-5.67552375793457,-5.838380336761475
Wrong -4.540103435516357,-5.010096073150635,-5.930356502532959,-5.804908752441406
Wrong -4.581002712249756,-5.189139366149902,-5.8990864753723145,-6.137642860412598
Wrong -5.997395038604736,-5.950704097747803,-6.8996782302856445,-6.670773506164551
Correct -5.2094621658325195,-5.391709804534912,-6.292194843292236,-6.519463539123535
Wrong -5.0071868896484375,-5.319910049438477,-6.385658264160156,-6.380013465881348
Wrong -5.785198211669922,-5.786540985107422,-7.0302228927612305,-6.862893581390381
Wrong -5.1768798828125,-5.502347469329834,-6.57343053817749,-6.653442859649658
Wrong -4.9934797286987305,-5.0342631340026855,-6.187229156494141,-6.150477886199951
Correct -5.124932289123535,-5.39345121383667,-6.397872447967529,-6.325748443603516
Wrong -4.582524299621582,-5.220259666442871,-6.047156810760498,-6.231391429901123
Wrong -5.564923286437988,-5.7859721183776855,-6.8693318367004395,-6.885461807250977
Correct -5.711861610412598,-5.636760711669922,-6.643001556396484,-6.58197546005249
Correct -5.102092266082764,-5.527917385101318,-6.366486549377441,-6.596729755401611
Wrong -5.369129657745361,-5.6548051834106445,-6.53114128112793,-6.557453632354736
Wrong -4.977120876312256,-5.466604232788086,-6.392407417297363,-6.557812213897705
Wrong -5.537017822265625,-5.813956260681152,-6.881405353546143,-6.7705183029174805
Correct -4.60330867767334,-4.9488420486450195,-6.080291271209717,-6.071005821228027
Correct -5.856978893280029,-5.949105262756348,-7.146052837371826,-6.7892165184021
Wrong -5.002610206604004,-5.107843399047852,-5.775301933288574,-6.048514366149902
Correct -5.12779426574707,-5.1829304695129395,-6.276484966278076,-5.917446136474609
Wrong -4.854666233062744,-5.243734359741211,-5.8819193840026855,-6.097183704376221
Wrong -5.376639366149902,-5.649477481842041,-6.68251371383667,-6.715177059173584
Wrong -5.787901401519775,-5.729063034057617,-7.195010185241699,-6.881993293762207
Correct -4.2783379554748535,-4.999855041503906,-5.701968193054199,-6.003307819366455
Correct -4.6235246658325195,-5.068765163421631,-5.650464057922363,-6.000483989715576
Wrong -4.461049556732178,-4.8273468017578125,-5.763648509979248,-5.792042255401611
Wrong -5.426779270172119,-5.394838809967041,-6.488226890563965,-6.523622035980225
Wrong -5.131796836853027,-5.394891738891602,-5.934209823608398,-6.0533576011657715
Wrong -4.39943790435791,-4.910185813903809,-5.802290916442871,-5.818262577056885
Wrong -5.611424446105957,-5.99334192276001,-6.97771692276001,-6.658951759338379
Wrong -4.357623100280762,-4.913562774658203,-5.641549110412598,-5.58985710144043
Wrong -5.232616901397705,-5.755022048950195,-6.83506965637207,-7.016740798950195
Wrong -5.653301239013672,-5.884232997894287,-7.303493499755859,-7.096737384796143
Correct -5.247946739196777,-5.173586845397949,-6.2721076011657715,-6.107398509979248
Correct -5.521958351135254,-5.756446838378906,-6.644942760467529,-6.658201217651367
Correct -4.464673042297363,-4.973628997802734,-5.667910575866699,-5.891597747802734
Wrong -4.8976593017578125,-5.669923782348633,-6.595574378967285,-6.3654255867004395
Wrong -6.2198333740234375,-6.644510746002197,-8.196240425109863,-7.465603828430176
Wrong -5.128383159637451,-5.23060941696167,-5.786666393280029,-6.2393646240234375
Wrong -5.694649696350098,-5.741030693054199,-6.834764003753662,-6.688307285308838
Wrong -5.524362564086914,-5.874886512756348,-6.927900791168213,-6.826509952545166
Correct -5.108601093292236,-5.632997035980225,-6.7099609375,-6.6418657302856445
Correct -4.544555187225342,-5.020676136016846,-6.179040431976318,-6.023089408874512
Wrong -5.924699783325195,-6.232654571533203,-6.915863513946533,-6.839413166046143
Wrong -5.075262546539307,-5.527704238891602,-6.6438679695129395,-6.479242324829102
Wrong -4.859899997711182,-5.378711700439453,-6.15822696685791,-6.480802059173584
Wrong -5.5182013511657715,-5.8134870529174805,-6.662931442260742,-6.613269805908203
Wrong -4.6360321044921875,-5.098880290985107,-5.720633029937744,-6.091755390167236
Correct -5.811973571777344,-6.131681442260742,-6.815019130706787,-6.917909145355225
Wrong -5.558875560760498,-5.6544880867004395,-7.1710591316223145,-6.919012546539307
Wrong -5.698947906494141,-5.861875534057617,-6.791409492492676,-6.784501075744629
Wrong -5.958138465881348,-6.075317859649658,-7.290677547454834,-6.913429260253906
Correct -5.345661640167236,-6.07169246673584,-6.639174938201904,-6.797688007354736
Wrong -5.6736578941345215,-5.926253318786621,-6.689538955688477,-6.93106746673584
Wrong -5.4781293869018555,-5.472599029541016,-6.208578109741211,-6.143453598022461
Correct -5.363214492797852,-5.839789390563965,-6.664215087890625,-6.951385021209717
Correct -4.735912322998047,-5.138228893280029,-5.887774467468262,-6.177291393280029
Wrong -4.060794353485107,-4.62061882019043,-5.715417861938477,-5.626856327056885
Wrong -5.556617259979248,-6.024789810180664,-6.951566219329834,-7.136871337890625
Wrong -4.818646430969238,-5.384579658508301,-6.697992324829102,-6.397377014160156
Wrong -5.330548286437988,-5.506308078765869,-6.324130535125732,-6.30606746673584
Wrong -5.218862056732178,-5.365017414093018,-6.829654693603516,-6.492249488830566
Wrong -5.586409568786621,-5.521950721740723,-6.860532760620117,-6.990283489227295
Wrong -4.930167198181152,-5.311418533325195,-6.334487438201904,-6.332724571228027
Wrong -5.971882343292236,-6.260483264923096,-6.867659568786621,-6.954458236694336
Wrong -5.723325252532959,-5.770322799682617,-6.677237510681152,-6.897336006164551
Wrong -5.012951374053955,-5.130053520202637,-5.723181247711182,-6.0808539390563965
Wrong -5.939538955688477,-5.523080825805664,-6.994156837463379,-6.605081081390381
Correct -5.312500476837158,-5.523849010467529,-6.694781303405762,-6.729654312133789
Wrong -5.448786735534668,-5.354319095611572,-6.352902412414551,-6.23061990737915
Wrong -6.031335353851318,-6.104408264160156,-6.936553001403809,-6.881655693054199
Wrong -5.829349040985107,-6.250457763671875,-7.063737869262695,-6.9414777755737305
Wrong -5.762277126312256,-5.8934326171875,-6.694118499755859,-6.7227277755737305
Wrong -5.474008560180664,-5.627676486968994,-6.5169358253479,-6.802464485168457
Wrong -5.4935994148254395,-6.197600841522217,-6.866755962371826,-6.878469944000244
Wrong -5.506639003753662,-5.733242511749268,-6.861875534057617,-6.782706260681152
Wrong -5.6635236740112305,-5.899553298950195,-6.797820091247559,-6.542697906494141
Correct -5.188164710998535,-5.605658531188965,-6.632134437561035,-6.430837154388428
Wrong -5.382047653198242,-5.467267036437988,-6.801013469696045,-6.444839954376221
Wrong -6.131009101867676,-6.026204586029053,-7.1785359382629395,-6.963057041168213
Wrong -5.859735488891602,-6.214470386505127,-7.037961006164551,-6.799545764923096
Wrong -5.211727619171143,-5.668282985687256,-6.82147741317749,-6.87225866317749
Wrong -5.940149307250977,-5.736560821533203,-6.822598934173584,-6.888984680175781
Wrong -5.518270492553711,-5.505146503448486,-6.747997283935547,-6.645335674285889
Correct -5.267665386199951,-5.993908405303955,-6.946428298950195,-7.007912635803223
Correct -5.827064514160156,-6.263418197631836,-6.998716831207275,-6.7930498123168945
Wrong -5.114325046539307,-5.415007591247559,-6.177541732788086,-5.834776401519775
Wrong -5.162599086761475,-5.538536071777344,-6.729284286499023,-6.572024345397949
Wrong -5.199985504150391,-5.3415021896362305,-6.512825965881348,-6.227597236633301
Wrong -5.597183704376221,-5.830163955688477,-6.859527587890625,-6.944530963897705
Wrong -4.80990743637085,-5.225964069366455,-5.960629940032959,-5.890566825866699
Wrong -5.107662677764893,-5.0727667808532715,-6.042656898498535,-5.868655681610107
Wrong -5.451155662536621,-5.8699951171875,-6.70697546005249,-6.76093053817749
Correct -5.092842102050781,-5.472009181976318,-6.091145038604736,-6.372958183288574
Wrong -5.324248313903809,-5.435140609741211,-6.8071699142456055,-6.591705322265625
Wrong -5.867488384246826,-6.066531181335449,-7.1630353927612305,-7.099625587463379
Wrong -5.151535511016846,-5.287067890167236,-6.253503799438477,-6.108015537261963
Correct -5.807027816772461,-5.8567795753479,-7.006172180175781,-6.9622483253479
Correct -5.061795711517334,-5.423804759979248,-6.508962154388428,-6.316211700439453
Wrong -4.656066417694092,-4.959071636199951,-5.753842830657959,-5.904205322265625
Wrong -5.208765029907227,-5.731706619262695,-6.552285194396973,-6.437972068786621
Wrong -5.617042541503906,-6.234922409057617,-7.094443321228027,-7.025820255279541
Wrong -4.831015586853027,-5.299892902374268,-6.450163841247559,-6.268642902374268
Wrong -4.7021484375,-5.112473011016846,-6.119562149047852,-6.012248516082764
Correct -5.538995742797852,-5.907884120941162,-6.743286609649658,-6.595751762390137
Wrong -4.922609806060791,-5.4268798828125,-6.299285411834717,-6.435140609741211
Correct -5.196362495422363,-5.490840911865234,-6.467973709106445,-6.483598709106445
Wrong -5.983674049377441,-6.449159145355225,-7.217618942260742,-7.263418197631836
Wrong -5.981380939483643,-5.978196620941162,-7.226922035217285,-7.164534568786621
Wrong -5.346709251403809,-5.7633891105651855,-7.014259338378906,-6.894942760467529
Wrong -4.767550468444824,-5.099494457244873,-6.004286766052246,-6.000123977661133
Wrong -5.612023830413818,-5.835355281829834,-6.809137344360352,-7.088456630706787
Wrong -5.25896692276001,-5.675760746002197,-6.876456260681152,-6.561994552612305
Wrong -4.841696739196777,-5.448967456817627,-5.812068462371826,-6.199073791503906
Correct -5.838559627532959,-6.102057933807373,-6.831449031829834,-6.977661609649658
Correct -4.648556709289551,-5.392983913421631,-6.343315601348877,-6.406841278076172
Correct -5.395003318786621,-5.697314739227295,-6.810563087463379,-6.777887344360352
Wrong -4.733006000518799,-5.253471851348877,-6.442916393280029,-6.115983009338379
Wrong -5.187585353851318,-5.283951759338379,-6.438073635101318,-6.355829238891602
Wrong -5.7623090744018555,-5.734354496002197,-6.473894119262695,-6.674041271209717
Correct -5.596038341522217,-5.917187213897705,-7.075791835784912,-6.803925514221191
Correct -5.7017011642456055,-5.9169921875,-6.978902816772461,-6.735188007354736
Wrong -5.140686988830566,-5.215794563293457,-6.103730201721191,-6.463105201721191
Wrong -5.6328511238098145,-5.732752323150635,-6.844705104827881,-6.5102949142456055
Wrong -5.5056891441345215,-5.89447546005249,-7.27256965637207,-6.8868727684021
Wrong -5.554002285003662,-5.553011417388916,-6.265567779541016,-6.469341278076172
Wrong -5.290974140167236,-5.786107063293457,-6.813313007354736,-6.661107063293457
Wrong -5.873134136199951,-6.063599109649658,-6.880861282348633,-6.950662612915039
Correct -4.9603190422058105,-5.235023498535156,-6.151494026184082,-5.881839752197266
Wrong -5.245748996734619,-5.460394859313965,-6.676114559173584,-6.449073791503906
Wrong -5.085339069366455,-5.511881351470947,-6.764451503753662,-6.682097911834717
Wrong -5.23612117767334,-5.548810958862305,-6.315900802612305,-6.33095121383667
Correct -4.572361946105957,-5.233213901519775,-6.18251371383667,-6.098700046539307
Correct -5.3100056648254395,-5.384579658508301,-5.987422466278076,-6.193294048309326
Wrong -5.657551288604736,-6.206305027008057,-7.106972694396973,-6.908251762390137
Correct -5.057400226593018,-5.355978012084961,-6.249942779541016,-6.228276252746582
Wrong -5.762716770172119,-5.996659278869629,-6.785340785980225,-6.750463962554932
Correct -5.517512798309326,-5.560100078582764,-6.554105281829834,-6.484508991241455
Correct -5.480815410614014,-5.60745096206665,-6.459658622741699,-6.772623062133789
Wrong -5.494349002838135,-5.493607997894287,-6.651688575744629,-6.492979049682617
Wrong -4.920016765594482,-5.2840495109558105,-6.244099140167236,-6.009148597717285
Wrong -5.5461883544921875,-5.374932289123535,-6.200558662414551,-6.084253787994385
Wrong -5.239995002746582,-5.629950046539307,-7.073400020599365,-6.727678298950195
Wrong -4.900984287261963,-5.373323917388916,-6.194538593292236,-6.173588752746582
Wrong -4.687031269073486,-4.9690399169921875,-5.731133460998535,-5.806326866149902
Correct -5.387942790985107,-5.973148822784424,-7.425760746002197,-6.747708797454834
Wrong -4.50063943862915,-5.015567779541016,-5.896265029907227,-5.884724140167236
Wrong -5.185245513916016,-5.215827941894531,-5.5393524169921875,-5.9949164390563965
Wrong -4.864426136016846,-5.516580104827881,-6.709680080413818,-6.360414981842041
Wrong -5.311242580413818,-5.358486652374268,-6.053069591522217,-6.139007091522217
Wrong -4.86607551574707,-5.224928379058838,-6.292823791503906,-6.489392280578613
Wrong -4.374383449554443,-4.893826961517334,-5.803714752197266,-5.969484806060791
Wrong -5.314267158508301,-5.465570449829102,-6.841798782348633,-6.735474109649658
Correct -6.109475135803223,-6.404634952545166,-6.956917762756348,-6.967344284057617
Wrong -4.784808158874512,-5.24913215637207,-5.698586940765381,-6.135956764221191
Correct -5.067176342010498,-5.161380290985107,-6.262292385101318,-6.228276252746582
Wrong -5.441261291503906,-5.8316545486450195,-6.666101455688477,-6.838762283325195
Correct -5.5063886642456055,-5.661790370941162,-6.416064262390137,-6.468028545379639
Wrong -4.678005695343018,-5.489828109741211,-6.399053573608398,-6.333914279937744
Wrong -5.490930080413818,-5.5876078605651855,-6.722644805908203,-6.565275192260742
Wrong -5.83249044418335,-6.064858913421631,-7.4048004150390625,-6.602143287658691
Wrong -5.602602481842041,-5.703851699829102,-6.993286609649658,-6.606954097747803
Wrong -4.605998516082764,-5.076629161834717,-5.635756015777588,-5.914826393127441
Correct -5.351844310760498,-5.991425514221191,-7.257050514221191,-7.04600715637207
Correct -4.255924224853516,-4.858360290527344,-5.784848690032959,-5.741839408874512
Wrong -5.174808502197266,-5.500333309173584,-6.331594944000244,-6.516964912414551
Wrong -5.071475982666016,-5.324799537658691,-5.979535102844238,-6.007442474365234
Wrong -5.303328037261963,-5.538906574249268,-6.296196937561035,-6.518171787261963
Correct -5.6945343017578125,-5.9307451248168945,-6.596395492553711,-6.87637996673584
Correct -4.734949111938477,-4.950769424438477,-5.823695659637451,-6.053053379058838
Wrong -4.967005252838135,-5.4794416427612305,-6.514706134796143,-6.59376859664917
Correct -5.183245658874512,-5.439910411834717,-6.3057861328125,-6.482015609741211
Wrong -5.485039710998535,-5.698816299438477,-6.988658428192139,-6.666346073150635
Wrong -4.447695255279541,-4.791260719299316,-6.067422389984131,-5.763697147369385
Wrong -5.0195698738098145,-5.448816299438477,-6.407779693603516,-6.419515609741211
Wrong -4.69713830947876,-5.009342193603516,-5.722635746002197,-5.808783531188965
Wrong -5.316098690032959,-5.422930717468262,-6.476725101470947,-6.540318012237549
Wrong -5.100997447967529,-5.692689895629883,-7.037779331207275,-6.789370059967041
Wrong -4.6803364753723145,-5.079349040985107,-6.214407444000244,-6.141234397888184
Wrong -5.0318989753723145,-5.461892604827881,-6.444139003753662,-6.307917594909668
Wrong -5.788791656494141,-6.073399543762207,-7.338756561279297,-7.031557559967041
Wrong -6.2061381340026855,-6.534574031829834,-7.459651947021484,-7.214641094207764
Wrong -5.19061279296875,-5.891388893127441,-7.013307094573975,-6.840125560760498
Wrong -5.807070255279541,-6.109682559967041,-7.113745212554932,-6.942423343658447
Wrong -5.287905693054199,-5.694051742553711,-6.937358856201172,-6.777528285980225
Correct -5.0264410972595215,-5.181575298309326,-6.3517165184021,-6.138899803161621
Wrong -5.102147102355957,-5.426825046539307,-6.352704048156738,-6.389145851135254
Wrong -5.452477931976318,-5.833813667297363,-6.999979496002197,-7.2540602684021
Wrong -5.074035167694092,-5.30848503112793,-6.2315521240234375,-6.431599140167236
Wrong -3.71635365486145,-4.1535797119140625,-5.1936540603637695,-5.296072483062744
Wrong -5.73247766494751,-5.994814872741699,-7.28323221206665,-7.118572235107422
Correct -6.163386344909668,-6.432492256164551,-7.535614013671875,-7.1602373123168945
Wrong -5.614505290985107,-6.2222795486450195,-7.522804260253906,-7.060761451721191
Wrong -5.199711799621582,-5.274703025817871,-6.316979885101318,-6.338766098022461
Wrong -5.5133771896362305,-6.020786762237549,-7.151484966278076,-7.045130252838135
Wrong -4.772674560546875,-5.120604038238525,-5.864519119262695,-6.23205041885376
Wrong -4.607365131378174,-5.1789093017578125,-5.976895809173584,-6.219857215881348
Wrong -5.268966197967529,-5.46006965637207,-6.105755805969238,-6.26760196685791
Correct -5.496883869171143,-5.756406784057617,-6.351870059967041,-6.591709136962891
Wrong -4.838547706604004,-5.229454040527344,-6.268604755401611,-5.85076904296875
Correct -5.706596374511719,-5.611934661865234,-6.959764003753662,-6.210880279541016
Correct -6.546875476837158,-6.467464447021484,-7.342010021209717,-7.234734535217285
Wrong -5.588682651519775,-5.860166549682617,-6.838804244995117,-6.666881561279297
Wrong -5.259349822998047,-5.5255231857299805,-6.249238014221191,-6.304687976837158
Wrong -5.5059895515441895,-6.091936111450195,-7.191318035125732,-6.893672466278076
Wrong -5.521712303161621,-6.191385746002197,-6.756551742553711,-6.990236282348633
Correct -5.822460651397705,-6.450551986694336,-6.960175514221191,-6.901525020599365
Wrong -5.409095764160156,-5.655744552612305,-6.649789810180664,-6.760587692260742
Correct -5.5455827713012695,-5.983593463897705,-7.055159568786621,-6.774553298950195
Wrong -5.013347148895264,-5.248023509979248,-6.254575252532959,-6.458332538604736
Correct -5.451595306396484,-5.762749671936035,-6.44729471206665,-6.752119541168213
Wrong -5.839700222015381,-6.1731157302856445,-7.250813007354736,-7.079740047454834
Correct -4.627200126647949,-5.160765647888184,-5.738510608673096,-6.228276252746582
Wrong -4.867568016052246,-5.588896751403809,-6.055638313293457,-6.467270851135254
Correct -5.527276992797852,-5.5000715255737305,-6.3801469802856445,-6.658962249755859
Correct -4.701765537261963,-5.228474140167236,-5.90248441696167,-6.152286529541016
Correct -5.352661609649658,-5.643353462219238,-6.597866535186768,-6.5177903175354
Wrong -4.730055332183838,-5.342899799346924,-6.371048927307129,-6.039546489715576
Wrong -4.8020172119140625,-5.316339492797852,-6.256628036499023,-6.209780693054199
Wrong -4.94276237487793,-5.540318012237549,-6.167150020599365,-6.299036502838135
Correct -5.40018367767334,-5.790102481842041,-6.232845306396484,-6.53240442276001
Wrong -4.746912956237793,-5.095898151397705,-5.902981281280518,-5.8891801834106445
Correct -5.648814678192139,-5.769890785217285,-6.94135046005249,-6.641438007354736
Correct -4.9907379150390625,-5.208184719085693,-6.043880939483643,-6.114434719085693
Wrong -4.506796836853027,-5.2166266441345215,-6.030879974365234,-6.097718238830566
Wrong -5.0962066650390625,-5.689927101135254,-7.107041835784912,-6.7925920486450195
Wrong -5.605977535247803,-6.241055011749268,-7.1602091789245605,-7.097790241241455
Wrong -5.451071262359619,-5.921153545379639,-6.736995697021484,-6.682332992553711
Wrong -5.233506679534912,-5.389101505279541,-6.215391159057617,-6.024543285369873
Wrong -5.326080322265625,-5.691254138946533,-6.982423782348633,-6.8270263671875
Correct -4.489620685577393,-4.871480941772461,-5.790513038635254,-5.7471747398376465
Wrong -5.7442731857299805,-5.874988555908203,-7.010297775268555,-6.97854471206665
Wrong -5.8645734786987305,-5.729242324829102,-6.6978888511657715,-6.552515029907227
Wrong -5.057369709014893,-5.090950965881348,-6.13787317276001,-5.879515647888184
Wrong -4.624226093292236,-4.807565689086914,-5.587945938110352,-5.653288841247559
Wrong -5.037515163421631,-5.598382949829102,-6.676140785217285,-6.737555027008057
Wrong -5.559401035308838,-5.9578471183776855,-6.686398983001709,-6.32593297958374
Correct -5.000232696533203,-5.4783453941345215,-6.079274654388428,-6.273921489715576
Correct -5.491806983947754,-5.676736354827881,-6.321822643280029,-6.86707878112793
Wrong -4.932791233062744,-5.558526992797852,-6.527575969696045,-6.527720928192139
Wrong -5.282266139984131,-5.626935958862305,-6.416439056396484,-6.8106794357299805
Wrong -5.22791862487793,-5.546807289123535,-6.772503852844238,-6.236921787261963
Wrong -4.919652462005615,-5.254385948181152,-5.876224040985107,-5.949799537658691
Wrong -5.7623090744018555,-5.796425819396973,-6.962459087371826,-6.753792762756348
Correct -5.729408264160156,-5.439846992492676,-6.782041549682617,-6.591365337371826
Correct -4.698279857635498,-4.936901569366455,-6.194549560546875,-5.977709770202637
Wrong -4.915921688079834,-5.192915916442871,-6.316003799438477,-6.102485179901123
Wrong -5.265567779541016,-5.670793533325195,-6.835916996002197,-6.269818305969238
Wrong -5.932480335235596,-5.77541446685791,-7.1573710441589355,-6.655815601348877
Wrong -5.877042770385742,-6.16995096206665,-7.5134453773498535,-7.15741491317749
Wrong -5.194283962249756,-5.428204536437988,-6.243142604827881,-6.297484397888184
Correct -6.064385890960693,-6.421243190765381,-7.47968053817749,-7.31798791885376
Wrong -6.034782886505127,-6.083815097808838,-7.418891906738281,-7.420845985412598
Wrong -5.640561580657959,-5.646697521209717,-6.595916271209717,-6.62671422958374
Wrong -4.868334770202637,-5.144375324249268,-6.327598571777344,-6.317752361297607
Wrong -5.086166858673096,-5.66327428817749,-6.47437047958374,-6.706976890563965
Wrong -5.146663188934326,-5.298811912536621,-6.605405330657959,-6.509700298309326
Correct -4.739824295043945,-5.234044075012207,-6.436823844909668,-6.46498441696167
Wrong -4.688546180725098,-5.095287322998047,-5.979059219360352,-5.978611946105957
Wrong -5.4791388511657715,-5.680253028869629,-6.4365234375,-6.614564895629883
Wrong -5.072897911071777,-5.435634136199951,-6.476130962371826,-6.336366653442383
Wrong -4.299327850341797,-4.918806076049805,-6.492696762084961,-6.053073406219482
Correct -4.967202663421631,-5.165007591247559,-6.317547798156738,-6.405431270599365
Correct -4.581327438354492,-4.870842456817627,-5.511042594909668,-5.757111549377441
Wrong -5.154510974884033,-5.699062824249268,-6.415017604827881,-6.598763465881348
Wrong -4.8440470695495605,-4.971124649047852,-5.785088539123535,-6.069312572479248
Wrong -5.372313976287842,-5.709711074829102,-6.246762752532959,-6.591444969177246
Wrong -5.361260890960693,-5.556193828582764,-6.356281757354736,-6.278840065002441
Correct -4.745528697967529,-5.312729358673096,-6.276159286499023,-6.319634437561035
Wrong -5.925529956817627,-5.9463701248168945,-6.864232063293457,-6.992880821228027
Wrong -4.672262668609619,-5.236286640167236,-6.574173927307129,-6.229926109313965
Wrong -5.199073791503906,-5.441283226013184,-6.5127763748168945,-6.578360080718994
Wrong -4.997139930725098,-5.210880279541016,-6.032473087310791,-6.011017799377441
Wrong -5.681785583496094,-5.774984359741211,-6.730750560760498,-6.243411540985107
Wrong -4.892567157745361,-5.099520683288574,-5.904767036437988,-5.916437149047852
Wrong -5.326080322265625,-5.5373005867004395,-6.76700496673584,-6.779745578765869
Correct -4.569880485534668,-5.313422679901123,-5.951968193054199,-6.02318000793457
Wrong -4.769572734832764,-5.021692752838135,-5.78283166885376,-6.0025763511657715
Correct -5.017220497131348,-5.496036529541016,-7.11052942276001,-6.806197166442871
Correct -5.335399150848389,-5.569786071777344,-6.87897253036499,-6.719179153442383
Wrong -5.454635143280029,-5.890093803405762,-6.736278533935547,-6.734860897064209
Wrong -5.38396692276001,-5.577403545379639,-6.6184282302856445,-6.573497295379639
Correct -5.767847537994385,-5.425510406494141,-6.588738918304443,-6.702981472015381
Wrong -5.684141159057617,-5.834150791168213,-7.006998062133789,-6.666182041168213
Wrong -4.925289154052734,-5.475334167480469,-6.701083183288574,-6.433903217315674
Wrong -4.439302444458008,-5.089305400848389,-6.0965495109558105,-6.102597236633301
Correct -5.130051136016846,-5.8130903244018555,-6.720279693603516,-6.715177059173584
Wrong -4.350430488586426,-4.970300674438477,-5.545725345611572,-5.597836494445801
Wrong -5.263990879058838,-5.820171356201172,-6.196732997894287,-6.4207763671875
Wrong -5.855755805969238,-5.882864952087402,-7.2579665184021,-6.825235843658447
Wrong -4.652719974517822,-5.024984359741211,-6.193816661834717,-5.950441837310791
Wrong -5.092083930969238,-5.467588901519775,-6.498186111450195,-6.54494571685791
Wrong -5.596806526184082,-5.948784351348877,-7.118899345397949,-7.034719944000244
Correct -4.64647912979126,-5.16786003112793,-6.18865442276001,-6.128861427307129
Wrong -4.92140007019043,-5.364387035369873,-5.959702014923096,-6.349508762359619
Wrong -5.529110908508301,-5.743338108062744,-6.809385299682617,-6.739633560180664
Wrong -4.661620616912842,-5.02735710144043,-5.803003787994385,-5.959229469299316
Wrong -4.953618049621582,-5.261780738830566,-6.040045261383057,-6.183526039123535
Correct -5.573517799377441,-5.861722469329834,-7.007091045379639,-6.886213302612305
Correct -4.840592861175537,-5.074702739715576,-6.03631067276001,-5.718498706817627
Wrong -4.776949405670166,-5.11693000793457,-6.025038719177246,-6.0407395362854
Correct -5.39467191696167,-5.737936973571777,-7.022305011749268,-6.392259120941162
Wrong -4.683248996734619,-5.247829914093018,-6.355312824249268,-6.037834167480469
Wrong -5.218750476837158,-5.546487331390381,-6.539187431335449,-6.527230262756348
Correct -5.56593132019043,-5.472846031188965,-6.512019634246826,-6.5188679695129395
Wrong -5.263859272003174,-5.497317790985107,-5.9714884757995605,-6.198676109313965
Correct -4.638183116912842,-5.244043827056885,-6.2407379150390625,-5.984316825866699
Wrong -5.522663593292236,-5.792242527008057,-7.1446027755737305,-6.708475112915039
Correct -4.991664409637451,-5.279992580413818,-6.473446369171143,-6.74025821685791
Wrong -5.58595609664917,-5.783346652984619,-6.681822299957275,-6.681953430175781
Wrong -6.501713752746582,-6.487950325012207,-7.523005962371826,-7.485138893127441
Correct -5.6980509757995605,-5.937972068786621,-6.992046356201172,-6.824711322784424
Wrong -6.084658622741699,-6.059836387634277,-7.166159152984619,-7.17910099029541
Wrong -4.687193870544434,-5.259915351867676,-5.99356746673584,-6.415998458862305
Wrong -5.605274200439453,-5.876352310180664,-6.9644670486450195,-6.854061603546143
Correct -7.201321601867676,-7.216798782348633,-7.821818828582764,-8.091543197631836
Wrong -5.334578037261963,-5.9659013748168945,-6.906291961669922,-6.718791961669922
Correct -5.214698791503906,-5.270344257354736,-6.677415370941162,-6.688512325286865
Wrong -5.966696262359619,-5.890613555908203,-6.756197452545166,-6.748040199279785
Correct -5.082134246826172,-5.445594310760498,-6.564387798309326,-6.1338958740234375
Wrong -5.426354885101318,-5.517385482788086,-6.268449783325195,-6.349695205688477
Correct -4.494599342346191,-4.912067890167236,-6.165924072265625,-6.134548664093018
Wrong -5.457515239715576,-5.6662068367004395,-7.09155797958374,-6.563512325286865
Wrong -5.916489601135254,-5.873807907104492,-7.245511531829834,-6.920467853546143
Wrong -5.390285968780518,-5.5574259757995605,-6.713118553161621,-6.356391429901123
Wrong -4.8233160972595215,-5.363513469696045,-6.379193305969238,-6.334441661834717
Wrong -4.788756370544434,-5.313555717468262,-6.318445205688477,-6.296542644500732
Wrong -5.492696285247803,-5.472860336303711,-6.802237510681152,-6.611995697021484
Wrong -6.068886756896973,-6.203305244445801,-7.073350429534912,-7.113945960998535
Correct -6.301273822784424,-6.469554424285889,-7.161940097808838,-7.139065265655518
Wrong -5.29701566696167,-5.443352699279785,-6.190120697021484,-6.4376935958862305
Wrong -5.369599342346191,-4.869953632354736,-5.783809661865234,-5.994335651397705
Wrong -5.604535102844238,-6.2500715255737305,-7.312445640563965,-7.198137283325195
Wrong -5.038867950439453,-5.623716831207275,-6.539628028869629,-6.461122035980225
Wrong -5.284393310546875,-5.607321262359619,-6.730700969696045,-6.964512825012207
Wrong -5.805021286010742,-6.160457134246826,-7.325169563293457,-6.899130821228027
Correct -4.412380695343018,-4.724517822265625,-5.591780662536621,-5.6554718017578125
Wrong -5.376887798309326,-5.329949378967285,-6.6278791427612305,-6.956917762756348
Wrong -4.816094398498535,-5.361997127532959,-6.309551239013672,-6.182184219360352
Wrong -5.661877155303955,-6.014259338378906,-7.197263717651367,-6.716747283935547
Correct -5.21397590637207,-5.588057041168213,-6.732372283935547,-6.795292854309082
Wrong -5.1733012199401855,-5.456508636474609,-6.997235298156738,-6.524777412414551
Wrong -5.725083351135254,-5.775136947631836,-6.917957305908203,-6.791836261749268
Wrong -5.615708351135254,-5.793985843658447,-6.756446838378906,-6.8080244064331055
Wrong -4.989504337310791,-5.350058078765869,-6.282884120941162,-6.433220386505127
Wrong -5.976863384246826,-6.3622822761535645,-7.0028791427612305,-6.871424674987793
Wrong -5.347224712371826,-5.803493499755859,-6.791711807250977,-6.7384748458862305
Correct -5.217395305633545,-5.409455299377441,-6.242469310760498,-6.311153411865234
Wrong -5.254851341247559,-5.4950666427612305,-6.5888166427612305,-6.590238094329834
Wrong -5.746010780334473,-5.915212154388428,-6.613010406494141,-6.165363788604736
Wrong -5.933620929718018,-5.988193035125732,-7.0040602684021,-6.704070091247559
Correct -5.337474822998047,-5.695117950439453,-6.82232141494751,-6.702930450439453
Wrong -4.909742832183838,-5.248365879058838,-6.667426109313965,-6.199743747711182
Wrong -4.932155132293701,-5.408533573150635,-6.5010833740234375,-6.357892036437988
Wrong -5.195436477661133,-5.740657806396484,-6.518449783325195,-6.344855785369873
Wrong -4.990891456604004,-5.3931498527526855,-6.382049560546875,-6.236621856689453
Wrong -4.801685333251953,-5.117469310760498,-6.007247447967529,-6.001339912414551
Wrong -4.8735246658325195,-5.365192890167236,-6.000998020172119,-6.389774799346924
Correct -5.619124412536621,-5.749655723571777,-6.813313007354736,-6.767965316772461
Wrong -5.848601341247559,-5.847185134887695,-6.951704025268555,-6.914848327636719
Wrong -6.242120742797852,-6.2379045486450195,-7.320672035217285,-6.906195640563965
Correct -5.640684604644775,-5.626433849334717,-6.797027587890625,-6.799222469329834
Wrong -5.365511417388916,-5.876615047454834,-6.774770736694336,-6.879207134246826
Wrong -5.804729461669922,-5.865800380706787,-6.692556858062744,-6.311776638031006
Correct -5.740307807922363,-6.334487438201904,-7.257091045379639,-6.959433078765869
Wrong -5.771467208862305,-5.813884735107422,-6.887735843658447,-6.694657325744629
Correct -5.160635948181152,-5.571257591247559,-6.504851341247559,-6.474699020385742
Wrong -6.065517902374268,-5.990217208862305,-6.8507466316223145,-7.15338134765625
Wrong -4.558526039123535,-5.118144989013672,-6.227178573608398,-6.177633762359619
Wrong -5.986663341522217,-6.050943851470947,-7.533862590789795,-7.241082668304443
Wrong -5.517770767211914,-5.588910102844238,-6.625189781188965,-6.547484397888184
Wrong -5.0039777755737305,-5.407963752746582,-6.090954780578613,-6.006460189819336
Wrong -5.3636932373046875,-5.752230167388916,-6.489882469177246,-6.514077663421631
Wrong -5.263655662536621,-5.937155723571777,-7.2434282302856445,-6.7091755867004395
Correct -5.331558704376221,-5.605631351470947,-6.484847068786621,-6.58794641494751
Wrong -5.611135482788086,-5.763103485107422,-6.66995096206665,-6.430173397064209
Wrong -5.835796356201172,-5.863877296447754,-6.844420433044434,-6.74625825881958
Wrong -5.323746204376221,-5.502401828765869,-6.664555072784424,-6.676273822784424
Wrong -5.407986164093018,-5.750693321228027,-6.682812213897705,-6.778387546539307
Wrong -5.197479724884033,-5.437455177307129,-6.404524803161621,-6.097589492797852
Correct -4.840747833251953,-5.224368095397949,-6.079625606536865,-6.069378852844238
Wrong -4.458077430725098,-5.057819843292236,-6.313455104827881,-6.043553352355957
Wrong -5.719557285308838,-6.186917781829834,-7.302727699279785,-6.842010021209717
Wrong -5.240015029907227,-5.58197546005249,-6.437800884246826,-6.851725101470947
Wrong -5.534823894500732,-5.674574375152588,-6.627002239227295,-6.810497283935547
Correct -5.454070091247559,-5.832495212554932,-6.715028285980225,-6.476174831390381
Correct -5.702941417694092,-5.709253787994385,-6.599928379058838,-6.846729755401611
Correct -5.040295124053955,-5.202818870544434,-5.910098075866699,-6.324321746826172
Wrong -5.186814785003662,-5.464320659637451,-6.2683634757995605,-6.087986946105957
Correct -5.063647270202637,-5.429356575012207,-6.174620151519775,-6.253842830657959
Wrong -5.074649810791016,-5.397264003753662,-6.419469356536865,-6.250982761383057
Wrong -5.464301109313965,-5.860630512237549,-7.202859878540039,-6.816638469696045
Wrong -4.821353435516357,-5.097404956817627,-6.029110908508301,-6.116936206817627
Wrong -4.585252285003662,-5.078634262084961,-5.649544715881348,-5.632165431976318
Correct -5.007378101348877,-5.5391340255737305,-6.453001976013184,-6.61249303817749
Wrong -4.746829986572266,-5.0727691650390625,-5.844557285308838,-5.866879940032959
Correct -5.913536071777344,-6.207215785980225,-7.066385746002197,-6.7969279289245605
Wrong -4.794018745422363,-5.102712154388428,-5.969707489013672,-5.9088263511657715
Wrong -5.956686973571777,-5.840648174285889,-6.942646503448486,-7.123836994171143
Wrong -4.791599750518799,-5.058067321777344,-5.689882755279541,-5.735182285308838
Wrong -5.796309947967529,-6.021230697631836,-7.126283645629883,-7.1363420486450195
Correct -5.176026344299316,-5.323787212371826,-6.067022323608398,-6.078058242797852
Correct -5.690906524658203,-5.837438106536865,-7.119867324829102,-6.777072906494141
Correct -4.774589538574219,-5.078154563903809,-6.078434467315674,-6.003670692443848
Wrong -5.399660587310791,-5.768809795379639,-6.7169880867004395,-6.332757949829102
Wrong -5.617616653442383,-5.799545764923096,-6.756282806396484,-6.865248203277588
Wrong -4.560739517211914,-5.247640609741211,-6.335742950439453,-6.24207878112793
Wrong -5.301429748535156,-5.763745307922363,-6.881924152374268,-6.671402454376221
Wrong -5.851687908172607,-5.54495096206665,-6.591050624847412,-6.585549831390381
Wrong -4.863461494445801,-5.669751167297363,-6.222342491149902,-6.33897590637207
Wrong -5.3313679695129395,-5.8672614097595215,-6.8386921882629395,-6.595653533935547
Correct -4.323279857635498,-4.924766540527344,-5.581986427307129,-6.052637577056885
Wrong -5.066232204437256,-4.807667255401611,-5.81264066696167,-5.923099040985107
Wrong -5.2738494873046875,-5.249258041381836,-6.204827785491943,-6.111213207244873
Wrong -5.181910037994385,-5.631067752838135,-6.750189781188965,-6.639678001403809
Correct -4.383847236633301,-4.521298408508301,-5.786262035369873,-5.952930450439453
Wrong -5.361666202545166,-5.343226909637451,-6.318965911865234,-6.315906524658203
Correct -5.008548736572266,-5.446423530578613,-6.437065601348877,-6.441964626312256
Correct -4.797712326049805,-5.264691352844238,-6.303204536437988,-6.355034351348877
Wrong -5.181736946105957,-5.817363739013672,-6.69338321685791,-6.622682094573975
Wrong -4.689095497131348,-5.287984848022461,-6.185634136199951,-6.055021286010742
Wrong -5.099524974822998,-5.536892414093018,-6.923901557922363,-6.638813495635986
Wrong -5.0284528732299805,-5.188009262084961,-6.279438495635986,-6.050713539123535
Wrong -5.301588535308838,-6.1083984375,-7.403787612915039,-6.829558849334717
Wrong -4.61392068862915,-5.091109275817871,-6.008041858673096,-5.666421413421631
Wrong -4.797446250915527,-5.059022903442383,-5.909511566162109,-5.906808376312256
Correct -5.277565002441406,-6.046243190765381,-7.052736282348633,-6.779310703277588
Wrong -5.350336074829102,-5.418102741241455,-6.733242511749268,-6.6064558029174805
Wrong -5.052493095397949,-5.319679260253906,-6.396574020385742,-6.252620697021484
Correct -5.329977512359619,-5.7533369064331055,-6.650341033935547,-6.835520267486572
Wrong -4.641149997711182,-4.79858922958374,-5.675467491149902,-5.7078471183776855
Correct -5.504952430725098,-5.695796489715576,-6.818140029907227,-6.590859889984131
Wrong -4.913194179534912,-5.26576566696167,-6.175080299377441,-6.261246204376221
Wrong -5.72186803817749,-6.214730262756348,-7.205244541168213,-7.036269664764404
Wrong -4.671077251434326,-5.252427101135254,-6.018769264221191,-5.804877281188965
Wrong -5.053003787994385,-5.331172466278076,-6.4562153816223145,-6.510771751403809
Wrong -5.877145767211914,-5.823620319366455,-6.858902454376221,-6.473672389984131
Wrong -6.006130695343018,-5.6437530517578125,-6.562097549438477,-6.266054153442383
Wrong -5.418843746185303,-5.639678001403809,-6.5152482986450195,-6.555793285369873
Wrong -4.951021194458008,-5.163826942443848,-6.256962299346924,-5.754878997802734
Correct -5.428630352020264,-5.226647853851318,-6.639272689819336,-6.299121856689453
Wrong -5.383094310760498,-5.653442859649658,-6.944181442260742,-6.959530353546143
Wrong -5.464668273925781,-5.162012577056885,-6.133736610412598,-5.823204040527344
Wrong -5.112812519073486,-5.367496967315674,-5.923901557922363,-6.246035575866699
Wrong -5.453962326049805,-5.643855094909668,-6.929255962371826,-6.519763469696045
Wrong -4.476949691772461,-5.0330328941345215,-5.661196231842041,-5.915948390960693
Wrong -5.798758029937744,-5.854061603546143,-7.087433815002441,-7.0090532302856445
Wrong -4.822116374969482,-5.312561988830566,-6.63270378112793,-6.386745929718018
Wrong -5.082252502441406,-5.612936973571777,-6.580581188201904,-6.68887996673584
Correct -5.267336845397949,-5.576311111450195,-6.729296684265137,-6.421854496002197
Wrong -5.284980773925781,-5.441885948181152,-6.266216278076172,-6.192535877227783
Wrong -4.554274082183838,-5.040192127227783,-5.945167541503906,-5.801926136016846
Correct -5.349804401397705,-5.6201171875,-6.480828285217285,-6.457390785217285
Wrong -5.598767280578613,-6.087873458862305,-6.84923791885376,-6.829240798950195
Wrong -5.068782806396484,-5.72772741317749,-6.740283489227295,-6.799062728881836
Wrong -5.911379337310791,-6.245779991149902,-6.9969096183776855,-7.0672221183776855
Wrong -5.625998020172119,-5.852057933807373,-6.72046422958374,-6.9109721183776855
Wrong -5.331142902374268,-5.503532886505127,-6.424331188201904,-6.49921178817749
Correct -4.875819206237793,-5.353426933288574,-6.567404270172119,-6.375580787658691
Wrong -4.968930244445801,-5.546243190765381,-6.137445449829102,-6.340768814086914
Wrong -5.8859028816223145,-6.141110897064209,-6.90798282623291,-6.877663612365723
Wrong -4.202941417694092,-4.518302917480469,-5.706508159637451,-5.582510948181152
Wrong -5.423098087310791,-5.839210510253906,-7.049215316772461,-6.864293575286865
Correct -5.210978984832764,-5.546438694000244,-6.2212066650390625,-6.445594310760498
Wrong -4.2493815422058105,-4.780405521392822,-5.745570659637451,-5.92983865737915
Wrong -5.719222068786621,-5.750804424285889,-7.109218120574951,-6.950249671936035
Wrong -5.693040370941162,-5.943098545074463,-6.675002098083496,-6.831002235412598
Wrong -4.602883815765381,-4.978710651397705,-6.168302059173584,-6.1770429611206055
Wrong -6.3906636238098145,-5.67884635925293,-7.050906658172607,-6.577602386474609
Correct -5.026455402374268,-5.509594917297363,-6.681779861450195,-6.585155963897705
Wrong -4.97176456451416,-5.031729698181152,-6.185131072998047,-5.672399997711182
Wrong -5.451507091522217,-5.839122295379639,-6.6758527755737305,-6.592191219329834
Wrong -5.3995585441589355,-5.75173282623291,-6.663549423217773,-6.661996841430664
Wrong -5.65349817276001,-5.8086748123168945,-6.814134120941162,-6.872597694396973
Correct -5.056390285491943,-5.452448844909668,-5.931849002838135,-6.378750324249268
Wrong -5.592011451721191,-5.825235843658447,-6.944589138031006,-6.70038366317749
Wrong -4.309813976287842,-4.490866661071777,-5.453716278076172,-5.779393196105957
Wrong -4.948416233062744,-5.603602886199951,-6.1378021240234375,-6.269486427307129
Wrong -4.589071273803711,-5.145295143127441,-5.8223981857299805,-6.020680904388428
