grade confidence_levels
Wrong -5.629889011383057,-5.905077934265137,-7.023383140563965,-7.264523983001709
Wrong -4.914555549621582,-5.486088752746582,-6.290285587310791,-6.189050674438477
Wrong -5.757547378540039,-5.967294216156006,-6.946732997894287,-6.743643760681152
Wrong -5.241767883300781,-5.350412845611572,-6.862076759338379,-6.423140525817871
Wrong -5.116589069366455,-5.372594356536865,-6.271252155303955,-6.19728946685791
Wrong -5.304630279541016,-5.767663955688477,-6.732404708862305,-6.541230201721191
Wrong -3.6988611221313477,-3.9770567417144775,-4.923817157745361,-4.971195697784424
Correct -5.295149803161621,-5.557399749755859,-6.825704097747803,-6.740995407104492
Wrong -5.628848075866699,-5.832647323608398,-6.967231273651123,-6.728945255279541
Wrong -5.302515029907227,-5.418121337890625,-6.487559795379639,-6.3576130867004395
Wrong -5.580953598022461,-5.790178298950195,-6.697925090789795,-6.67100715637207
Wrong -5.315249443054199,-5.531537055969238,-6.647143840789795,-6.6129045486450195
Correct -4.657296180725098,-5.155707359313965,-5.809895038604736,-6.169053554534912
Wrong -5.008075714111328,-5.443698406219482,-6.581531524658203,-6.132734298706055
Correct -5.537715911865234,-5.627623081207275,-6.557310581207275,-6.635587692260742
Wrong -5.657205104827881,-5.836090087890625,-6.747446060180664,-6.657602310180664
Correct -4.747383117675781,-5.199381351470947,-5.794541835784912,-6.110135078430176
Wrong -6.030727386474609,-6.0207719802856445,-7.096399307250977,-6.946818828582764
Wrong -5.586954593658447,-5.7816667556762695,-6.6513447761535645,-6.367852210998535
Correct -5.447600841522217,-5.964691638946533,-6.702811241149902,-6.8528032302856445
Correct -5.419830322265625,-5.6300506591796875,-6.479367256164551,-6.7958984375
Wrong -4.902606964111328,-5.0948333740234375,-6.432114601135254,-6.160585403442383
Wrong -4.957586288452148,-5.270680904388428,-6.413731575012207,-6.404726505279541
Wrong -5.579236030578613,-5.929343223571777,-7.1524152755737305,-6.843985080718994
Wrong -5.1002326011657715,-5.2969560623168945,-6.502347469329834,-6.424222469329834
Wrong -5.25006103515625,-5.634676933288574,-6.38270378112793,-6.713703632354736
Wrong -5.126856327056885,-5.370146751403809,-6.366240501403809,-6.45985746383667
Wrong -5.401417255401611,-5.8192138671875,-6.906976699829102,-6.800760746002197
Wrong -5.733602523803711,-5.776567459106445,-6.699173927307129,-6.445821762084961
Wrong -5.281106472015381,-5.454275608062744,-6.462047576904297,-6.688610076904297
Wrong -6.5742902755737305,-6.647071838378906,-7.815319061279297,-7.297660827636719
Correct -5.527370929718018,-5.94244384765625,-6.564466953277588,-6.789008140563965
Correct -5.481106281280518,-5.695372104644775,-6.61919641494751,-6.782583236694336
Correct -5.288297653198242,-5.530998706817627,-6.663660049438477,-6.738136291503906
Wrong -5.100797653198242,-5.304214954376221,-6.331967830657959,-6.378205299377441
Wrong -4.767162322998047,-5.1281280517578125,-6.175586700439453,-6.204037189483643
Wrong -5.838522911071777,-5.583047389984131,-5.9662556648254395,-6.030602931976318
Correct -4.858955383300781,-5.197671413421631,-5.9871134757995605,-6.0346174240112305
Correct -5.507165431976318,-5.679666996002197,-6.414422035217285,-6.7101216316223145
Wrong -4.638873100280762,-4.842977523803711,-5.889962196350098,-6.0404887199401855
Correct -5.491916656494141,-5.640114784240723,-7.084033489227295,-6.747251510620117
Wrong -4.3383941650390625,-4.804629325866699,-5.314858913421631,-5.675258159637451
Wrong -5.05833625793457,-5.729363918304443,-6.955949783325195,-6.83361291885376
Wrong -4.934165000915527,-5.180599689483643,-5.883172988891602,-6.024738788604736
Correct -5.313649654388428,-5.690682888031006,-6.658870697021484,-6.654794216156006
Wrong -5.278247833251953,-5.479264259338379,-6.263248443603516,-6.202598571777344
Wrong -5.261651992797852,-5.4482421875,-6.686243057250977,-6.763215065002441
Wrong -5.820354461669922,-5.8949480056762695,-7.2880635261535645,-6.74416971206665
Wrong -5.422930717468262,-5.546403884887695,-6.466794967651367,-6.642009735107422
Wrong -5.307892799377441,-5.599160194396973,-6.764452934265137,-6.846395492553711
Wrong -5.585781574249268,-5.840078830718994,-7.028787612915039,-6.946039199829102
Wrong -5.7173261642456055,-6.193361282348633,-6.836122035980225,-7.079408645629883
Wrong -4.776963233947754,-5.215075969696045,-6.314876556396484,-6.130161762237549
Correct -6.064282417297363,-5.806591033935547,-6.900302886962891,-6.688884735107422
Wrong -5.790599822998047,-6.19835090637207,-6.963881015777588,-6.783862590789795
Wrong -5.414869785308838,-5.8974609375,-6.5771484375,-6.835304260253906
Wrong -5.667035102844238,-5.572652816772461,-6.5509748458862305,-6.7550506591796875
Wrong -5.772377014160156,-5.6885576248168945,-6.8994951248168945,-6.67963171005249
Wrong -5.154566287994385,-5.071658611297607,-6.266002178192139,-6.248773574829102
Wrong -5.621283531188965,-5.764341831207275,-6.436367511749268,-6.385311603546143
Wrong -5.600083351135254,-5.753182888031006,-6.808122634887695,-6.721569061279297
Wrong -5.180971145629883,-5.347965717315674,-6.400149345397949,-6.106598377227783
Wrong -4.562931060791016,-4.849165916442871,-5.728163719177246,-5.5189924240112305
Wrong -5.928837299346924,-6.24416446685791,-7.4537153244018555,-6.874597549438477
Correct -5.025974750518799,-5.231106281280518,-6.68169641494751,-6.07801628112793
Correct -5.214504718780518,-5.415045261383057,-6.284095764160156,-6.01569128036499
Correct -5.211707592010498,-5.461849689483643,-6.398797988891602,-6.174163341522217
Wrong -5.808653354644775,-5.827707767486572,-6.741024494171143,-6.824762344360352
Correct -4.421171188354492,-5.102785587310791,-5.653151035308838,-5.858598709106445
Correct -4.889596462249756,-5.588617324829102,-6.0982465744018555,-5.9054718017578125
Wrong -4.243446350097656,-4.850562572479248,-6.022422790527344,-5.975562572479248
Wrong -4.840827941894531,-4.954168796539307,-5.886577606201172,-5.570928573608398
Wrong -5.208973407745361,-5.579047679901123,-6.074151992797852,-6.471516132354736
Wrong -4.879138946533203,-5.235414981842041,-6.217514514923096,-6.169314861297607
Wrong -5.295515537261963,-5.177005290985107,-5.744117259979248,-6.060479640960693
Wrong -4.766499996185303,-5.337079048156738,-5.768026828765869,-6.223772048950195
Wrong -5.709787845611572,-6.151381015777588,-7.3448710441589355,-6.980197906494141
Wrong -5.057654857635498,-5.200142860412598,-6.01161003112793,-6.1821489334106445
Wrong -4.667555332183838,-4.939009666442871,-5.867616653442383,-5.956268310546875
Correct -5.943449020385742,-6.041929244995117,-6.965174674987793,-7.10158109664917
Correct -5.596874713897705,-5.89960241317749,-7.027186870574951,-6.7516703605651855
Wrong -5.793893814086914,-5.907771587371826,-7.100003242492676,-7.0504045486450195
Wrong -5.381349086761475,-5.5294880867004395,-6.467618942260742,-6.440112590789795
Correct -4.924426555633545,-4.795860290527344,-5.74920654296875,-5.96014404296875
Wrong -4.804348468780518,-5.540924072265625,-6.050717830657959,-6.38678503036499
Wrong -4.898263454437256,-5.371522903442383,-6.413539886474609,-6.578734397888184
Wrong -6.008572578430176,-6.147927284240723,-6.901987075805664,-6.856626510620117
Wrong -4.412703037261963,-5.084454536437988,-5.991785049438477,-6.018754959106445
Correct -5.777868747711182,-6.0001540184021,-7.022872447967529,-6.70619010925293
Wrong -5.320117950439453,-5.51310396194458,-6.459193706512451,-6.694657325744629
Correct -5.713184356689453,-5.845852851867676,-6.034074783325195,-6.370822906494141
Wrong -5.854336261749268,-6.0358171463012695,-6.851524353027344,-7.0084733963012695
Correct -5.536667823791504,-5.6789093017578125,-6.719031810760498,-6.820741653442383
Wrong -5.85747766494751,-6.075004577636719,-7.129915237426758,-7.297877311706543
Wrong -5.341145038604736,-5.567418575286865,-6.724996566772461,-6.755908012390137
Wrong -4.757165431976318,-4.9561381340026855,-6.220461845397949,-6.227071285247803
Wrong -5.183358192443848,-5.488086700439453,-6.332700252532959,-6.582821369171143
Wrong -5.573061943054199,-5.777029991149902,-6.896878719329834,-7.143274307250977
Wrong -6.007091045379639,-5.767890930175781,-6.959414482116699,-6.769845485687256
Wrong -5.688080787658691,-5.890294075012207,-6.768346786499023,-6.782057285308838
Wrong -4.793738842010498,-5.203709602355957,-6.353743553161621,-6.2876129150390625
Wrong -5.516056060791016,-5.738854885101318,-6.919851779937744,-6.891848087310791
Wrong -5.263051986694336,-5.6746296882629395,-6.771914482116699,-6.725332736968994
Wrong -5.030172348022461,-5.537092208862305,-6.47466516494751,-6.504857063293457
Wrong -5.323653697967529,-5.512984275817871,-6.701083183288574,-6.4402995109558105
Wrong -4.550806045532227,-4.978329658508301,-5.975743770599365,-6.077722549438477
Wrong -5.37677001953125,-5.613854885101318,-6.347461700439453,-6.269908428192139
Wrong -4.815721035003662,-5.110528469085693,-5.774661540985107,-6.069714069366455
Wrong -5.134944438934326,-5.5226216316223145,-6.183746337890625,-6.305803298950195
Correct -6.412092208862305,-6.6200666427612305,-7.4274516105651855,-7.2087016105651855
Wrong -5.313950538635254,-5.6646528244018555,-6.204740047454834,-6.342270851135254
Wrong -4.464669704437256,-4.866343021392822,-5.603670120239258,-5.752891540527344
Wrong -5.337161540985107,-5.633505821228027,-6.859847068786621,-6.601922035217285
Correct -5.200847148895264,-5.527565002441406,-6.215993404388428,-6.141607761383057
Correct -5.426362037658691,-5.744889259338379,-6.660489559173584,-6.701148509979248
Wrong -4.87373685836792,-5.5342631340026855,-6.385189056396484,-6.340883731842041
Correct -5.401417255401611,-5.912259101867676,-6.532200813293457,-6.977109909057617
Wrong -5.432234287261963,-5.587976455688477,-6.466176986694336,-6.486157417297363
Correct -5.813839912414551,-5.8486433029174805,-7.030148506164551,-6.836331844329834
Wrong -5.054195404052734,-5.372805595397949,-6.215220928192139,-6.300736427307129
Wrong -5.817629337310791,-6.163203716278076,-6.890725135803223,-6.847656726837158
Wrong -5.282693862915039,-5.3633832931518555,-6.553658485412598,-6.4192795753479
Wrong -5.343852996826172,-5.640222549438477,-6.703888893127441,-6.63587760925293
Correct -4.670135974884033,-5.186215877532959,-6.434209823608398,-6.2019572257995605
Correct -6.28713321685791,-6.050055027008057,-7.084743499755859,-6.848114013671875
Correct -5.327275276184082,-5.32228946685791,-5.893426418304443,-6.165915012359619
Wrong -4.712221145629883,-5.269911766052246,-6.123679161071777,-6.085129261016846
Correct -5.274974822998047,-5.3672590255737305,-6.331908226013184,-6.6805033683776855
Correct -4.680506706237793,-5.190266132354736,-5.985482215881348,-6.102828025817871
Wrong -5.195837497711182,-5.434735298156738,-6.102602481842041,-5.903485298156738
Correct -5.3490681648254395,-5.587799072265625,-6.798404693603516,-6.658431053161621
Correct -4.5010809898376465,-5.174285411834717,-6.224416732788086,-5.883767604827881
Wrong -4.9609761238098145,-5.379961967468262,-6.719443321228027,-6.480274200439453
Wrong -5.626550674438477,-5.851291656494141,-6.988950252532959,-6.771918773651123
Wrong -5.025583267211914,-5.276493549346924,-5.785000324249268,-6.09754753112793
Correct -5.411666393280029,-5.7177228927612305,-6.87111234664917,-6.785463809967041
Wrong -5.918030738830566,-6.064876556396484,-6.725401401519775,-6.6319966316223145
Wrong -5.315301418304443,-5.669919967651367,-7.000463962554932,-6.741716384887695
Wrong -4.528853416442871,-4.869070529937744,-5.893012523651123,-6.171352386474609
Wrong -5.1016340255737305,-5.321465969085693,-6.374527454376221,-6.337203025817871
Wrong -5.07208251953125,-5.122860908508301,-6.1204304695129395,-5.910516738891602
Wrong -5.434516429901123,-5.504696369171143,-7.1204304695129395,-6.4952778816223145
Correct -5.730411052703857,-5.307533264160156,-6.5362772941589355,-6.214167594909668
Wrong -4.926551342010498,-5.263265609741211,-6.268007755279541,-6.170590877532959
Wrong -4.929950714111328,-4.94451904296875,-5.661699295043945,-6.063647270202637
Wrong -4.743006706237793,-5.047797679901123,-5.946224689483643,-5.946397304534912
Correct -5.736262798309326,-5.494688034057617,-6.864431858062744,-6.770814895629883
Wrong -5.640686988830566,-5.633481502532959,-6.256608009338379,-6.1196699142456055
Correct -5.871026992797852,-5.877166271209717,-6.580091953277588,-6.9344096183776855
Wrong -4.447168827056885,-5.213896751403809,-6.004831314086914,-5.962193012237549
Wrong -5.26959753036499,-5.6864013671875,-6.3856201171875,-6.717191219329834
Wrong -5.494597911834717,-5.843695640563965,-6.812126636505127,-6.959378719329834
Wrong -5.207614898681641,-5.5851593017578125,-6.264420509338379,-6.2786054611206055
Wrong -4.252622604370117,-4.656191825866699,-5.423969745635986,-6.0338640213012695
Wrong -4.5399651527404785,-5.016054153442383,-5.7706298828125,-5.7993316650390625
Wrong -5.461462497711182,-5.780391216278076,-7.11138391494751,-6.501105785369873
Correct -5.533417224884033,-5.848880290985107,-6.887079238891602,-6.801892280578613
Wrong -5.841731548309326,-6.316540241241455,-7.102354049682617,-6.871246337890625
Wrong -4.65218448638916,-4.984883785247803,-5.493132591247559,-5.866753101348877
Wrong -5.034127712249756,-5.180837154388428,-5.942022323608398,-6.084319591522217
Wrong -6.173762798309326,-6.395299434661865,-7.096737384796143,-7.051790237426758
Wrong -3.816866397857666,-4.4125871658325195,-5.685446739196777,-5.287323474884033
Correct -5.41022253036499,-5.800726890563965,-6.848148822784424,-6.818573951721191
Wrong -4.839019775390625,-5.073455810546875,-6.314996719360352,-6.124629974365234
Wrong -4.614731788635254,-5.189617156982422,-5.97260046005249,-6.082988739013672
Wrong -5.431855201721191,-5.588564872741699,-6.601091384887695,-6.508126735687256
Wrong -4.867217063903809,-5.157010078430176,-6.268426418304443,-6.316141128540039
Correct -5.474748611450195,-5.525557041168213,-6.4847917556762695,-6.7504167556762695
Correct -5.621153354644775,-5.802210807800293,-6.936044216156006,-7.078177452087402
Correct -4.644099235534668,-5.257915496826172,-6.203046798706055,-6.216472148895264
Wrong -4.9290008544921875,-5.322176933288574,-6.260100841522217,-5.8692708015441895
Wrong -5.204575538635254,-5.528493404388428,-6.025290012359619,-6.279384136199951
Correct -5.056224822998047,-5.201502323150635,-6.371325969696045,-6.372694969177246
Wrong -4.922749996185303,-5.440761566162109,-6.116922378540039,-6.168028354644775
Wrong -5.685481548309326,-6.00392484664917,-6.708451747894287,-6.999528884887695
Wrong -5.839885711669922,-6.036255359649658,-6.961503028869629,-6.516552925109863
Wrong -5.649011135101318,-5.862791538238525,-6.744899749755859,-6.9734721183776855
Wrong -5.449519634246826,-5.617783546447754,-6.684113502502441,-6.39935302734375
Correct -5.061153411865234,-5.441568851470947,-6.38975715637207,-6.459832668304443
Wrong -5.738828659057617,-5.998513221740723,-6.823404312133789,-6.768044471740723
Wrong -4.342390537261963,-4.80067253112793,-5.510492324829102,-5.70692253112793
Wrong -6.125281810760498,-6.113433837890625,-6.954581260681152,-6.912961006164551
Correct -5.224368095397949,-5.406097888946533,-6.4727091789245605,-6.698087692260742
Wrong -5.773035049438477,-6.037655353546143,-6.705930233001709,-7.188650608062744
Wrong -5.372950077056885,-5.76720666885376,-6.67470121383667,-6.690547466278076
Wrong -5.620392799377441,-5.710937976837158,-6.700274467468262,-6.721837520599365
Correct -5.211219310760498,-5.720705032348633,-6.617645263671875,-6.697279453277588
Wrong -5.482354640960693,-5.762646675109863,-6.579137325286865,-6.744353771209717
Wrong -5.587388038635254,-5.722404956817627,-6.935823917388916,-6.825329780578613
Wrong -4.5287675857543945,-4.632269859313965,-5.554619789123535,-5.923611164093018
Wrong -4.542794704437256,-4.865167140960693,-5.805047988891602,-5.813084602355957
Wrong -5.414124488830566,-5.160946369171143,-6.00528621673584,-6.415822982788086
Wrong -5.227785587310791,-5.411255359649658,-6.5753631591796875,-6.422059535980225
Wrong -5.469279766082764,-5.785772323608398,-6.783660411834717,-6.676571369171143
Wrong -4.639781475067139,-4.732759952545166,-5.9368133544921875,-6.181934356689453
Wrong -5.7843780517578125,-6.019157886505127,-7.001433849334717,-7.020975112915039
Wrong -5.185462474822998,-5.287912845611572,-6.219732761383057,-6.383736610412598
Correct -5.111228942871094,-5.5479583740234375,-6.579107761383057,-6.57146692276001
Wrong -4.844130516052246,-5.229264259338379,-6.034683704376221,-6.14260196685791
Wrong -4.875321388244629,-5.316348075866699,-5.981734275817871,-6.0084614753723145
Wrong -5.492119789123535,-5.650893688201904,-6.725800514221191,-6.711630821228027
Wrong -5.8156280517578125,-6.097840785980225,-6.943361282348633,-6.975279331207275
Wrong -5.745781898498535,-5.564387798309326,-6.479609966278076,-6.4634199142456055
Wrong -4.772634983062744,-5.084654331207275,-6.232097148895264,-6.199160575866699
Wrong -4.4524993896484375,-4.885171413421631,-5.711366653442383,-5.715177536010742
Wrong -5.0094709396362305,-5.281758785247803,-6.20037317276001,-6.224773406982422
Wrong -5.095287322998047,-5.555837154388428,-6.734564781188965,-6.436566352844238
Wrong -5.02264928817749,-5.330028533935547,-6.356499671936035,-6.482759952545166
Wrong -4.026328086853027,-4.386483192443848,-5.351504325866699,-5.377828598022461
Wrong -5.967456340789795,-5.656093120574951,-7.091884613037109,-6.8275556564331055
Correct -5.783135890960693,-5.903301239013672,-6.950262546539307,-6.703360080718994
Wrong -6.175007343292236,-5.772356033325195,-6.865168571472168,-6.9337477684021
Wrong -4.0907464027404785,-4.835003852844238,-5.958332538604736,-6.097965717315674
Wrong -5.407334804534912,-5.537337303161621,-6.783632755279541,-6.491753101348877
Wrong -5.158146381378174,-5.909267902374268,-7.117803573608398,-6.718277454376221
Wrong -5.353694438934326,-5.644387722015381,-6.57313871383667,-6.795071601867676
Wrong -5.56256628036499,-5.717577934265137,-6.543328285217285,-6.644186973571777
Wrong -5.056224822998047,-5.472589492797852,-6.641388893127441,-6.359708786010742
Correct -4.919439792633057,-5.176013469696045,-6.101418972015381,-6.323542594909668
Wrong -4.660995006561279,-5.308070659637451,-5.969499111175537,-6.2746734619140625
Wrong -4.729764461517334,-5.492419719696045,-6.3302106857299805,-6.457540035247803
Wrong -4.625714302062988,-5.127131938934326,-5.961271286010742,-6.081973075866699
Wrong -5.514468193054199,-5.4270219802856445,-6.1875529289245605,-6.121551513671875
Wrong -4.690974235534668,-5.054717063903809,-6.250429153442383,-5.921639442443848
Correct -5.000027179718018,-5.417827606201172,-5.912503719329834,-6.216731071472168
Correct -4.791940212249756,-5.173384666442871,-5.92957878112793,-6.079675674438477
Wrong -4.716740131378174,-5.087874412536621,-6.075274467468262,-6.208961009979248
Wrong -5.371048927307129,-5.959680557250977,-7.044923782348633,-6.829759120941162
Correct -5.000333786010742,-5.381551742553711,-6.54825496673584,-6.336432933807373
Correct -5.122955322265625,-5.151711940765381,-6.2833943367004395,-6.27264928817749
Wrong -5.229624271392822,-5.553799152374268,-6.338221073150635,-6.413995742797852
Correct -5.993303298950195,-6.232888221740723,-7.224125862121582,-7.0680766105651855
Wrong -4.175610542297363,-4.899773597717285,-5.772894859313965,-5.927637577056885
Wrong -6.045670509338379,-6.250492572784424,-7.130873203277588,-7.013291835784912
Wrong -5.131146430969238,-5.407207489013672,-6.636844158172607,-6.3917236328125
Wrong -5.2188215255737305,-5.38454532623291,-6.474125862121582,-6.246218681335449
Wrong -5.138062953948975,-5.027298927307129,-5.987392902374268,-5.595015525817871
Wrong -5.364876747131348,-5.455036640167236,-6.466780662536621,-6.302645683288574
Wrong -4.8203511238098145,-5.2642011642456055,-5.904726505279541,-6.122316837310791
Wrong -4.754018306732178,-5.128861427307129,-6.065883636474609,-6.131402969360352
Wrong -5.482380390167236,-5.970852851867676,-6.827859878540039,-6.892667770385742
Wrong -4.835445404052734,-5.653326511383057,-6.465512752532959,-6.467593193054199
Wrong -5.6587324142456055,-5.774130821228027,-7.004857063293457,-6.872537612915039
Wrong -5.814202785491943,-5.568258762359619,-6.188193321228027,-6.316638469696045
Wrong -5.308534145355225,-5.497786045074463,-7.030453681945801,-6.613268852233887
Wrong -5.055591583251953,-5.266964912414551,-6.139440536499023,-6.124299049377441
Wrong -5.034808158874512,-5.356998443603516,-6.497946262359619,-6.491026401519775
Wrong -5.4579339027404785,-5.657851219177246,-6.838347911834717,-6.738502502441406
Wrong -4.863668918609619,-5.359721660614014,-6.641740798950195,-6.208619594573975
Wrong -5.926866054534912,-5.7339982986450195,-6.501055717468262,-6.772332668304443
Wrong -5.471137523651123,-5.915071487426758,-7.245370388031006,-6.843636512756348
Wrong -4.823873996734619,-5.304144859313965,-6.388452529907227,-6.292998313903809
Correct -5.480120658874512,-5.554416656494141,-6.646031856536865,-6.543200969696045
Wrong -4.594484806060791,-5.088325023651123,-6.121853828430176,-6.152852535247803
Wrong -4.334908962249756,-4.795515537261963,-5.6378021240234375,-5.534379959106445
Wrong -5.132004261016846,-5.3938679695129395,-6.289162635803223,-6.169905662536621
Wrong -5.355034351348877,-5.500235080718994,-6.640472888946533,-6.6140971183776855
Wrong -5.525796413421631,-5.80463171005249,-6.960916996002197,-6.954240798950195
Wrong -5.6455888748168945,-5.713478088378906,-6.977106094360352,-6.560884952545166
Correct -5.960236549377441,-5.783862590789795,-6.927748203277588,-6.795345306396484
Wrong -5.143311500549316,-5.380453109741211,-6.116661071777344,-6.31365442276001
Wrong -5.467397689819336,-5.739614486694336,-6.427748203277588,-6.486751556396484
Correct -3.738208532333374,-4.163908958435059,-5.085029602050781,-5.249531269073486
Wrong -4.6890668869018555,-4.927821636199951,-5.945928573608398,-5.7062530517578125
Wrong -5.484231472015381,-5.861721992492676,-6.958475112915039,-6.712357997894287
Wrong -5.2159423828125,-5.442850112915039,-6.387646675109863,-6.303401947021484
Wrong -5.7201762199401855,-5.577854156494141,-6.230510711669922,-6.048221111297607
Correct -5.816638469696045,-5.849008560180664,-6.694211006164551,-7.011213302612305
Wrong -5.201441287994385,-5.600066661834717,-6.403853893280029,-6.426397323608398
Wrong -6.734475135803223,-6.665566444396973,-7.5107421875,-7.557027816772461
Wrong -5.283982753753662,-5.897618293762207,-6.826381206512451,-6.777909278869629
Correct -4.98573112487793,-5.465204238891602,-6.17494010925293,-6.61334753036499
Wrong -5.367547988891602,-5.930145263671875,-6.88062047958374,-6.8094096183776855
Wrong -5.961022853851318,-6.299834251403809,-6.9825544357299805,-6.830012798309326
Wrong -5.861757755279541,-6.04104471206665,-7.111562728881836,-6.7490010261535645
Correct -4.994720458984375,-5.3383989334106445,-6.737507343292236,-6.383393287658691
Wrong -5.539344310760498,-5.903977870941162,-6.742166996002197,-6.9503631591796875
Wrong -5.016321659088135,-5.348696231842041,-5.91216516494751,-6.315974712371826
Wrong -5.476791858673096,-5.799818515777588,-6.288280963897705,-6.545639514923096
Wrong -5.390561580657959,-5.984172344207764,-6.757965087890625,-7.063929557800293
Correct -4.778990268707275,-5.172857761383057,-5.995761394500732,-6.001339912414551
Wrong -4.885052680969238,-5.200173854827881,-5.903853893280029,-6.0518798828125
Wrong -5.5149383544921875,-5.898499488830566,-6.747955322265625,-6.820646286010742
Wrong -5.297539710998535,-5.5069193840026855,-6.671198844909668,-6.543345928192139
Correct -4.1128129959106445,-4.342636585235596,-5.417588233947754,-5.511842727661133
Wrong -5.253205299377441,-5.320807933807373,-6.448845386505127,-6.4230194091796875
Wrong -4.855899810791016,-5.129490852355957,-5.8526611328125,-6.011017799377441
Wrong -5.56654691696167,-5.941558837890625,-7.264217853546143,-6.811866760253906
Wrong -4.871480941772461,-5.481770038604736,-6.560094356536865,-6.306234359741211
Wrong -4.733001708984375,-5.196465969085693,-6.523129940032959,-6.234854698181152
Wrong -5.399388313293457,-5.875804424285889,-6.624486923217773,-7.242973327636719
Wrong -5.663689136505127,-5.6466965675354,-6.943563938140869,-6.5532965660095215
Wrong -5.867249488830566,-6.113406658172607,-6.903387546539307,-7.0304341316223145
Wrong -5.800136566162109,-5.646037578582764,-7.03908109664917,-6.735727310180664
Wrong -4.958568572998047,-5.201963901519775,-6.456698894500732,-6.421056270599365
Correct -5.2366228103637695,-5.3192057609558105,-6.1977739334106445,-5.860391139984131
Wrong -4.797182559967041,-5.047797679901123,-5.882036209106445,-5.803837299346924
Correct -5.634699821472168,-5.770540237426758,-6.659707069396973,-6.718447685241699
Wrong -5.851160049438477,-5.956971645355225,-6.892110347747803,-6.92326021194458
Wrong -5.0295257568359375,-5.291742324829102,-5.885461330413818,-6.230401992797852
Wrong -5.435064792633057,-5.8957929611206055,-7.012095928192139,-6.3464884757995605
Correct -4.662868976593018,-5.036190986633301,-5.668030738830566,-5.858360290527344
Wrong -5.270877361297607,-5.627805233001709,-6.752714157104492,-6.217466831207275
Wrong -5.580840110778809,-5.646392822265625,-6.62489128112793,-6.560823917388916
Wrong -5.508359909057617,-5.7627058029174805,-6.608273506164551,-6.789854049682617
Wrong -5.025296688079834,-5.249111652374268,-6.230137825012207,-6.5656280517578125
Wrong -5.680797576904297,-5.480682373046875,-6.628127098083496,-6.651547431945801
Wrong -5.1785197257995605,-5.325662612915039,-6.490063667297363,-6.85468053817749
Wrong -5.760222911834717,-6.053647994995117,-6.842006206512451,-6.802480697631836
Wrong -4.60220193862915,-5.006000995635986,-5.907589912414551,-6.136651039123535
Wrong -4.961056709289551,-5.111111164093018,-5.858170509338379,-5.866261005401611
Wrong -5.054533958435059,-5.301595211029053,-6.171830177307129,-6.186485290527344
Correct -5.087022304534912,-5.563445091247559,-6.632975101470947,-6.671309947967529
Wrong -4.9833984375,-5.218835353851318,-6.189050674438477,-5.844398498535156
Correct -6.233602523803711,-6.4635138511657715,-6.9771528244018555,-7.0964884757995605
Wrong -5.1746039390563965,-5.201321601867676,-6.213314056396484,-6.0860915184021
Wrong -5.793131351470947,-5.685884952545166,-6.717543125152588,-6.572853088378906
Correct -4.5763020515441895,-4.833961009979248,-6.272211074829102,-5.808954238891602
Wrong -5.117119789123535,-5.719695091247559,-6.608809947967529,-6.731978893280029
Wrong -5.683159351348877,-5.962433815002441,-6.759096145629883,-7.106578826904297
Wrong -4.556978702545166,-4.7403645515441895,-5.639265537261963,-5.652823448181152
Correct -4.806705474853516,-5.313024997711182,-6.165798664093018,-6.286699295043945
Wrong -5.515188694000244,-5.4805216789245605,-6.653840065002441,-6.579621315002441
Correct -5.513333797454834,-5.8660359382629395,-6.861794471740723,-6.856273174285889
Wrong -4.559745788574219,-4.586634159088135,-5.620733261108398,-5.629213809967041
Correct -5.413572788238525,-5.511205673217773,-6.632935047149658,-6.466684341430664
Wrong -5.035635948181152,-5.586977481842041,-6.688116073608398,-6.655573844909668
Correct -5.650301933288574,-5.846132755279541,-7.100917816162109,-6.600917816162109
Wrong -4.538154602050781,-5.083743095397949,-5.836977481842041,-5.937248706817627
Wrong -5.037270545959473,-5.240167140960693,-6.2260236740112305,-6.014484882354736
Wrong -5.438058376312256,-5.585305690765381,-6.442547798156738,-6.4414777755737305
Wrong -4.64736270904541,-5.1031341552734375,-6.027730941772461,-5.903507232666016
Wrong -4.687080383300781,-5.046098709106445,-5.814361572265625,-6.025323390960693
Wrong -5.398370742797852,-5.869226455688477,-6.717299938201904,-6.715130805969238
Wrong -6.0050048828125,-6.277141094207764,-7.352490425109863,-6.968695640563965
Wrong -5.354767799377441,-5.6687846183776855,-6.982041835784912,-6.941693305969238
Wrong -5.233261585235596,-5.558262825012207,-6.29991340637207,-6.250281810760498
Correct -5.1378278732299805,-5.398627281188965,-6.232511520385742,-6.1594929695129395
Correct -5.220848083496094,-5.40041446685791,-6.278399467468262,-6.418302059173584
Wrong -5.139921188354492,-5.402917861938477,-6.11720085144043,-6.227898597717285
Wrong -4.573424339294434,-4.965151309967041,-5.897437572479248,-6.005377292633057
Wrong -5.272736549377441,-5.817910194396973,-6.542845726013184,-6.538336277008057
Correct -4.632467746734619,-4.979618549346924,-5.980312824249268,-5.7399582862854
Wrong -5.026230335235596,-5.258767604827881,-6.23329496383667,-6.106106281280518
Wrong -5.5133771896362305,-5.875000476837158,-6.7462477684021,-7.141570091247559
Wrong -5.274274826049805,-5.5919880867004395,-6.576173782348633,-6.549962520599365
Wrong -5.257561206817627,-5.690644264221191,-6.6193318367004395,-6.582791328430176
Wrong -5.838364601135254,-5.913143634796143,-7.041547775268555,-7.022927284240723
Correct -5.307336807250977,-5.386362075805664,-6.5027546882629395,-6.572976112365723
Wrong -4.8587493896484375,-5.298476219177246,-6.508576393127441,-6.392536640167236
Wrong -5.548503398895264,-5.934262752532959,-7.033137798309326,-6.799554824829102
Wrong -4.78996467590332,-5.149947166442871,-5.815059661865234,-5.9057111740112305
Wrong -6.032040119171143,-6.379317760467529,-7.076338291168213,-6.699105262756348
Wrong -5.460666656494141,-5.804739952087402,-6.87111234664917,-6.840387344360352
Wrong -4.703618049621582,-5.161380290985107,-5.91022253036499,-5.915948390960693
Wrong -5.228209018707275,-5.363839626312256,-6.033186912536621,-6.181599140167236
Wrong -5.025661945343018,-5.430644989013672,-6.357041835784912,-6.13197135925293
Wrong -5.556238174438477,-5.879696369171143,-7.127042770385742,-6.696237564086914
Wrong -4.67251443862915,-5.271890163421631,-6.295392036437988,-6.200372219085693
Wrong -5.842270851135254,-5.990821838378906,-6.982919216156006,-6.827085494995117
Correct -4.994865417480469,-5.572279453277588,-6.633625507354736,-6.692850112915039
Wrong -5.1436285972595215,-5.151182651519775,-6.031291961669922,-6.213783264160156
Wrong -5.319378852844238,-5.481975078582764,-6.2742533683776855,-6.41718053817749
Correct -5.610377311706543,-5.712004661560059,-7.090910911560059,-6.490416049957275
Wrong -5.213559627532959,-5.45306921005249,-6.5984721183776855,-6.498594284057617
Wrong -5.309817790985107,-5.744899749755859,-6.515912055969238,-6.751333236694336
Wrong -5.024018287658691,-5.470083236694336,-6.512005805969238,-6.273984909057617
Wrong -5.647792816162109,-5.994836807250977,-7.060037612915039,-6.841329097747803
Wrong -5.0324859619140625,-5.413995742797852,-6.338617324829102,-6.474257469177246
Wrong -5.8917083740234375,-6.0430402755737305,-6.860188007354736,-7.041402816772461
Wrong -4.469071388244629,-5.101504325866699,-6.036693572998047,-6.089537620544434
Wrong -5.727851867675781,-5.624729156494141,-6.278288841247559,-6.3467631340026855
Wrong -5.771907806396484,-6.055081844329834,-7.122615337371826,-7.048344612121582
Wrong -5.921309947967529,-5.917049884796143,-6.676175594329834,-6.746082305908203
Wrong -5.290558815002441,-5.773957252502441,-6.857755184173584,-6.628817081451416
Wrong -4.894556045532227,-5.103150844573975,-5.825719356536865,-5.890854358673096
Wrong -5.894008159637451,-6.084676742553711,-7.079240798950195,-6.629453659057617
Correct -4.890839576721191,-5.239882469177246,-6.644094944000244,-6.305953025817871
Correct -5.787444591522217,-5.774579048156738,-7.079240798950195,-6.719695091247559
Correct -5.274227619171143,-5.494814872741699,-6.461481094360352,-6.481471061706543
Wrong -4.9581522941589355,-5.436044216156006,-6.286158561706543,-6.365800380706787
Correct -4.767308712005615,-5.161267280578613,-5.9050822257995605,-5.878933429718018
Wrong -5.011316299438477,-5.518805027008057,-6.861874103546143,-6.791774749755859
Correct -4.616622447967529,-4.919515609741211,-6.27741003036499,-6.28920316696167
Wrong -5.094414710998535,-5.667845726013184,-6.694181442260742,-6.734867572784424
Correct -5.342041969299316,-5.827162265777588,-6.5984721183776855,-6.632854461669922
Wrong -5.975930690765381,-5.837407112121582,-6.560713291168213,-6.7644734382629395
Correct -4.66496467590332,-5.057516098022461,-6.047304153442383,-6.152373313903809
Wrong -4.732064247131348,-5.058623313903809,-5.988710403442383,-6.2204084396362305
Correct -4.435748100280762,-4.916647911071777,-5.603418827056885,-5.642732620239258
Wrong -5.550884246826172,-5.600039005279541,-6.6588263511657715,-6.49623441696167
Correct -5.8219709396362305,-6.092803001403809,-6.904279708862305,-6.781797409057617
Wrong -5.410648822784424,-5.434707164764404,-6.833500862121582,-6.335406303405762
Correct -5.790563106536865,-6.10548734664917,-7.090307712554932,-6.853084087371826
Wrong -4.9581403732299805,-5.162715911865234,-6.357509136199951,-6.298586845397949
Correct -5.359596252441406,-5.545424938201904,-6.268237590789795,-6.647947788238525
Wrong -5.516664981842041,-5.672008991241455,-6.877346992492676,-6.532400608062744
Wrong -5.113125324249268,-5.551140785217285,-6.2724609375,-6.463103771209717
Correct -5.436821937561035,-5.834806442260742,-7.0822248458862305,-6.573636531829834
Wrong -5.085233688354492,-5.079278469085693,-5.9791765213012695,-6.0865864753723145
Correct -4.4963908195495605,-4.964785575866699,-5.654208183288574,-5.935144424438477
Correct -5.54693603515625,-5.9348859786987305,-6.854240417480469,-6.703699111938477
Wrong -5.381054401397705,-5.8243727684021,-6.56408166885376,-6.802717208862305
Correct -4.5251078605651855,-5.8219828605651855,-6.314596652984619,-5.992581844329834
Wrong -5.578225135803223,-5.726893424987793,-6.676939010620117,-6.705416202545166
Wrong -5.836270809173584,-6.290547847747803,-6.8544921875,-6.800059795379639
Correct -4.851504802703857,-5.195646286010742,-6.012000560760498,-6.305611610412598
Wrong -4.720864295959473,-4.970250606536865,-5.834074020385742,-6.086894989013672
Wrong -4.938108444213867,-5.5181074142456055,-6.264678001403809,-6.460049152374268
Wrong -5.617520809173584,-5.844900608062744,-6.8008341789245605,-6.615227699279785
Wrong -5.358671188354492,-5.768121719360352,-6.650725841522217,-6.018830299377441
Wrong -4.3256449699401855,-4.797799110412598,-5.7768049240112305,-5.80443000793457
Wrong -5.191338539123535,-5.132854461669922,-6.196072578430176,-6.42716121673584
Wrong -5.675136566162109,-5.862978935241699,-6.837433815002441,-7.105653285980225
Wrong -4.95448112487793,-5.169478416442871,-6.195374488830566,-6.229328632354736
Wrong -4.997550010681152,-5.4300994873046875,-6.539633750915527,-6.0610246658325195
Correct -5.521468162536621,-6.058279991149902,-6.967555999755859,-7.206879138946533
Wrong -5.055278778076172,-5.37658166885376,-6.549676418304443,-6.629453659057617
Correct -5.596462249755859,-5.661665916442871,-6.691067218780518,-6.644744873046875
Wrong -5.620243549346924,-5.753087520599365,-6.792006015777588,-6.8946852684021
Wrong -4.720904350280762,-5.124941825866699,-5.8063459396362305,-5.973181247711182
Wrong -4.369599342346191,-4.735297679901123,-5.511246204376221,-5.715997219085693
Wrong -5.172252178192139,-5.392110347747803,-6.653627395629883,-6.573713302612305
Wrong -5.810741901397705,-5.989422798156738,-7.019260406494141,-6.9903669357299805
Wrong -5.863513469696045,-6.002002239227295,-7.291581630706787,-6.974818706512451
Wrong -5.485884666442871,-5.846874713897705,-6.555612564086914,-6.716779708862305
Wrong -5.673642158508301,-6.011404991149902,-6.677277565002441,-6.982168197631836
Wrong -5.318265438079834,-5.193689823150635,-6.722888469696045,-6.253433704376221
Wrong -5.255949020385742,-5.786641597747803,-6.910340785980225,-6.711503028869629
Correct -5.695312976837158,-6.112750053405762,-6.913022994995117,-7.042581081390381
Wrong -4.467075824737549,-4.720603942871094,-5.721641540527344,-5.674973011016846
Wrong -6.165844917297363,-6.262192249298096,-7.169809341430664,-6.89785099029541
Wrong -5.356484889984131,-5.981969356536865,-7.116622447967529,-6.94338321685791
Correct -4.20695161819458,-4.793148994445801,-5.627374649047852,-5.5103373527526855
Wrong -4.799015522003174,-4.784848213195801,-5.883687496185303,-5.8230414390563965
Wrong -5.650349140167236,-6.201335906982422,-7.106512546539307,-7.0841169357299805
Correct -6.061315536499023,-5.842220306396484,-6.552563667297363,-6.737318515777588
Wrong -5.466007232666016,-5.598140239715576,-6.492994785308838,-6.021068572998047
Wrong -5.237507343292236,-5.366106033325195,-6.33116340637207,-6.46405553817749
Wrong -5.497682094573975,-6.012284278869629,-7.289370059967041,-7.123714447021484
Wrong -6.002374649047852,-5.860875606536865,-6.750100135803223,-6.586701393127441
Wrong -4.476149082183838,-4.810144424438477,-5.527853012084961,-5.710589408874512
Wrong -5.0508527755737305,-5.324799537658691,-6.209314823150635,-6.2815399169921875
Correct -4.413658618927002,-5.013556957244873,-5.655750274658203,-5.903393745422363
Wrong -5.356692790985107,-5.766097068786621,-6.491368770599365,-6.8321852684021
Wrong -5.433693885803223,-5.687112331390381,-6.906769752502441,-6.476823806762695
Correct -5.4087066650390625,-5.628783226013184,-7.004666328430176,-6.842011451721191
Wrong -4.893723011016846,-5.369049072265625,-6.325952529907227,-6.212671279907227
Wrong -5.646417140960693,-5.49525260925293,-6.8136210441589355,-6.474508762359619
Wrong -4.900984287261963,-5.666101455688477,-6.851189136505127,-6.5196027755737305
Wrong -5.129086494445801,-5.5792460441589355,-6.233613014221191,-6.256555080413818
Wrong -5.852606296539307,-5.683122634887695,-6.796457767486572,-6.846449375152588
Wrong -5.676571369171143,-5.757299423217773,-6.791761875152588,-6.714487075805664
Wrong -5.258965969085693,-5.20470666885376,-6.350268840789795,-6.262412071228027
Wrong -5.30067253112793,-5.383505821228027,-6.7584028244018555,-6.4578471183776855
Wrong -5.082589626312256,-5.616328716278076,-6.776484966278076,-6.784297466278076
Wrong -5.154475688934326,-5.419012546539307,-5.939003944396973,-6.381953716278076
Correct -5.322339057922363,-5.56421422958374,-6.6193318367004395,-6.2880859375
Wrong -5.49747896194458,-5.74941349029541,-6.730379581451416,-6.599922180175781
Wrong -5.633094310760498,-6.11610746383667,-7.308104038238525,-6.7091169357299805
Wrong -5.880875587463379,-5.897458076477051,-6.9279465675354,-6.692648887634277
Wrong -5.486492156982422,-5.392054557800293,-6.910208702087402,-6.679299831390381
Wrong -5.526601791381836,-5.864392280578613,-6.708138465881348,-6.423214912414551
Correct -5.4112653732299805,-5.623134136199951,-6.872395038604736,-6.331330299377441
Wrong -6.109735488891602,-6.226189136505127,-7.310097694396973,-6.878180027008057
Wrong -5.14857816696167,-5.385587692260742,-6.360871315002441,-6.420469284057617
Wrong -4.585029602050781,-5.034379959106445,-5.752040386199951,-5.9875030517578125
Correct -5.470705032348633,-5.784625053405762,-6.690989017486572,-6.763559341430664
Wrong -5.006528854370117,-5.332313060760498,-6.227046489715576,-6.347221851348877
Wrong -6.345792770385742,-6.281745433807373,-6.704477310180664,-7.005350112915039
Wrong -4.862577438354492,-5.369070529937744,-6.088099002838135,-6.238563060760498
Wrong -5.484251976013184,-5.619028091430664,-6.723840236663818,-6.753475666046143
Correct -5.609564781188965,-5.705127239227295,-7.066800594329834,-6.924962043762207
Correct -5.037805080413818,-5.372244358062744,-7.243572235107422,-6.787656784057617
Wrong -5.647090911865234,-6.0753397941589355,-6.980380535125732,-6.839025020599365
Correct -4.869040489196777,-5.374568462371826,-6.276778697967529,-6.106380939483643
Correct -5.621328830718994,-5.829367637634277,-6.9239182472229,-6.620617866516113
Correct -5.635152816772461,-6.082835674285889,-7.130908489227295,-7.234018325805664
Wrong -5.450202941894531,-5.504252910614014,-6.418516159057617,-6.418158531188965
Wrong -5.209253787994385,-5.57313871383667,-6.633757591247559,-6.442196369171143
Wrong -4.773379802703857,-5.179996967315674,-6.3074870109558105,-6.114095211029053
Wrong -5.637774467468262,-5.982168197631836,-7.058582305908203,-6.938884735107422
Correct -5.198359966278076,-5.602564811706543,-6.7618727684021,-6.514204025268555
Correct -5.505416393280029,-5.602713108062744,-6.9033308029174805,-6.695199012756348
Wrong -5.2368364334106445,-5.420071601867676,-6.696428298950195,-6.5567731857299805
Wrong -5.408597469329834,-5.707954406738281,-6.834414482116699,-6.713261604309082
Wrong -4.940122127532959,-5.290568828582764,-6.5966796875,-6.691610336303711
Wrong -5.3150763511657715,-5.248440742492676,-6.589691638946533,-6.567850112915039
Wrong -4.696959018707275,-5.293527126312256,-6.147914886474609,-6.16004753112793
Wrong -5.676418781280518,-5.806855201721191,-6.91173791885376,-6.746853828430176
Wrong -5.248030662536621,-5.501615047454834,-6.457332134246826,-6.540106296539307
Wrong -5.648105144500732,-5.785290241241455,-6.830991744995117,-6.916563034057617
Wrong -5.024472236633301,-5.251588344573975,-5.877732753753662,-6.405605316162109
Wrong -6.384700298309326,-6.411855697631836,-7.727128028869629,-7.050275802612305
Correct -5.4576802253723145,-5.490668773651123,-6.531250476837158,-6.43272590637207
Wrong -5.193127155303955,-5.500791549682617,-6.697762966156006,-6.327922344207764
Wrong -4.47550106048584,-4.919880390167236,-5.724390029907227,-5.971806049346924
Correct -5.336127281188965,-5.51735782623291,-6.726205825805664,-6.588057041168213
Wrong -5.07295560836792,-5.537444591522217,-6.7293009757995605,-6.664974689483643
Wrong -5.503471374511719,-5.645871162414551,-6.372981548309326,-6.575520038604736
