grade confidence_levels
Wrong 29.984375,30.84375,30.46875,30.484375
Correct 30.046875,30.140625,29.21875,28.46875
Wrong 31.34375,31.453125,31.15625,26.125
Wrong 28.109375,27.53125,28.453125,29.640625
Wrong 29.5,30.328125,29.59375,28.203125
Correct 28.625,27.859375,33.53125,28.0
Correct 32.28125,31.6875,29.453125,26.734375
Correct 33.28125,28.75,27.078125,24.71875
Correct 29.03125,30.140625,29.125,31.59375
Wrong 29.125,28.359375,27.40625,33.1875
Wrong 31.875,31.3125,28.859375,28.25
Correct 28.796875,30.140625,32.3125,30.0625
Correct 34.25,29.828125,27.234375,25.6875
Correct 29.03125,27.71875,33.25,26.984375
Correct 29.390625,27.78125,25.9375,33.40625
Wrong 29.421875,29.6875,34.125,26.046875
Correct 30.453125,28.59375,29.953125,30.703125
Wrong 30.59375,31.0625,32.65625,29.875
Correct 33.03125,30.6875,27.71875,26.734375
Correct 28.296875,33.9375,25.78125,24.078125
Correct 29.28125,27.375,27.359375,31.625
Wrong 31.078125,32.59375,29.609375,27.5
Wrong 30.078125,27.34375,25.703125,31.78125
Wrong 31.234375,29.015625,30.6875,29.453125
Correct 31.078125,30.359375,27.765625,31.859375
Wrong 30.5625,31.296875,29.96875,29.296875
Correct 31.046875,31.453125,29.3125,27.5
Wrong 32.0,31.828125,29.40625,27.359375
Correct 33.9375,30.6875,28.171875,26.8125
Correct 25.09375,24.703125,34.0625,27.046875
Correct 30.03125,30.125,26.515625,25.578125
Wrong 30.4375,31.296875,28.828125,28.6875
Wrong 29.796875,32.3125,26.75,26.828125
Correct 32.09375,29.4375,28.265625,28.46875
Wrong 29.125,31.640625,24.21875,27.1875
Correct 33.0,28.765625,28.953125,27.65625
Wrong 31.4375,31.171875,30.4375,30.78125
Correct 33.28125,25.46875,28.875,27.796875
Wrong 30.03125,29.671875,29.125,28.671875
Wrong 29.53125,31.125,30.765625,27.796875
Correct 29.65625,29.375,32.71875,29.75
Correct 27.375,32.03125,28.015625,27.625
Correct 32.4375,30.078125,28.375,29.03125
Wrong 30.953125,31.671875,29.96875,29.953125
Wrong 31.359375,30.609375,29.828125,30.609375
Wrong 28.96875,29.15625,32.1875,24.578125
Wrong 31.984375,32.75,30.5,26.796875
Correct 26.546875,26.375,27.1875,34.0625
Correct 29.234375,30.65625,27.8125,32.15625
Correct 27.796875,31.765625,31.78125,26.46875
Wrong 27.59375,29.3125,29.515625,30.390625
Correct 28.84375,30.8125,31.171875,28.671875
Correct 30.5,32.625,28.203125,25.3125
Wrong 27.453125,26.0,31.78125,32.125
Correct 23.671875,22.140625,24.0625,35.03125
Correct 27.3125,27.640625,27.578125,33.0
Wrong 29.015625,26.390625,31.90625,27.078125
Wrong 26.46875,30.578125,32.59375,27.96875
Wrong 30.890625,30.1875,29.546875,29.375
Correct 27.109375,25.890625,25.3125,34.5
Correct 25.796875,23.765625,23.703125,34.40625
Correct 24.890625,24.140625,33.40625,28.34375
Wrong 28.625,30.171875,30.9375,28.84375
Wrong 30.765625,30.6875,28.9375,27.453125
Correct 30.90625,29.828125,28.015625,28.0
Correct 32.125,29.84375,27.59375,27.421875
Wrong 28.46875,28.1875,28.984375,28.1875
Wrong 31.265625,30.515625,30.65625,30.171875
Correct 26.828125,26.921875,26.046875,33.4375
Correct 29.578125,33.75,28.046875,25.90625
Correct 30.984375,32.84375,28.5625,28.34375
Correct 28.921875,27.703125,32.0625,28.671875
Wrong 31.90625,30.640625,28.8125,29.65625
Wrong 29.0,29.15625,28.375,32.8125
Correct 25.921875,25.609375,26.421875,33.46875
Correct 29.21875,29.546875,28.59375,28.734375
Wrong 31.859375,31.59375,28.453125,26.9375
Correct 28.609375,29.3125,28.90625,31.9375
Correct 32.03125,32.84375,27.3125,25.34375
Correct 30.34375,34.15625,28.9375,25.046875
Correct 29.84375,31.484375,27.84375,28.59375
Wrong 28.328125,29.015625,26.78125,28.09375
Correct 29.421875,28.53125,33.9375,25.703125
Wrong 31.609375,31.328125,28.84375,28.65625
Wrong 29.96875,29.734375,28.953125,31.84375
Correct 29.09375,31.734375,29.203125,28.171875
Correct 24.484375,22.125,23.578125,34.0625
Wrong 28.71875,29.59375,28.515625,28.484375
Wrong 28.5625,32.0625,27.765625,27.359375
Correct 27.46875,27.46875,27.5,33.71875
Correct 32.875,29.53125,29.0,29.84375
Correct 30.0625,28.71875,29.09375,33.34375
Correct 33.46875,27.71875,26.078125,25.078125
Correct 29.734375,33.78125,28.46875,26.40625
Wrong 29.40625,29.046875,32.375,28.828125
Correct 27.0625,26.578125,26.53125,33.9375
Wrong 27.875,30.71875,26.53125,25.84375
Wrong 30.515625,30.625,29.34375,29.953125
Correct 32.875,28.25,26.359375,29.9375
Wrong 33.6875,30.921875,28.15625,26.765625
Correct 32.0625,29.71875,28.796875,29.84375
Wrong 31.671875,32.65625,29.703125,28.34375
Correct 30.0,29.265625,28.734375,31.5
Correct 29.4375,29.890625,27.890625,32.46875
Correct 28.5625,33.625,28.671875,26.328125
Correct 31.625,30.640625,29.8125,29.6875
Correct 26.84375,29.53125,25.1875,26.71875
Correct 28.859375,31.90625,28.65625,31.640625
Correct 29.5625,32.625,28.6875,26.125
Correct 28.921875,31.125,29.484375,25.171875
Correct 29.65625,28.484375,28.09375,31.984375
Wrong 30.171875,28.515625,28.546875,31.6875
Correct 30.765625,29.90625,30.75,27.90625
Correct 29.25,29.609375,28.28125,32.09375
Correct 29.71875,30.6875,30.8125,28.75
Correct 31.25,30.25,28.09375,27.734375
Correct 31.359375,30.421875,32.25,28.0
Wrong 28.46875,28.859375,28.140625,32.78125
Correct 29.890625,28.671875,28.046875,33.1875
Correct 30.109375,30.71875,32.5625,28.578125
Wrong 30.328125,30.53125,29.125,29.3125
Wrong 28.171875,29.96875,28.546875,30.359375
Correct 29.515625,26.921875,27.28125,33.46875
Wrong 30.875,29.828125,30.46875,31.8125
Correct 30.640625,30.6875,27.71875,26.78125
Correct 30.03125,31.65625,30.0,27.0625
Correct 30.21875,30.5625,28.140625,28.09375
Correct 24.765625,27.25,27.5625,24.578125
Wrong 30.5625,29.953125,28.671875,31.21875
Wrong 33.40625,24.21875,27.3125,24.53125
Wrong 31.140625,29.828125,30.78125,30.25
Wrong 28.3125,28.515625,27.046875,27.453125
Correct 31.859375,30.6875,29.15625,27.703125
Correct 31.953125,31.765625,29.828125,28.53125
Correct 28.109375,31.296875,30.6875,29.78125
Wrong 32.3125,31.40625,28.875,26.828125
Correct 34.4375,28.625,27.0,27.3125
Correct 30.921875,30.03125,30.625,28.59375
Correct 27.8125,32.875,27.390625,25.25
Correct 33.875,26.390625,28.59375,27.96875
Correct 30.53125,27.875,28.109375,33.4375
Correct 29.875,32.8125,29.75,26.96875
Wrong 28.890625,29.109375,27.46875,28.921875
Correct 28.5625,25.5625,25.0625,34.46875
Wrong 29.640625,29.84375,28.578125,29.8125
Correct 30.125,29.96875,28.953125,30.625
Correct 32.65625,31.375,29.203125,29.78125
Wrong 29.515625,30.96875,25.421875,27.640625
Wrong 31.4375,31.265625,28.671875,27.609375
Correct 27.109375,30.15625,32.0,27.578125
Correct 31.015625,31.609375,29.78125,28.75
Correct 30.6875,31.03125,29.71875,29.5
Wrong 31.484375,31.484375,31.25,30.03125
Wrong 30.796875,30.796875,29.1875,28.015625
Correct 26.1875,27.125,30.828125,31.015625
Wrong 30.8125,30.140625,28.0625,30.609375
Correct 33.46875,30.234375,26.984375,26.171875
Correct 30.390625,29.328125,28.609375,31.03125
Correct 32.4375,29.546875,28.328125,27.890625
Wrong 30.390625,31.21875,31.375,29.515625
Wrong 26.828125,26.46875,24.140625,25.546875
Wrong 29.5,30.0,32.09375,28.671875
Correct 26.234375,26.375,34.46875,28.375
Correct 28.59375,29.734375,29.3125,28.484375
Wrong 30.359375,25.46875,30.890625,24.71875
Correct 30.265625,30.546875,31.390625,31.46875
Correct 28.203125,34.53125,29.0625,24.609375
Correct 30.0625,27.796875,32.0625,27.328125
Correct 29.359375,27.96875,27.0,33.1875
Wrong 30.671875,30.78125,29.578125,28.421875
Correct 28.265625,33.9375,29.15625,24.78125
Wrong 30.359375,30.0625,29.3125,28.3125
Wrong 31.25,30.0625,30.109375,29.5
Correct 27.703125,34.03125,24.8125,22.4375
Correct 31.515625,30.09375,28.453125,29.078125
Wrong 31.34375,30.375,30.90625,28.75
Wrong 30.84375,30.03125,28.84375,28.421875
Correct 31.515625,32.125,28.15625,28.078125
Wrong 27.28125,27.46875,25.921875,27.03125
Wrong 29.578125,29.796875,28.046875,28.265625
Correct 29.546875,26.609375,24.984375,34.09375
Wrong 31.21875,30.84375,30.515625,28.953125
Wrong 32.40625,29.1875,28.875,28.796875
Correct 32.625,31.0,28.515625,29.265625
Wrong 30.5625,30.796875,30.796875,27.421875
Correct 23.078125,27.5625,29.015625,29.578125
Wrong 31.53125,31.203125,27.78125,29.125
Wrong 32.78125,32.1875,27.921875,27.0
Correct 29.4375,27.890625,26.28125,33.65625
Correct 28.09375,30.046875,29.96875,26.546875
Correct 32.53125,28.453125,28.640625,29.546875
Correct 26.625,33.15625,27.0625,23.1875
Correct 33.46875,28.3125,27.625,27.40625
Correct 28.09375,28.359375,30.546875,28.4375
Correct 33.21875,30.25,25.4375,26.21875
Correct 29.8125,33.8125,27.421875,25.25
Correct 28.84375,27.53125,27.546875,34.0
Correct 28.0,28.5625,27.296875,27.8125
Correct 32.1875,29.484375,27.921875,28.296875
Correct 30.515625,29.078125,31.84375,29.5
Correct 29.171875,30.5,29.203125,28.375
Correct 29.03125,26.40625,27.03125,34.625
Wrong 31.828125,31.515625,29.03125,27.921875
Correct 33.71875,28.296875,28.171875,28.109375
Wrong 30.078125,30.171875,28.59375,26.75
Correct 34.125,28.84375,26.234375,24.8125
Correct 26.578125,30.375,29.765625,24.859375
Wrong 30.671875,32.28125,31.15625,28.15625
Correct 26.8125,26.484375,25.75,33.375
Wrong 31.140625,31.765625,29.5625,28.328125
Wrong 27.671875,33.09375,24.9375,22.609375
Correct 31.90625,32.84375,27.984375,26.8125
Correct 27.96875,34.03125,27.921875,27.703125
Correct 29.109375,28.328125,30.390625,28.609375
Correct 27.921875,28.8125,33.3125,24.90625
Correct 28.03125,28.890625,27.40625,28.484375
Wrong 31.375,29.546875,27.59375,29.078125
Wrong 30.203125,30.921875,29.703125,30.921875
Correct 24.765625,23.265625,21.703125,35.28125
Wrong 26.875,34.46875,24.640625,23.65625
Correct 27.296875,25.921875,25.96875,35.1875
Correct 27.578125,28.296875,29.453125,29.0
Correct 33.875,28.015625,26.40625,27.921875
Wrong 30.046875,29.359375,31.625,27.515625
Correct 34.75,27.890625,25.359375,24.484375
Wrong 29.234375,30.640625,32.15625,27.75
Wrong 28.6875,27.34375,30.796875,25.359375
Correct 28.6875,30.65625,27.90625,28.078125
Wrong 31.34375,30.125,28.65625,28.09375
Wrong 31.359375,29.453125,27.671875,29.734375
Correct 29.578125,30.0,28.03125,30.78125
Correct 30.203125,31.515625,30.125,29.734375
Correct 29.34375,29.34375,29.9375,32.40625
Wrong 28.515625,28.84375,27.875,26.921875
Wrong 30.921875,29.984375,30.953125,28.046875
Correct 29.5625,30.5625,30.578125,29.921875
Wrong 30.328125,28.765625,31.734375,27.390625
Correct 27.0625,34.21875,23.453125,21.8125
Wrong 31.75,31.515625,28.328125,29.0625
Correct 29.265625,29.0625,32.125,28.359375
Correct 29.734375,29.375,27.90625,31.796875
Correct 30.640625,30.546875,31.46875,28.5625
Correct 29.484375,29.09375,27.65625,33.40625
Wrong 24.515625,30.671875,28.1875,27.484375
Correct 32.28125,31.203125,28.40625,28.15625
Correct 28.5625,29.125,30.1875,29.875
Wrong 29.515625,29.953125,28.3125,28.09375
Wrong 27.203125,26.390625,33.90625,25.671875
Correct 29.59375,27.671875,24.984375,27.640625
Correct 34.40625,27.78125,24.78125,23.890625
Correct 32.78125,30.578125,28.0,28.375
Wrong 29.265625,31.140625,27.71875,29.484375
Correct 29.203125,29.390625,28.640625,33.09375
Correct 33.09375,29.765625,28.296875,28.4375
Correct 31.65625,30.328125,28.359375,26.96875
Correct 30.65625,30.734375,29.375,28.8125
Correct 31.234375,30.203125,29.453125,28.046875
Correct 28.34375,30.046875,30.46875,28.46875
Correct 31.625,30.640625,28.53125,27.546875
Correct 33.46875,29.703125,28.046875,28.921875
Correct 30.0,28.84375,32.625,25.671875
Correct 29.53125,29.203125,30.5625,29.171875
Correct 30.109375,27.796875,33.34375,26.96875
Correct 26.5625,34.59375,27.28125,24.1875
Correct 28.734375,27.078125,28.046875,33.53125
Correct 33.8125,29.921875,28.1875,27.171875
Correct 33.0625,30.359375,28.75,28.28125
Correct 32.0,29.953125,29.390625,27.96875
Correct 26.78125,26.625,33.1875,27.03125
Correct 27.953125,33.6875,24.78125,24.890625
Wrong 22.9375,33.8125,21.0,17.296875
Correct 30.65625,29.6875,31.421875,29.03125
Wrong 31.3125,32.40625,30.0,29.78125
Wrong 30.015625,28.875,32.15625,27.28125
Correct 27.140625,33.8125,27.140625,25.171875
Correct 29.34375,33.71875,27.859375,23.0
Wrong 29.5625,32.59375,29.59375,32.09375
Correct 29.265625,30.90625,30.34375,29.140625
Correct 27.28125,27.703125,34.46875,27.71875
Correct 31.375,28.984375,28.109375,28.046875
Wrong 28.890625,27.5,29.65625,28.765625
Wrong 28.625,28.890625,29.078125,31.984375
Correct 28.203125,28.15625,27.6875,32.59375
Correct 29.03125,27.5625,29.5625,31.46875
Correct 28.734375,28.640625,27.078125,33.53125
Correct 29.6875,30.046875,30.75,29.640625
Correct 28.546875,34.65625,26.109375,24.34375
Correct 31.90625,30.03125,25.90625,28.25
Wrong 30.3125,30.203125,29.140625,30.8125
Correct 32.5625,30.578125,27.453125,31.015625
Wrong 31.59375,31.25,29.828125,27.078125
Correct 29.3125,27.453125,28.3125,33.0
Wrong 26.3125,32.4375,31.84375,28.734375
Correct 34.34375,29.078125,26.15625,25.328125
Correct 30.203125,32.84375,28.5,25.453125
Wrong 31.109375,30.296875,28.640625,29.21875
Wrong 30.703125,29.1875,28.21875,32.3125
Correct 32.34375,30.625,28.484375,28.5
Correct 31.609375,30.125,29.609375,29.8125
Wrong 29.828125,31.3125,30.078125,30.609375
Correct 29.03125,29.828125,28.109375,31.390625
Correct 29.578125,33.59375,27.125,25.4375
Wrong 27.71875,31.5,29.484375,30.5
Wrong 28.96875,34.09375,24.90625,24.375
Correct 27.484375,26.09375,33.375,26.859375
Correct 29.453125,29.21875,27.96875,29.40625
Wrong 29.859375,31.171875,31.96875,29.6875
Correct 26.78125,31.734375,27.140625,25.984375
Correct 28.78125,32.78125,29.359375,26.359375
Wrong 33.625,29.078125,29.109375,26.78125
Correct 30.796875,32.625,29.625,27.828125
Correct 31.140625,28.78125,33.1875,27.890625
Wrong 28.984375,30.5625,29.75,31.625
Wrong 29.15625,29.546875,33.09375,27.515625
Wrong 30.828125,30.359375,27.765625,27.546875
Correct 30.4375,30.265625,27.46875,27.40625
Correct 25.234375,32.5625,25.59375,24.421875
Correct 30.859375,32.1875,29.453125,28.09375
Correct 31.78125,29.75,29.25,28.640625
Wrong 30.421875,28.71875,29.15625,28.703125
Wrong 27.65625,30.75,29.078125,23.671875
Correct 31.1875,31.59375,29.03125,29.4375
Correct 28.671875,29.921875,29.359375,24.671875
Correct 29.859375,29.203125,32.875,29.921875
Wrong 28.84375,30.265625,26.25,27.765625
Correct 29.0,28.34375,28.578125,31.875
Correct 28.765625,28.25,32.8125,26.71875
Correct 33.34375,26.890625,26.765625,26.1875
Wrong 29.84375,30.84375,30.84375,31.484375
Correct 30.3125,30.65625,29.234375,31.1875
Wrong 33.28125,30.328125,25.515625,25.65625
Correct 30.078125,31.65625,29.21875,27.015625
Correct 29.453125,28.3125,31.875,29.171875
Correct 28.65625,26.90625,25.953125,30.515625
Correct 29.546875,27.984375,32.46875,28.71875
Correct 32.34375,32.96875,27.71875,24.375
Wrong 28.015625,29.796875,28.640625,28.515625
Wrong 31.890625,30.671875,29.328125,28.578125
Correct 30.765625,31.203125,28.71875,31.28125
Correct 32.84375,31.3125,29.546875,28.3125
Wrong 30.453125,32.34375,29.0,29.21875
Wrong 31.03125,30.46875,30.515625,29.78125
Correct 29.890625,32.59375,26.796875,25.71875
Wrong 29.265625,29.265625,26.484375,32.1875
Wrong 26.734375,27.46875,26.5,25.96875
Wrong 30.734375,31.6875,28.4375,29.109375
Wrong 29.625,30.34375,29.796875,30.125
Correct 31.9375,31.21875,27.828125,29.59375
Correct 31.546875,29.6875,29.671875,28.734375
Correct 31.3125,29.75,29.109375,31.6875
Wrong 28.765625,29.265625,28.875,28.1875
Correct 34.28125,28.40625,26.1875,24.453125
Wrong 29.515625,33.125,28.390625,24.828125
Wrong 30.234375,29.46875,28.25,29.59375
Correct 25.796875,23.0,24.0,34.5625
Wrong 30.5,31.65625,30.734375,29.875
Wrong 29.53125,30.296875,30.984375,29.390625
Correct 29.09375,26.453125,27.40625,33.125
Correct 28.765625,30.453125,27.28125,32.875
Correct 29.65625,28.328125,31.375,28.578125
Correct 29.421875,29.75,32.53125,28.03125
Wrong 34.21875,28.421875,28.9375,26.34375
Wrong 29.125,33.09375,30.28125,25.265625
Correct 29.34375,30.984375,27.34375,30.78125
Correct 29.578125,28.359375,33.25,28.453125
Correct 28.703125,29.875,31.546875,28.796875
Wrong 29.5625,29.234375,29.109375,31.875
Correct 30.46875,32.03125,30.28125,28.046875
Correct 28.9375,33.3125,30.28125,27.5
Correct 30.765625,31.796875,30.890625,25.203125
Correct 30.515625,27.3125,29.640625,26.78125
Correct 33.34375,29.84375,29.75,27.78125
Correct 27.125,27.1875,27.703125,31.953125
Correct 30.234375,28.984375,31.625,27.046875
Correct 26.234375,31.3125,22.703125,23.609375
Correct 30.03125,28.0625,28.34375,32.46875
Correct 29.828125,27.109375,28.375,29.40625
Wrong 29.96875,30.34375,31.171875,27.125
Wrong 28.265625,28.40625,26.359375,26.828125
Correct 31.375,30.1875,29.40625,29.1875
Correct 30.28125,28.46875,29.59375,32.84375
Correct 26.6875,34.96875,27.125,24.765625
Wrong 31.03125,27.6875,30.453125,24.328125
Correct 29.515625,30.828125,29.125,27.65625
Correct 27.5,30.015625,24.96875,26.5625
Correct 28.640625,29.578125,30.828125,29.640625
Correct 29.296875,30.671875,32.65625,29.15625
Correct 31.3125,30.65625,26.421875,27.234375
Wrong 29.265625,29.03125,26.84375,30.546875
Correct 32.21875,29.171875,28.390625,28.21875
Wrong 29.203125,30.375,29.234375,29.703125
Correct 25.0625,34.90625,25.375,23.890625
Wrong 31.0625,31.046875,27.796875,27.21875
Correct 28.34375,30.625,27.6875,29.0
Wrong 28.71875,31.046875,28.0,30.609375
Correct 29.71875,33.125,27.578125,26.03125
Wrong 31.328125,29.890625,28.484375,31.25
Correct 30.90625,32.59375,28.296875,24.46875
Wrong 29.0,29.921875,29.21875,31.75
Correct 28.90625,30.0,29.703125,24.625
Wrong 27.625,29.40625,28.734375,27.109375
Correct 31.578125,30.46875,29.90625,28.796875
Correct 28.15625,29.859375,28.5625,30.265625
Wrong 30.359375,30.171875,31.96875,27.375
Correct 28.296875,28.421875,33.21875,27.625
Wrong 30.25,29.84375,29.734375,29.0625
Correct 33.5,29.875,28.703125,25.375
Correct 30.984375,32.3125,29.421875,30.109375
Wrong 30.09375,29.171875,29.75,30.484375
Wrong 28.78125,29.453125,27.203125,31.765625
Correct 29.5625,29.609375,29.359375,32.1875
Wrong 31.40625,31.359375,29.015625,29.796875
Correct 33.5625,28.046875,27.09375,28.984375
Correct 26.234375,25.796875,34.71875,26.9375
Wrong 29.25,32.3125,30.28125,27.25
Wrong 30.796875,30.21875,28.140625,29.078125
Correct 32.6875,29.640625,28.1875,27.53125
Correct 30.25,29.484375,30.84375,27.875
Wrong 29.15625,30.46875,28.5625,30.109375
Correct 28.75,27.21875,27.484375,33.78125
Correct 30.71875,30.0625,28.34375,26.40625
Correct 25.890625,33.78125,28.609375,25.703125
Wrong 29.796875,29.25,32.5625,27.34375
Wrong 29.859375,29.984375,29.96875,27.90625
Wrong 32.84375,28.421875,29.859375,30.359375
Wrong 29.15625,30.109375,29.25,28.359375
Correct 30.078125,28.796875,32.53125,27.625
Correct 30.25,30.8125,29.46875,28.734375
Correct 30.234375,29.796875,27.890625,31.421875
Correct 28.375,29.578125,31.421875,30.796875
Correct 28.859375,28.984375,33.375,29.203125
Wrong 28.1875,26.828125,29.71875,31.015625
Correct 28.40625,24.515625,25.8125,34.25
Correct 29.875,29.140625,27.921875,28.9375
Wrong 31.90625,31.515625,28.984375,27.671875
Correct 30.546875,30.640625,30.40625,28.4375
Correct 28.15625,29.40625,28.921875,29.578125
Correct 29.078125,29.078125,28.125,30.921875
Correct 33.53125,29.0,27.765625,27.90625
Correct 28.296875,29.40625,30.71875,27.046875
Wrong 31.109375,26.546875,28.46875,25.796875
Correct 27.6875,27.5,25.984375,33.84375
Correct 29.765625,32.65625,30.296875,27.53125
Wrong 29.796875,31.421875,27.046875,26.046875
Correct 29.5,32.125,28.4375,26.515625
Correct 28.8125,29.640625,28.828125,31.671875
Correct 28.5,31.15625,28.234375,28.34375
Correct 29.484375,28.546875,27.359375,32.28125
Wrong 30.8125,27.84375,31.46875,26.265625
Correct 24.4375,25.859375,25.125,27.796875
Wrong 30.203125,31.015625,30.90625,27.546875
Correct 28.046875,33.0625,28.0625,25.828125
Wrong 27.09375,33.34375,27.109375,24.09375
Wrong 28.203125,32.4375,26.875,31.796875
Correct 30.53125,32.09375,30.0625,27.46875
Correct 32.59375,29.796875,28.859375,27.125
Wrong 29.140625,30.453125,28.25,29.0625
Correct 30.125,30.234375,29.40625,31.15625
Wrong 28.0,31.078125,30.296875,28.03125
Correct 29.265625,28.15625,27.65625,32.65625
Wrong 28.078125,29.53125,27.78125,32.09375
Correct 33.53125,29.0625,27.125,26.1875
Wrong 28.296875,28.390625,27.109375,29.1875
Correct 29.921875,30.5625,28.9375,29.3125
Correct 32.96875,30.390625,28.234375,28.78125
Correct 30.1875,29.734375,28.515625,28.671875
Correct 27.46875,30.3125,26.734375,30.96875
Correct 32.90625,30.21875,30.15625,28.8125
Correct 30.109375,28.53125,27.203125,30.484375
Correct 29.390625,27.640625,27.578125,33.5625
Wrong 30.859375,30.359375,30.46875,29.265625
Correct 32.8125,29.6875,26.796875,26.78125
Wrong 30.171875,28.5625,28.375,32.09375
Wrong 28.46875,30.125,28.90625,30.828125
Wrong 29.65625,30.84375,29.53125,26.109375
Correct 28.546875,32.8125,23.703125,22.796875
Wrong 31.515625,30.1875,29.375,27.765625
Wrong 30.265625,30.8125,29.21875,28.453125
Correct 29.34375,30.484375,28.71875,31.484375
Correct 29.90625,30.078125,28.4375,30.734375
Wrong 29.75,29.46875,30.046875,29.15625
Wrong 30.671875,30.296875,31.046875,30.25
Correct 27.921875,33.90625,26.265625,24.5
Wrong 31.703125,29.703125,28.46875,28.328125
Wrong 29.34375,29.609375,27.375,27.390625
Wrong 33.25,28.890625,28.890625,28.109375
Correct 24.84375,34.28125,25.125,22.203125
Correct 33.34375,29.40625,27.96875,27.703125
Correct 28.1875,28.328125,32.1875,28.3125
Correct 31.21875,31.921875,31.125,29.21875
Correct 32.34375,29.546875,28.3125,27.96875
Correct 28.578125,27.03125,25.875,25.734375
Correct 33.1875,26.171875,26.375,24.109375
Correct 31.21875,30.3125,26.6875,26.25
Wrong 31.734375,30.09375,27.484375,28.59375
Correct 23.1875,20.359375,21.28125,34.875
Wrong 33.09375,27.71875,29.265625,26.671875
Wrong 28.671875,29.671875,29.78125,27.171875
Correct 31.28125,30.234375,27.96875,27.390625
Correct 34.8125,27.59375,26.859375,26.375
