grade confidence_levels
Wrong 0.15903790295124054,0.012456663884222507,0.004916377831250429,0.004140022676438093
Wrong 0.03631322458386421,0.03154948726296425,0.0007477942854166031,0.03358420357108116
Wrong 0.10945899784564972,0.12598609924316406,0.009945429861545563,0.005119458306580782
Wrong 0.01804100163280964,0.26100024580955505,0.37386590242385864,0.02750919759273529
Correct 0.0366489477455616,0.10771680623292923,0.014807474799454212,0.0012442964361980557
Correct 0.022110406309366226,0.0189119353890419,0.03371432051062584,0.00016881503688637167
Wrong 0.2433510571718216,0.03911001980304718,0.005503840744495392,0.007291373796761036
Wrong 0.042517803609371185,0.19659988582134247,0.041209667921066284,0.022758007049560547
Correct 0.1646159291267395,0.008724302053451538,0.002137991366907954,0.001446644775569439
Wrong 0.08453945070505142,0.047422174364328384,0.0015007596230134368,0.007386976853013039
Correct 0.00347814429551363,0.0025847083888947964,0.4180346429347992,0.0003994876751676202
Wrong 0.08717087656259537,0.09425410628318787,0.26434242725372314,0.028300181031227112
Wrong 0.13580860197544098,0.0420713871717453,0.002195148030295968,0.004647125490009785
Wrong 0.001966873649507761,0.015961581841111183,0.7690770030021667,0.0005813998868688941
Correct 0.00026885472470894456,0.81406170129776,3.5821405617753044e-05,3.6385485145729035e-05
Correct 0.06923333555459976,0.054767802357673645,0.0013083096127957106,0.010954312048852444
Correct 0.01010450441390276,0.002963640261441469,0.4432927370071411,0.0014108960749581456
Wrong 0.04432178661227226,0.08280368149280548,0.0033125770278275013,0.0015893889358267188
Correct 0.42114725708961487,0.14328813552856445,0.0059142084792256355,0.009904429316520691
Correct 0.026589881628751755,0.24072407186031342,0.004273373167961836,0.0010150154121220112
Wrong 0.042568571865558624,0.00787437055259943,0.0010824695928022265,0.012196260504424572
Correct 0.02972731553018093,0.3097640573978424,0.0005487462622113526,0.0025975368916988373
Wrong 0.10535731166601181,0.07128822803497314,0.0019296929240226746,0.015659961849451065
Wrong 0.04325460270047188,0.004891116172075272,0.0005277445307001472,0.009803485125303268
Correct 0.013554001227021217,0.004757897928357124,0.3335549235343933,0.0072549073956906796
Correct 0.029361756518483162,0.02845834195613861,0.0251145102083683,0.006654647178947926
Correct 0.21064764261245728,0.02053353562951088,0.008361407555639744,0.0008278939640149474
Correct 0.11515282839536667,0.39569091796875,0.0037015844136476517,0.0016947052208706737
Correct 0.08841709047555923,0.20881305634975433,0.06570598483085632,0.19616153836250305
Wrong 0.30030557513237,0.0467786006629467,0.020436083897948265,0.034762900322675705
Wrong 0.05513397976756096,0.002619264181703329,0.00036573229590430856,0.0021211423445492983
Wrong 0.1347445398569107,0.3334957957267761,0.10493907332420349,0.15753209590911865
Correct 0.0016942130168899894,0.0004816219152417034,0.7990864515304565,0.00023108463210519403
Wrong 0.019413907080888748,0.10332328081130981,0.46306338906288147,0.06882809102535248
Correct 0.0641094446182251,0.013864578679203987,0.0021937007550150156,0.0014727871166542172
Correct 0.03870353475213051,0.04742055758833885,0.5512465238571167,0.0015243295347318053
Correct 0.11227122694253922,0.458135724067688,0.006637878715991974,0.004026071168482304
Wrong 0.049357589334249496,0.03725684806704521,0.00267788372002542,0.0031307570170611143
Correct 0.0021234203595668077,0.6316531300544739,0.009591126814484596,0.001459399121813476
Correct 0.13672924041748047,0.549289345741272,0.0006481976597569883,0.0006381469429470599
Wrong 0.0202438086271286,0.054175276309251785,0.3021651804447174,0.039020836353302
Wrong 0.10680487751960754,0.040538489818573,0.04665956273674965,0.0009533740230835974
Wrong 0.11273369938135147,0.042125292122364044,0.10426170378923416,0.006876775529235601
Correct 0.018777666613459587,0.004747736733406782,0.377159982919693,0.00378521834500134
Wrong 0.08543293923139572,0.051817767322063446,0.016052370890975,0.02335602231323719
Wrong 0.10630017518997192,0.19551603496074677,0.008326075039803982,0.24332337081432343
Correct 0.16598005592823029,0.0888424664735794,0.008072247728705406,0.020135650411248207
Correct 0.08302588015794754,0.12463594973087311,0.0018486676272004843,0.0036479157861322165
Wrong 0.022171109914779663,0.01673564873635769,0.30131784081459045,0.03830811008810997
Wrong 0.11358194798231125,0.09564535319805145,0.0010962564265355468,0.0009450322831980884
Wrong 0.1551821380853653,0.037439361214637756,0.0047972435131669044,0.0021792370826005936
Wrong 0.24452239274978638,0.054560206830501556,0.002018661703914404,0.0020990753546357155
Correct 0.004999162163585424,0.01744874007999897,0.6650711894035339,0.005664760246872902
Wrong 0.3401656150817871,0.17104612290859222,0.047497838735580444,0.09899373352527618
Correct 0.0015714067267253995,0.012263848446309566,0.39982685446739197,0.0015591694973409176
Wrong 0.19933751225471497,0.34442347288131714,0.00041284377221018076,0.0005018903175368905
Correct 0.06908508390188217,0.03756090998649597,0.26900067925453186,0.01541493833065033
Correct 0.0550214946269989,0.17485731840133667,0.011354328133165836,0.0018391191260889173
Wrong 0.20800240337848663,0.022619176656007767,0.0013373380061239004,0.012107206508517265
Correct 0.24387189745903015,0.17565439641475677,0.02610871195793152,0.04654374346137047
Wrong 0.03443066403269768,0.03901505842804909,0.10279099643230438,0.04931950569152832
Wrong 0.012937738560140133,0.29909563064575195,0.07329698652029037,0.01273703295737505
Wrong 0.039588864892721176,0.02763744816184044,0.18886789679527283,0.02152402698993683
Wrong 0.04190099984407425,0.05464928224682808,0.2487778514623642,0.0659194216132164
Wrong 0.1461559534072876,0.13729983568191528,0.017185209318995476,0.0033839561510831118
Correct 0.0825219675898552,0.027641355991363525,0.005073367618024349,0.005885192193090916
Correct 0.17412814497947693,0.10236441344022751,0.0064425054006278515,0.003448417177423835
Wrong 0.02951766923069954,0.04791158810257912,0.0471690334379673,0.0022408573422580957
Correct 0.029082035645842552,0.0367630198597908,0.2435019165277481,0.0014033615589141846
Wrong 0.024127110838890076,0.005554341245442629,0.4210349917411804,0.0019650482572615147
Wrong 0.02774268388748169,0.025259777903556824,0.05692463368177414,0.002580482279881835
Wrong 0.06989145278930664,0.01608983986079693,0.003973925020545721,0.02823876403272152
Wrong 0.1373734325170517,0.2775012254714966,0.008645839057862759,0.01381597574800253
Correct 0.35805007815361023,0.0068726311437785625,0.00035579930408857763,0.00014831936277914792
Wrong 0.05181241035461426,0.041632287204265594,0.024859867990016937,0.06152871251106262
Wrong 0.03728022426366806,0.013292607851326466,0.0016379797598347068,0.0008497692761011422
Wrong 0.048781897872686386,0.33861324191093445,0.048025574535131454,0.01766759529709816
Wrong 0.07330728322267532,0.02654995024204254,0.008354347199201584,0.001521444646641612
Wrong 0.14081135392189026,0.06651431322097778,0.017902130261063576,0.0019774259999394417
Wrong 0.1329546570777893,0.11372200399637222,0.045235540717840195,0.2333420068025589
Wrong 0.21038752794265747,0.08500401675701141,0.0016189313028007746,0.0008801952935755253
Wrong 0.08106934279203415,0.030293390154838562,0.17432668805122375,0.03275493532419205
Wrong 0.13346199691295624,0.20034945011138916,0.0027057502884417772,0.00355663918890059
Wrong 0.21263739466667175,0.01829199679195881,0.1484450250864029,0.010586591437458992
Wrong 0.12464547157287598,0.07560095936059952,0.0009369239560328424,0.0022651823237538338
Wrong 0.01849268563091755,0.0184926874935627,0.06979062408208847,0.3277893662452698
Wrong 0.049798693507909775,0.31969353556632996,0.1332681030035019,0.022799449041485786
Wrong 0.06827975809574127,0.04766608774662018,0.11797688901424408,0.00543226208537817
Wrong 0.03590784966945648,0.07843006402254105,0.52766352891922,0.013004965148866177
Correct 0.04101528227329254,0.05519186332821846,0.0029250739607959986,0.0046378630213439465
Correct 0.029449449852108955,0.17760220170021057,0.0366504043340683,0.004176802933216095
Wrong 0.027559736743569374,0.024704381823539734,0.6079581379890442,0.0932331532239914
Correct 0.0007038830081000924,0.0003651679144240916,0.8026524782180786,0.00013329219655133784
Correct 9.588634566171095e-05,0.908372700214386,0.00017362718062940985,0.00063510105246678
Wrong 0.022990122437477112,0.02998475730419159,0.4839302897453308,0.1808309555053711
Wrong 0.015741853043437004,0.019287316128611565,0.23496727645397186,0.12000922858715057
Wrong 0.5519501566886902,0.08076818287372589,0.018886709585785866,0.11936751753091812
Wrong 0.00022264347353484482,3.5227665648562834e-05,8.000888919923455e-05,0.00010114092583535239
Correct 0.02684851922094822,0.005497369449585676,0.055089592933654785,0.0017987400060519576
Wrong 0.011178867891430855,0.0187210775911808,0.6103468537330627,0.04855864495038986
Wrong 0.05179484188556671,0.0509914793074131,0.18652012944221497,0.014839484356343746
Correct 0.011962410993874073,0.0034812423400580883,0.038615550845861435,0.00039058850961737335
Wrong 0.03978439047932625,0.011577894911170006,0.0269195307046175,0.0008789497660472989
Correct 0.09979051351547241,0.010194255039095879,0.002597726648673415,0.05685890465974808
Wrong 0.09526742249727249,0.051795944571495056,0.0040254052728414536,0.17798316478729248
Correct 0.00448200898244977,0.18909527361392975,0.0009768971940502524,0.0028267493471503258
Correct 0.14921002089977264,0.3870212435722351,0.03953675180673599,0.042086560279130936
Wrong 0.09931163489818573,0.029356401413679123,0.001147204078733921,0.003911370411515236
Wrong 0.1273341178894043,0.08751524239778519,0.07032046467065811,0.14205123484134674
Wrong 0.006217316258698702,0.0035983086563646793,0.12783920764923096,0.5819556713104248
Wrong 0.02724248543381691,0.3532843589782715,0.0008035960490815341,0.0016618010122328997
Correct 0.020957928150892258,0.15977497398853302,0.15245838463306427,0.021623151376843452
Wrong 0.2908642888069153,0.29086384177207947,0.024633506312966347,0.0018410871271044016
Wrong 0.10974463820457458,0.01439531147480011,0.010866194032132626,0.00043131891288794577
Correct 0.0010393927805125713,0.8404554724693298,0.00030485205934382975,0.0005922252894379199
Correct 0.21627435088157654,0.04825732484459877,0.004853376187384129,0.005993124097585678
Wrong 0.12645407021045685,0.008471873588860035,0.0026867135893553495,0.03050845116376877
Wrong 0.1046145036816597,0.19852305948734283,0.001446332666091621,0.002681076293811202
Wrong 0.08776082843542099,0.19777144491672516,0.04552964121103287,0.03490879386663437
Wrong 0.004019568208605051,0.494562029838562,0.002828111406415701,0.000314835604513064
Correct 0.08866143226623535,0.1876961886882782,0.002594976220279932,0.007450353819876909
Correct 0.029820961877703667,0.04012859985232353,0.02396182157099247,0.15625034272670746
Correct 0.18883346021175385,0.0243854783475399,0.0011141084833070636,0.0004295280377846211
Correct 0.043352533131837845,0.3104761838912964,0.015701191499829292,0.006752984132617712
Wrong 0.03257683292031288,0.040542520582675934,0.10515933483839035,0.02136436477303505
Correct 0.016079239547252655,0.018220018595457077,0.10162314027547836,0.006008316297084093
Wrong 0.10872852802276611,0.03641938418149948,0.04824803024530411,0.01027255691587925
Wrong 0.06358122825622559,0.045795563608407974,0.010542767122387886,0.016586095094680786
Correct 0.005064686760306358,0.0014064116403460503,0.7061254978179932,0.0036479460541158915
Wrong 0.19242063164710999,0.055129341781139374,0.000843662885017693,0.0021712593734264374
Correct 0.004619293846189976,0.007857688702642918,0.14596496522426605,0.21572159230709076
Correct 0.039745401591062546,0.10149246454238892,0.01036814134567976,0.04574642330408096
Wrong 0.15821796655654907,0.013399585150182247,0.19385264813899994,0.08468789607286453
Wrong 0.11394160240888596,0.26909366250038147,0.0025972090661525726,0.001771140843629837
Correct 0.042941734194755554,0.31237757205963135,0.002088412642478943,0.02408813312649727
Wrong 0.18729764223098755,0.2089449167251587,0.01254817470908165,0.0043365200981497765
Wrong 0.39850863814353943,0.1824508011341095,0.01778498850762844,0.00922672264277935
Correct 0.09542939066886902,0.025684384629130363,0.03737059235572815,0.003422121750190854
Wrong 0.056494392454624176,0.005771229043602943,0.00027204243815504014,0.011124426499009132
Wrong 0.017268840223550797,0.01500325370579958,0.018382461741566658,0.01622244156897068
Correct 0.04735194146633148,0.0033769714646041393,0.0015221236972138286,0.0035948033910244703
Wrong 0.02621317468583584,0.025012774392962456,0.6866933107376099,0.02277437411248684
Wrong 0.015413593500852585,0.010760409757494926,0.587499737739563,0.008512166328728199
Wrong 0.06320375949144363,0.031780682504177094,0.00842106994241476,0.028936952352523804
Wrong 0.0231073796749115,0.03258657827973366,0.09881751984357834,0.0648060068488121
Correct 0.07036632299423218,0.03708028793334961,0.005866979248821735,0.0025831859093159437
Wrong 0.22431489825248718,0.04348541051149368,0.48235294222831726,0.03605063259601593
Wrong 0.022172801196575165,0.024352047592401505,0.4118839502334595,0.041424140334129333
Correct 0.11789612472057343,0.16114498674869537,0.02980884723365307,0.009453307837247849
Wrong 0.03901124373078346,0.016262318938970566,0.31167981028556824,0.03781091794371605
Wrong 0.011073761619627476,0.09271886944770813,0.01124810241162777,0.007791321258991957
Wrong 0.18795625865459442,0.0771370604634285,0.027937231585383415,0.00590187031775713
Correct 0.17573803663253784,0.021655134856700897,0.013981673866510391,0.003426347626373172
Wrong 0.009017718955874443,0.011669752188026905,0.16620983183383942,0.09770944714546204
Correct 0.030967650935053825,0.051860708743333817,0.05520588532090187,0.04367123916745186
Wrong 0.05873548239469528,0.04364822059869766,0.0009058980504050851,0.004897240083664656
Correct 0.09033876657485962,0.009823877364397049,0.0014152671210467815,0.0006039597210474312
Wrong 0.020503517240285873,0.020826252177357674,0.021154286339879036,0.014091841876506805
Wrong 0.04553515091538429,0.4388273060321808,0.0008340044296346605,0.0011488901218399405
Wrong 0.15763497352600098,0.11898905783891678,0.004200843162834644,0.04733088240027428
Correct 0.2668715715408325,0.0501437671482563,0.0229574553668499,0.04936620965600014
Wrong 0.020839348435401917,0.05753897503018379,0.007547509856522083,0.025137102231383324
Wrong 0.2454840987920761,0.07724487781524658,0.01723569817841053,0.000599061546381563
Wrong 0.2456350326538086,0.024321114644408226,0.006968127563595772,0.000781802402343601
Wrong 0.05931695178151131,0.020499249920248985,0.0037624891847372055,0.002264327136799693
Wrong 0.07430465519428253,0.34358036518096924,0.011756721884012222,0.0015542377950623631
Wrong 0.329376757144928,0.35614070296287537,0.006127755157649517,0.004483157768845558
Wrong 0.057158954441547394,0.15782040357589722,0.0188490841537714,0.0466516874730587
Wrong 0.23481552302837372,0.11444011330604553,0.029390597715973854,0.019578326493501663
Correct 0.08631493896245956,0.02050159126520157,0.3633996248245239,0.013445261865854263
Wrong 0.045771993696689606,0.02162114530801773,0.02776208333671093,0.4209102988243103
Correct 0.20143945515155792,0.1406272053718567,0.05771365389227867,0.0029878446366637945
Wrong 0.03827982023358345,0.06022266671061516,0.16370205581188202,0.3106514513492584
Wrong 0.25275030732154846,0.11041823029518127,0.00987705122679472,0.012007441371679306
Wrong 0.017180195078253746,0.04743601754307747,0.18470442295074463,0.03416680544614792
Wrong 0.0434388592839241,0.08115402609109879,0.003246590029448271,0.007667379919439554
Correct 0.0982709601521492,0.01996496319770813,0.32729294896125793,0.02262323722243309
Correct 0.24011725187301636,0.12073839455842972,0.0022114086896181107,0.014196605421602726
Correct 0.0813264548778534,0.09215492755174637,0.15433059632778168,0.1299591362476349
Wrong 0.07520436495542526,0.006622816435992718,0.0029388624243438244,0.002270976547151804
Wrong 0.041955363005399704,0.07249196618795395,0.047541774809360504,0.03267484903335571
Wrong 0.031906772404909134,0.026041386649012566,0.34843316674232483,0.001651816419325769
Wrong 0.05515236034989357,0.09236286580562592,0.1131652370095253,0.03191964700818062
Wrong 0.14330410957336426,0.19283685088157654,0.017658527940511703,0.014869960024952888
Wrong 0.008067378774285316,0.040334302932024,0.35949575901031494,0.2146640121936798
Wrong 0.22861449420452118,0.09530068933963776,0.039111342281103134,0.040988292545080185
Wrong 0.06509790569543839,0.010626920498907566,0.0010040274355560541,0.0061504230834543705
Correct 0.21305406093597412,0.0337100550532341,0.1487358808517456,0.020768137648701668
Wrong 0.0006841273861937225,0.11963516473770142,0.451498806476593,0.014974073506891727
Correct 0.07133417576551437,0.025040606036782265,0.003551532281562686,0.01980878971517086
Correct 0.0022063718643039465,0.009509367868304253,0.5792081952095032,0.0015768093289807439
Wrong 0.1691402792930603,0.10584482550621033,0.010645143687725067,0.007788144983351231
Wrong 0.14637352526187897,0.012591653503477573,0.0030857252422720194,0.005587523803114891
Correct 0.10490692406892776,0.029590342193841934,0.47016069293022156,0.03625476732850075
Correct 0.0686110183596611,0.08809802681207657,0.006381823681294918,0.007758305873721838
Wrong 0.13716061413288116,0.09426899999380112,0.009781837463378906,0.02383490838110447
Correct 0.12351568788290024,0.13779129087924957,0.007896101102232933,0.01779414527118206
Correct 0.1065850630402565,0.021654020994901657,0.014201093465089798,0.0021273628808557987
Correct 0.10473352670669556,0.32768216729164124,0.03194192051887512,0.023006880655884743
Wrong 0.024035414680838585,0.012665756978094578,0.49036654829978943,0.008177611976861954
Correct 0.06563834846019745,0.05357245355844498,0.6526467800140381,0.0985347256064415
Wrong 0.01422042865306139,0.010403873398900032,0.542020857334137,0.010903138667345047
Correct 0.36353740096092224,0.017270643264055252,0.11439221352338791,0.0056509231217205524
Correct 0.19791224598884583,0.09645472466945648,0.08920607715845108,0.07056771218776703
Wrong 0.0744861587882042,0.018253624439239502,0.001533885719254613,0.004335620440542698
Wrong 0.0153126772493124,0.018470624461770058,0.041624102741479874,0.49922290444374084
Wrong 0.0343782864511013,0.07869254052639008,0.04278437793254852,0.030338624492287636
Wrong 0.38095757365226746,0.1744149923324585,0.0011213853722438216,0.0006748611340299249
Correct 0.08186745643615723,0.0987509936094284,0.0330774188041687,0.1371019333600998
Wrong 0.011269590817391872,0.009639340452849865,0.1630384773015976,0.012971128337085247
Wrong 0.2219153791666031,0.043697789311409,0.07669191062450409,0.16235657036304474
Correct 0.09951040148735046,0.04774545878171921,0.02987847477197647,0.0048018889501690865
Correct 0.14610624313354492,0.04455992579460144,0.030625566840171814,0.05721602961421013
Wrong 0.36332523822784424,0.24202702939510345,0.04407636821269989,0.0823453739285469
Wrong 0.02968071587383747,0.0872364267706871,0.052091293036937714,0.056324031203985214
Correct 0.25394654273986816,0.0662459284067154,0.12769249081611633,0.1446942239999771
Correct 0.019430315122008324,0.0034296519588679075,0.5858640074729919,0.0009087649523280561
Correct 0.18540237843990326,0.007652479223906994,0.0008653213735669851,0.0018318805377930403
Wrong 0.09438029676675797,0.06287079304456711,0.011813082732260227,0.0020528030581772327
Correct 0.008353862911462784,0.030083386227488518,0.031038301065564156,0.42182692885398865
Wrong 0.14404232800006866,0.03164173662662506,0.16069114208221436,0.0019914263393729925
Wrong 0.1515113264322281,0.12365955114364624,0.018095437437295914,0.0070862602442502975
Wrong 0.09918393939733505,0.1293598711490631,0.01260983757674694,0.002107312437146902
Wrong 0.25682228803634644,0.03877425193786621,0.0028979694470763206,0.0024403335992246866
Correct 0.12667252123355865,0.08178569376468658,0.005067536141723394,0.001087405369617045
Wrong 0.029542749747633934,0.013525598682463169,0.01103931199759245,0.008464103564620018
Correct 0.0016513506416231394,0.010195096023380756,0.7147302031517029,0.018460845574736595
Wrong 0.020854603499174118,0.042790573090314865,0.0014757057651877403,0.0010629091411828995
Wrong 0.11164433509111404,0.08427341282367706,0.008744676597416401,0.016594426706433296
Correct 0.02429136075079441,0.0250621996819973,0.08747604489326477,0.002520569134503603
Correct 0.01066250167787075,0.055000945925712585,0.22443926334381104,0.03183213248848915
Correct 0.0016767593333497643,0.00038601001142524183,0.4722426235675812,0.0016251584747806191
Correct 0.15282973647117615,0.01215901505202055,0.004687736742198467,0.006161943543702364
Correct 0.008702925406396389,0.00804890040308237,0.6700897812843323,0.009120563045144081
Wrong 0.015086634084582329,0.013523560017347336,0.5750377178192139,0.0039664385840296745
Wrong 0.11767826974391937,0.011293254792690277,0.1940186768770218,0.025850392878055573
Wrong 0.12970411777496338,0.05755570903420448,0.0023942552506923676,0.016749784350395203
Wrong 0.1894644796848297,0.09676854312419891,0.024852273985743523,0.0010098741622641683
Wrong 0.06665775924921036,0.0018909312784671783,0.001052464242093265,0.004465833771973848
Wrong 0.10855374485254288,0.03693317994475365,0.0013244480360299349,0.013587052002549171
Wrong 0.007625281345099211,0.0015371174085885286,0.0005654701380990446,0.00025093567091971636
Wrong 0.22155803442001343,0.035055533051490784,0.0030871413182467222,0.0019470356637611985
Correct 0.056693222373723984,0.3583115339279175,0.01099048089236021,0.005882766097784042
Wrong 0.008424980565905571,0.008165711537003517,0.00829436257481575,0.007791860029101372
Wrong 0.13457845151424408,0.09543006867170334,0.004463347140699625,0.01821317709982395
Wrong 0.19757302105426788,0.04620002955198288,0.055728062987327576,0.0037923515774309635
Wrong 0.11971712857484818,0.020803650841116905,0.002076005795970559,0.010792848654091358
Wrong 0.027911286801099777,0.06591718643903732,0.04125029593706131,0.023873647674918175
Wrong 0.027895521372556686,0.002219357993453741,0.1174447163939476,0.0900476798415184
Wrong 0.21388256549835205,0.03179076686501503,0.00233920244500041,0.007913379929959774
Correct 0.03313150256872177,0.005160902626812458,0.0009398722322657704,0.10529188811779022
Wrong 0.03714832291007042,0.08113958686590195,0.2039845883846283,0.004911006428301334
Correct 0.2627463638782501,0.06643261760473251,0.005368590820580721,0.0012553846463561058
Correct 0.016820477321743965,0.012696764431893826,0.0014812883455306292,0.12428750842809677
Wrong 0.0015348130837082863,0.14033429324626923,0.14478948712348938,0.00804180558770895
Wrong 0.009458627551794052,0.0237790085375309,0.3837733566761017,0.05443040281534195
Wrong 0.006701261270791292,0.24950581789016724,0.07037629187107086,0.05480905622243881
Wrong 0.11647354066371918,0.2044173777103424,0.08791887760162354,0.18323850631713867
Wrong 0.09677477180957794,0.15708047151565552,0.036731526255607605,0.010523748584091663
Correct 0.005344741977751255,0.15377460420131683,0.004866437055170536,0.5894775390625
Wrong 0.10299767553806305,0.04865240305662155,0.11854972690343857,0.00030795784550718963
Wrong 0.01571269892156124,0.05233108997344971,0.07041958719491959,0.019862636923789978
Wrong 0.041005540639162064,0.267388254404068,0.006488003768026829,0.0001811972033465281
Wrong 0.35269132256507874,0.16147400438785553,0.05848202481865883,0.038353364914655685
Correct 0.0494406595826149,0.13865935802459717,0.02525179274380207,0.001516487100161612
Correct 0.023344501852989197,0.041615620255470276,0.211342915892601,0.0009635367314331234
Correct 0.03399576619267464,0.0054210820235311985,0.21486042439937592,0.004600815940648317
Correct 0.19799640774726868,0.020868618041276932,0.012657473795115948,0.0006401022546924651
Correct 0.1190028041601181,0.0941389948129654,0.04243174567818642,0.024944309145212173
Wrong 0.00917305052280426,0.0025274406652897596,0.6634950637817383,0.018529972061514854
Wrong 0.05131523683667183,0.04389221593737602,0.0638628751039505,0.0399642214179039
Wrong 0.03238418698310852,0.07073350250720978,0.2355785220861435,0.0493798553943634
Wrong 0.00036537981941364706,0.000523385067936033,0.00016598177899140865,0.0003125266812276095
Wrong 0.04985008388757706,0.03943471610546112,0.05224248766899109,0.1177300214767456
Wrong 0.026408758014440536,0.15197093784809113,0.020248327404260635,0.0002529052726458758
Correct 0.013596259988844395,0.019782427698373795,0.17358528077602386,0.12118171900510788
Correct 0.0530201718211174,0.23030871152877808,0.1821894645690918,0.027079986408352852
Correct 0.012455740012228489,0.8075913190841675,0.002823018468916416,0.002414652379229665
Wrong 0.07642199099063873,0.017593232914805412,0.038427263498306274,0.011009599082171917
Wrong 0.06552771478891373,0.09097586572170258,0.006488139275461435,0.0007994928164407611
Wrong 0.026786012575030327,0.23873870074748993,0.014563276432454586,0.01325996220111847
Wrong 0.08585136383771896,0.07576324790716171,0.0013876584125682712,0.0017405132530257106
Wrong 0.06541294604539871,0.10131285339593887,0.007691307459026575,0.016030097380280495
Wrong 0.056320663541555405,0.16044223308563232,0.12891963124275208,0.059023451060056686
Wrong 0.06066221743822098,0.029106060042977333,0.08162984251976013,0.38339632749557495
Correct 0.02045021578669548,0.007946104742586613,0.17122779786586761,0.02709203027188778
Correct 0.004876177292317152,0.007792091928422451,0.8866837620735168,0.0021978591103106737
Wrong 0.0054816328920423985,0.0062602125108242035,0.6093177795410156,0.07868572324514389
Wrong 0.19372889399528503,0.0331430621445179,0.004591806326061487,0.0018122796900570393
Correct 0.04084105044603348,0.05582272261381149,0.0152610894292593,0.004954531788825989
Correct 0.15973255038261414,0.02411585859954357,0.004357675556093454,0.0022963336668908596
Correct 0.2052624225616455,0.2020798623561859,0.002604139968752861,0.005260505247861147
Wrong 0.1719016134738922,0.0750981792807579,0.05161426588892937,0.005031262524425983
Correct 0.004538429901003838,0.06880827248096466,0.06072316691279411,0.4085334241390228
Wrong 0.06675559282302856,0.009176651015877724,0.013776022009551525,0.006018331740051508
Correct 0.014462878927588463,0.041849665343761444,0.055441826581954956,0.5777159333229065
Wrong 0.000785206095315516,0.0006560607580468059,0.9094833135604858,0.0005271578556858003
Wrong 0.08146614581346512,0.07653006911277771,0.021251743659377098,0.004351405892521143
Wrong 0.0786631777882576,0.01674836128950119,0.0026089127641171217,0.04412638396024704
Correct 0.0752788856625557,0.033930640667676926,0.002785207238048315,0.0016245965380221605
Wrong 0.04912002384662628,0.12543165683746338,0.026291972026228905,0.0116669787093997
Correct 0.19191505014896393,0.13190054893493652,0.011891269125044346,0.0034605455584824085
Correct 0.3650510013103485,0.09979914128780365,0.002680425764992833,0.001066198805347085
Correct 0.03341780975461006,0.05596410855650902,0.05957363173365593,0.14069382846355438
Wrong 0.039480239152908325,0.061148159205913544,0.3987363278865814,0.04913380742073059
Correct 0.09730248898267746,0.05544103682041168,0.001957316417247057,0.0011779348133131862
Wrong 0.0015714254695922136,0.45306506752967834,0.1590418517589569,0.0010884872172027826
Wrong 0.16189776360988617,0.039674751460552216,0.002658054931089282,0.011017302051186562
Wrong 0.04985580965876579,0.03071511536836624,0.044690538197755814,0.0016278469702228904
Correct 0.04356718435883522,0.02295832335948944,0.018161602318286896,0.23552154004573822
Wrong 0.04512950778007507,0.0060600899159908295,0.0016567411366850138,0.00021228288824204355
Correct 0.10234745591878891,0.08484882116317749,0.1089484840631485,0.0035572850611060858
Wrong 0.1579805612564087,0.016913199797272682,0.0017687822692096233,0.002201274735853076
Wrong 0.09318270534276962,0.033748429268598557,0.009519209153950214,0.0023146281018853188
Wrong 0.3008665442466736,0.031219538301229477,0.013638815842568874,0.003969114739447832
Correct 0.003556004725396633,0.005862833466380835,0.6671463251113892,0.01952618546783924
Wrong 0.4815790057182312,0.07158022373914719,0.00038153669447638094,0.0006241503288038075
Wrong 0.13642357289791107,0.06859792768955231,0.0031586410477757454,0.001306477002799511
Wrong 0.03355914726853371,0.04376918077468872,0.002932373434305191,0.02342810668051243
Correct 0.06039384379982948,0.0019719526171684265,0.0009461484733037651,0.06134545058012009
Correct 0.0409206748008728,0.050136540085077286,0.17228196561336517,0.002037312602624297
Wrong 0.0590226873755455,0.006029547657817602,0.7078978419303894,0.0007429848192259669
Wrong 0.19199448823928833,0.1259128451347351,0.0051970575004816055,0.005076661705970764
Correct 0.4614711105823517,0.1130881980061531,0.009429050609469414,0.0027655307203531265
Wrong 0.2118094116449356,0.10162711888551712,0.004129635635763407,0.010880127549171448
Correct 0.08645978569984436,0.15655846893787384,0.021187877282500267,0.04556099697947502
Correct 0.1428445428609848,0.23185910284519196,0.009203368797898293,0.0012553107226267457
Wrong 0.07935531437397003,0.19640445709228516,0.006071615032851696,0.01099426206201315
Correct 0.02568390779197216,0.02266595885157585,0.5755003094673157,0.03977992385625839
Wrong 0.3595057427883148,0.059611935168504715,0.1364530771970749,0.04570598900318146
Correct 0.15796951949596405,0.0769881084561348,0.0008289511315524578,0.010919264517724514
Wrong 0.002157490001991391,0.0023695353884249926,0.7802172303199768,0.002972056856378913
Wrong 0.06597626954317093,0.010770303197205067,0.004892662633210421,0.02076033130288124
Correct 0.035122100263834,0.030514603480696678,0.30340880155563354,0.020647186785936356
Wrong 0.026697862893342972,0.014068678952753544,0.0035571479238569736,0.0010191415203735232
Correct 0.00950760766863823,0.004285409580916166,0.5440101027488708,0.23034757375717163
Wrong 0.15482264757156372,0.09101495146751404,0.001979619963094592,0.006003137212246656
Wrong 0.515199601650238,0.021264851093292236,0.017355868592858315,0.019361848011612892
Wrong 0.01694156415760517,0.06100885942578316,0.5523297190666199,0.059131745249032974
Correct 0.01115454826503992,0.004135708324611187,0.806818425655365,0.0062571181915700436
Wrong 0.0023750383406877518,0.0040400680154562,0.8068506121635437,0.0012321471003815532
Correct 0.1009066104888916,0.008748488500714302,0.03225167468190193,0.004646263550966978
Wrong 0.021583283320069313,0.16199038922786713,0.008256319910287857,0.0028532985597848892
Wrong 0.0872790664434433,0.39115726947784424,0.25255024433135986,0.04122765734791756
Correct 0.024138815701007843,0.0041296593844890594,0.8247438669204712,0.0023165233433246613
Wrong 0.003751401323825121,0.007818575948476791,0.9179379940032959,0.0005935562658123672
Wrong 0.04113728925585747,0.08309853076934814,0.003947810735553503,0.04962077736854553
Wrong 0.1323215216398239,0.013946514576673508,0.0004018668842036277,0.0022239682730287313
Correct 0.07089914381504059,0.024501964449882507,0.006911110132932663,0.0029035736806690693
Wrong 0.08036882430315018,0.029107609763741493,0.030031653121113777,0.0032151532359421253
Wrong 0.06261597573757172,0.11516772210597992,0.009020679630339146,0.013754881918430328
Wrong 0.023526430130004883,0.08472132682800293,0.005048338323831558,0.08472178131341934
Wrong 0.16693027317523956,0.13000522553920746,0.004662046208977699,0.0046986001543700695
Wrong 0.0941888839006424,0.07335426658391953,0.008625103160738945,0.0006650962168350816
Correct 0.06601761281490326,0.040671855211257935,0.04755055531859398,0.0033385702408850193
Wrong 0.15243269503116608,0.07664795964956284,0.007413372863084078,0.07785490900278091
Correct 0.1010766550898552,0.11817014217376709,0.002610728843137622,0.00216436805203557
Wrong 0.03475896269083023,0.10377047955989838,0.048258133232593536,0.0011438243091106415
Wrong 0.1961977630853653,0.045878294855356216,0.0018210867419838905,0.001222619554027915
Wrong 0.03605007380247116,0.025166722014546394,0.009855481795966625,0.009855393320322037
Wrong 0.037565868347883224,0.0071695600636303425,0.4721736013889313,0.004629011731594801
Wrong 0.088831327855587,0.047547973692417145,0.004819534718990326,0.012211337685585022
Correct 0.07277334481477737,0.03956598415970802,0.0020644182804971933,0.0007134454208426178
Wrong 0.06448667496442795,0.03451724722981453,0.2433701753616333,0.05022218078374863
Wrong 0.11598411202430725,0.035930074751377106,0.028423098847270012,0.002903602086007595
Correct 0.00514260632917285,0.0036182731855660677,0.45574596524238586,0.0004221290582790971
Wrong 0.002052691299468279,0.0008490279433317482,0.569153904914856,0.0006067700451239944
Wrong 0.008922494016587734,0.028802121058106422,0.4576367735862732,0.027057040482759476
Wrong 0.009091643616557121,0.11338432878255844,0.006916532758623362,0.01046430878341198
Correct 0.11515609920024872,0.19588716328144073,0.053552571684122086,0.05190484970808029
Correct 0.03448314592242241,0.0595814548432827,0.23936006426811218,0.03787219524383545
Correct 0.08036422729492188,0.08162936568260193,0.019088134169578552,0.0037881566677242517
Correct 0.012505955062806606,0.03193492814898491,0.003211791394278407,0.0029704077169299126
Wrong 0.09462453424930573,0.203474760055542,0.1823936104774475,0.04684247821569443
Correct 0.09678781032562256,0.003443826688453555,0.0015282039530575275,0.06447548419237137
Correct 0.04645208269357681,0.08026160299777985,0.27152255177497864,0.011383536271750927
Wrong 0.24906417727470398,0.00788202602416277,0.006043360568583012,0.006090756971389055
Wrong 0.26365742087364197,0.32812657952308655,0.010223115794360638,0.009021862410008907
Wrong 0.1262511909008026,0.03790733590722084,0.0018150092801079154,0.04431841894984245
Correct 0.040503621101379395,0.026981130242347717,0.02827613614499569,0.00849000085145235
Correct 0.03399062901735306,0.05182952061295509,0.3829713761806488,0.007124803960323334
Wrong 0.006032917182892561,0.0013356495182961226,0.37033897638320923,0.0036023969296365976
Wrong 0.003211500821635127,0.005906844977289438,0.6617343425750732,0.09385354071855545
Correct 0.01090901717543602,0.16030681133270264,0.012361527420580387,0.18165117502212524
Wrong 0.0801130011677742,0.04636576771736145,0.0018548669759184122,0.0005482978885993361
Wrong 0.10007157921791077,0.02097611129283905,0.005140454508364201,0.0036450866609811783
Correct 0.26462605595588684,0.05210774764418602,0.018872277811169624,0.0012842710129916668
Wrong 0.08751149475574493,0.11413661390542984,0.1823897808790207,0.0888894572854042
Wrong 0.0840691328048706,0.388729989528656,0.0025386656634509563,0.0056764548644423485
Correct 0.014678724110126495,0.29947152733802795,0.013157874345779419,0.005112588405609131
Correct 0.24748429656028748,0.03146403655409813,0.003907547798007727,0.0048251766711473465
Wrong 0.07088133692741394,0.03914439305663109,0.30312129855155945,0.03296284005045891
Correct 0.030776452273130417,0.13161307573318481,0.0066558788530528545,0.32574647665023804
Wrong 0.09240256994962692,0.04164880886673927,0.0024817900266498327,0.021272186189889908
Wrong 0.0161836389452219,0.02710246853530407,0.12337762862443924,0.09313006699085236
Correct 0.0070552215911448,0.6060066223144531,0.007748659700155258,0.007279182784259319
Wrong 0.008712026290595531,0.08662406355142593,0.40685316920280457,0.003575392533093691
Wrong 0.030368583276867867,0.055856384336948395,0.5382968783378601,0.06134606897830963
Wrong 0.25967979431152344,0.2764275074005127,0.0004636286466848105,0.001260269433259964
Wrong 0.13059301674365997,0.0792083591222763,0.005648906342685223,0.02737371064722538
Wrong 0.10858193039894104,0.036370210349559784,0.0027611071709543467,0.002718283561989665
Wrong 0.03273400291800499,0.006650280673056841,0.002175972331315279,0.02321208454668522
Wrong 0.19150623679161072,0.014313056133687496,0.0023919567465782166,0.10250610113143921
Wrong 0.07806219905614853,0.05622599646449089,0.02036379650235176,0.05040070414543152
Wrong 0.030143756419420242,0.015884585678577423,0.0015484102768823504,0.00401626480743289
Wrong 0.09460622072219849,0.018340256065130234,0.12533269822597504,0.007410106714814901
Wrong 0.04487098380923271,0.02119556814432144,0.6194254755973816,0.008044910617172718
Wrong 0.006866869051009417,0.008413447067141533,0.5628179907798767,0.016217295080423355
Wrong 0.12774308025836945,0.02987123653292656,0.1059027910232544,0.004914580378681421
Wrong 0.09298103302717209,0.09153913706541061,0.022084932774305344,0.07471223175525665
Correct 0.16770382225513458,0.027376770973205566,0.004683630540966988,0.002062175190076232
Wrong 0.0014869830338284373,0.0017384529346600175,0.7763172388076782,0.00565579766407609
Wrong 0.05266294255852699,0.01462397538125515,0.004157241899520159,0.10975919663906097
Wrong 0.06551981717348099,0.07195894420146942,0.02731267921626568,0.00740875443443656
Wrong 0.12119491398334503,0.0712466612458229,0.02313046343624592,0.003957151900976896
Correct 0.3201559782028198,0.038839370012283325,0.030248142778873444,0.033221032470464706
Wrong 0.017267776653170586,0.037131551653146744,0.2701137959957123,0.019566889852285385
Correct 0.04773455113172531,0.006021525710821152,0.31617069244384766,0.00010606369323795661
Wrong 0.10470765084028244,0.14766083657741547,0.02373138815164566,0.03733458369970322
Wrong 0.2653040885925293,0.08613163977861404,0.013416734524071217,0.009663699194788933
Correct 0.07223039120435715,0.05042467638850212,0.0032743217889219522,0.00682425731793046
Wrong 0.00697732251137495,0.013660918921232224,0.5993172526359558,0.0034540146589279175
Wrong 0.20938800275325775,0.05724341422319412,0.03471999987959862,0.003384445095434785
Wrong 0.07396386563777924,0.015995780006051064,0.002779653761535883,0.0045118173584342
Correct 0.2694510221481323,0.12530635297298431,0.03425686061382294,0.06400015950202942
Correct 0.15846221148967743,0.10392206162214279,0.051445163786411285,0.43074458837509155
Correct 0.02482607774436474,0.1497182548046112,0.0032819851767271757,0.0029650258366018534
Correct 0.08534147590398788,0.0103530865162611,0.002221588743850589,0.08668531477451324
Wrong 0.11858277022838593,0.00900234840810299,0.021595565602183342,0.011380098760128021
Wrong 0.006988126784563065,0.050046999007463455,0.2705513834953308,0.01990724354982376
Wrong 0.3767856955528259,0.036728475242853165,0.029512125998735428,0.0304489154368639
Wrong 0.020884506404399872,0.021213358268141747,0.5644670724868774,0.027238447219133377
Wrong 0.019770190119743347,0.02967851795256138,0.526064395904541,0.02104518562555313
Wrong 0.07439424842596054,0.09404287487268448,0.05358417332172394,0.0013206566218286753
Wrong 0.044057123363018036,0.05231882631778717,0.016207685694098473,0.03274044767022133
Wrong 0.07754173874855042,0.09065543115139008,0.14714820683002472,0.17203348875045776
Wrong 0.19524507224559784,0.01903211697936058,0.003155849874019623,0.005670018028467894
Correct 0.1833704262971878,0.347975492477417,0.006225764751434326,0.028563590720295906
Correct 0.03269072622060776,0.04682678356766701,0.0019632091280072927,0.002924207132309675
Correct 0.13321849703788757,0.029725059866905212,0.007693903986364603,0.006478911731392145
Wrong 0.13647636771202087,0.03731032833456993,0.006090773735195398,0.0018575835274532437
Correct 0.037468768656253815,0.007040143013000488,0.007151032332330942,0.002889285795390606
Wrong 0.025563884526491165,0.06527971476316452,0.10595938563346863,0.010328725911676884
Correct 0.06997046619653702,0.04447585344314575,0.026976050809025764,0.018540335819125175
Wrong 0.019545182585716248,0.003317762864753604,0.008147669024765491,0.00526050291955471
Wrong 0.11520948261022568,0.23272953927516937,0.02304334193468094,0.3333692252635956
Wrong 0.04712468758225441,0.07074221223592758,0.019339950755238533,0.004117701668292284
Wrong 0.008662746287882328,0.012216425500810146,0.02177812159061432,0.7325485944747925
Correct 0.012758931145071983,0.022392604500055313,0.12686285376548767,0.060869257897138596
Wrong 0.3389303982257843,0.029615338891744614,0.0016838951269164681,0.003592754015699029
Wrong 0.03429773077368736,0.06820918619632721,0.4588988423347473,0.05743784457445145
Correct 0.249479740858078,0.09322357922792435,0.0032149632461369038,0.0019962138030678034
Correct 0.02180083468556404,0.04761715605854988,0.4244080185890198,0.015458968468010426
Wrong 0.006087809801101685,0.006686139386147261,0.6307522654533386,0.0007861637277528644
Wrong 0.02593267522752285,0.013453693129122257,0.030795788392424583,0.044807471334934235
Wrong 0.01931282877922058,0.009711109101772308,0.4752765893936157,0.023662520572543144
Wrong 0.18175213038921356,0.035789020359516144,0.0017818431369960308,0.0009537487057968974
Correct 0.16747650504112244,0.0816211923956871,0.007358384784311056,0.0014489541063085198
Wrong 0.3833000361919403,0.07787197828292847,0.0012586867669597268,0.0008450428722426295
Correct 0.04663508012890816,0.14364556968212128,0.020373400300741196,0.0060223424807190895
Wrong 0.11317981779575348,0.015803463757038116,0.002312570344656706,0.0006127672968432307
Correct 0.04316122084856033,0.019760649651288986,0.04523256793618202,0.0618254728615284
Wrong 0.008855554275214672,0.01019268948584795,0.7034841179847717,0.10958128422498703
Wrong 0.0092007489874959,0.09148227423429489,0.11746625602245331,0.001389091252349317
Wrong 0.07965360581874847,0.05389592796564102,0.010048032738268375,0.004821079783141613
Wrong 0.09592138975858688,0.1848926544189453,0.008316274732351303,0.006734717637300491
Wrong 0.20685772597789764,0.025489844381809235,0.0010197238298133016,0.0012109553208574653
Wrong 0.006352188065648079,0.012054318562150002,0.6182698607444763,0.005433290731161833
Correct 0.02496236003935337,0.013361328281462193,0.00458163907751441,0.02005780301988125
Correct 0.051008012145757675,0.0379057340323925,0.010526084341108799,0.00474447850137949
Correct 0.16185861825942993,0.10450351983308792,0.05593690276145935,0.009796594269573689
Correct 0.3419794738292694,0.2705281376838684,0.03661200404167175,0.18593090772628784
Correct 0.23262666165828705,0.043031495064496994,0.0009359523537568748,0.0016171809984371066
Correct 0.001239314442500472,0.0012106024660170078,0.8243194222450256,0.001340012764558196
Wrong 0.01575997844338417,0.059476692229509354,0.013065463863313198,0.024031024426221848
Wrong 0.1424681395292282,0.012448761612176895,0.0038564461283385754,0.027190513908863068
Wrong 0.02996075712144375,0.12812499701976776,0.00980310793966055,0.00865120068192482
Wrong 0.027469703927636147,0.014475489035248756,0.010264677926898003,0.007931935600936413
Correct 0.1635170727968216,0.0660669356584549,0.006440088152885437,0.0539221428334713
Wrong 0.3562091886997223,0.02923937700688839,0.0012258661445230246,0.003574972040951252
Wrong 0.18424613773822784,0.0488201305270195,0.00547748850658536,0.0036203956697136164
Correct 0.03375564515590668,0.0051766010001301765,0.3304314613342285,0.017240656539797783
Wrong 0.014936462976038456,0.014031481929123402,0.16311059892177582,0.233644500374794
Correct 0.09444484114646912,0.08872221410274506,0.002896895632147789,0.009954412467777729
Wrong 0.053467798978090286,0.007236065808683634,0.0019782348535954952,0.0030879941768944263
Correct 0.04214321821928024,0.020220540463924408,0.6096901297569275,0.00661613279953599
Wrong 0.0646415427327156,0.15266242623329163,0.06168140843510628,0.01253132801502943
Correct 0.037857845425605774,0.07890241593122482,0.5650777220726013,0.017882734537124634
Wrong 0.025291383266448975,0.011579216457903385,0.3228984475135803,0.005512527655810118
Wrong 0.11515112221240997,0.02957320772111416,0.008341572247445583,0.015104508027434349
Correct 0.07503785192966461,0.04079717397689819,0.0029785262886434793,0.002649154979735613
Wrong 0.033176079392433167,0.5189607739448547,0.02043917030096054,0.008130134083330631
Wrong 0.06165485456585884,0.026934953406453133,0.007249475456774235,0.057021304965019226
Wrong 0.09132165461778641,0.03155972808599472,0.021690715104341507,0.004372444003820419
Correct 0.016330696642398834,0.12645801901817322,0.00337001821026206,0.005960935726761818
Wrong 0.10875328630208969,0.03758400306105614,0.0022221195977181196,0.13118082284927368
Wrong 0.09389461576938629,0.03793686255812645,0.05434203892946243,0.01878005638718605
Wrong 0.07793679088354111,0.07436759769916534,0.05882972851395607,0.01583380252122879
Wrong 0.03982961177825928,0.21870648860931396,0.013551325537264347,0.012730257585644722
Correct 0.29820773005485535,0.23961640894412994,0.00035466515691950917,0.0001783367188181728
