grade confidence_levels
Wrong 1.1696128787708204e-10,0.0041907732374966145,3.404281414057242e-12,0.001918603084050119
Correct 2.2495269536015883e-12,8.568373006792097e-16,0.9999951124191284,1.615296594974279e-15
Correct 1.1990737314735225e-14,0.43007147312164307,1.5979493390386873e-13,2.921584347603638e-14
Correct 5.407199688001185e-11,0.0015825912123546004,0.5369834303855896,7.332379148294876e-09
Wrong 1.860422997879141e-07,0.9950820803642273,5.441442110266925e-13,5.107982179591852e-13
Wrong 6.770317830261151e-15,0.975540280342102,2.0132379040227986e-14,4.237076913149928e-15
Correct 8.267640738690574e-11,0.949294924736023,2.6321557780595306e-11,3.162627451591682e-11
Wrong 0.9980103969573975,1.4971103468042202e-08,7.626953513195645e-10,7.388825608214272e-14
Correct 3.780251719293082e-12,0.9878227114677429,5.557832878366753e-07,2.818763560237525e-13
Wrong 8.209760128663479e-12,0.002260673325508833,0.02669292502105236,1.8247252667191738e-12
Correct 0.9999993443489075,1.0693232612172068e-18,8.720361356299407e-19,3.169718884175637e-18
Correct 4.723648989318763e-12,0.07921813428401947,7.142915002967404e-14,4.475232084731736e-15
Wrong 0.9674921631813049,2.0098943342983233e-11,0.014238613657653332,8.608406522336853e-12
Correct 1.0,4.997474950055977e-18,2.1234100209873094e-17,1.8450197388546278e-17
Correct 1.7552834728241928e-13,0.9999396800994873,9.476110793672863e-15,2.3850606345053767e-14
Correct 7.363385075287443e-13,0.9956930875778198,2.3528059586871118e-14,1.6166931405460646e-15
Wrong 4.640006712186562e-10,0.9406719207763672,3.5572275680628707e-10,1.904690055849756e-13
Correct 1.3722303729511026e-13,1.588964182940803e-14,2.894505815587145e-11,0.9999999403953552
Wrong 2.2013796764207977e-14,0.9993046522140503,4.039701041670847e-14,3.685912320261671e-14
Correct 8.0353687367655e-15,4.476558446847578e-12,0.9999999403953552,3.433114797170121e-16
Correct 1.0786799009565584e-08,1.7359544266074044e-15,5.27214143381579e-15,0.9988088607788086
Correct 1.0628815536040115e-12,0.999996542930603,1.974260158295587e-14,4.495651084474722e-15
Wrong 2.962056294686377e-11,0.007937326095998287,1.7545058288159776e-13,9.305491253041535e-15
Correct 5.742478974973819e-12,1.7155438971938912e-15,2.8216065077403714e-14,0.9917957782745361
Correct 1.868070178797157e-13,0.9957227110862732,1.1604020187501538e-14,8.783783332036877e-15
Wrong 4.1303448833872325e-13,1.9779860444723218e-16,0.9998944997787476,1.1187976238535065e-14
Correct 1.4690702267953354e-14,3.043495589475353e-17,3.750367546492871e-16,0.9999982714653015
Wrong 0.000184108255780302,0.006009888369590044,1.1788050535699313e-08,7.852803693766952e-13
Correct 1.7057634872728183e-13,0.6653022170066833,3.14011078424159e-13,3.2180103037588587e-14
Correct 0.999962329864502,7.633254271721679e-12,1.2705975958803256e-15,1.4699473582791e-10
Correct 1.0,7.61997589143767e-17,7.605479716638801e-16,3.911382329135904e-09
Wrong 0.00010071107681142166,8.201023287897379e-16,0.9998699426651001,2.2445790343571248e-13
Correct 0.9999955296516418,2.9792365598975385e-18,6.496161611060165e-18,1.2453673133393149e-17
Correct 0.9999982118606567,1.8965061071578884e-16,4.0712781546587795e-16,8.770993081593778e-17
Correct 0.9999622702598572,8.943553227646825e-15,8.802801423988399e-14,3.3129637135856024e-14
Correct 3.52659999184983e-14,9.336083171420604e-18,0.9999560713768005,7.916980715203e-17
Correct 6.218284397618845e-06,7.327828563396827e-15,0.996247410774231,1.3286299618549095e-14
Correct 0.8968527913093567,1.2327932999520869e-13,2.8105482351159505e-12,2.937057877721444e-13
Wrong 0.012898962944746017,0.022641034796833992,2.931196409726444e-13,1.4455532257318104e-11
Correct 2.5634106382704802e-12,7.585367711726576e-05,0.8667787313461304,6.825687611693512e-14
Correct 7.402345338254623e-13,2.3571190504545307e-16,0.6442246437072754,5.951168891016323e-09
Wrong 1.6677522866065538e-15,3.432979040287989e-18,0.9999960064888,1.779554349071466e-17
Wrong 0.9999029636383057,6.044898908958308e-15,1.5070442723613686e-13,5.2075572891700176e-15
Correct 0.15387065708637238,0.0034535701852291822,0.7814197540283203,3.916680313409415e-10
Correct 4.5510944730702e-15,0.9999896883964539,4.533380896560744e-15,1.5488398595348701e-13
Wrong 0.9999988079071045,1.5972571754779266e-16,5.04796611751194e-15,7.012767882402012e-16
Correct 0.999984085559845,6.388298003645802e-17,1.23838872138345e-17,8.572468907400439e-18
Correct 0.00023782203788869083,3.85882842132289e-15,0.9997618198394775,4.7702396842167795e-15
Correct 0.9999999403953552,6.259142552197364e-16,1.5980171559375158e-17,9.21922157602095e-18
Correct 0.9999984502792358,2.2823598894426417e-17,8.104291463576448e-17,1.334076891925523e-16
Correct 2.7495254337206454e-11,0.5205256938934326,3.072886996940971e-12,2.914913590449514e-13
Correct 0.9999908208847046,3.253261644501655e-17,7.519007118317322e-14,5.340318401056239e-17
Correct 4.4001751575706294e-08,0.47907063364982605,2.1068045086281018e-09,5.112012549379763e-11
Correct 8.48593938174158e-12,0.9688228368759155,5.820222233852979e-13,1.182553675208725e-13
Wrong 0.9947657585144043,3.9762360071193825e-10,8.596006393669919e-13,3.679448781247763e-14
Wrong 0.999998927116394,6.386191670933997e-17,4.22952428635881e-09,9.931595773037048e-16
Wrong 1.2876830624009017e-06,0.9999553561210632,2.308388029337305e-11,1.7765782178713607e-09
Correct 5.140634229405805e-08,1.7935057096316834e-16,1.0495558779648434e-15,0.9977479577064514
Correct 0.9999885559082031,4.2062851479348663e-16,1.701853833063012e-15,2.495474894366706e-15
Correct 3.1798528254967096e-09,0.9960837960243225,1.9855842230825926e-12,3.595550506635403e-14
Correct 7.005651614377939e-11,0.9186208248138428,1.1439114412648e-11,2.8480915542639096e-12
Correct 0.9999995827674866,1.4734036208837088e-16,3.192198033482468e-15,5.279526184687308e-16
Correct 3.3286237540056465e-17,2.7009587329691335e-19,1.0,4.885692657207705e-19
Correct 1.4854040220058096e-10,0.8057553768157959,3.6339610431923575e-08,1.7637364008518674e-12
Correct 0.999749481678009,4.457039934607082e-14,7.189546809456548e-13,7.833357443601252e-13
Wrong 1.7588729406270431e-06,5.303697980707511e-05,1.481369992222415e-14,1.7518176172919356e-14
Correct 0.0001931883452925831,7.21371272720435e-14,0.9494789838790894,6.135326079646786e-13
Correct 0.9999682903289795,1.2532017063569272e-17,4.5681724307620797e-17,1.5145491727388725e-17
Correct 8.976546855008274e-15,0.46827924251556396,3.9826815788704135e-15,2.069747664747222e-15
Wrong 5.7365695527167304e-11,4.691855844812798e-12,3.4255289577123094e-11,0.17866843938827515
Correct 0.9999948740005493,7.923971714868053e-18,2.601542583483376e-17,2.7587333696480528e-17
Correct 2.8047368247352544e-11,0.05898012965917587,1.398632772098285e-11,2.6259994612837234e-12
Correct 1.9690988477347876e-14,0.999961793422699,4.143902865435482e-15,6.293800811058405e-15
Wrong 0.9999452233314514,3.0814613928814138e-15,1.478346438321676e-11,3.1202253012452275e-05
Correct 1.9281524293868202e-11,3.6434764884119106e-17,1.5513481220856415e-16,0.9999995827674866
Correct 0.9999994039535522,4.8090837383664124e-18,8.349419655225515e-18,3.687553303660166e-17
Wrong 0.9999882578849792,9.32164311255449e-16,2.1046307049766406e-16,5.227340484806971e-16
Correct 1.1432422323816131e-14,2.1954438865786323e-16,0.9987331628799438,2.399007410499767e-17
Correct 3.518813712632962e-11,8.688518542310811e-17,0.9999943971633911,1.6469209671067124e-16
Wrong 0.6651496887207031,2.371784409496702e-13,1.9262624481597435e-11,0.3344549238681793
Wrong 1.2764623342695347e-12,0.3411766290664673,0.0013300948776304722,3.6863199125158896e-13
Correct 0.9999918341636658,2.258583178304846e-16,4.1375170840461314e-15,1.0824433085705309e-15
Wrong 5.64296222596572e-13,1.861147276875294e-13,0.9999008178710938,4.3680157659990303e-16
Correct 0.9998534917831421,5.9151067799011105e-15,4.3887773376296213e-16,1.9725936540590886e-17
Correct 2.279465136610648e-13,0.999631941318512,1.329690074410375e-13,4.124255936223918e-15
Correct 1.8130847300942832e-12,0.9659010171890259,4.428608955248103e-12,6.039805157745382e-13
Correct 8.338136428596814e-15,0.9999938011169434,1.1311136489250417e-12,3.862612964531222e-15
Correct 7.96725507825613e-05,5.3363577120525696e-14,0.9999139308929443,4.012696614872843e-14
Wrong 0.999992847442627,5.480866975040839e-16,8.898946143303809e-16,8.536171461115448e-16
Wrong 0.9998922348022461,3.3482010497465353e-09,1.5220218748529524e-12,7.976431337262599e-14
Correct 2.9643903434392604e-14,1.4447539437587378e-14,4.313154786670173e-14,0.9989102482795715
Correct 0.9999992251396179,4.1975405915456497e-16,1.2994682099028848e-13,8.404236338701698e-15
Wrong 2.7412681499749958e-12,0.8244583010673523,1.6711205173564753e-13,7.504994482864305e-14
Correct 3.014355461745076e-14,1.0553816117573808e-16,1.0,3.2437328547172894e-17
Wrong 1.1199609219626067e-13,6.619669023655254e-17,5.923112935318558e-16,1.0
Correct 7.673668991903249e-12,0.7772437334060669,1.1953942610082313e-12,1.561575440353971e-13
Correct 0.9999994039535522,1.4016345523500764e-17,7.725568342131371e-16,9.729053519387396e-17
Correct 1.432679669344239e-11,1.529782398550751e-16,3.2411271034388494e-16,0.9998507499694824
Wrong 2.0717799085459218e-14,2.184257625370057e-15,0.9999979734420776,4.2446170945672677e-16
Correct 0.9998992085456848,5.709774320313864e-17,1.3107211495450678e-16,1.9058753768154846e-15
Wrong 0.9999848008155823,3.138362444587983e-06,5.263332880645066e-09,5.939335134819146e-11
Correct 1.889669307193905e-15,0.9999546408653259,2.537678681540566e-16,5.946789359078888e-17
Wrong 4.0448469573739487e-10,0.537607729434967,4.7954872711697405e-11,8.768226487758379e-13
Correct 1.7651639766286427e-14,0.9999983310699463,5.097158402956681e-15,1.1374804389886815e-15
Correct 0.9999735951423645,1.0594740145961068e-12,1.7758930719209698e-13,5.502999247150413e-14
Wrong 2.678103555808775e-06,6.010270681144902e-08,0.9977253079414368,9.486433340255562e-12
Correct 0.999995768070221,6.244284287357156e-18,1.430269229050947e-17,1.2185143340470467e-16
Correct 6.782401032978669e-05,0.0047588227316737175,1.8134930677374955e-13,3.518900462359288e-14
Correct 7.123072132131369e-10,1.6087348689599164e-16,1.0544163198816792e-12,0.9999456405639648
Correct 2.7878588092976287e-15,0.9999654293060303,1.0499251208023752e-14,2.5482634699472515e-15
Correct 0.0015978255541995168,1.1988016009633934e-15,2.0685799874777845e-14,0.9983896613121033
Wrong 0.9999995231628418,3.544468024817217e-15,3.914954073864275e-19,1.945214472091951e-18
Wrong 1.119274594882369e-12,0.8596594929695129,1.4978989931551355e-14,3.3608586833683285e-13
Correct 1.3689817990325537e-07,2.240315788784586e-12,0.9928725361824036,1.983760513713309e-13
Correct 2.9634589460104596e-14,0.014960207045078278,4.37098308123194e-15,3.9026500943655645e-15
Correct 6.73908471071627e-06,0.4943792521953583,4.574961503384101e-12,1.682806129686687e-12
Wrong 0.27551132440567017,0.0449780635535717,2.5305368467343214e-08,5.02199531959846e-11
Wrong 0.9999997615814209,6.930379320271914e-18,2.6759324248953722e-17,7.503327860837287e-15
Correct 0.9999986290931702,5.767952331618495e-18,2.2096624595639288e-17,1.9448701995210064e-17
Correct 6.701345207915654e-13,2.292188045816858e-15,3.4972326819421654e-14,0.9999372363090515
Correct 0.0010649563046172261,4.902129066851378e-16,5.158446742404687e-15,0.998928964138031
Correct 4.958417031998563e-13,0.33599692583084106,2.47834955682813e-12,5.464918678720933e-14
Correct 4.980928863806966e-13,1.149320212585843e-16,3.9549408263313615e-15,0.9999929070472717
Correct 1.882340854367226e-13,2.792149348812827e-16,0.9995694756507874,3.6774049225097737e-16
Correct 0.9999889135360718,8.995912795928837e-19,2.2260644584941203e-17,3.1354893232475803e-18
Correct 7.878497387901057e-14,3.465153289004423e-16,1.0397430012709023e-15,0.9997600317001343
Correct 9.924536215066837e-08,0.9993295669555664,9.082839732069137e-13,2.3980137320300798e-11
Correct 0.9752307534217834,7.296018579875871e-14,1.1194596481800545e-05,1.1675863997428343e-13
Correct 3.0804828580690983e-15,1.9162323381747774e-18,0.9999807476997375,2.9064291563563867e-18
Correct 1.407728968116917e-12,5.589393733152287e-17,0.9999992847442627,3.92713491842982e-17
Correct 1.0,6.394333609703356e-19,2.675900123492452e-18,3.60010178406759e-18
Correct 4.940549922297088e-13,3.649656260800577e-14,1.7997091989428726e-14,0.9998024702072144
Wrong 0.14144684374332428,3.195302356040486e-11,1.0809446393533761e-10,0.8013513684272766
Correct 1.9392172329740776e-12,4.781827723592484e-19,9.343111559649344e-17,0.9999995827674866
Correct 1.4381074456282228e-14,2.9617843724616497e-16,0.9998745322227478,5.563036582462795e-16
Correct 3.57418331042858e-11,1.1738482220955185e-15,0.9999729990959167,5.631609002916538e-14
Correct 1.1189326869498473e-06,2.538104315596561e-16,8.915522366323338e-15,0.9999904632568359
Correct 0.999999463558197,7.670782379315958e-19,1.86416566131278e-18,6.2640547311777855e-18
Wrong 2.8771912630176644e-10,2.413123086769664e-12,8.098279859203306e-12,0.9996896982192993
Correct 0.9999918937683105,2.2433182880191188e-17,1.3068204304740637e-16,2.2806441514160842e-17
Correct 0.20434114336967468,2.5146331950054446e-07,1.1785116678657455e-14,9.935127900427099e-16
Wrong 5.332536147761857e-06,7.309275255364123e-13,7.73890951322187e-11,0.0010817437432706356
Correct 1.0,1.3596046782456445e-17,1.261447522467611e-16,8.621140007847906e-19
Wrong 1.0,1.3244384283316903e-19,1.6508276129268054e-18,6.348800152267131e-09
Correct 1.6018808501883086e-10,1.0052660709880448e-14,0.9997988343238831,1.6442087940793837e-15
Correct 1.0,5.09328438527585e-18,4.507604281077477e-17,1.4382822930808708e-17
Correct 1.2035521190778553e-10,2.521236427369556e-14,1.2490567607992276e-11,0.05033054202795029
Correct 5.4811773067368896e-14,2.1296769144203698e-13,0.9999972581863403,3.370621381830474e-13
Correct 1.1628034646271601e-10,3.5316674511600733e-15,0.9999819993972778,2.5180632513667283e-16
Correct 1.0,1.9093896933525856e-18,9.876163455426889e-18,1.1334799685532485e-17
Wrong 2.167878203340745e-11,1.1185441472588072e-17,1.0,1.5096799244322423e-16
Correct 1.5536675164184999e-06,2.511519095992065e-13,4.464234700223696e-13,0.9687772989273071
Correct 9.328886968473782e-11,1.2603206510104076e-13,5.187404867636192e-13,0.39241448044776917
Correct 0.9991306066513062,2.42599947194023e-17,1.418388036866154e-16,6.968190655970386e-17
Correct 7.62154824928557e-15,4.668306151157421e-16,2.2530356418959223e-15,0.9999921321868896
Correct 3.71297523976688e-12,1.0289660020302432e-13,6.428504375956962e-14,0.997058629989624
Correct 8.193148381963056e-10,3.331923699076943e-14,0.9993122220039368,3.564528433161983e-14
Correct 6.220049974213493e-13,1.1598318385217096e-15,7.52759620180907e-15,0.9947777986526489
Correct 2.3705413717059476e-13,6.311783002891258e-16,6.9712662309484585e-09,0.9997803568840027
Correct 5.668661286900578e-12,0.9906560182571411,1.047083020332476e-13,5.764383789090902e-14
Correct 2.6753931626929918e-15,3.6444828156656273e-19,1.0,2.8650990253513864e-19
Wrong 0.022628657519817352,6.100761765992502e-06,3.3668848264944984e-10,1.1775091124377468e-08
Correct 1.0901232173898823e-11,3.7175063103810774e-14,0.9999987483024597,5.778719228800118e-15
Correct 0.7647566795349121,0.00037960303598083556,1.6045353490312664e-08,5.632016554513175e-12
Wrong 0.18982651829719543,0.0008520476403646171,0.014868366532027721,3.243710855471704e-10
Wrong 1.4746653029284237e-16,0.9999828934669495,3.011328653035534e-16,3.4453038659789065e-17
Wrong 0.8080548048019409,4.52204903922393e-06,7.333309515189512e-10,5.8946687219168115e-15
Correct 0.9999997019767761,9.525019495133841e-18,5.0495081674621964e-17,4.343781491633595e-17
Wrong 0.0735253095626831,0.0024926685728132725,4.3488965900673193e-11,1.3651749002085989e-11
Correct 2.4370731669699774e-13,1.4491199539095364e-15,0.9999934434890747,7.505811835777088e-13
Correct 1.1301621802035228e-13,0.9973329305648804,5.096854318128617e-15,6.4547023426858845e-15
Wrong 1.0,4.722834856666427e-18,1.6608583979454144e-17,1.2033745465571622e-16
Wrong 1.3411441956989734e-09,8.096054079942405e-05,2.2916618689500234e-13,9.231455491253825e-15
Correct 4.5523154690307877e-11,0.9997060298919678,1.1069170753608137e-11,9.786507541853506e-13
Wrong 0.9990621209144592,2.2271181277758352e-15,4.0379448916494365e-12,1.4766168160169207e-13
Correct 0.9999989867210388,6.145639690587757e-18,5.483736299149663e-17,4.1334387262842204e-17
Correct 5.024291529695524e-13,7.249827787443461e-18,1.7733651190305483e-16,0.9999960660934448
Wrong 0.9981198310852051,3.2681097614901088e-15,1.0441906670918821e-12,6.575510691497755e-10
Correct 2.627536426283439e-12,0.3775380253791809,2.3770080955637374e-13,1.0275548451401176e-13
Correct 9.596941568257994e-14,0.9407634139060974,1.3603837023881682e-13,4.0294807421292766e-14
Correct 1.1779580259555964e-15,3.6211981984101424e-18,1.0,6.479159327159444e-18
Wrong 0.9999994039535522,1.0068118425893128e-15,2.1258969808579807e-18,1.0846668825536367e-17
Correct 0.9999946355819702,7.333624492217533e-18,4.2852495297448525e-17,1.7565097589502287e-17
Wrong 2.4654030986864806e-13,1.669023788939501e-15,0.999988317489624,1.6783625389412164e-15
Correct 6.331422799238373e-12,0.2420489490032196,2.6084784831258145e-13,5.313730141662254e-13
Correct 3.5049558810840153e-09,0.9999962449073792,1.0680293319664455e-13,8.448694218191055e-14
Correct 2.848482838491151e-10,0.9518139362335205,3.121951655526978e-11,1.5158150342559074e-12
Wrong 0.5276123285293579,3.682207205812915e-09,8.386516481273532e-11,5.81216170303378e-07
Correct 4.7816204329365064e-08,0.7574687600135803,9.050778247525482e-13,5.065598006163963e-13
Correct 1.0,1.472846365848644e-17,2.3469739780265883e-16,4.1596312349445895e-17
Wrong 7.454890146618709e-05,1.672536935337643e-11,1.3687767065617695e-11,0.0028144926764070988
Correct 2.293844419964941e-10,5.795008917175437e-08,0.9996584057807922,1.5519087750992533e-12
Correct 1.0,1.983137394455057e-18,2.034856200510445e-17,2.128612325295778e-17
Wrong 5.472924385685474e-06,0.8633396029472351,3.9460540954619483e-13,1.4755461324902734e-14
Correct 1.35947850199436e-10,2.60850492961201e-16,5.0027142293378266e-17,0.9999995231628418
Correct 1.4545924220235097e-15,5.934235073486048e-19,1.0,8.684458408992155e-18
Correct 1.9008162014874652e-13,2.6073164894474532e-15,9.418207621398559e-15,0.9262729287147522
Correct 1.0,4.956464989646823e-18,3.985878142247008e-18,7.063092591340228e-18
Correct 6.857044713167351e-17,9.986003528196887e-19,0.9999998807907104,8.571190706558891e-19
Correct 1.7337522476706946e-12,0.9973868727684021,1.406678864102756e-13,2.6279464173349643e-13
Wrong 2.0886967155853142e-10,0.882304847240448,1.6394362256644257e-10,4.51978166893241e-07
Correct 5.313089378178315e-13,3.189509339149646e-15,5.52620811931177e-15,0.9562633037567139
Correct 1.0462655915255414e-11,5.459059853468728e-13,1.1027557990025971e-12,0.9980421662330627
Wrong 0.9999583959579468,4.668928004630812e-12,1.5142683196245343e-07,4.202750560761137e-12
Wrong 0.9999990463256836,2.5453548928096395e-18,3.87870183020389e-13,4.329348761587708e-18
Wrong 3.43607017838643e-11,1.501550528359985e-08,0.15202122926712036,6.813458759864777e-13
Wrong 0.9999539256095886,6.641366963739255e-18,5.211216352388148e-17,8.571152201301377e-17
Wrong 0.9998732805252075,9.862242832898234e-16,4.075245385593007e-08,1.2813623893762147e-14
Wrong 7.008569478895652e-14,7.103463968316491e-18,0.999999463558197,4.313916122100636e-07
Correct 7.302288656564626e-13,1.1807305765501965e-16,4.39360944883547e-15,0.999864935874939
Wrong 0.47532281279563904,2.785688888763682e-13,0.025991080328822136,7.767792631341308e-09
Correct 0.9997645020484924,3.740615656171132e-15,7.0942344880531305e-12,7.184653631410367e-16
Correct 1.0,4.606932377187028e-18,9.335626567722475e-17,2.932197776311853e-16
Wrong 0.9992791414260864,2.762059826850598e-16,2.018859619342078e-16,5.511617976795315e-16
Correct 0.999808669090271,2.070911699774986e-15,2.064127304680658e-14,5.010368866082164e-15
Correct 9.368501634188231e-12,4.664702868764636e-13,9.552995466075367e-14,0.943850576877594
Correct 0.00046601518988609314,0.5110625624656677,1.2590001263745876e-10,0.008006175048649311
Correct 3.4173899821077214e-10,2.1253524131191514e-15,1.3041934340211198e-13,0.999897301197052
Wrong 0.999319314956665,2.286030116290319e-15,9.50989851844497e-06,4.435380624519432e-14
Correct 0.9999997615814209,4.474071437835761e-16,7.272759563364036e-15,1.9780309334915813e-10
Correct 1.0,6.39340675382699e-18,8.191112175233891e-18,2.7764141484462206e-18
Correct 5.3722222940612665e-16,5.595180461243039e-19,0.9999998807907104,4.1902207048690455e-18
Correct 7.646896557265102e-15,7.44587951878588e-18,0.9988663792610168,1.461615304538093e-16
Correct 6.924876038025762e-16,6.742246421578013e-20,1.0,1.9042610908366956e-17
Correct 1.1430899629627511e-11,0.34851768612861633,8.315356042620792e-11,1.061644583957291e-14
Correct 1.0,8.203303680089581e-19,6.582318262121851e-18,3.515808770925986e-17
Wrong 0.9998672008514404,5.118572666412691e-15,1.862962199083995e-05,4.732345971255464e-15
Wrong 0.5141693949699402,6.394570203210881e-14,0.00037674111081287265,7.28389182302891e-10
Correct 3.353346029674742e-12,0.9181841015815735,2.5565361459756186e-12,9.191272959743757e-13
Correct 7.275547525553705e-11,1.73502180098083e-14,0.9997931718826294,2.0650315970551468e-14
Wrong 3.788773494158709e-13,1.946237032765189e-17,0.9999977350234985,1.0240308601083825e-11
Wrong 0.9999998807907104,5.531686635770382e-17,8.033118593741119e-16,2.222637662298039e-14
Correct 1.4164138750771826e-09,0.9998682141304016,2.88803377913871e-12,6.740160323316993e-14
Correct 9.339977576072744e-12,0.861436665058136,3.157114055862137e-13,1.3835678750687835e-13
Correct 0.999967634677887,2.678538937179976e-16,1.6424745735292193e-16,8.114718042110454e-16
Correct 4.04922102461569e-05,1.606137857261547e-12,0.7870994210243225,1.784651202860199e-12
Correct 0.9999568462371826,2.1546552797013975e-17,1.6397836557349108e-17,1.3110929175995736e-16
Wrong 1.1317322404745533e-13,1.007841703426493e-07,0.9986113905906677,3.5156411642815483e-15
Correct 5.889929572576924e-15,1.3953993062516823e-18,0.9999997019767761,1.2430518693686565e-18
Correct 0.9996750354766846,2.1461657596386432e-17,1.629709257618505e-16,3.1643816832528735e-16
Correct 1.1997471072167087e-10,1.136263199703918e-16,2.053566264960231e-16,0.9999905824661255
Wrong 0.9883484244346619,2.556076310611388e-07,5.229784313942609e-11,0.0047224136069417
Wrong 0.7494681477546692,5.570007996502646e-12,0.0026619569398462772,3.9218786551664664e-10
Wrong 9.374672262432715e-13,6.764010187661185e-16,0.9919379353523254,1.6781775416515801e-16
Wrong 0.9912797212600708,4.307484924304106e-11,1.33435363453005e-11,1.584559566891741e-11
Correct 0.9999889135360718,3.367693413395547e-16,5.534249426596529e-15,1.2088441294651588e-15
Correct 5.511475675260176e-15,1.293316475363564e-16,0.9999991059303284,4.223608824590789e-16
Wrong 2.4517031200349537e-12,1.1495581153653234e-09,0.9999771118164062,6.348702452640964e-09
Correct 2.9512790433727787e-08,6.980290369155984e-13,1.861716483015849e-13,0.9592809677124023
Correct 4.068642124599453e-12,0.9871382117271423,5.868143038140596e-15,1.1595843778461692e-14
Correct 0.9999986290931702,1.304015824976366e-17,2.911200954515052e-17,4.39750596252024e-18
Correct 0.9886682033538818,1.1081635609144769e-09,5.882049540365322e-14,9.626321922473046e-16
Wrong 1.0,1.9784510737804718e-20,1.4148132093789077e-19,6.414378263897047e-19
Correct 1.0,1.5855747465225238e-18,2.0925156522890664e-17,1.45445218513118e-17
Wrong 0.9585362076759338,2.5609868004039527e-08,5.292461889745692e-13,1.05074115234376e-14
Correct 7.657702028041058e-09,0.9999472498893738,6.432996062927243e-12,5.069090112941321e-12
Correct 0.9999842643737793,2.573355973976713e-16,2.750393500190046e-13,1.6716646523805826e-16
Wrong 1.239683133707689e-13,3.0557718596643137e-18,0.9999990463256836,2.3574584125107823e-12
Correct 1.7909039526429853e-14,1.6834918793022128e-17,0.999998152256012,1.935036345526731e-17
Wrong 0.002287156879901886,1.487445160819334e-06,6.31448832024567e-14,1.430118569682899e-14
Correct 0.9999992847442627,2.5832503114173782e-18,2.923588149624156e-17,7.56271712594777e-17
Wrong 0.9999997615814209,1.9590588285681285e-17,1.1090626556618672e-16,4.987887976387324e-16
Correct 3.316984187318184e-10,4.4888687222594675e-14,7.733895311277592e-14,0.9979907274246216
Wrong 3.2525036885999725e-07,1.1550380651925707e-09,1.0725618437845696e-07,0.9988296031951904
Wrong 0.9991434812545776,1.890330204651e-15,5.737314140755959e-17,2.776237173154165e-17
Wrong 0.9970604777336121,4.010239795809332e-15,0.0025499186012893915,8.462563874482576e-14
Wrong 0.27236223220825195,0.5588574409484863,0.1626349240541458,1.0507372749657407e-10
Correct 1.301770106640343e-12,3.6717247725050455e-15,0.9998888373374939,1.015586468648157e-15
Wrong 0.9927666187286377,5.277304201273258e-13,6.705013280705607e-12,2.0490850498582763e-13
Wrong 1.0,1.9153810400774896e-19,3.620972146492344e-16,1.199071399982248e-18
Correct 1.5230029459800676e-09,2.149186002498027e-05,4.842973066843115e-05,4.5304631157705444e-07
Correct 1.3963169813099863e-12,4.3657735771434196e-17,0.9996699690818787,9.647254621228762e-17
Correct 6.9988754375360784e-12,2.047183130548841e-15,2.490301530527067e-13,0.9341803789138794
Wrong 4.4335544124862736e-09,0.8228325247764587,2.3126966921388492e-12,6.679358672059821e-13
Correct 1.4352679201384833e-12,1.0343777463522278e-14,0.9996527433395386,1.3586250714072551e-15
Correct 0.9999997615814209,4.396994764901682e-18,3.468509657057918e-16,1.9305179210614968e-16
Correct 1.2971992924271092e-10,2.3895244465213366e-17,0.9999781847000122,3.6722282658295524e-13
Correct 5.103070692928516e-15,0.9996516108512878,6.436870181563813e-16,3.476243597261942e-16
Correct 1.0,8.794168200815676e-18,3.7841552606249265e-18,1.5364770690331632e-17
Correct 0.9999999403953552,7.328092825268661e-19,2.5266256625850607e-18,3.3550567654291154e-18
Correct 2.163969838875346e-06,8.330205828518261e-14,4.76112094194292e-10,0.9877033829689026
Correct 0.9999997615814209,8.522553520516539e-18,3.323699713255241e-17,2.887144226196295e-17
Wrong 0.9999998211860657,4.972426184028585e-17,7.840155488631525e-16,1.0523015564391919e-13
Wrong 0.9999969601631165,3.6286861681872175e-17,1.1242085973755091e-15,2.717556133466706e-15
Correct 0.9999971389770508,2.087944900378282e-18,1.3987523573109212e-16,8.73966808266864e-17
Correct 8.803098766434203e-13,1.6314076486750005e-14,3.9369923337043145e-13,0.9993094205856323
Correct 0.9999985098838806,2.965327881856929e-16,1.0003486754228685e-11,1.5375602785889136e-16
Correct 9.7203036161027e-15,7.306314032415686e-16,2.305722150006324e-15,0.9967263340950012
Correct 0.005060179159045219,1.9670471645299482e-14,3.3597475929819653e-12,0.9949095845222473
Correct 1.2047733477515976e-08,3.1304925303079394e-15,0.9999819993972778,5.396268501489665e-12
Wrong 0.9875680208206177,1.593307191911919e-12,1.859519265998144e-12,4.145367067763929e-16
Wrong 8.570602560986629e-11,1.9770632613685946e-12,0.002054066164419055,0.11570823192596436
Wrong 2.5676585423822784e-12,0.9994716644287109,1.215103863881628e-13,3.232622299725353e-14
Correct 6.388890423783067e-15,0.9999889135360718,2.6491120596802958e-15,3.427275934366901e-15
Correct 8.507366496381466e-14,0.9940207004547119,6.177279147185841e-14,6.421734549829326e-15
Correct 0.01683826558291912,1.1425211362929566e-13,0.4275324046611786,6.749163944733128e-14
Correct 2.3940005590438775e-14,9.107197001971261e-17,0.9999837279319763,7.91104886406404e-15
Wrong 3.6998995447262706e-14,4.482904509167966e-15,2.5041383897028702e-14,0.9262782335281372
Correct 7.854369064863587e-12,3.619797417673621e-15,3.6948078602737355e-14,0.9925360083580017
Correct 2.174225209594649e-12,0.8596501350402832,3.8228494263388424e-13,2.03080011574458e-14
Correct 3.4865698923889493e-14,0.9892752170562744,3.63965076881443e-14,1.3924709197927609e-14
Correct 1.1527105658881709e-11,8.244751046162027e-14,2.6502275851311707e-13,0.9850412011146545
Correct 0.9999603033065796,6.045009446757925e-16,2.3712676770472297e-15,3.1777866149178833e-15
Correct 1.0,3.2883642428674736e-19,9.845587551264479e-18,4.4202476391011605e-18
Wrong 0.001674380269832909,4.273142603650193e-11,1.3193599546212909e-09,2.514563671217676e-14
Correct 9.864087360256235e-07,9.643066732678562e-05,4.73139214439422e-13,1.5351528642043588e-12
Correct 3.2889451517803536e-07,0.020317712798714638,1.138007656859008e-12,1.636397350360686e-14
Correct 3.5525961529790694e-15,0.9999727606773376,1.6361079827300804e-15,2.436855784434394e-13
Correct 9.750585755474717e-13,8.543113319634671e-15,0.9999668598175049,7.592884654350485e-15
Correct 3.5517846530639524e-14,1.2033184967988556e-17,0.9999998211860657,1.2131913937180435e-16
Correct 3.0807407735977677e-09,0.9956372976303101,3.1480187380472646e-12,1.942995460704755e-13
Wrong 0.9999240636825562,6.742054564272762e-16,6.431049540556871e-14,3.3402984627173282e-06
Wrong 0.9966756105422974,3.0673678234302863e-16,7.075951775706855e-17,2.4953556215398206e-16
Correct 1.9615370458014696e-14,7.494702365516719e-17,0.9999926090240479,2.293357321860983e-16
Wrong 0.9999733567237854,2.7196135968243773e-12,1.060398581551221e-13,4.7811215164901555e-14
Correct 7.075909106422137e-15,8.697315773561435e-16,0.9998486638069153,5.665988143245635e-16
Correct 0.9999999403953552,5.146024263079374e-17,1.7251248721487418e-16,6.5199216296932e-17
Correct 1.4703595008214165e-09,0.8740720152854919,5.193986112317361e-07,3.445480123431821e-09
Correct 2.6658532423663034e-15,1.588604733921724e-16,0.9999960660934448,6.950651449134057e-18
Correct 0.9927489757537842,1.1782130887518383e-14,1.3267582731513617e-14,7.839778630967797e-13
Correct 2.3191901957902994e-12,3.575545028377267e-15,0.9912869930267334,6.481281304834483e-14
Wrong 0.999931812286377,1.945012433227335e-18,4.740191587459627e-17,1.0982705427064511e-15
Wrong 0.311733216047287,1.0763650379885803e-06,1.2193226428536263e-09,1.99616646996692e-12
Wrong 4.040448964987009e-12,1.817488971077156e-15,0.9996352195739746,1.8072710008761907e-15
Correct 1.442879266617073e-17,2.1745218625887214e-19,1.0,3.267553412631405e-19
Correct 0.999964714050293,9.15947266601502e-18,1.747826413926341e-16,2.3622562721924035e-17
Correct 0.9912616014480591,5.38106281755546e-10,4.8705640215418455e-12,2.262128032364929e-14
Correct 6.321175814770832e-14,1.9935231698238074e-15,0.9944381713867188,4.398913939728091e-16
Correct 3.3805918405339225e-14,0.9986823797225952,6.220966396099786e-14,8.567926302791538e-15
Wrong 1.7275798033875717e-13,0.9998255372047424,1.2250465399044064e-13,3.650677850297601e-12
Wrong 0.999992847442627,3.4240234887857046e-13,2.9851166890871575e-15,3.527317500224559e-17
Correct 1.0,1.4527014160056808e-18,1.7283986741833957e-11,3.245489455466107e-17
Correct 2.921612130284308e-14,1.1966124443112147e-15,3.103582717090144e-15,0.9999991059303284
Wrong 0.9999890923500061,1.2918993945367635e-13,9.328047740426917e-15,7.901828063400229e-15
Correct 1.3420530962579558e-12,0.9683615565299988,7.174882704023139e-14,1.8133141743790354e-13
Wrong 0.9294542670249939,2.49367126476047e-14,0.0010714068775996566,7.740325602689779e-10
Correct 1.5188960928846224e-13,1.542916570840215e-15,6.819542895880951e-14,0.9999987483024597
Correct 0.9999998807907104,3.813742683955336e-17,2.652822487505743e-16,1.6293555551885773e-17
Correct 1.0,4.0587161256214304e-20,3.887095923303196e-19,3.535779909442737e-19
Correct 0.08847463130950928,0.011434043757617474,2.141023469626191e-10,9.00273171983157e-12
Correct 0.9999999403953552,2.2684144101365795e-18,3.086521223601176e-17,3.0617544434446034e-17
Correct 0.9999952912330627,1.7125322053754795e-17,3.530673537405809e-17,5.556722745934402e-17
Correct 1.080908418771287e-06,0.010649122297763824,7.935942181180877e-11,9.011827742377854e-12
Correct 0.9997458457946777,7.860698684580402e-16,2.308140164372939e-16,1.1384624413421249e-16
Correct 2.4670146481220456e-10,0.6546275019645691,3.0539559596476362e-12,6.475845033826477e-12
Wrong 5.010745724592924e-12,0.554445207118988,3.7628677773682284e-07,2.900069290615037e-12
Wrong 0.9999997615814209,1.8435648935932695e-17,8.875617532447445e-17,4.479763036020167e-17
Correct 1.5256391527711244e-13,4.184173718613238e-08,0.9985164403915405,9.481237884102593e-15
Correct 5.497339316207217e-06,0.6754851937294006,1.3204433380042957e-10,3.3560652087233356e-12
Correct 0.9999998807907104,3.644949138735954e-19,1.078007499596156e-17,7.36082963538379e-18
Wrong 0.754115641117096,1.3215275228295464e-13,4.2431128122188966e-07,7.818912618057228e-13
Correct 1.9586134797355825e-11,1.5318463796151933e-15,4.576990387850132e-15,0.9999854564666748
Correct 1.0,1.9837559187580936e-19,2.7016309082067e-16,1.785981674779901e-14
Wrong 0.005588149186223745,3.7010141479276726e-11,4.2551059897810717e-10,6.252853790300605e-09
Correct 4.0484778196514526e-07,8.015803298899726e-11,2.775857044223784e-10,0.9835444092750549
Correct 0.9999966025352478,5.399748019345724e-17,6.357138440843174e-16,1.3230228472660584e-16
Correct 1.711338644579119e-12,2.6546137504309493e-15,1.0,1.744569386955691e-14
Correct 0.03732294589281082,3.893904987404932e-14,1.019276026428817e-12,0.9625715613365173
Correct 0.9999278783798218,2.5390977264250127e-16,1.0335556241145567e-16,2.4360164637221246e-16
Correct 7.784267119781418e-10,0.34658515453338623,9.577613013789232e-08,4.57707873338653e-12
Correct 3.7517664214052615e-14,0.999971330165863,4.3865186713362085e-16,1.3416301758837652e-16
Correct 0.9981598258018494,5.622086425589444e-16,5.860359398278392e-14,1.222787858787917e-14
Correct 0.9999644160270691,1.337330663113282e-15,3.031997845135315e-15,2.3637889055185663e-16
Wrong 0.9994726777076721,9.01468434405181e-14,3.680068836470207e-12,0.0003300981188658625
Wrong 0.633810818195343,9.069622386448373e-09,0.18444938957691193,9.144663636106998e-05
Wrong 0.90742427110672,5.099898801874669e-12,2.6077421466652595e-07,2.135355016722948e-13
Correct 5.644383072912762e-13,0.5078130960464478,4.762583556694455e-13,1.6289404111062382e-14
Correct 1.9966311917876346e-17,4.1528463066496386e-19,0.9999999403953552,3.484152206992064e-19
Correct 0.9999804496765137,5.4557845427625164e-17,2.6443537462199763e-16,3.6503694837179885e-16
Correct 0.9930485486984253,6.348317271170911e-12,2.856256084513703e-13,4.335993844246759e-14
Wrong 0.9999999403953552,4.609107862198043e-18,1.527692477102299e-16,2.5988556361560076e-16
Wrong 1.0978258504091426e-15,9.720285404894334e-18,1.4487019431500664e-15,0.9998461604118347
Correct 0.9999865889549255,5.2797486797284726e-18,3.0615195903250874e-16,4.370100393491562e-17
Correct 6.078326860933791e-13,0.9999232888221741,5.3947640218975426e-14,2.334139283764747e-13
Correct 0.9980272054672241,0.0001023770819301717,6.632379645488129e-10,1.0473537998250543e-13
Correct 8.956343479360473e-12,4.164259608256844e-14,4.424632318519861e-13,0.998826801776886
Correct 0.9999317526817322,1.5422737522425878e-16,6.478637905588515e-16,5.459248047248949e-16
Correct 0.9999975562095642,1.7131795569228635e-17,1.117990952026189e-15,3.444763395431087e-14
Correct 9.031740633158591e-12,2.533347828551034e-17,1.3753933591475749e-15,0.9991879463195801
Correct 0.9995555877685547,6.25474340717646e-17,1.015000851244249e-15,1.658646947121366e-16
Correct 1.0,8.024540002870005e-17,8.257330861857293e-16,2.8881973263777483e-16
Correct 0.9989995360374451,2.7629129478471607e-16,3.374333961119608e-14,2.0450308198298678e-16
Wrong 3.05138608824862e-10,9.304212131647227e-13,0.9960010051727295,6.38232617255173e-14
Correct 2.578329836146285e-14,8.973554724356988e-18,1.0,1.8863799275351368e-17
Correct 1.2274598384150875e-14,0.9999991655349731,6.029121226249802e-15,3.643631349328075e-13
Wrong 7.195768503623357e-14,0.9967939257621765,3.225935821639728e-14,1.0393654998621348e-14
Wrong 0.9999882578849792,2.9994461233327774e-13,2.7995368610117533e-12,2.71755719225789e-15
Correct 9.23941270714046e-11,6.4797952702318196e-15,2.9873133589215783e-13,0.9964526295661926
Wrong 0.9999992847442627,6.981918876288562e-18,9.450868906912824e-13,5.318880423159248e-19
Correct 0.9796096682548523,0.00011010462912963703,2.4117549624058654e-10,8.607689214179537e-12
Correct 2.1208503906528474e-14,3.081174204666581e-11,2.8823471387440236e-13,0.9999979734420776
Correct 2.973978756402179e-14,3.432770690035299e-16,0.9999778270721436,6.861760966147884e-16
Correct 2.0981053006075e-10,0.9108200669288635,3.5828722801112267e-12,2.5157409141995934e-11
Wrong 0.9897673726081848,6.130630400037751e-13,1.6844104236413138e-11,5.998401103081419e-13
Wrong 3.679496377723135e-12,0.9998940229415894,9.26792415598468e-14,1.868432031272224e-14
Correct 2.8652942648740853e-14,1.297012847736043e-14,1.0,8.69091864447169e-12
Wrong 0.9999996423721313,4.624566957947985e-17,5.321782276145661e-17,3.093199548994684e-17
Correct 0.9999379515647888,5.571885959179234e-16,1.0489641956726842e-17,3.1492651891690384e-17
Correct 1.4209371560511361e-15,3.530164490456844e-18,1.0,8.216171611891185e-18
Correct 1.1199411352729588e-13,1.003690843816036e-15,0.9999821186065674,1.886296972569354e-14
Correct 0.9999998807907104,3.651049492355956e-18,1.415520433293004e-17,2.9870430769285077e-18
Wrong 0.9999998807907104,4.70332290678722e-18,4.0688604049899605e-17,6.991699128979144e-17
Correct 2.137993124554094e-12,8.632338932557104e-08,0.9998112916946411,8.456788803848196e-15
Correct 0.9999992847442627,9.581103788231008e-19,2.132097319934525e-18,1.322555299968425e-18
Correct 1.7860516397013443e-14,5.624386140720755e-19,1.0,3.3928626417355453e-18
Correct 1.6521031504651562e-12,1.490378357023054e-14,0.9999125003814697,3.345585662889797e-14
Correct 0.9999909996986389,1.4772780686984582e-17,1.3257263382056777e-16,5.394892138277793e-17
Correct 8.909885329533296e-11,0.9723787307739258,2.1091219320080318e-13,6.738616283898102e-13
Correct 8.697945860195073e-15,4.453654238037788e-16,1.1277843469623431e-15,0.9992187023162842
Wrong 0.9899541139602661,0.002574668498709798,5.88399880034618e-13,4.5057794301195386e-13
Correct 1.21635712613255e-09,1.2188646901674371e-13,0.9959926009178162,1.1835756712815643e-13
Correct 0.562568724155426,1.1599833316111585e-09,0.13155022263526917,1.443082431329401e-09
Correct 0.9999852776527405,1.3135228599106216e-17,5.974601818250881e-17,7.043971649736575e-17
Wrong 3.1616301243708733e-10,7.083266609697603e-06,2.477076974528175e-13,6.184014753182407e-14
Correct 2.1757109189366602e-13,8.336352683089015e-17,4.2497159682119425e-16,0.9999990463256836
Wrong 3.64249959472593e-15,0.99997478723526,1.1782296058943098e-15,3.9003868752700602e-16
Correct 4.929863572522444e-16,2.5147804362133013e-18,1.0,1.1264703780039282e-18
Correct 2.6601589786750916e-14,2.5587510083836806e-14,0.9999983906745911,6.748887208481348e-17
Wrong 0.9999231696128845,1.434426577517911e-09,7.284875014421793e-14,1.9516459032632022e-14
Correct 3.5955023403033692e-09,4.512150269847699e-14,1.120115736275018e-10,0.8633713126182556
Correct 2.2333433713495054e-11,0.9453644752502441,4.337917015612841e-13,4.8613748389238903e-14
Correct 0.9999987483024597,1.6784230819446104e-17,2.1912520661064586e-17,4.86339021353205e-17
Wrong 0.9977050423622131,2.3129140950032233e-14,7.166965133365011e-06,6.536971688237379e-15
Correct 1.461239289290983e-11,0.8791140913963318,9.985715726523736e-11,3.6874518195839645e-13
Correct 3.4078329151024993e-17,1.3461565206033646e-18,1.0,1.0790125447199233e-18
Correct 5.05984753544908e-05,9.877570766522736e-13,0.9835460782051086,7.531230413609924e-13
Correct 2.524858360580806e-12,0.023697171360254288,6.46749838471676e-14,1.0642481091272665e-14
Wrong 1.0,4.760038131896612e-18,2.0472235763720724e-16,1.1421788480290399e-17
Wrong 3.1373227583550434e-13,0.9987918138504028,5.680878944341883e-13,1.517178174542319e-13
Wrong 0.0013790971133857965,0.7143942713737488,2.2459627907478463e-11,1.8144746816162183e-10
Correct 3.4755729110685918e-12,0.029311932623386383,5.902898070515861e-14,2.2773705596573594e-14
Correct 0.9999984502792358,1.6537109577470121e-18,3.6216852423548137e-17,4.6167904675732514e-17
Correct 1.0,5.29369122254336e-19,2.6435011546190057e-17,3.4634164744158576e-17
Correct 2.409259645830427e-15,1.0328536951903564e-17,7.849775135934374e-16,0.9999011754989624
Wrong 0.9999997615814209,1.0113992671525237e-15,3.788275235497816e-15,2.3405492331216645e-16
Wrong 4.747978811329989e-13,1.368888891128961e-10,2.1652069650017133e-14,0.9414628744125366
Wrong 4.0111558519129176e-09,0.004978579469025135,0.0010763236787170172,4.293751985906535e-12
Wrong 0.9311920404434204,5.7737056407853194e-15,0.06851809471845627,5.81800368515753e-14
Correct 1.3295582690364682e-10,2.876410318698036e-13,2.582177093674032e-12,0.9331966042518616
Correct 1.4799040465307556e-11,0.006797545589506626,9.89005562558945e-14,1.0031516226418138e-13
Correct 0.09272345900535583,2.949061481127835e-11,1.934645586093575e-12,0.8527091145515442
Correct 0.9999992847442627,3.071090334710122e-17,4.407614523195944e-18,1.933944797990406e-17
Wrong 0.999997615814209,1.4470333676533143e-17,5.377067851915153e-16,1.8990654701475765e-16
Wrong 0.9915375113487244,8.6582962479341e-14,6.913900563176867e-09,2.455105685265392e-14
Correct 8.285422857783747e-14,0.9953067898750305,3.4736932975247894e-14,4.19582920382737e-14
Correct 2.6916201540283687e-14,1.9896167332804094e-16,4.0253234408966815e-16,0.9999923706054688
Correct 1.3774096151993953e-15,1.3954950524075853e-17,0.9999998807907104,8.082316384900017e-15
Correct 0.9890118837356567,3.1383884206703794e-12,4.555418000283529e-13,1.0277112158925102e-15
Correct 0.9840736985206604,0.014491553418338299,7.139362423913553e-05,1.5369299583012364e-11
Wrong 0.9999983906745911,1.4764410280930035e-16,6.752637711553112e-16,6.507993023515695e-17
Correct 1.0,1.879363269761458e-19,1.698315741700745e-18,6.626790490382422e-19
Wrong 0.0358869843184948,3.2449999718547895e-12,8.065717338467948e-07,2.869210979916659e-10
Correct 0.9999744296073914,2.9097298965136877e-17,2.3374271226176443e-16,4.372143728127915e-16
Wrong 0.986474335193634,0.0025626407004892826,1.6828605566357457e-12,1.1945449512364148e-13
Wrong 1.5068608860691057e-10,1.9321946386624544e-14,3.1877319252131275e-14,0.8498570919036865
Correct 1.7073162883463056e-09,3.2357158943341346e-06,1.7857637590878994e-10,0.0008558713598176837
Correct 1.2647808489418821e-07,0.0003632177540566772,7.150436687197725e-08,1.8082224086113374e-12
Correct 0.7419570684432983,0.00948707852512598,4.5137844040255004e-07,4.174553112079593e-07
Correct 3.8240114200172037e-13,0.997138500213623,3.7218431190710194e-14,2.4402787123368845e-14
Wrong 0.007982670329511166,0.9373493790626526,2.344294480760567e-10,9.023742853202926e-14
Correct 1.0,3.858578768287854e-18,4.543851583673734e-18,2.7331228239076454e-18
Correct 0.9956685304641724,4.087202988166047e-14,3.959656417567404e-16,2.350791449640745e-16
Correct 2.634830830079704e-14,1.6824219708107122e-16,0.9999517798423767,2.7179345454358917e-15
Correct 1.1643645235807042e-15,1.5640938503594506e-16,3.883634151760146e-17,0.9999985098838806
Correct 1.9344932827933953e-13,1.009932947241708e-15,5.0156475754094525e-15,0.9944300651550293
Correct 3.348662435955315e-16,5.329747198263934e-18,1.5879947378508028e-16,0.9999998211860657
Correct 0.9999396800994873,1.2751198141813802e-07,1.4084605481912149e-08,3.16586139898975e-13
Correct 0.9999999403953552,6.0569332552878764e-18,4.112748623058554e-17,2.036370271903662e-17
Correct 0.9999961256980896,4.445957487874105e-17,9.70557019266926e-17,2.820852383719519e-16
Wrong 8.965446440800662e-12,2.6313932315665672e-14,0.9998112916946411,2.7450132146717224e-14
Correct 2.3021826564217918e-05,1.4445278750940815e-08,0.9928337931632996,1.1195730974244977e-11
Correct 1.6915054175115074e-06,6.248014692428194e-12,3.823678873526859e-11,0.15817993879318237
Correct 3.6834113537054236e-09,3.308768370402504e-08,6.414278885813474e-09,0.6730137467384338
Correct 4.0943319430284284e-17,8.303482619347083e-20,0.9999988079071045,2.5083311157723785e-18
Correct 0.9999997615814209,1.5823771557876082e-17,3.374973661577198e-16,1.5308065958504619e-13
Correct 3.291796835114269e-09,0.9994168281555176,2.892209854856581e-13,6.517761590857374e-13
Wrong 4.288196020496571e-09,4.2806949651641446e-10,0.7078477740287781,5.836971184169926e-11
Wrong 0.9996078014373779,3.774489774281253e-15,4.855230123111329e-14,1.5552532595108914e-09
Wrong 0.8998766541481018,1.060834493166185e-11,1.9519902139109035e-07,1.714745695696046e-13
Wrong 0.005349189508706331,1.9239884140628653e-14,3.7254444321122016e-12,7.67371222121227e-10
Correct 1.5238973277709178e-11,2.607812003721597e-15,0.9532737135887146,2.1265198362787046e-15
Wrong 0.9999974966049194,7.78782671959244e-17,1.886081249159556e-16,1.4689236106861216e-16
Correct 0.9999911785125732,3.5045129992761153e-19,3.632437928573513e-18,1.8084560810330995e-18
Correct 2.568630419474971e-09,0.006289833690971136,6.98096788709357e-11,1.1656234788146036e-12
Correct 9.139285389340112e-16,5.264717567227465e-18,0.9999994039535522,3.025462059504962e-17
Wrong 1.0,5.003576813280597e-17,1.603926448206811e-15,4.4575723667783507e-10
Correct 0.9999956488609314,4.294310135302513e-17,4.2808822808083685e-16,1.2668192995399794e-16
Correct 0.9999999403953552,4.356270181803859e-19,3.277876264784549e-18,4.579305785498676e-18
Wrong 0.6432294845581055,0.0007695128442719579,1.4967131267001887e-12,7.578691146870042e-12
Wrong 7.367902435362339e-05,5.280664685906877e-13,1.9965532861970087e-13,0.9998324513435364
Correct 0.9999823570251465,1.7175686871026552e-14,5.765058027316916e-14,3.795609185568323e-14
Correct 9.57979355564742e-14,4.363607687427511e-18,0.999998927116394,1.009502551934107e-17
Correct 1.3853096797401994e-16,5.4678081919924034e-18,0.9999678134918213,3.351450299317415e-17
Wrong 1.0,4.844398201597795e-21,3.704810454832312e-20,8.059931566443061e-20
Correct 0.007695645093917847,3.850345064483618e-13,0.9923040866851807,1.4160527405607942e-13
Correct 4.000507390633512e-12,0.9898096323013306,6.87156765950131e-13,9.689835332770194e-14
Correct 0.9999163746833801,7.623759746431733e-16,8.441431884756239e-16,3.8034121907212835e-16
Wrong 0.021927928552031517,8.041324767518732e-13,2.856545555651735e-10,0.0003489385126158595
Correct 0.9999203085899353,1.6342702487980611e-18,6.48136128195006e-18,2.792850020422496e-18
Correct 0.9998114109039307,7.841823571790377e-14,2.2456122451461856e-15,1.5583656577047454e-16
