grade confidence_levels
Wrong -5.533801555633545,-5.745842456817627,-6.655573844909668,-6.4871134757995605
Wrong -5.869142532348633,-5.844626426696777,-6.920126438140869,-6.907492637634277
Wrong -4.501803874969482,-4.988760948181152,-5.786267280578613,-5.521387577056885
Wrong -5.396031856536865,-5.636516094207764,-6.754370212554932,-6.6825666427612305
Wrong -5.9170756340026855,-6.007498741149902,-6.9856157302856445,-7.009268760681152
Wrong -5.4395833015441895,-5.537532806396484,-6.466353893280029,-6.542703628540039
Wrong -5.044480323791504,-5.344899654388428,-6.524392604827881,-6.28131628036499
Correct -5.747163772583008,-5.797523498535156,-6.631491661071777,-6.501468181610107
Wrong -5.081562519073486,-5.42176628112793,-6.543250560760498,-6.236871719360352
Correct -4.978786945343018,-5.127423286437988,-5.832540035247803,-5.998005390167236
Wrong -5.72280740737915,-5.803627014160156,-6.754946231842041,-6.638648509979248
Wrong -5.218369483947754,-5.333961009979248,-5.941638469696045,-6.1821441650390625
Wrong -4.814874649047852,-5.253965854644775,-6.571568012237549,-6.5501179695129395
Correct -4.718087196350098,-5.284267902374268,-5.836977481842041,-5.977200031280518
Correct -5.701751708984375,-5.741540431976318,-6.405942440032959,-6.564050674438477
Wrong -4.58096981048584,-5.118340969085693,-5.8689703941345215,-5.887310028076172
Wrong -5.853950023651123,-5.676549434661865,-6.831376075744629,-6.586705684661865
Wrong -5.803393840789795,-5.5072431564331055,-6.625785827636719,-6.660208702087402
Correct -5.024548530578613,-5.486762523651123,-6.696568012237549,-6.470250606536865
Wrong -4.807310581207275,-5.305064678192139,-6.344127178192139,-6.11732816696167
Wrong -5.397752285003662,-5.417608261108398,-6.269031524658203,-6.229249000549316
Correct -5.590144634246826,-5.895051002502441,-6.928492069244385,-6.789187431335449
Wrong -5.748561382293701,-5.582976341247559,-6.840130805969238,-6.582700252532959
Wrong -5.380453109741211,-5.427948951721191,-6.6395263671875,-6.379599571228027
Correct -4.838078022003174,-5.0871992111206055,-5.866714954376221,-6.032172679901123
Correct -5.157379627227783,-5.562169075012207,-6.4400763511657715,-6.545701503753662
Wrong -5.175736427307129,-5.375950813293457,-6.6427693367004395,-6.377670764923096
Wrong -4.664186477661133,-5.305988788604736,-5.958883762359619,-6.245842456817627
Wrong -5.414344310760498,-5.55389928817749,-6.34937047958374,-6.538689136505127
Wrong -5.985480785369873,-6.351766586303711,-7.428128719329834,-7.127001762390137
Wrong -5.139492988586426,-5.285183429718018,-6.248653411865234,-6.3141770362854
Wrong -5.7078471183776855,-5.65716552734375,-6.801301002502441,-6.581500053405762
Wrong -4.675905227661133,-4.981484889984131,-6.373365879058838,-6.258321762084961
Wrong -5.745659351348877,-6.00775671005249,-6.961664199829102,-7.170316219329834
Wrong -5.417496204376221,-5.623805999755859,-6.704408645629883,-6.699198246002197
Wrong -4.71768856048584,-5.056782245635986,-6.338221073150635,-6.000580787658691
Correct -5.88685941696167,-6.458475112915039,-7.405118942260742,-6.998807907104492
Correct -4.822758197784424,-5.3346452713012695,-6.279702663421631,-6.118523597717285
Wrong -4.4471659660339355,-4.899410247802734,-5.896387577056885,-5.755377292633057
Correct -4.506565093994141,-5.085339069366455,-5.666157245635986,-5.972350120544434
Wrong -5.08514404296875,-5.422914981842041,-6.270200252532959,-6.406758785247803
Correct -5.371015548706055,-4.946423530578613,-5.656733989715576,-6.059700965881348
Correct -5.030781269073486,-5.253017902374268,-6.080507755279541,-6.186017036437988
Correct -5.546098709106445,-5.7273783683776855,-6.657753944396973,-6.8895263671875
Wrong -5.694118499755859,-5.830508232116699,-6.528266906738281,-6.933483600616455
Wrong -5.433249473571777,-5.597778797149658,-6.31248140335083,-6.084958076477051
Correct -5.539731502532959,-6.05470609664917,-6.907683849334717,-7.007699012756348
Wrong -5.1506853103637695,-5.358674049377441,-6.4399824142456055,-6.322224140167236
Wrong -3.773041009902954,-4.360961437225342,-5.201373100280762,-5.166316509246826
Wrong -5.118317127227783,-5.484286785125732,-6.071885585784912,-6.101687908172607
Wrong -5.111926555633545,-5.165774345397949,-6.132289886474609,-5.956488609313965
Wrong -5.289291858673096,-5.958604335784912,-6.810166835784912,-6.7208943367004395
Wrong -4.638972759246826,-5.092750072479248,-5.887984275817871,-5.930261611938477
Wrong -4.946442127227783,-5.245528697967529,-6.194055080413818,-6.303430080413818
Correct -5.588652610778809,-5.739504337310791,-6.421544075012207,-6.433927059173584
Correct -6.452693462371826,-6.521498203277588,-7.4805498123168945,-6.859870433807373
Wrong -5.494734287261963,-5.673967361450195,-7.027836322784424,-6.8160295486450195
Wrong -4.603157997131348,-5.436799049377441,-6.48426628112793,-6.384526252746582
Wrong -5.752959251403809,-5.871637344360352,-6.912158489227295,-6.97658109664917
Wrong -5.177117347717285,-5.118954658508301,-6.123815536499023,-6.189526557922363
Wrong -5.29010009765625,-5.857954025268555,-6.997959136962891,-6.847299575805664
Wrong -4.966700077056885,-5.357057094573975,-6.041450023651123,-6.390190601348877
Wrong -5.396803379058838,-5.786101341247559,-6.794904708862305,-6.650554656982422
Wrong -5.363658428192139,-5.658412456512451,-6.759814739227295,-6.725475311279297
Correct -5.027651309967041,-5.273866653442383,-6.539974689483643,-6.044515609741211
Wrong -5.263606548309326,-5.582165241241455,-6.662930011749268,-6.638225078582764
Correct -4.94420051574707,-5.480032444000244,-6.142508029937744,-6.336546897888184
Wrong -5.270875453948975,-5.2473554611206055,-6.4556074142456055,-6.234858989715576
Wrong -5.1627702713012695,-5.64654016494751,-6.592492580413818,-6.597781658172607
Wrong -5.036492347717285,-4.972938060760498,-5.882136344909668,-6.116127014160156
Wrong -5.302318572998047,-5.4698710441589355,-6.76369571685791,-6.549523830413818
Wrong -4.894096374511719,-5.183067321777344,-5.965883731842041,-6.056421279907227
Correct -4.536089897155762,-5.147674560546875,-5.982827663421631,-5.883847236633301
Wrong -5.957956314086914,-6.152468681335449,-7.225106716156006,-6.728084087371826
Wrong -5.417035102844238,-5.523416996002197,-6.346206188201904,-6.346126556396484
Wrong -4.967115879058838,-5.32580041885376,-6.440170764923096,-6.494800090789795
Correct -5.072999000549316,-5.651667594909668,-6.787086009979248,-6.592593193054199
Correct -5.1721649169921875,-5.6373090744018555,-6.579977512359619,-6.710261344909668
Wrong -5.2049784660339355,-5.212021827697754,-6.109498977661133,-5.727170944213867
Wrong -5.504950046539307,-5.519060134887695,-6.510353088378906,-6.723814010620117
Wrong -5.032403469085693,-5.32619571685791,-6.662543773651123,-6.612176418304443
Wrong -5.12061882019043,-5.295130252838135,-6.097635746002197,-5.876039981842041
Wrong -5.948713302612305,-5.863542556762695,-7.108179569244385,-6.782126426696777
Wrong -4.964535713195801,-5.386818885803223,-5.938833236694336,-6.283411502838135
Wrong -5.035665035247803,-5.4899516105651855,-6.614701747894287,-6.5079665184021
Wrong -4.706002712249756,-5.1704511642456055,-5.939661502838135,-5.860012531280518
Wrong -5.265354156494141,-5.476551055908203,-6.5517683029174805,-6.412656784057617
Wrong -5.619672775268555,-5.691368103027344,-6.535826683044434,-6.5220465660095215
Wrong -5.335629940032959,-6.164349555969238,-6.89556884765625,-7.268568515777588
Wrong -6.181971073150635,-6.436680793762207,-7.735831260681152,-7.097840785980225
Correct -5.511483192443848,-5.769198894500732,-6.617803573608398,-6.730469226837158
Wrong -5.224705696105957,-5.445672988891602,-6.399011135101318,-6.619889259338379
Wrong -5.848741054534912,-6.0669965744018555,-7.1808085441589355,-6.9366841316223145
Wrong -4.706686496734619,-5.503761291503906,-6.368099689483643,-6.445004940032959
Wrong -4.599515438079834,-5.104122161865234,-6.00006628036499,-6.193500995635986
Wrong -4.863223552703857,-5.282589912414551,-6.054253101348877,-5.864203929901123
Wrong -4.827198505401611,-5.378087520599365,-6.1241841316223145,-6.112791538238525
Wrong -5.435634136199951,-5.7306227684021,-6.653133869171143,-6.710292816162109
Correct -5.608114242553711,-6.064469337463379,-7.060497283935547,-7.030893325805664
Wrong -4.835252285003662,-5.363865852355957,-6.577446937561035,-6.320821762084961
Wrong -5.915949821472168,-6.134164810180664,-7.153453826904297,-7.094900608062744
Correct -5.03195333480835,-5.283290386199951,-5.946076393127441,-5.759852886199951
Correct -5.017536640167236,-5.05360746383667,-6.475268840789795,-6.424609184265137
Wrong -4.356307506561279,-5.057830810546875,-6.279208183288574,-6.034850120544434
Wrong -5.213489055633545,-5.590481281280518,-6.256639003753662,-6.261246204376221
Wrong -5.555612564086914,-5.979955673217773,-6.882395267486572,-6.942519664764404
Correct -5.260779857635498,-5.51146125793457,-6.658161640167236,-6.374476909637451
Wrong -4.5526347160339355,-5.015264511108398,-5.647587776184082,-6.017478942871094
Correct -5.0264506340026855,-5.670315742492676,-6.9541120529174805,-6.915568828582764
Wrong -4.731238842010498,-5.301090717315674,-6.14850378036499,-6.104618549346924
Wrong -5.729408264160156,-6.1519670486450195,-7.178281784057617,-6.838456630706787
Wrong -5.068859100341797,-5.45296573638916,-6.4740705490112305,-6.356939792633057
Correct -5.764129161834717,-6.096837043762207,-7.140677452087402,-6.967710494995117
Wrong -4.8090057373046875,-5.251911640167236,-6.051063060760498,-6.136411190032959
Wrong -5.218811988830566,-5.497876167297363,-6.673490047454834,-6.706172466278076
Wrong -4.763314247131348,-5.092403411865234,-6.541350841522217,-5.9391584396362305
Correct -5.631023406982422,-5.847644805908203,-6.973658561706543,-6.933011531829834
Wrong -5.783790588378906,-5.759703159332275,-6.826315402984619,-6.666105270385742
Wrong -4.988657474517822,-5.604240417480469,-6.214069843292236,-6.421351909637451
Wrong -4.611842632293701,-5.033276557922363,-5.879670143127441,-5.940201759338379
Correct -4.498775959014893,-5.115511417388916,-6.156192779541016,-6.0016770362854
Correct -5.151567459106445,-5.84478759765625,-6.703104496002197,-6.533010482788086
Wrong -4.568606376647949,-5.1986799240112305,-6.2315521240234375,-6.121026039123535
Wrong -5.2218403816223145,-5.648135185241699,-6.511416435241699,-6.277396202087402
Correct -5.052328109741211,-5.4162068367004395,-6.778156757354736,-6.653271675109863
Correct -5.121356964111328,-5.275860786437988,-5.972253799438477,-5.551339626312256
Wrong -5.324408531188965,-5.951385021209717,-6.870749473571777,-7.007439136505127
Wrong -5.391580104827881,-5.477996349334717,-6.677943706512451,-6.5051469802856445
Correct -5.029966354370117,-5.469973087310791,-6.107827663421631,-6.499692440032959
Wrong -4.570867538452148,-5.038417816162109,-5.992474555969238,-5.983698844909668
Wrong -5.743272304534912,-5.907583236694336,-6.685632705688477,-6.778847694396973
Correct -4.724710464477539,-5.227136611938477,-5.9330549240112305,-6.082134246826172
Wrong -4.617003917694092,-5.136651992797852,-5.755012035369873,-6.249226093292236
Wrong -5.2924299240112305,-5.848700046539307,-6.784193515777588,-6.564115047454834
Correct -4.803013324737549,-4.990866661071777,-5.685968399047852,-5.8464789390563965
Correct -5.585087299346924,-5.797383785247803,-6.437068462371826,-6.857356071472168
Correct -5.400997161865234,-5.6847147941589355,-6.463040351867676,-6.58876371383667
Wrong -6.158179759979248,-6.153850078582764,-7.414370059967041,-7.037318706512451
Wrong -5.715816497802734,-5.677962303161621,-6.425019264221191,-6.418637752532959
Wrong -5.107006072998047,-5.233218193054199,-6.075748443603516,-5.663589954376221
Wrong -5.139780521392822,-5.35271692276001,-6.7276611328125,-6.452236652374268
Wrong -5.330355167388916,-5.47548246383667,-6.717645168304443,-6.6075544357299805
Wrong -5.590327739715576,-6.0206522941589355,-6.930793285369873,-6.743908405303955
Correct -5.062065124511719,-5.215993404388428,-5.912539005279541,-6.139691352844238
Correct -5.595015525817871,-5.806730270385742,-7.046975135803223,-6.981524467468262
Wrong -4.941339492797852,-5.418981075286865,-6.605095386505127,-6.4297590255737305
Wrong -5.5323486328125,-5.861341953277588,-6.607809066772461,-6.55249547958374
Correct -4.775728702545166,-5.0770182609558105,-5.963296413421631,-5.975030899047852
Wrong -4.932558536529541,-5.535730361938477,-6.712447166442871,-6.508386611938477
Correct -5.524362564086914,-5.8597917556762695,-7.126865386962891,-6.992312431335449
Wrong -5.330163955688477,-5.557228088378906,-6.885297775268555,-6.568697452545166
Wrong -5.849185943603516,-6.265042781829834,-7.109940528869629,-7.116532325744629
Correct -5.378528594970703,-5.755130290985107,-6.948967456817627,-6.605217456817627
Wrong -5.703210353851318,-5.919308662414551,-6.8135833740234375,-6.791089057922363
Wrong -5.235976219177246,-5.448113918304443,-6.438641548156738,-6.522655963897705
Wrong -5.73716926574707,-5.562833309173584,-6.399938106536865,-6.183970928192139
Wrong -5.181197166442871,-5.812541961669922,-6.947739601135254,-6.796230316162109
Correct -5.14437198638916,-5.44423246383667,-6.17881965637207,-6.350039005279541
Wrong -5.668926239013672,-6.003894805908203,-7.111860275268555,-6.990821838378906
Correct -5.116368770599365,-5.131197452545166,-6.236344337463379,-6.412107467651367
Correct -4.777627944946289,-5.134661674499512,-6.028008460998535,-5.681785583496094
Correct -5.30421257019043,-5.601089954376221,-6.621470928192139,-6.334780693054199
Wrong -5.062329292297363,-5.236960411071777,-5.728113174438477,-6.102535247802734
Wrong -4.891361236572266,-5.1536054611206055,-5.859604358673096,-6.085394859313965
Wrong -5.344059467315674,-5.03716516494751,-5.902625560760498,-6.049262523651123
Correct -5.268001556396484,-5.442070960998535,-6.44257116317749,-6.503893852233887
Wrong -5.842668533325195,-6.008843421936035,-7.2555766105651855,-7.114290237426758
Wrong -4.6533379554748535,-5.1270833015441895,-6.206492900848389,-6.039643287658691
Wrong -5.4751386642456055,-5.812347888946533,-7.058727741241455,-6.557308197021484
Correct -5.869643688201904,-6.202653884887695,-7.419389247894287,-6.776136875152588
Wrong -6.009113788604736,-6.175629138946533,-6.653271675109863,-6.931121349334717
Wrong -4.40518856048584,-4.8618316650390625,-5.801158428192139,-5.843705177307129
Wrong -5.751149654388428,-6.092555999755859,-7.027528285980225,-6.803966045379639
Correct -5.18756103515625,-5.19896125793457,-6.365704536437988,-6.294098377227783
Correct -5.131386756896973,-5.540774345397949,-6.625616073608398,-6.273719310760498
Wrong -4.947604656219482,-5.309816837310791,-6.133397102355957,-6.227669715881348
Wrong -5.871120929718018,-6.167292594909668,-6.884068012237549,-6.817075252532959
Wrong -5.1771955490112305,-5.398292541503906,-6.382111549377441,-6.252496719360352
Wrong -4.798734188079834,-5.234858989715576,-5.968683242797852,-5.983851909637451
Correct -5.0678300857543945,-5.078649997711182,-5.8571271896362305,-5.905943870544434
Wrong -5.441338539123535,-5.652469158172607,-6.24139928817749,-6.2892165184021
Correct -6.119527816772461,-5.9649457931518555,-6.8462653160095215,-7.171785831451416
Correct -5.992124080657959,-6.3047404289245605,-7.337367057800293,-7.326841831207275
Wrong -4.826418876647949,-5.415078639984131,-5.960236549377441,-6.035970211029053
Correct -5.38585090637207,-5.664393424987793,-6.518392086029053,-6.52932596206665
Wrong -5.545590877532959,-5.536272048950195,-6.359475135803223,-6.60438871383667
Wrong -4.743871212005615,-5.181910037994385,-5.711861610412598,-5.822168827056885
Wrong -5.8037943840026855,-6.41544771194458,-7.375927925109863,-7.0900373458862305
Correct -4.560490131378174,-4.981027126312256,-5.719323635101318,-5.830684661865234
Wrong -5.084578037261963,-5.519223690032959,-6.458029270172119,-6.490145683288574
Wrong -5.339511394500732,-5.524721145629883,-6.425721645355225,-6.657602310180664
Wrong -6.071263313293457,-5.886387825012207,-6.793891906738281,-7.06732177734375
Wrong -5.155651569366455,-5.766133785247803,-6.6026611328125,-6.494867324829102
Wrong -4.399480819702148,-4.975305080413818,-5.643391132354736,-5.82205867767334
Correct -5.381465911865234,-5.749368190765381,-6.471874713897705,-6.679343223571777
Wrong -5.124507904052734,-5.468811988830566,-6.293250560760498,-6.183535575866699
Correct -4.8299784660339355,-5.481503486633301,-6.632036209106445,-6.247950077056885
Wrong -6.010830402374268,-5.9297685623168945,-6.533205032348633,-6.8516154289245605
Wrong -4.823786735534668,-5.207695960998535,-6.267913341522217,-6.105993747711182
Wrong -5.356441497802734,-5.749729156494141,-6.614791393280029,-6.684633731842041
Correct -4.79860258102417,-5.065730094909668,-6.010771751403809,-6.035963535308838
Correct -4.736667156219482,-5.130789279937744,-5.966189861297607,-6.41521692276001
Wrong -5.805167198181152,-5.949727535247803,-6.983698844909668,-6.817075252532959
Correct -5.4687886238098145,-5.5924201011657715,-6.627410411834717,-6.573444843292236
Wrong -5.845972537994385,-5.946454048156738,-7.092492580413818,-7.001529693603516
Wrong -5.129514694213867,-5.349185943603516,-6.651525020599365,-6.319786071777344
Correct -5.095452785491943,-5.2369513511657715,-6.194055080413818,-6.219899654388428
Wrong -5.08608865737915,-5.630949020385742,-6.1914777755737305,-6.280145168304443
Wrong -5.844674110412598,-6.09478759765625,-6.81450891494751,-6.826386451721191
Wrong -4.525669574737549,-5.254991054534912,-6.446119785308838,-6.114095211029053
Correct -6.0009026527404785,-6.138604640960693,-6.694878101348877,-6.824528217315674
Correct -4.970862865447998,-5.279205322265625,-6.621440410614014,-6.3227949142456055
Wrong -5.394832134246826,-5.635689735412598,-6.951122283935547,-6.627324104309082
Correct -5.096542835235596,-5.44256067276001,-6.392806053161621,-6.598240852355957
Wrong -3.8669161796569824,-4.534183502197266,-5.594398498535156,-5.612061500549316
Wrong -5.1342244148254395,-5.782399654388428,-6.99525260925293,-6.709454536437988
Correct -5.268374443054199,-5.814999103546143,-6.831879138946533,-6.876352310180664
Wrong -4.906464576721191,-5.278359889984131,-6.426114559173584,-6.333116054534912
Wrong -5.936934947967529,-6.043299674987793,-6.879220485687256,-6.767744541168213
Correct -4.910183429718018,-5.150847911834717,-6.026159286499023,-6.155818462371826
Wrong -4.719071388244629,-5.137872219085693,-5.997694969177246,-6.007754325866699
Wrong -5.699505805969238,-6.098424434661865,-7.0195841789245605,-6.715635299682617
Wrong -4.654212474822998,-5.22239875793457,-6.146243095397949,-6.102046489715576
Wrong -6.178753852844238,-6.052948951721191,-7.03510046005249,-6.876615047454834
Correct -4.935061931610107,-5.305047988891602,-6.166179656982422,-6.391432285308838
Wrong -5.361751556396484,-5.716001510620117,-6.778550624847412,-6.605954647064209
Wrong -5.726408958435059,-5.514077663421631,-6.519752502441406,-6.48021125793457
Correct -4.958626747131348,-5.383337497711182,-6.115777969360352,-6.13983154296875
Wrong -4.3235321044921875,-4.883121967315674,-5.742416858673096,-5.803140163421631
Wrong -5.0339884757995605,-5.382791996002197,-6.434287071228027,-6.666733264923096
Correct -5.4899396896362305,-5.650847911834717,-6.452236652374268,-6.438605785369873
Correct -5.989366054534912,-6.682631015777588,-7.6622419357299805,-7.5040602684021
Correct -5.510492324829102,-5.666224956512451,-6.836071491241455,-6.793153285980225
Wrong -6.373029708862305,-6.401956081390381,-7.3895978927612305,-7.3114728927612305
Wrong -4.835873126983643,-5.1231770515441895,-5.714067459106445,-6.072687149047852
Wrong -5.8409271240234375,-5.8328471183776855,-7.207010746002197,-6.930182933807373
Wrong -5.859735488891602,-5.714261531829834,-6.360525608062744,-6.598120212554932
Wrong -4.88345193862915,-5.218442440032959,-6.202446937561035,-6.150585651397705
Wrong -6.008625507354736,-5.885904312133789,-7.083500862121582,-6.856868743896484
Correct -4.463484287261963,-5.038917541503906,-6.009993553161621,-6.002559661865234
Wrong -4.971891403198242,-5.267361164093018,-6.203058242797852,-6.253838539123535
Wrong -4.7305073738098145,-5.0733256340026855,-5.9854960441589355,-6.189681053161621
Wrong -5.455870151519775,-5.701406478881836,-6.888906478881836,-6.721569061279297
Correct -5.395089626312256,-5.73041296005249,-6.434544563293457,-6.720917701721191
Wrong -5.555988788604736,-5.674487590789795,-7.1680498123168945,-6.306623458862305
Wrong -4.809281349182129,-4.7816619873046875,-5.952360153198242,-5.61850118637085
Wrong -5.312979698181152,-5.549163341522217,-6.552328109741211,-6.405473709106445
Correct -5.54044246673584,-5.723665237426758,-6.754908561706543,-6.926324844360352
Wrong -5.646771430969238,-5.7174201011657715,-6.90150260925293,-6.464407444000244
Correct -4.4735589027404785,-5.078406810760498,-6.632247447967529,-6.21990442276001
Wrong -5.640558242797852,-6.126503944396973,-7.354742527008057,-7.0635576248168945
Correct -5.22720193862915,-5.3839216232299805,-6.413264751434326,-6.684637546539307
Wrong -4.652774810791016,-4.914017677307129,-5.908179759979248,-5.957058429718018
Correct -5.318939208984375,-5.191348075866699,-5.992696762084961,-6.098801136016846
Wrong -5.277405738830566,-5.580242156982422,-6.298385143280029,-6.3507466316223145
Wrong -5.229355335235596,-5.744214057922363,-6.591610908508301,-6.768757343292236
Correct -5.433281898498535,-5.609708309173584,-6.213118553161621,-6.264002323150635
Wrong -5.67177677154541,-5.830846786499023,-6.907399654388428,-6.809231281280518
Wrong -5.136842727661133,-5.494349002838135,-6.19298791885376,-6.356084823608398
Wrong -5.485696315765381,-5.861415386199951,-6.610357761383057,-6.75770378112793
Wrong -5.93663215637207,-6.181656837463379,-7.118300914764404,-6.928072452545166
Correct -5.412768840789795,-5.538705825805664,-6.74335241317749,-6.411363124847412
Wrong -4.278602600097656,-4.680771827697754,-5.440406322479248,-5.585625648498535
Correct -5.3582682609558105,-5.641680717468262,-6.83119010925293,-6.634145736694336
Wrong -4.936131000518799,-5.376537322998047,-6.218811988830566,-6.341938495635986
Wrong -4.68449592590332,-5.311350345611572,-6.373134136199951,-6.190328598022461
Wrong -5.858273983001709,-5.80019474029541,-6.5707621574401855,-6.8814215660095215
Wrong -5.296112060546875,-5.493115425109863,-6.505016326904297,-6.498495578765869
Wrong -4.968498706817627,-5.230755805969238,-6.42491340637207,-6.504719257354736
Correct -5.3579230308532715,-5.678799152374268,-6.186338901519775,-6.457252502441406
Wrong -5.572242259979248,-5.668971061706543,-6.482293128967285,-6.830892086029053
Wrong -5.224193572998047,-5.536660194396973,-6.513479232788086,-6.364896297454834
Correct -5.746453285217285,-5.629937171936035,-6.715787887573242,-6.901913166046143
Wrong -4.842406749725342,-5.009920120239258,-5.964785575866699,-5.75311279296875
Correct -5.414636135101318,-6.010313034057617,-7.017081260681152,-6.8125529289245605
Correct -4.389270305633545,-4.794569969177246,-5.571859359741211,-5.665215969085693
Correct -6.440751075744629,-6.5364670753479,-7.051965236663818,-6.351524353027344
Correct -5.873826503753662,-6.057492733001709,-6.975279331207275,-7.005326747894287
Wrong -5.519375324249268,-5.683539390563965,-6.927225112915039,-6.759767532348633
Wrong -5.903341770172119,-5.956698894500732,-7.116425514221191,-6.940774440765381
Wrong -4.990505695343018,-5.4127326011657715,-6.082131385803223,-6.103492259979248
Wrong -5.4141011238098145,-5.490983009338379,-6.1099653244018555,-6.494214057922363
Wrong -4.990828037261963,-5.473797798156738,-6.364336967468262,-6.308693885803223
Correct -5.535438060760498,-6.0089569091796875,-7.237555027008057,-6.860871315002441
Wrong -5.947957992553711,-6.003894805908203,-7.058582305908203,-6.908541202545166
Wrong -5.129480361938477,-5.542292594909668,-6.313539981842041,-6.224539279937744
Correct -5.418527126312256,-5.630688667297363,-6.9181227684021,-6.604175090789795
Wrong -5.343046188354492,-5.6150641441345215,-6.161111354827881,-6.430261135101318
Wrong -4.6860480308532715,-5.023719310760498,-5.581760406494141,-5.936215877532959
Wrong -5.304251194000244,-5.638002395629883,-6.475003242492676,-6.876352310180664
Wrong -5.852227210998535,-5.864238739013672,-6.7219929695129395,-6.679877281188965
Wrong -4.462100982666016,-4.862473011016846,-5.474854469299316,-5.39627742767334
Correct -4.734204292297363,-5.157266139984131,-5.934178352355957,-6.141961097717285
Wrong -5.029212474822998,-5.211528778076172,-5.998452663421631,-5.927913188934326
Wrong -5.659095764160156,-5.9375810623168945,-7.039854049682617,-6.867321491241455
Wrong -4.149688720703125,-4.2553300857543945,-5.361855506896973,-5.181612968444824
Correct -5.230700969696045,-5.506391525268555,-6.745791435241699,-6.749612331390381
Correct -4.546566963195801,-4.821397304534912,-6.036068439483643,-5.917192459106445
Wrong -5.586158752441406,-6.105345726013184,-7.147804260253906,-7.069591045379639
Wrong -5.181624412536621,-5.527839183807373,-6.26733922958374,-6.468028545379639
Correct -4.547306060791016,-5.157787322998047,-5.8585968017578125,-6.131136417388916
Wrong -4.166353702545166,-4.935968399047852,-5.933286190032959,-5.8385515213012695
Wrong -5.904720306396484,-6.028148174285889,-6.6591572761535645,-6.912275791168213
Correct -5.881924152374268,-6.055615425109863,-7.190149307250977,-6.940680027008057
Wrong -5.560314655303955,-5.8153791427612305,-6.927732467651367,-6.837088108062744
Correct -5.374500274658203,-5.529505252838135,-6.822200298309326,-6.780605316162109
Correct -4.814700126647949,-5.161870002746582,-5.804619789123535,-6.023617744445801
Wrong -4.927102565765381,-5.216109275817871,-6.65241003036499,-6.221578598022461
Wrong -5.880908489227295,-6.059067249298096,-6.776113986968994,-7.090514183044434
Wrong -5.161590099334717,-5.4595465660095215,-6.738399982452393,-6.480164051055908
Wrong -5.1850199699401855,-5.315517902374268,-6.345096111297607,-6.1125030517578125
Correct -5.840607643127441,-5.946596145629883,-6.881620407104492,-6.990766525268555
Wrong -5.331386566162109,-5.698131561279297,-6.786585807800293,-6.77482271194458
Correct -5.476474285125732,-5.493115425109863,-6.873495578765869,-6.450725078582764
Wrong -4.957245826721191,-5.444611549377441,-6.319878101348877,-6.4636759757995605
Wrong -5.221578598022461,-5.473797798156738,-6.697355270385742,-6.611095905303955
Wrong -5.118294715881348,-5.6942138671875,-6.667914390563965,-6.782177925109863
Wrong -4.965076446533203,-5.294515609741211,-5.921309947967529,-6.0089111328125
Wrong -6.242099285125732,-5.970751762390137,-7.272031784057617,-7.09937047958374
Wrong -5.94837760925293,-5.971200466156006,-6.749489784240723,-6.9847917556762695
Wrong -5.278157711029053,-5.459418773651123,-6.314267158508301,-6.413731575012207
Wrong -5.413174152374268,-5.771878719329834,-6.796815395355225,-6.825502395629883
Correct -5.322168827056885,-5.476231575012207,-6.335049152374268,-6.156186580657959
Wrong -5.5915021896362305,-5.6427106857299805,-7.280684947967529,-6.676013469696045
Wrong -5.357182502746582,-5.785628318786621,-6.834990501403809,-6.879857063293457
Correct -6.165945529937744,-6.138720512390137,-7.129918575286865,-7.250359535217285
Correct -4.756699085235596,-5.228972911834717,-5.952794075012207,-6.295986652374268
Wrong -5.597129821777344,-5.622038841247559,-6.849416732788086,-6.546854496002197
Wrong -5.308358192443848,-5.755406856536865,-6.864071369171143,-6.804877281188965
Correct -5.402839183807373,-5.251791477203369,-6.318296909332275,-6.186871528625488
Wrong -5.140211582183838,-5.458367347717285,-6.380770683288574,-6.55470085144043
Wrong -4.875321388244629,-5.300134181976318,-6.830671787261963,-6.332060813903809
Wrong -4.876163482666016,-5.249941825866699,-6.100203037261963,-6.1088361740112305
Wrong -4.862942218780518,-5.441783428192139,-6.111492156982422,-6.458968162536621
Wrong -5.472295761108398,-5.766926288604736,-6.707364559173584,-6.796348571777344
Wrong -4.891607761383057,-5.534393310546875,-7.18333625793457,-6.321648597717285
Wrong -5.152286529541016,-5.5958943367004395,-6.4520263671875,-6.479367256164551
Correct -4.60076904296875,-5.076101779937744,-6.141002178192139,-6.436821937561035
Correct -4.340271472930908,-4.7154927253723145,-5.589301109313965,-5.75001335144043
Wrong -4.370601654052734,-4.399726867675781,-5.487742900848389,-5.405941963195801
Wrong -7.08794641494751,-7.019379138946533,-7.950791835784912,-7.947797775268555
Wrong -5.778844356536865,-5.903840065002441,-6.759511947631836,-6.718597888946533
Wrong -4.790648937225342,-5.158927917480469,-6.095351219177246,-6.0862274169921875
Wrong -5.291445255279541,-5.5314040184021,-6.49026346206665,-6.861794471740723
Wrong -5.7371039390563965,-5.854824066162109,-6.806217193603516,-6.474002361297607
Wrong -4.960501194000244,-5.127734184265137,-6.274449825286865,-6.310686111450195
Correct -4.746212959289551,-5.280473709106445,-6.078406810760498,-5.650934219360352
Wrong -4.915533542633057,-5.440232753753662,-6.249037265777588,-6.262758731842041
Correct -5.353322982788086,-5.674166202545166,-6.987924575805664,-6.778352737426758
Wrong -5.938169002532959,-6.152141094207764,-7.0117998123168945,-6.977128028869629
Wrong -5.388648509979248,-5.646718978881836,-6.545487880706787,-6.604185581207275
Wrong -5.496048927307129,-5.422980785369873,-6.637860298156738,-6.77626371383667
Wrong -5.546733856201172,-5.805151462554932,-6.536540985107422,-6.752324104309082
Correct -5.1966047286987305,-5.291811943054199,-6.30475378036499,-6.669515609741211
Correct -5.321072578430176,-5.431689739227295,-6.447603702545166,-6.60329532623291
Correct -5.128841876983643,-5.605032444000244,-6.30193567276001,-6.2674078941345215
Wrong -4.974002361297607,-5.417242527008057,-6.411266326904297,-6.318753242492676
Wrong -4.771473407745361,-5.396753787994385,-6.021890163421631,-6.24220085144043
Wrong -4.98030948638916,-5.643012523651123,-6.57970666885376,-6.591726779937744
Wrong -5.487975120544434,-5.745662212371826,-6.738563060760498,-6.629283428192139
Wrong -6.1556806564331055,-5.7056403160095215,-6.6939215660095215,-6.647641181945801
Wrong -5.292566299438477,-5.669668197631836,-6.582338809967041,-6.699526309967041
Wrong -5.180610179901123,-5.070544719696045,-6.157040119171143,-6.583147048950195
Wrong -5.658276557922363,-5.812735080718994,-6.880350112915039,-6.807034969329834
Wrong -4.88592529296875,-5.176588535308838,-6.031479358673096,-6.062781810760498
Wrong -5.795718193054199,-5.939501762390137,-7.114785194396973,-6.816061973571777
Correct -5.285268306732178,-5.543448448181152,-6.724517822265625,-6.478276252746582
Wrong -4.902731418609619,-5.205548286437988,-6.035438060760498,-5.9314703941345215
Wrong -5.3451738357543945,-5.512848377227783,-6.34364128112793,-6.377766132354736
Wrong -5.647932052612305,-5.679238319396973,-6.851551055908203,-6.844235897064209
Wrong -5.668028354644775,-5.812297344207764,-6.980448246002197,-6.835883140563965
Wrong -5.5252203941345215,-5.62103796005249,-6.873048782348633,-6.821946620941162
Correct -4.987942218780518,-5.144908428192139,-6.136287212371826,-5.894058704376221
Wrong -5.598265647888184,-5.894476890563965,-6.975058078765869,-6.886374473571777
Wrong -4.827352523803711,-5.2798004150390625,-6.022914886474609,-6.117616653442383
Wrong -5.472221851348877,-5.705080032348633,-6.953620433807373,-6.339720726013184
Wrong -5.2786359786987305,-5.7066545486450195,-6.232435703277588,-6.410916328430176
Correct -4.838137626647949,-5.266890525817871,-6.2375030517578125,-6.347588539123535
Wrong -5.354408264160156,-5.418121337890625,-6.364290237426758,-6.465953826904297
Wrong -5.02217435836792,-5.411305904388428,-6.569747447967529,-6.344323635101318
Wrong -4.980156898498535,-5.247051239013672,-6.111831188201904,-6.1006693840026855
Correct -4.968779563903809,-4.843105316162109,-5.668158531188965,-5.946269989013672
Correct -5.814996719360352,-6.141680717468262,-6.928740501403809,-6.799962520599365
Wrong -5.266580104827881,-5.812186241149902,-6.573026657104492,-6.643949031829834
Wrong -5.549042701721191,-5.829133987426758,-6.971269130706787,-6.756197452545166
Wrong -4.896778106689453,-4.950441837310791,-5.78114128112793,-5.932110786437988
Correct -4.451418876647949,-4.824161529541016,-6.079107761383057,-6.040147304534912
Wrong -5.947351455688477,-6.214029312133789,-7.055894374847412,-7.098320960998535
Wrong -5.614752292633057,-5.784222602844238,-6.6235504150390625,-6.559231281280518
Wrong -5.695886135101318,-5.5537109375,-6.554922580718994,-6.701839447021484
Wrong -4.661202430725098,-4.980952739715576,-5.698540687561035,-5.858674049377441
Wrong -5.177324295043945,-5.757136344909668,-6.614869594573975,-6.596451759338379
Wrong -4.678493976593018,-5.003129959106445,-5.923176288604736,-6.012872219085693
Wrong -5.082408428192139,-5.419915199279785,-6.656454086303711,-6.337357997894287
Correct -5.603985786437988,-6.005861282348633,-7.132091045379639,-7.131073951721191
Correct -5.515542030334473,-5.347253799438477,-6.407760143280029,-5.763452529907227
Wrong -5.241753101348877,-5.962883949279785,-7.046403884887695,-6.720696449279785
Wrong -4.7514238357543945,-5.333767414093018,-6.135222911834717,-6.402298927307129
Wrong -5.394693851470947,-5.599697113037109,-6.717935562133789,-6.7486090660095215
Wrong -5.536263465881348,-5.488323211669922,-6.390625476837158,-5.933635711669922
Correct -5.285640239715576,-5.847943305969238,-6.799487590789795,-6.70806884765625
Correct -5.256516456604004,-5.520122528076172,-6.785011291503906,-6.469784736633301
Wrong -5.475615501403809,-5.858987331390381,-6.549862384796143,-6.668299674987793
Wrong -5.755171775817871,-5.655287265777588,-6.8761210441589355,-6.884594917297363
Wrong -6.531229496002197,-6.498044967651367,-7.1954665184021,-7.3816609382629395
Wrong -5.339700222015381,-5.55251407623291,-6.483864784240723,-6.6462578773498535
Correct -5.775323390960693,-5.687376976013184,-7.2547221183776855,-6.8302693367004395
Wrong -5.631878852844238,-5.535882949829102,-6.380144119262695,-6.5245819091796875
Wrong -4.951160907745361,-4.969330787658691,-5.997204780578613,-5.630053520202637
Wrong -5.4838361740112305,-5.757758140563965,-6.843729496002197,-6.905488014221191
Wrong -4.361629009246826,-4.955710411071777,-5.883337497711182,-5.976603984832764
Wrong -5.670009136199951,-6.261577606201172,-7.140501976013184,-6.9464335441589355
Wrong -5.892983913421631,-6.012065410614014,-6.970005512237549,-6.905303001403809
Wrong -4.20205020904541,-4.840076446533203,-5.87373685836792,-5.442626476287842
Correct -5.572242259979248,-5.937684535980225,-6.686460494995117,-6.8173933029174805
Wrong -4.908965110778809,-5.159455299377441,-6.400721073150635,-5.993110179901123
Wrong -5.732827663421631,-5.787199020385742,-6.30360746383667,-6.541105270385742
Wrong -5.847133636474609,-6.0810546875,-7.2216796875,-6.302943706512451
Correct -5.579977512359619,-5.828309535980225,-7.126150608062744,-6.876699447631836
Correct -5.259533405303955,-5.44279146194458,-6.579554557800293,-6.639901638031006
Wrong -4.893311500549316,-5.324702739715576,-6.548099040985107,-6.378205299377441
Correct -5.206886291503906,-5.905905723571777,-6.930047035217285,-6.727490425109863
Correct -5.39654016494751,-5.641735076904297,-6.905430793762207,-6.834550380706787
Wrong -5.445807933807373,-5.7296342849731445,-7.037442684173584,-6.56581974029541
Correct -5.4095306396484375,-5.999563694000244,-6.496375560760498,-6.740840911865234
Correct -4.959797382354736,-5.036113739013672,-6.0870208740234375,-6.348016738891602
Wrong -5.799251556396484,-5.954238414764404,-7.100783348083496,-7.020335674285889
Correct -6.065059661865234,-5.990621566772461,-6.5871782302856445,-7.15762996673584
Correct -4.7687530517578125,-5.015971660614014,-5.867977619171143,-6.229408264160156
Wrong -5.151639938354492,-5.458961009979248,-6.370033264160156,-6.141209602355957
Correct -5.808157444000244,-5.77056884765625,-7.1300506591796875,-6.91791296005249
Wrong -5.071940898895264,-5.702448844909668,-6.6182708740234375,-6.7334818840026855
Correct -6.208919048309326,-5.830892086029053,-6.970701217651367,-6.940267086029053
Wrong -5.578458309173584,-5.843729496002197,-6.528850078582764,-6.837289810180664
Wrong -5.4598307609558105,-6.0383992195129395,-7.13396692276001,-6.698782444000244
Wrong -5.3517165184021,-5.411980628967285,-6.625463962554932,-6.479549884796143
Wrong -5.084009647369385,-5.500333309173584,-6.469031810760498,-6.656531810760498
Wrong -4.33486795425415,-5.025486946105957,-6.052290916442871,-5.915605545043945
Wrong -5.372426986694336,-5.933924674987793,-6.672892093658447,-6.512749671936035
Wrong -4.812119483947754,-5.246703147888184,-6.017508029937744,-6.163361549377441
Wrong -4.843476295471191,-5.084138870239258,-5.755035877227783,-5.979903697967529
Wrong -5.342689514160156,-5.405594825744629,-6.568593978881836,-6.533437728881836
Correct -5.650197982788086,-5.6071953773498535,-6.935063362121582,-6.594064235687256
Wrong -5.681188106536865,-5.976797580718994,-6.772716045379639,-6.689840316772461
Wrong -5.301445960998535,-5.459487438201904,-6.426068305969238,-6.504378318786621
Wrong -5.285385608673096,-5.585564136505127,-6.610474109649658,-6.490995407104492
Wrong -5.689681053161621,-6.070010185241699,-7.301549434661865,-6.935544967651367
Wrong -5.219674110412598,-5.802415370941162,-6.975058078765869,-7.067979335784912
Wrong -5.783637523651123,-5.731016159057617,-6.518001556396484,-6.583535194396973
Wrong -5.6704254150390625,-5.772490501403809,-6.826867580413818,-6.983428001403809
Wrong -7.797545433044434,-7.836457252502441,-8.87484359741211,-8.448830604553223
Wrong -5.64166259765625,-5.983925819396973,-6.877866744995117,-6.7618727684021
Wrong -5.24990177154541,-5.388850688934326,-6.230993747711182,-6.3074870109558105
Wrong -5.871709823608398,-5.944679260253906,-7.061778545379639,-6.87885046005249
Wrong -5.498476505279541,-5.927646636962891,-7.373544216156006,-7.028129577636719
Correct -5.713586330413818,-5.7269792556762695,-6.5001540184021,-6.657267093658447
Wrong -5.441979885101318,-5.791563034057617,-6.639368057250977,-6.627001762390137
Wrong -5.806736946105957,-5.805447578430176,-6.363193035125732,-6.437234878540039
Wrong -4.4829230308532715,-5.034633159637451,-5.378307819366455,-5.733851909637451
Wrong -5.297830104827881,-5.5614013671875,-6.68280553817749,-6.510457992553711
Wrong -4.8842363357543945,-5.468777179718018,-6.575765609741211,-6.25405740737915
Wrong -5.381169319152832,-5.682775020599365,-6.66327428817749,-6.613641738891602
Wrong -4.507658958435059,-5.192742347717285,-6.009548664093018,-5.984139442443848
Wrong -5.08873176574707,-5.541485786437988,-6.315730094909668,-6.158746719360352
Correct -5.4666266441345215,-5.547332763671875,-6.4387407302856445,-6.398064136505127
Wrong -5.108601093292236,-5.671153545379639,-6.679922580718994,-6.5703840255737305
Wrong -6.718028545379639,-6.921815395355225,-7.6055498123168945,-7.705610275268555
Wrong -5.063534736633301,-5.398719310760498,-6.3508992195129395,-6.271031856536865
Wrong -5.021461009979248,-5.621328830718994,-6.6378631591796875,-6.4344096183776855
Correct -5.617287635803223,-6.052732467651367,-6.680253028869629,-6.929216384887695
Wrong -5.542697906494141,-6.132801055908203,-7.358211994171143,-7.2099103927612305
Wrong -5.306423664093018,-5.4503397941589355,-6.237649440765381,-6.4654340744018555
Wrong -5.516149997711182,-5.842299938201904,-6.735708236694336,-6.940443515777588
Wrong -5.933719158172607,-5.786585807800293,-6.993709087371826,-6.878251075744629
Correct -4.680118560791016,-5.057817459106445,-5.716780662536621,-6.036421775817871
Wrong -4.703345775604248,-4.956432819366455,-6.1274614334106445,-5.88455867767334
Wrong -5.286703109741211,-5.4488420486450195,-6.636516094207764,-6.859315395355225
Wrong -4.708367347717285,-5.0567731857299805,-5.823057651519775,-5.941638469696045
Wrong -5.244049072265625,-5.883625507354736,-6.7586283683776855,-6.788280963897705
Wrong -4.62590217590332,-5.323455810546875,-6.5799078941345215,-6.377107620239258
Wrong -5.371762752532959,-5.434361934661865,-6.334897994995117,-6.365443706512451
Wrong -5.146803379058838,-5.472512722015381,-6.533898830413818,-6.7247419357299805
Wrong -5.714785575866699,-5.836062908172607,-6.535651683807373,-6.473349571228027
Wrong -5.207524299621582,-5.39832878112793,-6.7198486328125,-6.3703155517578125
Wrong -4.564321994781494,-4.7800726890563965,-5.6934895515441895,-5.472697734832764
Wrong -5.842565536499023,-6.187155723571777,-7.312995433807373,-7.105961322784424
Correct -5.712088108062744,-6.214215278625488,-7.027538776397705,-7.075766086578369
Wrong -5.056199073791504,-5.121883869171143,-6.558322906494141,-6.222385406494141
Wrong -5.397027969360352,-5.772474765777588,-7.005416393280029,-6.831967830657959
Wrong -5.425467491149902,-5.615324020385742,-6.695526123046875,-6.811720848083496
Correct -5.21068000793457,-5.509385585784912,-6.865657806396484,-6.882050514221191
Correct -6.117520809173584,-6.041228771209717,-7.0029296875,-7.118821620941162
Correct -5.384958267211914,-5.377622127532959,-6.115664005279541,-6.367469310760498
Wrong -5.835781574249268,-6.131711006164551,-7.108243942260742,-6.969900608062744
Wrong -6.370461940765381,-6.709531784057617,-7.324403285980225,-7.496424674987793
Wrong -5.108006000518799,-5.497133731842041,-6.988406658172607,-6.527704238891602
Wrong -4.9386091232299805,-5.3377203941345215,-6.499223709106445,-6.274075031280518
Wrong -5.51943302154541,-5.7159423828125,-7.219855785369873,-6.551010608673096
Correct -5.025709629058838,-5.327363014221191,-6.4337477684021,-6.5279340744018555
Wrong -4.9973554611206055,-4.782583236694336,-6.40907621383667,-5.683573246002197
