grade confidence_levels
Wrong 22.921932220458984,8.323441505432129,7.438841342926025,5.711582183837891
Wrong 22.437633514404297,3.636918783187866,19.90633201599121,11.523789405822754
Wrong 23.625019073486328,4.352107048034668,9.765777587890625,21.76563835144043
Wrong 19.328208923339844,9.103025436401367,19.546985626220703,4.430323123931885
Correct 19.984434127807617,20.0009708404541,11.898624420166016,4.231756210327148
Correct 7.773869514465332,4.171798229217529,24.031295776367188,5.242630958557129
Wrong 23.328153610229492,3.9948415756225586,14.937561988830566,6.867356300354004
Correct 27.000003814697266,3.147827625274658,2.8034470081329346,4.2698187828063965
Correct 28.109390258789062,3.6313881874084473,2.2154061794281006,3.5127217769622803
Correct 6.531522750854492,3.6578853130340576,5.824345588684082,27.078128814697266
Correct 4.703438758850098,2.111041307449341,26.859378814697266,6.2032084465026855
Correct 24.0312557220459,1.3915492296218872,19.750011444091797,3.7739617824554443
Wrong 25.718761444091797,3.0745394229888916,8.258069038391113,11.703165054321289
Correct 22.937545776367188,3.0951316356658936,10.063172340393066,5.578474998474121
Correct 4.8544721603393555,22.923992156982422,3.0833935737609863,2.936432123184204
Correct 23.296907424926758,3.494804620742798,3.5364787578582764,12.992249488830566
Wrong 21.828176498413086,0.49724137783050537,19.656410217285156,3.73551607131958
Wrong 22.000102996826172,7.535412311553955,17.890729904174805,9.601886749267578
Wrong 6.273926734924316,23.00115203857422,2.787245035171509,4.37547492980957
Wrong 23.062515258789062,2.879060983657837,4.418921947479248,4.090472221374512
Wrong 21.687549591064453,12.29865837097168,11.539234161376953,12.648513793945312
Wrong 24.546892166137695,13.069872856140137,4.996894359588623,4.083055019378662
Correct 19.765668869018555,3.966823101043701,9.929844856262207,23.500019073486328
Wrong 18.312545776367188,4.709439754486084,8.383387565612793,11.539205551147461
Correct 4.582559585571289,1.5222084522247314,25.96875762939453,4.6955952644348145
Wrong 18.843778610229492,14.287086486816406,21.781286239624023,4.501042366027832
Correct 25.734384536743164,8.098142623901367,4.211794376373291,3.580852746963501
Correct 15.37522029876709,20.818382263183594,2.6640045642852783,2.3365488052368164
Wrong 20.593862533569336,17.93977165222168,7.3720855712890625,3.8988840579986572
Wrong 16.421995162963867,4.113039970397949,7.075272083282471,22.437557220458984
Correct 15.27347469329834,4.614068031311035,16.67189598083496,22.625019073486328
Wrong 24.10939598083496,1.8379942178726196,9.141036987304688,4.375419616699219
Correct 5.394743919372559,1.9218040704727173,26.312503814697266,5.207162380218506
Wrong 19.046918869018555,5.76494836807251,17.312528610229492,6.652576923370361
Correct 24.093767166137695,3.6042025089263916,4.047947406768799,3.940385580062866
Wrong 27.984378814697266,2.2967724800109863,2.0008370876312256,3.859849214553833
Wrong 25.18750762939453,14.289575576782227,3.9870760440826416,5.570488929748535
Correct 5.0080695152282715,3.1734514236450195,25.140628814697266,5.410322189331055
Wrong 6.391030311584473,1.430957317352295,26.390642166137695,4.402711391448975
Wrong 19.937543869018555,13.052270889282227,4.939600944519043,2.7723045349121094
Correct 7.047055244445801,5.786013603210449,6.027489185333252,25.8593807220459
Wrong 19.453197479248047,5.54074764251709,16.125228881835938,4.2674431800842285
Wrong 24.640647888183594,2.581568956375122,3.1874794960021973,4.527985095977783
Correct 8.906718254089355,4.477316379547119,23.76567840576172,14.2422513961792
Wrong 21.640727996826172,2.658827543258667,3.316401481628418,12.87508773803711
Wrong 11.047252655029297,8.808694839477539,5.821549415588379,23.640670776367188
Correct 22.48440933227539,7.16148567199707,18.796926498413086,8.734686851501465
Wrong 24.500017166137695,5.614395618438721,2.622871160507202,3.6336171627044678
Wrong 11.554792404174805,1.0612552165985107,24.765644073486328,13.789093017578125
Wrong 24.812517166137695,10.131741523742676,3.4534876346588135,3.6530072689056396
Wrong 24.59376335144043,3.248990535736084,4.609930038452148,4.910426139831543
Correct 11.679939270019531,20.11078643798828,12.539212226867676,4.7116312980651855
Wrong 20.984416961669922,10.472648620605469,10.90673542022705,4.012820243835449
Wrong 26.468753814697266,2.8839006423950195,1.9388275146484375,5.058792591094971
Correct 5.231006622314453,2.2198731899261475,23.29689598083496,4.457546710968018
Correct 27.296878814697266,2.725740671157837,2.5789074897766113,4.566745758056641
Wrong 22.156286239624023,1.9535863399505615,16.546953201293945,3.742764949798584
Wrong 3.948103189468384,17.002962112426758,24.171897888183594,5.594040393829346
Wrong 12.437582015991211,5.847264766693115,17.98440933227539,24.01563835144043
Wrong 5.848138332366943,3.3962507247924805,4.906458854675293,28.234378814697266
Wrong 24.31252670288086,2.294572591781616,4.091256618499756,4.168487548828125
Correct 10.039295196533203,5.019588470458984,14.125040054321289,26.54688262939453
Wrong 25.296890258789062,8.319975852966309,3.7599477767944336,3.5187697410583496
Wrong 5.711197853088379,3.5874524116516113,3.736593246459961,28.218753814697266
Correct 20.187517166137695,1.9017311334609985,23.593765258789062,4.039762020111084
Wrong 6.633862018585205,24.313425064086914,3.763775587081909,3.191067695617676
Correct 24.265636444091797,3.0967161655426025,5.234827041625977,4.922334671020508
Correct 4.266030788421631,1.5921236276626587,27.46875762939453,5.082258701324463
Correct 5.06670618057251,2.4475173950195312,25.3593807220459,5.273752689361572
Correct 6.05198335647583,23.7503719329834,4.3999552726745605,4.203911304473877
Correct 24.156259536743164,2.5359365940093994,3.270203113555908,4.523763656616211
Wrong 21.625049591064453,15.009488105773926,8.28187084197998,13.93757152557373
Correct 14.648547172546387,2.4627199172973633,5.21165657043457,24.48444366455078
Correct 24.203149795532227,2.24951171875,2.570631742477417,4.488790988922119
Correct 22.578157424926758,5.331090927124023,8.492563247680664,4.496734142303467
Wrong 23.218786239624023,11.936120986938477,3.710965871810913,3.501194715499878
Correct 19.921894073486328,2.244575023651123,20.734399795532227,4.207413196563721
Wrong 22.14067268371582,10.832466125488281,11.52376937866211,5.028502941131592
Correct 7.718916416168213,2.911572217941284,23.82814598083496,5.679903030395508
Correct 25.593753814697266,2.2779715061187744,2.31801700592041,4.281603813171387
Correct 4.929967880249023,3.192782402038574,4.7892351150512695,28.312501907348633
Wrong 7.95746374130249,2.0442497730255127,13.148536682128906,22.85940933227539
Correct 27.296884536743164,1.8860199451446533,2.1068994998931885,3.098745107650757
Wrong 25.234386444091797,6.335559368133545,2.6288464069366455,3.8813836574554443
Wrong 24.75002098083496,3.9998393058776855,7.547878742218018,4.781846046447754
Wrong 5.812854766845703,2.2467432022094727,3.4085960388183594,26.968753814697266
Wrong 6.395576000213623,22.219438552856445,3.5503759384155273,3.8366990089416504
Correct 20.85942268371582,2.8412082195281982,12.586113929748535,6.129828453063965
Correct 25.984384536743164,5.883408546447754,2.3048040866851807,3.9265992641448975
Correct 9.195717811584473,16.505233764648438,6.583378314971924,3.7808523178100586
Wrong 15.820404052734375,10.475924491882324,21.359481811523438,8.047123908996582
Wrong 5.902775287628174,4.993127822875977,3.543356418609619,27.484378814697266
Correct 5.367292404174805,2.9733502864837646,26.953128814697266,5.714967727661133
Correct 7.158471584320068,18.730972290039062,3.8413050174713135,2.9600608348846436
Correct 4.879427909851074,1.1032098531723022,9.218863487243652,27.62500762939453
Correct 10.961121559143066,3.7595014572143555,5.609519958496094,27.390628814697266
Correct 5.227024078369141,1.8186627626419067,3.184382438659668,26.343759536743164
Wrong 24.187511444091797,2.101107597351074,13.007885932922363,4.968984603881836
Correct 14.710968971252441,2.3761119842529297,25.546886444091797,4.289532661437988
Wrong 25.046884536743164,7.5381269454956055,2.652764320373535,4.109969615936279
Wrong 20.015647888183594,7.012138843536377,20.656269073486328,6.429991245269775
Correct 17.796899795532227,1.8375853300094604,19.484437942504883,3.9816017150878906
Correct 5.672139644622803,2.903229236602783,25.328128814697266,5.461090087890625
Correct 24.796890258789062,3.3553757667541504,5.078610897064209,10.14848518371582
Wrong 23.218772888183594,2.3531668186187744,3.6045632362365723,4.465268135070801
Correct 7.848508834838867,22.892127990722656,4.08282995223999,3.6005306243896484
Wrong 24.000036239624023,5.8507161140441895,5.704202651977539,13.570505142211914
Wrong 26.500017166137695,4.001957893371582,5.618124485015869,15.95317268371582
Correct 26.593753814697266,3.2686026096343994,3.7037692070007324,7.253974437713623
Correct 23.453166961669922,3.6384482383728027,3.905726194381714,9.171964645385742
Correct 5.242526054382324,2.2863588333129883,24.812509536743164,4.6722941398620605
Correct 6.859908103942871,22.1882381439209,4.828827381134033,4.840255260467529
Wrong 27.00000762939453,2.587014675140381,2.158515453338623,4.203718185424805
Wrong 24.07813835144043,1.9078041315078735,14.98444652557373,4.527831554412842
Correct 4.969438076019287,24.15653419494629,16.640670776367188,5.031617164611816
Correct 24.359386444091797,4.2930006980896,3.8521180152893066,6.781332015991211
Correct 6.739779949188232,2.612521171569824,4.380094051361084,25.718795776367188
Wrong 21.562536239624023,13.190450668334961,8.07111930847168,7.484602451324463
Correct 11.398601531982422,2.8351099491119385,4.398748397827148,27.9218807220459
Wrong 12.453330993652344,20.69184112548828,2.746415853500366,3.9640960693359375
Correct 5.548235893249512,23.032421112060547,4.66939115524292,4.0088396072387695
Correct 5.586371421813965,2.491103410720825,3.711301565170288,28.484378814697266
Correct 28.0312557220459,1.7094258069992065,1.6606364250183105,2.9657950401306152
Wrong 25.593767166137695,4.744565010070801,2.6724746227264404,3.030425786972046
Wrong 24.734405517578125,11.33458423614502,3.299870014190674,3.979887008666992
Correct 4.695525169372559,1.5991344451904297,25.781261444091797,6.289190769195557
Wrong 23.125017166137695,5.453337669372559,19.078149795532227,17.218765258789062
Correct 14.53928279876709,19.064050674438477,14.929841995239258,9.695603370666504
Wrong 28.0312557220459,2.854036569595337,3.1336910724639893,3.6802327632904053
Wrong 26.968759536743164,6.0716071128845215,2.535738706588745,3.1125502586364746
Wrong 24.453134536743164,2.1144003868103027,1.7449207305908203,3.5494558811187744
Correct 19.35941505432129,19.50149154663086,10.297143936157227,7.496367931365967
Correct 26.640628814697266,2.2762486934661865,1.8087151050567627,3.9436445236206055
Correct 19.60941505432129,2.2523419857025146,21.35940933227539,4.301566123962402
Correct 17.937583923339844,18.72002601623535,16.203231811523438,16.85944366455078
Correct 27.031253814697266,2.807413339614868,1.7964400053024292,4.410536766052246
Wrong 23.609403610229492,8.5883150100708,8.414409637451172,5.707353115081787
Correct 29.765628814697266,2.1877262592315674,2.47798228263855,3.451845169067383
Wrong 23.468769073486328,2.6109535694122314,3.473600149154663,13.218782424926758
Correct 14.937602043151855,3.7278518676757812,8.883026123046875,25.062538146972656
Correct 21.937522888183594,11.11113166809082,11.961023330688477,8.961016654968262
Wrong 9.5394926071167,3.2839760780334473,5.058851718902588,25.92189598083496
Correct 26.750009536743164,1.5623252391815186,3.3900556564331055,4.680034160614014
Correct 20.375028610229492,3.088681221008301,5.73461389541626,25.609390258789062
Wrong 29.125003814697266,5.786479473114014,2.530313730239868,3.477177858352661
Correct 27.921884536743164,2.063119411468506,1.9983474016189575,2.989227771759033
Correct 28.187503814697266,2.7624053955078125,1.5036808252334595,4.063033103942871
Wrong 25.34377098083496,1.8741109371185303,1.2709182500839233,3.3506157398223877
Correct 5.572133541107178,22.033803939819336,3.207390546798706,3.264359712600708
Correct 26.515628814697266,2.381136894226074,1.7104198932647705,3.7098233699798584
Correct 6.457242488861084,3.412729024887085,7.800874710083008,27.406253814697266
Correct 5.097916126251221,2.5052077770233154,26.531253814697266,5.777477741241455
Correct 24.90626335144043,2.700968027114868,9.750208854675293,6.683819770812988
Wrong 23.98439598083496,2.9892618656158447,5.926324844360352,5.261900424957275
Correct 16.421913146972656,6.859129428863525,23.39067840576172,8.039332389831543
Wrong 27.078128814697266,1.981594204902649,4.473001003265381,3.9633214473724365
Correct 26.12500762939453,3.0089218616485596,2.5939435958862305,4.774079322814941
Wrong 16.203216552734375,3.2508432865142822,21.93758201599121,6.922404766082764
Wrong 22.54692840576172,9.662225723266602,8.758432388305664,5.29762601852417
Wrong 25.484394073486328,1.5771528482437134,1.8171786069869995,3.386199712753296
Correct 25.68751335144043,4.0563130378723145,1.7474523782730103,4.184128761291504
Correct 6.340205192565918,10.215612411499023,24.57814598083496,7.738461017608643
Wrong 22.40626335144043,2.461361885070801,5.106451511383057,9.617317199707031
Wrong 21.781265258789062,4.266172409057617,15.132895469665527,6.039482116699219
Wrong 18.70318031311035,13.619606018066406,17.96883201599121,13.289207458496094
Wrong 26.296884536743164,2.3586037158966064,2.21413254737854,4.551617622375488
Correct 26.546886444091797,1.9266002178192139,1.704785943031311,3.670987129211426
Wrong 26.12501335144043,2.2617504596710205,2.9226696491241455,16.156269073486328
Wrong 23.359426498413086,11.504745483398438,3.30419921875,3.461155891418457
Wrong 25.937528610229492,1.8356356620788574,4.8245649337768555,11.703161239624023
Correct 24.32814598083496,1.9724751710891724,2.10183048248291,4.184083461761475
Correct 29.625001907348633,2.594684600830078,3.0378317832946777,3.777801513671875
Correct 26.890628814697266,1.9682257175445557,1.7493996620178223,3.7661590576171875
Wrong 23.56252098083496,2.5702250003814697,3.3782529830932617,4.29736328125
Correct 6.957685947418213,14.973406791687012,3.140507459640503,21.96879005432129
Wrong 24.046897888183594,3.674800157546997,4.388625621795654,5.711487770080566
Wrong 26.5312557220459,3.198967933654785,2.583430051803589,4.76589822769165
Correct 26.593759536743164,2.5503900051116943,2.6245644092559814,4.4029741287231445
Correct 8.39852523803711,1.8776308298110962,25.484376907348633,4.797017574310303
Wrong 24.843759536743164,2.9297704696655273,8.312705039978027,15.32034683227539
Correct 17.26566505432129,2.870722532272339,22.187570571899414,4.747041702270508
Wrong 11.250085830688477,5.040040016174316,22.90627098083496,8.781349182128906
Wrong 24.859384536743164,3.471611976623535,2.19337797164917,4.305046558380127
Wrong 6.672177314758301,22.75020408630371,4.274094581604004,4.969247341156006
Correct 6.6016974449157715,3.064373731613159,4.929889678955078,27.812503814697266
Correct 9.414450645446777,19.92384910583496,6.6960039138793945,3.6223011016845703
Correct 15.765734672546387,1.8973004817962646,20.031511306762695,5.270970821380615
Correct 20.34379005432129,6.661099433898926,13.250181198120117,4.840677261352539
Correct 6.8794074058532715,22.032331466674805,3.755113124847412,3.9742870330810547
Correct 22.28129768371582,15.619146347045898,5.559728145599365,9.156425476074219
Correct 4.531495571136475,1.7820438146591187,26.515634536743164,5.726753234863281
Wrong 23.812509536743164,3.1583950519561768,2.921283721923828,4.605897903442383
Correct 19.35940933227539,5.842206001281738,6.035612106323242,23.57814598083496
Wrong 24.92189598083496,1.7870734930038452,2.24294376373291,3.237264394760132
Wrong 22.671918869018555,5.975454330444336,6.114071369171143,4.910880088806152
Correct 5.430379390716553,24.203643798828125,2.970219373703003,3.9928154945373535
Wrong 23.500057220458984,11.53244400024414,9.781622886657715,5.766317844390869
Correct 25.015644073486328,1.9519084692001343,2.1507763862609863,3.881636619567871
Wrong 27.5468807220459,2.889599084854126,3.0619499683380127,3.494945526123047
Wrong 16.76565933227539,7.88624382019043,21.79691505432129,10.09385871887207
Wrong 21.406272888183594,10.28734302520752,4.001819133758545,4.356132507324219
Correct 24.578149795532227,3.1021392345428467,2.75416898727417,7.515805244445801
Wrong 4.059181213378906,1.802435040473938,25.62503433227539,4.679980278015137
Correct 25.73438262939453,2.310589075088501,2.2337381839752197,3.5280959606170654
Wrong 25.21878433227539,7.537439346313477,5.930192947387695,3.1421079635620117
Wrong 5.380033016204834,2.072874069213867,4.9108567237854,25.906272888183594
Wrong 8.843877792358398,2.3369081020355225,23.828136444091797,4.937662601470947
Wrong 25.093793869018555,15.511765480041504,3.087076187133789,3.5795633792877197
Correct 5.621255397796631,3.1496083736419678,3.7033677101135254,26.875001907348633
Correct 4.603795051574707,1.373734474182129,2.7650911808013916,28.28127098083496
Wrong 26.203144073486328,2.785865068435669,6.824636936187744,3.9168310165405273
Correct 26.765628814697266,2.783966541290283,2.139887809753418,4.441654205322266
Correct 23.203144073486328,3.6033449172973633,2.9046802520751953,4.348371505737305
Wrong 24.281274795532227,4.442692279815674,5.7076945304870605,4.590246200561523
Correct 23.31252098083496,7.150874137878418,1.770426630973816,2.754437208175659
Wrong 6.566520690917969,3.5673670768737793,4.589976787567139,27.875
Correct 4.348012924194336,1.9574708938598633,27.7187557220459,4.859542369842529
Correct 25.640634536743164,2.214191436767578,2.8951261043548584,3.209660768508911
Wrong 7.980677127838135,2.5583066940307617,8.554760932922363,26.9531307220459
Correct 5.2857465744018555,1.6609662771224976,7.086221694946289,25.57813835144043
Correct 27.6250057220459,2.260495901107788,2.216942071914673,3.4226694107055664
Wrong 24.60938835144043,3.6417465209960938,5.0905914306640625,5.308906555175781
Wrong 22.76564598083496,3.621547222137451,10.101719856262207,4.629371643066406
Wrong 24.484386444091797,2.5979361534118652,3.7515106201171875,4.5355424880981445
Correct 24.531267166137695,3.9175784587860107,3.743173599243164,4.254421234130859
Correct 8.086432456970215,5.459052562713623,15.22666072845459,22.76565933227539
Correct 12.875042915344238,1.4678287506103516,24.40628433227539,4.101980209350586
Wrong 7.1725077629089355,23.344127655029297,7.465203285217285,3.8914148807525635
Correct 10.92195987701416,3.397648334503174,6.804891109466553,27.4218807220459
Correct 8.531390190124512,2.4259963035583496,25.5781307220459,6.902400970458984
Correct 7.175909519195557,4.08471155166626,25.40625762939453,4.52752685546875
Correct 5.086160659790039,2.2057924270629883,25.6406307220459,6.218842506408691
Correct 25.437511444091797,2.560502767562866,2.3336191177368164,4.51593017578125
Correct 3.979092836380005,1.5129715204238892,23.390666961669922,11.664093971252441
Correct 22.656259536743164,1.874714732170105,3.258232593536377,21.67188262939453
Correct 27.5000057220459,2.132507801055908,2.0135364532470703,4.062880516052246
Wrong 4.434010982513428,3.353581190109253,24.468786239624023,9.484466552734375
Wrong 24.359392166137695,4.48867654800415,3.69272518157959,4.922220230102539
Wrong 21.203163146972656,5.191030502319336,7.074630260467529,11.578207969665527
Wrong 22.42189598083496,7.322806358337402,11.851679801940918,17.09377670288086
Wrong 26.281267166137695,2.3728997707366943,2.1841301918029785,13.804731369018555
Wrong 24.54689598083496,3.8078536987304688,3.188892126083374,4.953621864318848
Correct 6.430342197418213,22.89445686340332,4.447129249572754,5.1765360832214355
Wrong 10.179736137390137,4.075045108795166,24.375009536743164,9.468779563903809
Wrong 15.898453712463379,5.38050651550293,9.367266654968262,25.2968807220459
Wrong 24.5781307220459,4.129476070404053,3.1186511516571045,4.4456787109375
Wrong 27.296878814697266,2.1220452785491943,1.8082988262176514,4.043398857116699
Wrong 26.343753814697266,2.8197696208953857,16.40626335144043,5.078392505645752
Correct 6.054990768432617,1.829111933708191,3.42629075050354,28.5625057220459
Wrong 25.140634536743164,1.9670686721801758,2.4040844440460205,3.9888484477996826
Wrong 26.687509536743164,1.4138696193695068,1.7278889417648315,4.566952705383301
Correct 8.695465087890625,5.329975605010986,3.840419054031372,23.06251335144043
Correct 24.812511444091797,2.1407275199890137,3.288508415222168,4.914417743682861
Correct 20.250032424926758,3.77372407913208,5.30507230758667,23.437515258789062
Correct 11.500051498413086,3.0954086780548096,5.394652843475342,28.234376907348633
Correct 26.687503814697266,2.3102359771728516,1.125088095664978,3.838373899459839
Wrong 16.23453712463379,7.017196178436279,4.954933166503906,12.531437873840332
Correct 5.961453437805176,1.8125969171524048,4.027739524841309,27.6718807220459
Correct 24.04690170288086,4.546767234802246,2.558889627456665,4.410804271697998
Correct 5.281723976135254,2.1892290115356445,4.515839576721191,28.1718807220459
Correct 29.187503814697266,2.296661138534546,2.045010805130005,3.1181907653808594
Wrong 20.546937942504883,14.354156494140625,14.390801429748535,16.3907527923584
Correct 5.293650150299072,5.943357467651367,4.898784637451172,28.59375762939453
Wrong 6.246660232543945,22.735218048095703,6.371845245361328,6.812652111053467
Wrong 20.640657424926758,15.11583423614502,3.793154239654541,3.538468837738037
Wrong 19.53129005432129,2.3231472969055176,9.492447853088379,5.828724384307861
Correct 4.453603267669678,2.084691286087036,26.28126335144043,5.289381504058838
Correct 24.140674591064453,3.7856218814849854,13.382962226867676,4.571274280548096
Correct 24.12502098083496,2.604304552078247,2.5958549976348877,4.48101806640625
Wrong 4.883129596710205,1.7551043033599854,25.781265258789062,6.742259979248047
Wrong 19.93762969970703,4.132111072540283,9.414896011352539,14.367433547973633
Wrong 26.187515258789062,1.2421826124191284,1.1267790794372559,5.94154691696167
Wrong 25.578134536743164,3.993971347808838,3.100973606109619,3.9889278411865234
Wrong 20.218778610229492,1.6483144760131836,3.1729791164398193,22.53126335144043
Correct 26.48438262939453,2.477407455444336,3.2038729190826416,3.8812415599823
Wrong 22.625015258789062,3.914370536804199,3.341106653213501,16.89066505432129
Wrong 23.375009536743164,8.526320457458496,3.9075565338134766,5.992377281188965
Correct 10.797334671020508,21.56651496887207,3.0074610710144043,2.8645670413970947
Wrong 22.031301498413086,5.458108901977539,10.289416313171387,20.734426498413086
Correct 6.273575782775879,2.9913511276245117,26.187503814697266,6.211013317108154
Correct 25.73438835144043,10.150439262390137,13.63289737701416,7.46890115737915
Wrong 23.218795776367188,4.752227306365967,4.556429862976074,9.156370162963867
Correct 13.00003433227539,2.7184762954711914,4.117461681365967,27.921876907348633
Wrong 24.90626335144043,2.652940273284912,2.26520037651062,5.566745758056641
Correct 24.406280517578125,2.025843858718872,1.478994369506836,3.1106746196746826
Wrong 23.984407424926758,2.736905336380005,2.4923415184020996,15.546917915344238
Correct 4.746331691741943,1.902229905128479,24.578140258789062,5.476781368255615
Correct 17.84377670288086,1.2821279764175415,3.0048770904541016,25.328136444091797
Wrong 23.140657424926758,3.0603740215301514,13.968851089477539,4.18476676940918
Wrong 20.76566505432129,20.173803329467773,4.278542518615723,3.678657293319702
Correct 24.562511444091797,2.4236509799957275,3.0733911991119385,4.504373550415039
Correct 28.031253814697266,3.304466962814331,2.789904832839966,3.9925360679626465
Correct 10.757865905761719,2.7846529483795166,24.281261444091797,7.023541450500488
Correct 4.691908836364746,1.8260860443115234,4.176059722900391,28.562503814697266
Correct 19.921947479248047,3.571094512939453,20.187562942504883,15.671930313110352
Wrong 25.140640258789062,2.7945992946624756,3.546266794204712,9.468818664550781
Wrong 29.3593807220459,1.9333959817886353,2.4816651344299316,4.273833751678467
Correct 6.0119476318359375,2.075272560119629,25.7812557220459,4.543255805969238
Correct 17.734464645385742,3.125351667404175,19.578248977661133,16.953222274780273
Correct 23.546899795532227,3.2186667919158936,3.0894076824188232,6.347853183746338
Correct 8.734505653381348,1.1881994009017944,27.0937557220459,4.70739221572876
Correct 24.265642166137695,2.4050445556640625,2.79673171043396,4.258389472961426
Correct 26.671878814697266,3.15580415725708,3.0986132621765137,4.44952917098999
Correct 7.472982406616211,4.923648834228516,5.2153167724609375,27.109386444091797
Correct 25.23438835144043,2.415419816970825,3.518886089324951,4.695611476898193
Correct 22.51565933227539,3.4223687648773193,9.906521797180176,4.906728267669678
Correct 4.855917453765869,2.7747793197631836,4.172120094299316,28.359378814697266
Wrong 21.031307220458984,18.90835189819336,5.961699962615967,3.034996509552002
Wrong 16.35942268371582,10.685193061828613,15.203174591064453,15.3828706741333
Correct 4.867945194244385,2.380126476287842,4.445586681365967,29.0937557220459
Correct 16.87506866455078,3.7699368000030518,21.687538146972656,17.890661239624023
Correct 8.008127212524414,18.907228469848633,20.23443031311035,6.141158580780029
Correct 6.508452415466309,23.297243118286133,6.031903266906738,4.586715221405029
Wrong 22.156278610229492,20.984996795654297,4.2197747230529785,3.643364906311035
Wrong 19.85941505432129,4.88197135925293,20.76569175720215,7.97674560546875
Correct 5.316813945770264,4.274759769439697,23.9687557220459,5.410493850708008
Wrong 26.6718807220459,1.8824076652526855,1.3823275566101074,3.4421699047088623
Wrong 26.79688262939453,7.87360954284668,2.2788679599761963,3.879453182220459
Correct 21.984424591064453,4.968555450439453,5.223751544952393,21.984407424926758
Correct 16.06262969970703,2.601698637008667,9.617774963378906,21.796985626220703
Correct 5.675975799560547,3.2539572715759277,25.40625762939453,7.086021900177002
Wrong 5.234706878662109,1.2631992101669312,24.95313262939453,4.543248653411865
Wrong 24.50001335144043,4.499619007110596,11.35163402557373,16.140636444091797
Wrong 3.8266663551330566,0.9455662369728088,26.9218807220459,4.523702621459961
Correct 14.828221321105957,16.47921371459961,14.640827178955078,3.7813291549682617
Wrong 21.234477996826172,13.84210205078125,6.173388481140137,4.2001633644104
Correct 6.226930141448975,25.531450271606445,4.793661117553711,5.758018493652344
Wrong 5.203607559204102,2.0472116470336914,25.93750762939453,8.992232322692871
Wrong 20.968812942504883,2.6941022872924805,18.422006607055664,4.013407230377197
Wrong 18.515722274780273,7.003590106964111,6.079563140869141,22.312564849853516
Correct 24.8281307220459,2.4442076683044434,3.0143487453460693,18.95313262939453
Wrong 18.82822036743164,1.0929646492004395,15.781539916992188,3.440225124359131
Correct 17.359394073486328,3.2513740062713623,23.56251335144043,5.9807281494140625
Wrong 22.90627098083496,4.286042213439941,14.695363998413086,5.414312839508057
Wrong 15.460968971252441,3.26177978515625,23.53126335144043,6.316562652587891
Wrong 21.015636444091797,5.8007588386535645,3.9534530639648438,4.2077131271362305
Wrong 27.5156307220459,2.4582064151763916,2.628082513809204,4.08256196975708
Wrong 24.531259536743164,4.925242900848389,3.1561379432678223,6.988509654998779
Correct 25.234386444091797,2.80899977684021,2.119479179382324,4.332479476928711
Wrong 23.125024795532227,2.912465810775757,18.187541961669922,4.582537651062012
Wrong 5.2658867835998535,1.7700899839401245,25.171884536743164,4.949445724487305
Correct 28.0468807220459,1.9185457229614258,1.8373247385025024,3.354581117630005
Wrong 21.12504005432129,6.6624345779418945,15.4844331741333,9.008005142211914
Wrong 25.125011444091797,4.108176231384277,3.526535749435425,3.979034185409546
Correct 16.406269073486328,1.8719978332519531,25.156261444091797,4.5745368003845215
Wrong 4.801324367523193,1.4828218221664429,23.48440170288086,5.312830448150635
Correct 22.09377098083496,2.9883673191070557,3.4207656383514404,22.703147888183594
Wrong 23.328144073486328,2.9192216396331787,3.047335386276245,3.6396219730377197
Correct 21.718828201293945,8.312443733215332,15.36730670928955,11.242335319519043
Wrong 23.46878433227539,3.6855669021606445,6.801485538482666,4.250904083251953
Wrong 5.2079176902771,26.156635284423828,4.45392370223999,4.828468322753906
Correct 25.015636444091797,4.523946285247803,4.47327184677124,5.738495349884033
Correct 12.242368698120117,21.126853942871094,6.356170177459717,3.506762981414795
Correct 4.726729869842529,2.4216971397399902,26.5781307220459,6.093835830688477
Correct 23.312538146972656,6.960219860076904,9.539421081542969,15.789105415344238
Wrong 23.14069175720215,7.558056831359863,6.032932758331299,4.723385334014893
Wrong 14.218982696533203,17.005033493041992,12.01615047454834,20.281402587890625
Wrong 25.062509536743164,2.915586233139038,13.851614952087402,4.102276802062988
Wrong 22.296913146972656,4.897278785705566,7.426393032073975,12.4531888961792
Wrong 21.812591552734375,3.572521448135376,8.961472511291504,9.531514167785645
Wrong 8.063267707824707,7.4498724937438965,19.23444175720215,4.547601699829102
Correct 17.468774795532227,4.536652088165283,6.160424709320068,25.28125762939453
Wrong 12.586115837097168,23.36014175415039,10.820448875427246,5.0277814865112305
Correct 28.1875057220459,2.976184129714966,2.42317795753479,4.215374946594238
Wrong 27.453128814697266,2.843590259552002,3.383481025695801,13.710960388183594
Correct 4.965105056762695,1.7780284881591797,26.234384536743164,5.015830993652344
Wrong 18.343772888183594,2.0901432037353516,24.531259536743164,4.363631248474121
Correct 28.375003814697266,2.024630069732666,1.3215456008911133,3.928156852722168
Correct 4.837165355682373,2.32143497467041,3.528160572052002,27.578136444091797
Correct 6.1452860832214355,24.188486099243164,6.719426155090332,11.68762493133545
Wrong 24.593767166137695,2.8643405437469482,3.1789088249206543,4.547306537628174
Wrong 26.687509536743164,4.668878555297852,2.571704149246216,3.9869768619537354
Wrong 4.328614234924316,2.4071602821350098,13.343796730041504,27.56250762939453
Wrong 25.89063835144043,8.813125610351562,3.4072988033294678,9.539107322692871
Correct 23.062559127807617,8.412237167358398,15.992314338684082,6.355947017669678
Correct 13.015667915344238,3.884154796600342,23.343765258789062,6.441530704498291
Wrong 24.812509536743164,2.5543556213378906,2.9482765197753906,14.179710388183594
Correct 13.664111137390137,3.109079599380493,6.2423996925354,26.796878814697266
Wrong 21.437570571899414,12.426033973693848,5.866036415100098,3.559389352798462
Correct 21.500017166137695,9.70259952545166,12.476629257202148,8.351701736450195
Wrong 20.21881103515625,1.4184035062789917,15.593965530395508,3.634166717529297
Wrong 25.125009536743164,1.3884004354476929,1.6149624586105347,3.9421133995056152
Wrong 23.437543869018555,4.436687469482422,3.8012990951538086,8.79711627960205
Correct 6.4611077308654785,3.474313259124756,3.7951972484588623,26.921878814697266
Correct 16.750043869018555,24.047691345214844,3.8492209911346436,2.9179301261901855
Wrong 27.82813262939453,1.961656928062439,2.060267686843872,3.2350704669952393
Correct 28.296876907348633,2.2117671966552734,2.3877224922180176,3.9749515056610107
Wrong 23.8750057220459,5.701725482940674,6.848020076751709,4.855790138244629
Wrong 26.218761444091797,2.6326167583465576,3.8198025226593018,4.644980430603027
Wrong 23.92193603515625,7.650125980377197,2.1751420497894287,1.9302244186401367
Correct 24.359390258789062,2.7130541801452637,3.5038058757781982,4.504695415496826
Wrong 5.070520401000977,2.490189790725708,3.2854530811309814,26.828126907348633
Correct 6.152594089508057,3.0135653018951416,4.968891143798828,27.906251907348633
Wrong 24.250036239624023,2.7713851928710938,4.958352565765381,13.968815803527832
Wrong 27.3437557220459,3.366581678390503,1.9997261762619019,3.5594496726989746
Wrong 22.984439849853516,19.62678337097168,3.204362154006958,2.6982436180114746
Wrong 4.847860336303711,1.9410579204559326,24.437503814697266,5.3243842124938965
Wrong 4.9026288986206055,1.413734793663025,24.984390258789062,6.308676719665527
Correct 25.84376335144043,2.244030237197876,2.318977117538452,4.579213619232178
Wrong 27.5625057220459,2.1518802642822266,2.1894028186798096,3.186551094055176
Correct 6.442030906677246,24.516313552856445,6.293466091156006,4.305297374725342
Wrong 20.109439849853516,18.313274383544922,12.133010864257812,17.14068031311035
Wrong 22.000057220458984,5.850338459014893,19.484424591064453,9.78162956237793
Wrong 26.859386444091797,2.030120849609375,3.12654709815979,3.7430665493011475
Wrong 25.093761444091797,10.852313995361328,16.578147888183594,11.5391206741333
Correct 28.234378814697266,2.7402851581573486,1.9451957941055298,4.558900356292725
Wrong 9.320579528808594,3.074538469314575,22.375062942504883,5.105877876281738
Correct 27.0937557220459,2.2191061973571777,1.4580687284469604,3.838447332382202
Wrong 24.468765258789062,5.2204976081848145,5.962137222290039,3.590864896774292
Wrong 29.312501907348633,1.5675783157348633,1.7357054948806763,3.703629732131958
Correct 27.671878814697266,2.505598783493042,2.667137622833252,3.586570978164673
Wrong 5.0366291999816895,1.1894252300262451,23.796977996826172,10.5314302444458
Wrong 20.64067840576172,16.845439910888672,20.765674591064453,6.672470569610596
Correct 22.156278610229492,7.9996337890625,9.53937816619873,5.371727466583252
Correct 4.742427825927734,2.878819465637207,25.3593807220459,5.300997734069824
Correct 25.531265258789062,2.8999006748199463,2.5488405227661133,4.274041175842285
Wrong 7.2275614738464355,21.424449920654297,5.2407684326171875,6.360041618347168
Wrong 27.546878814697266,1.818413496017456,4.918392658233643,3.7800302505493164
Wrong 25.8281307220459,3.187554359436035,2.7081058025360107,7.32041072845459
Wrong 6.437832355499268,24.53179359436035,4.735164642333984,4.930148601531982
Correct 26.234386444091797,2.479887008666992,2.18394136428833,4.094788551330566
Wrong 5.91426420211792,1.275223731994629,24.921899795532227,5.101797580718994
Correct 3.9073052406311035,1.3454537391662598,24.875028610229492,5.363723278045654
Correct 17.265647888183594,3.7091448307037354,22.859407424926758,5.059087753295898
Correct 29.265628814697266,1.8517322540283203,1.61048424243927,3.0614047050476074
Wrong 24.93750762939453,2.9565043449401855,2.771059036254883,4.363770008087158
Wrong 26.156272888183594,5.332413673400879,3.4076857566833496,2.9153265953063965
Correct 7.285430908203125,3.9283182621002197,6.88692045211792,26.062509536743164
Correct 8.968974113464355,2.051647663116455,23.734394073486328,4.633378982543945
Wrong 7.422929763793945,12.185803413391113,16.687660217285156,4.5481648445129395
Wrong 23.62502670288086,2.83565354347229,2.115612268447876,5.804937839508057
Wrong 23.578174591064453,9.84769344329834,11.218957901000977,4.606006145477295
Wrong 23.39068603515625,3.760300874710083,3.352551221847534,4.8132548332214355
Correct 24.31252670288086,4.223630428314209,14.039142608642578,13.72661018371582
Wrong 15.179727554321289,4.519347190856934,17.734407424926758,23.125009536743164
Correct 16.828269958496094,12.797948837280273,4.678109169006348,9.0861177444458
Correct 9.461291313171387,18.0793514251709,17.906343460083008,6.820705413818359
Wrong 27.562503814697266,1.7682791948318481,2.45422101020813,6.140748500823975
Correct 5.83693790435791,22.438425064086914,9.43774700164795,4.926158905029297
Correct 23.18754005432129,2.6189932823181152,2.7923104763031006,4.5904340744018555
Wrong 22.67190933227539,4.702233791351318,5.076414585113525,9.000226974487305
Correct 24.843782424926758,4.465728282928467,3.917445421218872,12.859419822692871
Wrong 22.500019073486328,12.952800750732422,1.533779263496399,2.7177796363830566
Correct 24.625011444091797,2.643413782119751,2.2205936908721924,4.391081809997559
Correct 9.007932662963867,2.431946277618408,24.750003814697266,4.875316619873047
Wrong 23.04700469970703,6.553009510040283,4.006486415863037,6.937863826751709
Wrong 25.421892166137695,7.747280597686768,11.195588111877441,3.140636920928955
Wrong 4.293703556060791,1.811460018157959,4.840083599090576,28.6406307220459
Correct 7.766529560089111,11.309585571289062,22.718826293945312,5.676437854766846
Correct 5.449875831604004,3.8515217304229736,22.71878433227539,7.551115989685059
Correct 6.254283428192139,2.412870407104492,2.9225711822509766,26.9375057220459
Correct 23.687519073486328,4.0182037353515625,5.371546745300293,9.42983341217041
Wrong 22.48440170288086,7.168407917022705,10.414246559143066,4.656619071960449
Wrong 25.43752098083496,2.4201626777648926,3.3832929134368896,3.5323004722595215
Wrong 4.848092555999756,5.846463680267334,6.648581027984619,25.156259536743164
Wrong 25.640628814697266,3.609933853149414,3.3523738384246826,5.839994430541992
Wrong 17.125099182128906,15.666461944580078,20.531373977661133,11.054997444152832
Correct 25.39063835144043,3.437108278274536,7.238687992095947,4.219233512878418
Wrong 24.625024795532227,6.925167560577393,2.313504934310913,3.7844648361206055
Wrong 20.09377098083496,6.724720001220703,20.500110626220703,7.5510640144348145
Correct 13.179719924926758,6.45637845993042,24.250015258789062,10.375030517578125
Wrong 22.343761444091797,4.884311676025391,4.367957592010498,18.671918869018555
Correct 5.0552077293396,1.857346534729004,2.756437063217163,28.4687557220459
Wrong 9.570596694946289,18.329994201660156,20.03131866455078,5.70335054397583
Wrong 21.53130531311035,17.50796890258789,5.451642990112305,4.395570278167725
Wrong 6.039525508880615,23.969215393066406,16.015670776367188,10.773484230041504
Wrong 25.375019073486328,2.9300732612609863,2.1152257919311523,4.3094282150268555
Wrong 13.22663402557373,5.218019008636475,7.321285724639893,5.683948993682861
Correct 22.312545776367188,11.361764907836914,10.4142427444458,19.015655517578125
Correct 25.890634536743164,1.9169834852218628,1.7046483755111694,3.2589359283447266
Correct 26.718753814697266,2.0995194911956787,1.6568677425384521,4.023907661437988
Correct 23.796894073486328,2.952003002166748,2.615461587905884,4.2427520751953125
Correct 22.29696273803711,17.256874084472656,2.9014203548431396,7.297055721282959
Wrong 23.84377670288086,2.026271104812622,2.0727148056030273,3.6456117630004883
Wrong 22.781307220458984,8.312814712524414,14.070382118225098,6.203681468963623
Wrong 24.250024795532227,4.2278337478637695,11.695405006408691,16.65628433227539
Wrong 25.32814598083496,2.0772228240966797,1.7590640783309937,3.979443311691284
Wrong 25.8906307220459,2.5612378120422363,6.394968032836914,4.945690631866455
Correct 26.75000762939453,3.4745430946350098,2.002178430557251,4.629169940948486
Wrong 20.890649795532227,3.297919750213623,20.437545776367188,4.540289878845215
Wrong 28.062511444091797,1.9924206733703613,1.6034812927246094,3.993238925933838
Wrong 24.500024795532227,1.2186287641525269,12.148561477661133,15.35940170288086
Wrong 9.33627986907959,1.9653301239013672,5.867952823638916,23.468774795532227
Correct 22.29693603515625,4.618287086486816,6.795076370239258,7.992407321929932
Correct 10.648619651794434,2.3153998851776123,24.453142166137695,4.406613826751709
Wrong 23.562528610229492,3.3069162368774414,4.477675914764404,5.184423446655273
Correct 25.953136444091797,2.2945940494537354,1.5874171257019043,4.281711101531982
Correct 4.465432643890381,3.160764217376709,23.82813835144043,4.96134090423584
Wrong 24.68753433227539,2.5535807609558105,3.2263271808624268,3.4794743061065674
Wrong 25.125015258789062,2.974191427230835,3.159898519515991,5.067016124725342
Correct 24.531265258789062,2.691208600997925,2.8103199005126953,4.9769463539123535
Correct 28.109376907348633,6.368245601654053,2.2421443462371826,3.3739161491394043
Correct 17.890640258789062,2.742236375808716,21.42188835144043,5.191784858703613
Correct 10.507914543151855,1.7248120307922363,26.28125762939453,4.828405380249023
Correct 6.844333171844482,25.406356811523438,4.746786117553711,6.922105312347412
Wrong 25.68752098083496,3.366567611694336,2.767291307449341,9.164224624633789
Wrong 25.8437557220459,3.031801223754883,1.9843130111694336,4.352182388305664
Wrong 21.84380340576172,6.125462055206299,18.23446273803711,5.055411338806152
Correct 7.449444770812988,2.559720277786255,4.5744309425354,27.390628814697266
Correct 27.359376907348633,2.8129148483276367,2.290823459625244,4.063014507293701
