grade confidence_levels
Correct 14.85939884185791,17.125024795532227,21.406253814697266,13.92971420288086
Wrong 13.95315933227539,14.984434127807617,20.68750762939453,18.781261444091797
Correct 15.210948944091797,15.476611137390137,22.015634536743164,14.19533920288086
Correct 16.562519073486328,17.09385108947754,19.218765258789062,19.921907424926758
Correct 23.15625762939453,17.734556198120117,13.39077377319336,12.093947410583496
Wrong 19.37501335144043,16.671998977661133,15.42192554473877,17.812562942504883
Correct 21.90629768371582,15.328892707824707,17.328474044799805,9.782390594482422
Correct 15.164090156555176,21.187509536743164,12.890664100646973,12.375092506408691
Wrong 12.718873023986816,17.90639305114746,16.921937942504883,11.554871559143066
Correct 11.133147239685059,17.156314849853516,18.984403610229492,17.656295776367188
Correct 12.531288146972656,16.031274795532227,23.031251907348633,11.812533378601074
Correct 14.351579666137695,15.734418869018555,14.710952758789062,23.0781307220459
Correct 16.7187557220459,22.8750057220459,19.875011444091797,13.968807220458984
Correct 16.562511444091797,13.929821968078613,14.367226600646973,21.343761444091797
Wrong 16.890642166137695,17.42193031311035,22.03125762939453,13.078166007995605
Wrong 17.5625057220459,17.687528610229492,19.87500762939453,13.00003719329834
Correct 21.06251335144043,16.79712677001953,18.39068603515625,12.937630653381348
Wrong 19.406269073486328,19.12506675720215,19.828144073486328,15.140715599060059
Wrong 13.328156471252441,14.257869720458984,13.273469924926758,23.3125057220459
Wrong 15.42977237701416,15.234736442565918,15.750205039978027,14.171974182128906
Wrong 22.51563835144043,17.172035217285156,13.19545841217041,13.562758445739746
Wrong 14.453191757202148,16.890708923339844,16.421892166137695,15.117222785949707
Correct 16.062519073486328,21.812511444091797,15.67190933227539,12.98445987701416
Correct 20.12501335144043,17.578189849853516,18.140644073486328,14.039161682128906
Correct 13.976603507995605,19.968820571899414,12.148530006408691,13.671945571899414
Correct 15.609403610229492,18.93754005432129,18.593780517578125,16.43752098083496
Correct 17.734384536743164,18.687528610229492,18.81250762939453,18.843769073486328
Correct 11.601615905761719,21.687511444091797,13.796916007995605,12.750061988830566
Correct 14.328139305114746,21.656259536743164,15.28907299041748,12.742241859436035
Correct 14.156268119812012,12.687528610229492,16.51563262939453,22.171878814697266
Correct 13.601592063903809,15.250027656555176,23.718751907348633,12.937524795532227
Correct 20.62501335144043,17.156600952148438,14.1641845703125,12.140861511230469
Wrong 13.125076293945312,18.10948371887207,20.28127098083496,11.390746116638184
Correct 17.6718807220459,21.671886444091797,17.28126335144043,15.51565170288086
Wrong 15.015678405761719,19.71877670288086,17.34376335144043,13.648481369018555
Correct 16.953157424926758,12.844080924987793,15.375349998474121,18.187564849853516
Wrong 17.890657424926758,18.031314849853516,19.20313835144043,16.562551498413086
Correct 13.47658920288086,11.953272819519043,23.0312557220459,11.125097274780273
Wrong 12.28133773803711,21.390642166137695,15.968759536743164,14.312522888183594
Correct 20.73438262939453,16.015745162963867,15.414080619812012,16.03128433227539
Wrong 18.54689598083496,17.5626277923584,14.078253746032715,18.843786239624023
Wrong 20.234378814697266,17.328149795532227,20.1875057220459,12.32826042175293
Correct 16.1250057220459,15.351637840270996,15.82818603515625,23.4375057220459
Correct 15.375012397766113,20.750009536743164,17.218761444091797,14.843769073486328
Correct 11.406378746032715,19.28129005432129,15.984407424926758,16.906274795532227
Wrong 15.796894073486328,14.430007934570312,21.796903610229492,12.007887840270996
Correct 14.4766263961792,14.391011238098145,18.093807220458984,19.500057220458984
Correct 15.71096134185791,21.687511444091797,13.687539100646973,11.328266143798828
Correct 23.875009536743164,16.3751277923584,12.679879188537598,13.875114440917969
Correct 20.85938262939453,15.703272819519043,18.828140258789062,16.359420776367188
Correct 15.664082527160645,13.453253746032715,22.468765258789062,11.921951293945312
Correct 15.046931266784668,21.296894073486328,14.609434127807617,15.476659774780273
Correct 14.570340156555176,15.000103950500488,23.000009536743164,14.468810081481934
Correct 16.96875762939453,15.093796730041504,22.859384536743164,11.515719413757324
Wrong 21.328144073486328,17.594057083129883,18.18754768371582,11.687828063964844
Wrong 16.718826293945312,15.250262260437012,17.000083923339844,17.687620162963867
Correct 13.140655517578125,14.03911018371582,22.781253814697266,13.140653610229492
Wrong 18.375011444091797,18.671968460083008,17.781274795532227,15.351593017578125
Wrong 18.468751907348633,15.585962295532227,24.234376907348633,12.906289100646973
Wrong 17.500017166137695,16.953275680541992,16.062549591064453,14.74224853515625
Wrong 16.046916961669922,19.765655517578125,19.21877098083496,13.203231811523438
Wrong 18.968769073486328,19.296918869018555,15.828207015991211,17.35947036743164
Wrong 15.51568603515625,18.109485626220703,19.76565933227539,15.007877349853516
Correct 13.4063081741333,19.04691505432129,19.87500762939453,12.054759979248047
Wrong 11.3283052444458,18.812530517578125,18.421907424926758,12.234579086303711
Wrong 13.093862533569336,14.757966041564941,18.68756103515625,18.26569938659668
Wrong 16.578134536743164,21.000017166137695,15.882840156555176,12.257868766784668
Wrong 20.687503814697266,17.062536239624023,21.046884536743164,18.14067268371582
Correct 17.750003814697266,14.882859230041504,15.14063549041748,22.718753814697266
Wrong 18.59376335144043,15.46107006072998,21.12502098083496,11.492523193359375
Wrong 12.484538078308105,16.609485626220703,16.718791961669922,16.593801498413086
Correct 13.906282424926758,17.70319175720215,16.765670776367188,21.14064598083496
Correct 21.78125762939453,16.28133201599121,17.890663146972656,12.453225135803223
Correct 23.01564598083496,18.234539031982422,14.8203763961792,13.87518310546875
Wrong 12.367259979248047,17.437589645385742,18.812511444091797,15.24220085144043
Correct 17.890644073486328,14.719352722167969,15.05490779876709,18.20319366455078
Wrong 13.046920776367188,14.562512397766113,19.734378814697266,23.000003814697266
Correct 16.343753814697266,17.296884536743164,17.578128814697266,21.000003814697266
Wrong 21.796878814697266,21.265642166137695,14.617213249206543,12.625129699707031
Correct 14.570330619812012,14.125097274780273,14.5625581741333,24.046884536743164
Wrong 19.875015258789062,17.92193603515625,15.71096134185791,12.929807662963867
Correct 22.70313835144043,15.719024658203125,15.601654052734375,12.328363418579102
Wrong 13.054768562316895,16.78131103515625,20.21876335144043,14.265645980834961
Correct 21.812515258789062,16.67194366455078,13.750062942504883,15.640698432922363
Wrong 22.9843807220459,18.468778610229492,16.125024795532227,12.578197479248047
Wrong 12.445405006408691,18.70314598083496,16.843769073486328,14.718778610229492
Wrong 13.492242813110352,18.703182220458984,16.34377098083496,17.03127098083496
Wrong 20.921894073486328,19.890716552734375,13.390792846679688,12.578362464904785
Correct 17.2500057220459,16.343799591064453,17.406269073486328,20.187522888183594
Wrong 14.617264747619629,18.562564849853516,19.250019073486328,16.921894073486328
Wrong 17.26563262939453,14.17988395690918,21.234390258789062,12.359484672546387
Wrong 20.593753814697266,21.07813835144043,16.40625762939453,12.648482322692871
Correct 14.06253719329834,20.265653610229492,13.500036239624023,12.367237091064453
Correct 19.156272888183594,15.773661613464355,16.359411239624023,13.086075782775879
Correct 15.140630722045898,14.601581573486328,23.343753814697266,15.609381675720215
Correct 17.062503814697266,16.85940170288086,15.546893119812012,23.3437557220459
Wrong 16.593765258789062,19.32815170288086,16.06251335144043,13.187578201293945
Correct 18.98438262939453,15.476686477661133,13.72663402557373,21.21878433227539
Correct 13.75001335144043,14.609405517578125,14.492198944091797,23.906251907348633
Correct 11.84385871887207,21.23440933227539,18.390642166137695,10.187729835510254
Wrong 11.976635932922363,17.937604904174805,15.406282424926758,14.242234230041504
Correct 16.79688835144043,21.187515258789062,16.25000762939453,11.961010932922363
Wrong 18.20315170288086,16.750139236450195,18.687522888183594,17.18754005432129
Correct 20.17188835144043,17.218992233276367,18.937543869018555,11.625269889831543
Wrong 14.851592063903809,15.007896423339844,15.710976600646973,21.250019073486328
Correct 10.828312873840332,19.53127670288086,13.687585830688477,16.73440933227539
Correct 11.281378746032715,21.18752098083496,14.531277656555176,13.312541007995605
Correct 16.6875057220459,15.835959434509277,16.09375762939453,22.156251907348633
Correct 17.0625057220459,14.273496627807617,22.5156307220459,13.593794822692871
Wrong 13.148518562316895,17.172115325927734,18.265657424926758,15.10940933227539
Correct 17.968759536743164,21.37502670288086,14.445359230041504,12.968831062316895
Correct 18.953128814697266,17.140640258789062,23.593751907348633,16.796886444091797
Wrong 12.06258773803711,18.51572608947754,19.125030517578125,12.10944652557373
Wrong 17.500009536743164,14.437736511230469,18.687515258789062,19.281278610229492
Correct 15.085952758789062,15.468829154968262,22.06250762939453,10.92192554473877
Wrong 14.320392608642578,19.625045776367188,19.453136444091797,14.148472785949707
Correct 22.562511444091797,17.921955108642578,12.515850067138672,13.836148262023926
Correct 14.890641212463379,14.859430313110352,23.281253814697266,17.546890258789062
Correct 15.265641212463379,17.843767166137695,16.71876335144043,22.328140258789062
Wrong 18.031274795532227,18.81255531311035,18.421897888183594,13.23447322845459
Wrong 19.109384536743164,18.500049591064453,15.890673637390137,18.859399795532227
Correct 12.750035285949707,22.8437557220459,16.39063262939453,12.601593971252441
Correct 19.5937557220459,19.421899795532227,22.1406307220459,15.343796730041504
Correct 13.078149795532227,15.734389305114746,23.437501907348633,12.625015258789062
Correct 14.203195571899414,21.07815170288086,13.648486137390137,13.109408378601074
Wrong 16.750036239624023,14.179905891418457,18.04692268371582,16.906333923339844
Correct 24.312501907348633,16.42193031311035,12.523505210876465,12.687572479248047
Correct 15.835949897766113,14.125057220458984,22.968753814697266,11.437577247619629
Wrong 20.218772888183594,18.93756103515625,16.00008201599121,13.726627349853516
Correct 15.023448944091797,22.093753814697266,13.539074897766113,11.734416961669922
Correct 12.765660285949707,14.093829154968262,11.750041007995605,23.546876907348633
Correct 16.296884536743164,18.765644073486328,15.843768119812012,21.687509536743164
Correct 16.234386444091797,16.53128433227539,18.625009536743164,22.14063262939453
Correct 14.054708480834961,21.078136444091797,14.546893119812012,12.500054359436035
Correct 21.593767166137695,14.83643913269043,13.984857559204102,17.250083923339844
Wrong 18.34375762939453,18.265655517578125,21.06250762939453,14.890641212463379
Correct 21.937511444091797,15.578369140625,15.367324829101562,16.187618255615234
Correct 14.38282585144043,18.640684127807617,15.367216110229492,12.867237091064453
Wrong 20.828134536743164,17.343900680541992,17.125022888183594,12.500260353088379
Wrong 14.546921730041504,18.843809127807617,14.953167915344238,16.546892166137695
Correct 12.679734230041504,13.898491859436035,24.187503814697266,11.570371627807617
Correct 14.664079666137695,21.625011444091797,14.937518119812012,12.703174591064453
Wrong 20.12500762939453,13.86728572845459,16.406272888183594,20.875009536743164
Correct 18.50001335144043,19.625085830688477,15.601617813110352,12.484513282775879
Correct 21.50000762939453,17.18757438659668,20.90625762939453,13.95317554473877
Wrong 18.109394073486328,20.078163146972656,19.593782424926758,13.203387260437012
Correct 15.718756675720215,12.890740394592285,15.156289100646973,22.328134536743164
Correct 16.18750762939453,13.93754768371582,13.218804359436035,23.062501907348633
Wrong 11.164300918579102,17.96881675720215,16.78129005432129,17.81253433227539
Correct 15.546944618225098,14.60188102722168,17.531326293945312,18.25006103515625
Correct 15.398455619812012,19.593767166137695,19.18750762939453,17.40625762939453
Wrong 20.156261444091797,16.609460830688477,18.125022888183594,15.4297513961792
Wrong 13.984478950500488,17.187667846679688,13.750103950500488,14.015687942504883
Correct 13.531298637390137,21.06252098083496,15.601594924926758,11.515762329101562
Wrong 17.8437557220459,20.718782424926758,15.937522888183594,15.539103507995605
Correct 16.656269073486328,22.0000057220459,14.88282585144043,13.335980415344238
Correct 19.09377098083496,18.000221252441406,14.203250885009766,15.789172172546387
Wrong 17.937509536743164,17.218799591064453,19.65625762939453,12.804738998413086
Wrong 11.859515190124512,18.42194938659668,18.281280517578125,12.336002349853516
Correct 17.781253814697266,21.140649795532227,18.281259536743164,15.507833480834961
Correct 17.781269073486328,13.445417404174805,17.593767166137695,19.093765258789062
Wrong 16.750003814697266,22.500001907348633,14.039073944091797,13.640642166137695
Correct 14.671895980834961,14.468844413757324,21.000009536743164,12.609452247619629
Wrong 13.218779563903809,21.1875057220459,14.523449897766113,13.16408634185791
Correct 11.461250305175781,17.078310012817383,20.015682220458984,10.929914474487305
Wrong 20.437536239624023,14.141111373901367,18.500070571899414,16.875139236450195
Correct 14.843761444091797,15.61721420288086,23.156253814697266,13.390660285949707
Correct 15.609379768371582,15.609392166137695,23.906251907348633,12.984393119812012
Correct 22.000003814697266,18.00004005432129,14.296895027160645,14.89066219329834
Correct 15.859411239624023,20.250028610229492,16.406291961669922,14.250043869018555
Correct 11.703166961669922,13.851632118225098,12.203198432922363,23.0937557220459
Correct 17.32813262939453,20.250017166137695,17.89063262939453,15.851581573486328
Correct 12.843781471252441,15.578171730041504,22.65625762939453,13.625024795532227
Wrong 18.437515258789062,17.593799591064453,18.687509536743164,17.218780517578125
Wrong 18.500003814697266,13.320371627807617,21.0937557220459,16.046926498413086
Correct 11.492443084716797,16.359474182128906,17.562538146972656,18.937543869018555
Wrong 22.37501335144043,15.828400611877441,12.023784637451172,10.516059875488281
Correct 13.015692710876465,14.10946273803711,21.406261444091797,11.804814338684082
Wrong 18.187511444091797,15.9298095703125,21.406265258789062,12.60945987701416
Correct 15.851594924926758,18.59381103515625,19.781272888183594,12.281418800354004
Correct 14.20322322845459,18.343843460083008,16.125070571899414,15.953200340270996
Wrong 13.50790023803711,18.32821273803711,16.781282424926758,16.609397888183594
Wrong 18.843769073486328,12.930307388305664,19.62502098083496,17.703201293945312
Correct 16.765653610229492,16.218828201293945,18.703144073486328,18.265661239624023
Correct 15.070320129394531,15.781264305114746,24.281251907348633,13.187514305114746
Wrong 12.125092506408691,18.531269073486328,17.093765258789062,20.093761444091797
Correct 17.26563262939453,15.640691757202148,21.9531307220459,11.945372581481934
Correct 13.281292915344238,13.757880210876465,12.539092063903809,23.3437557220459
Correct 17.4375057220459,19.343772888183594,14.500021934509277,21.20313835144043
Wrong 16.18752098083496,16.406291961669922,23.093753814697266,16.734403610229492
Wrong 16.203136444091797,19.79688262939453,19.0468807220459,19.937509536743164
Correct 14.859393119812012,15.562543869018555,24.250003814697266,13.46878719329834
Correct 18.890636444091797,14.90633487701416,15.117218971252441,19.453155517578125
Wrong 21.781259536743164,17.20323944091797,14.625085830688477,18.281309127807617
Correct 22.79688835144043,19.281320571899414,15.757878303527832,17.187578201293945
Correct 11.601614952087402,21.76563262939453,13.468775749206543,11.046936988830566
Wrong 13.625022888183594,13.8360013961792,21.781267166137695,16.875032424926758
Correct 23.56250762939453,16.953195571899414,12.421940803527832,12.304858207702637
Correct 16.03125762939453,13.28136157989502,23.0625057220459,13.296934127807617
Wrong 16.593759536743164,20.906269073486328,16.18752670288086,13.250069618225098
Wrong 15.234450340270996,17.65637969970703,18.25002098083496,13.578251838684082
Correct 13.632863998413086,20.43752670288086,14.117293357849121,13.750068664550781
Correct 13.539073944091797,17.296890258789062,13.171902656555176,21.29688262939453
Wrong 18.562524795532227,18.781391143798828,18.64066505432129,11.273709297180176
Wrong 16.218774795532227,15.296955108642578,22.15625762939453,15.562525749206543
Correct 23.50000762939453,16.359500885009766,14.773512840270996,14.734479904174805
Correct 13.375109672546387,14.734556198120117,21.046905517578125,11.836212158203125
Correct 23.00001335144043,15.33621597290039,12.796972274780273,12.281360626220703
Correct 16.562524795532227,13.445638656616211,18.50006103515625,19.171985626220703
Correct 16.79688262939453,22.5000057220459,13.460958480834961,13.914094924926758
Correct 14.234395027160645,15.804713249206543,23.000001907348633,12.375036239624023
Correct 11.85164737701416,20.718788146972656,15.85940170288086,12.640669822692871
Correct 18.078126907348633,18.343765258789062,22.968751907348633,11.34384536743164
Correct 14.95313835144043,22.0000057220459,15.664078712463379,12.812541007995605
Correct 15.23438549041748,15.304712295532227,23.265626907348633,17.343759536743164
Wrong 16.42189598083496,13.398682594299316,21.250019073486328,16.843801498413086
Correct 16.890647888183594,15.648551940917969,18.57813835144043,18.60941505432129
Wrong 17.62500762939453,13.828337669372559,14.726666450500488,20.421897888183594
Wrong 18.562522888183594,15.554915428161621,18.703161239624023,17.625070571899414
Correct 19.640636444091797,20.250032424926758,15.898484230041504,17.29696273803711
Wrong 19.296890258789062,18.218860626220703,15.203240394592285,11.914291381835938
Correct 14.640643119812012,16.078149795532227,11.578230857849121,23.1875057220459
Wrong 17.906267166137695,18.84381103515625,15.086030006408691,12.13294792175293
Correct 14.179697036743164,15.257828712463379,13.523456573486328,23.781251907348633
Correct 21.812509536743164,16.10962677001953,18.531330108642578,17.187570571899414
Correct 14.296891212463379,14.796924591064453,22.6250057220459,12.22667121887207
Wrong 12.468810081481934,19.328163146972656,14.625061988830566,18.34377098083496
Wrong 16.937549591064453,15.133051872253418,15.796960830688477,12.875224113464355
Correct 22.406253814697266,17.812549591064453,12.453213691711426,11.71100902557373
Wrong 15.656261444091797,14.109457969665527,23.82813262939453,10.812593460083008
Correct 19.04688262939453,16.85943031311035,16.265668869018555,20.468769073486328
Wrong 17.281288146972656,19.015676498413086,18.656269073486328,19.140655517578125
Correct 22.578128814697266,17.640674591064453,12.890759468078613,16.01567268371582
Correct 16.093765258789062,21.7656307220459,13.546913146972656,13.445342063903809
Correct 15.406272888183594,16.37503433227539,16.312532424926758,19.484397888183594
Correct 16.515636444091797,15.812552452087402,21.734384536743164,12.500064849853516
Wrong 14.156375885009766,17.265697479248047,18.125030517578125,14.414118766784668
Wrong 15.898459434509277,16.54693031311035,18.32818603515625,20.984407424926758
Wrong 20.29688835144043,15.368188858032227,15.047060012817383,13.781404495239258
Correct 13.570329666137695,21.734378814697266,14.750008583068848,10.953219413757324
Correct 12.04702377319336,16.390735626220703,20.078149795532227,11.70321273803711
Correct 17.843772888183594,17.968887329101562,20.43753433227539,16.93755531311035
Correct 15.187515258789062,17.718765258789062,14.312518119812012,21.18750762939453
Wrong 21.96876335144043,16.359619140625,15.078210830688477,16.015701293945312
Correct 15.187509536743164,15.187519073486328,15.515641212463379,22.8906307220459
Correct 18.609386444091797,15.015721321105957,22.20313262939453,11.265735626220703
Wrong 16.359392166137695,22.203136444091797,15.484399795532227,12.75791072845459
Wrong 13.093788146972656,15.632864952087402,22.95313262939453,15.750016212463379
Correct 12.695361137390137,21.968761444091797,13.50002384185791,10.773512840270996
Wrong 12.047025680541992,20.18752098083496,19.203144073486328,17.187530517578125
Correct 16.546905517578125,19.125070571899414,13.867295265197754,15.656299591064453
Correct 16.031265258789062,17.43754768371582,21.062509536743164,12.929786682128906
Correct 20.687522888183594,18.34381103515625,18.093788146972656,16.65629768371582
Wrong 18.53125762939453,19.343780517578125,19.218769073486328,18.375022888183594
Correct 16.53126335144043,14.242414474487305,22.937524795532227,10.875260353088379
Correct 17.671890258789062,17.062564849853516,12.937593460083008,18.828155517578125
Correct 16.81257438659668,14.524109840393066,17.312589645385742,10.76607608795166
Correct 12.929712295532227,15.195326805114746,11.66411304473877,22.57813262939453
Wrong 17.687515258789062,13.039325714111328,21.093814849853516,11.765715599060059
Wrong 20.6718807220459,17.31255531311035,21.140634536743164,13.125073432922363
Wrong 18.8125057220459,19.843835830688477,14.664121627807617,11.593914985656738
Correct 13.554705619812012,14.757861137390137,14.507834434509277,22.60938262939453
Correct 22.312515258789062,15.922204971313477,16.640697479248047,10.938207626342773
Correct 21.9218807220459,18.843843460083008,15.375054359436035,13.45323371887207
Correct 14.140642166137695,12.765690803527832,17.70313262939453,20.62501335144043
Wrong 19.296892166137695,17.39069938659668,17.156288146972656,18.750051498413086
Correct 15.390645980834961,22.531253814697266,16.60938262939453,16.781267166137695
Wrong 12.640807151794434,20.218772888183594,16.734390258789062,13.789109230041504
Wrong 12.671939849853516,14.797029495239258,20.625028610229492,16.500019073486328
Correct 13.281270027160645,12.859424591064453,23.750001907348633,11.906266212463379
Correct 15.789083480834961,16.359521865844727,12.429837226867676,19.781274795532227
Correct 16.93750762939453,22.0937557220459,16.17188835144043,14.406265258789062
Correct 13.093942642211914,18.07816505432129,15.992218971252441,16.453195571899414
Correct 14.06253433227539,13.406306266784668,13.179774284362793,21.437509536743164
Correct 20.76563262939453,18.484426498413086,18.265636444091797,15.664084434509277
Correct 14.062565803527832,16.73445701599121,21.406272888183594,11.64070987701416
Wrong 15.562561988830566,16.18771743774414,18.234439849853516,11.859607696533203
Correct 18.04690933227539,14.46152114868164,17.547054290771484,14.039414405822754
Correct 14.06263542175293,14.016029357910156,14.140963554382324,20.515716552734375
Correct 15.062508583068848,14.226605415344238,23.656251907348633,14.820323944091797
Correct 15.046887397766113,14.992262840270996,22.031261444091797,11.882847785949707
Correct 19.531253814697266,21.828136444091797,17.48438262939453,13.132843017578125
Wrong 20.7812557220459,14.601706504821777,19.546907424926758,17.890668869018555
Wrong 16.359392166137695,17.546934127807617,15.906291961669922,18.953144073486328
Correct 12.83606243133545,14.000329971313477,18.375102996826172,11.664226531982422
Wrong 12.203207969665527,15.632855415344238,22.843761444091797,11.5781888961792
Correct 20.218769073486328,17.047069549560547,13.500293731689453,13.15632438659668
Correct 13.070364952087402,22.6250057220459,14.492208480834961,13.406294822692871
Correct 21.890634536743164,17.796947479248047,13.945358276367188,12.797054290771484
Wrong 20.5937557220459,19.50004768371582,17.687536239624023,14.507948875427246
Wrong 21.53126335144043,14.633051872253418,16.640857696533203,17.062580108642578
Correct 21.67188835144043,18.500085830688477,17.92192840576172,18.93753433227539
Wrong 20.296897888183594,15.46123218536377,18.250160217285156,13.140780448913574
Correct 17.828142166137695,17.546964645385742,16.34379005432129,20.281286239624023
Correct 19.78127098083496,16.734542846679688,18.359416961669922,11.351747512817383
Correct 19.625009536743164,16.187545776367188,19.750003814697266,21.171886444091797
Correct 16.937503814697266,14.820368766784668,24.343753814697266,13.218779563903809
Correct 20.468765258789062,15.625116348266602,13.515707969665527,18.031288146972656
Correct 12.593770980834961,13.046931266784668,24.171876907348633,11.500027656555176
Correct 12.445425987243652,13.109673500061035,21.75002098083496,10.992319107055664
Correct 15.94532299041748,15.734396934509277,16.50000762939453,22.890628814697266
Correct 15.015682220458984,16.56257438659668,18.73439598083496,20.093778610229492
Correct 14.976585388183594,15.843778610229492,15.01563549041748,22.65625762939453
Correct 21.40626335144043,17.01588249206543,15.437590599060059,14.164207458496094
Correct 14.46094799041748,13.539141654968262,23.156251907348633,11.343782424926758
Correct 16.00000762939453,14.906285285949707,23.718751907348633,14.765643119812012
Correct 10.000523567199707,18.09383773803711,18.81255340576172,9.531515121459961
Wrong 21.531274795532227,16.032079696655273,12.76635456085205,14.812884330749512
Correct 15.296889305114746,21.546886444091797,13.343772888183594,12.984402656555176
Correct 17.500003814697266,15.25003433227539,16.37501335144043,23.0312557220459
Correct 11.734436988830566,14.242265701293945,23.109378814697266,12.359416961669922
Correct 17.453136444091797,16.750064849853516,17.593780517578125,21.171899795532227
Correct 21.65625762939453,17.875093460083008,13.718879699707031,14.515668869018555
Correct 17.78125762939453,17.578166961669922,19.468759536743164,20.812511444091797
Wrong 19.953134536743164,18.125070571899414,16.312538146972656,18.62505340576172
Correct 13.88284969329834,13.539156913757324,13.78131103515625,22.203140258789062
Wrong 21.546878814697266,17.40631866455078,16.828153610229492,19.500032424926758
Correct 12.960958480834961,21.937503814697266,13.390645980834961,10.711002349853516
Wrong 19.656261444091797,16.625045776367188,20.09376335144043,16.765642166137695
Wrong 17.265636444091797,18.312562942504883,18.484384536743164,16.406274795532227
Correct 21.015647888183594,17.28159523010254,13.914369583129883,12.53143310546875
Correct 16.781267166137695,20.437528610229492,19.093772888183594,15.968798637390137
Correct 13.45321273803711,15.086030006408691,22.656259536743164,10.882879257202148
Wrong 20.281259536743164,18.546955108642578,16.73442840576172,16.04693603515625
Correct 20.937522888183594,17.234567642211914,17.734432220458984,11.47700023651123
Correct 12.476617813110352,20.796894073486328,12.929725646972656,11.453179359436035
Wrong 13.835960388183594,17.53126335144043,23.109376907348633,15.132829666137695
Correct 17.156261444091797,21.343759536743164,15.531262397766113,15.617199897766113
Correct 16.484384536743164,15.921913146972656,22.484378814697266,13.289104461669922
Correct 17.812503814697266,15.750020027160645,16.37500762939453,24.125001907348633
Wrong 21.2187557220459,16.531352996826172,13.523506164550781,19.87502098083496
Correct 12.492268562316895,14.328194618225098,22.03126335144043,10.648524284362793
Wrong 18.96875762939453,14.640711784362793,20.12502098083496,14.414116859436035
Correct 15.97665023803711,16.85992431640625,17.9376163482666,11.156670570373535
Wrong 12.992377281188965,19.078262329101562,17.15631866455078,11.3283109664917
Wrong 13.531270980834961,19.50002670288086,20.2812557220459,10.750170707702637
Correct 19.73440170288086,16.609710693359375,16.468841552734375,14.468998908996582
Correct 23.218753814697266,17.765668869018555,19.406261444091797,12.9766263961792
Correct 19.453142166137695,15.765728950500488,14.484414100646973,20.578147888183594
Wrong 21.656269073486328,18.32830238342285,13.4376220703125,13.953470230102539
Correct 17.843767166137695,19.156301498413086,18.89064598083496,16.421934127807617
Correct 19.453163146972656,16.672056198120117,16.98447036743164,16.60948944091797
Wrong 17.203140258789062,16.312652587890625,17.82816505432129,11.406389236450195
Correct 13.273475646972656,21.984384536743164,13.914080619812012,11.578170776367188
Correct 13.343833923339844,20.93750762939453,14.80470085144043,16.125011444091797
Correct 15.890647888183594,16.35950469970703,19.46879768371582,13.062545776367188
Wrong 21.9375057220459,17.90630531311035,19.03127670288086,15.79695987701416
Wrong 17.01563835144043,21.015642166137695,17.093761444091797,17.500022888183594
Correct 15.820359230041504,16.03139877319336,15.500061988830566,19.609426498413086
Correct 19.609376907348633,15.937545776367188,24.109378814697266,12.976602554321289
Correct 22.937511444091797,16.093828201293945,13.781312942504883,12.984493255615234
Correct 18.0000057220459,16.765663146972656,18.062511444091797,21.421899795532227
Correct 17.8125057220459,18.718826293945312,13.968804359436035,16.59377670288086
Correct 15.781264305114746,18.04693031311035,17.09377098083496,18.750024795532227
Correct 13.539094924926758,21.796892166137695,15.390646934509277,10.406441688537598
Wrong 19.078144073486328,15.179848670959473,17.593793869018555,18.281299591064453
Correct 21.187519073486328,16.06269073486328,16.937528610229492,14.500072479248047
Correct 15.960978507995605,17.281457901000977,17.718822479248047,11.67198371887207
Correct 16.35938262939453,17.65627098083496,19.484384536743164,20.859384536743164
Correct 13.945377349853516,19.906282424926758,17.390655517578125,11.5938081741333
Correct 13.937533378601074,20.187517166137695,15.656274795532227,15.906298637390137
Correct 13.976646423339844,14.429768562316895,16.82814598083496,21.437509536743164
Correct 15.812512397766113,21.76563262939453,14.351580619812012,12.257899284362793
Correct 19.125011444091797,19.187580108642578,15.422018051147461,10.766019821166992
Correct 13.625040054321289,21.921884536743164,14.328160285949707,14.039090156555176
Correct 15.17970085144043,20.031278610229492,12.257902145385742,17.312517166137695
Correct 14.61720085144043,16.00002670288086,22.6718807220459,13.664077758789062
Correct 14.250056266784668,15.945369720458984,15.531294822692871,19.859397888183594
Correct 11.804778099060059,20.968774795532227,14.023470878601074,11.500070571899414
Correct 22.875003814697266,16.12504005432129,14.359405517578125,12.828178405761719
Correct 17.203126907348633,12.945369720458984,16.109390258789062,24.593751907348633
Correct 15.843756675720215,15.265642166137695,23.093751907348633,12.875019073486328
Correct 22.078134536743164,16.562625885009766,14.656296730041504,17.750057220458984
Correct 13.500041007995605,17.843847274780273,13.97662353515625,18.343769073486328
Correct 13.820331573486328,13.64070987701416,24.0000057220459,10.437602996826172
Wrong 11.96883487701416,19.25006866455078,18.17190170288086,10.531366348266602
Correct 12.640647888183594,16.906274795532227,22.26563262939453,10.429788589477539
Correct 16.12500762939453,15.265664100646973,22.062501907348633,10.835987091064453
Correct 19.5000057220459,20.656286239624023,16.796892166137695,13.320464134216309
Wrong 15.218850135803223,18.328248977661133,19.59379005432129,12.437597274780273
Correct 19.171937942504883,15.883344650268555,18.296955108642578,12.750249862670898
Correct 22.453128814697266,17.047012329101562,11.672039985656738,11.51585865020752
Correct 23.37500762939453,15.906519889831543,16.765722274780273,12.992349624633789
Wrong 16.296920776367188,17.062658309936523,18.078147888183594,13.3594388961792
Correct 22.390634536743164,17.34383201599121,16.203155517578125,16.843833923339844
Wrong 14.648463249206543,22.234390258789062,15.898466110229492,13.445348739624023
Correct 14.265650749206543,14.02346134185791,23.734376907348633,12.328173637390137
Correct 21.859390258789062,16.906373977661133,15.718851089477539,16.62506675720215
Wrong 21.2500057220459,20.765642166137695,15.234392166137695,14.914091110229492
Correct 13.609447479248047,15.296936988830566,14.875044822692871,21.70313835144043
Wrong 15.281303405761719,15.609936714172363,11.78941822052002,16.70331382751465
Wrong 19.23440933227539,16.48461151123047,18.265684127807617,15.234622955322266
Correct 17.796878814697266,22.4687557220459,17.593753814697266,14.062520027160645
Correct 19.000017166137695,16.484628677368164,17.12504005432129,16.093812942504883
Correct 20.421886444091797,17.39084243774414,15.531339645385742,12.96887493133545
Correct 16.968769073486328,17.59380340576172,17.187524795532227,19.906278610229492
Wrong 15.664073944091797,15.015714645385742,14.882851600646973,21.7656307220459
Wrong 19.484392166137695,16.203269958496094,18.140655517578125,17.234437942504883
Correct 13.929731369018555,16.468883514404297,14.203163146972656,21.96876335144043
Wrong 12.601635932922363,15.242259979248047,21.90625762939453,12.16411018371582
Correct 22.578134536743164,14.578275680541992,15.250035285949707,12.250066757202148
Correct 18.531251907348633,17.265642166137695,16.75000762939453,23.21875762939453
Correct 13.45316219329834,16.593772888183594,17.937509536743164,22.421884536743164
Correct 16.82813835144043,21.17189598083496,15.734396934509277,12.96879768371582
Correct 22.203140258789062,17.34383773803711,12.601706504821777,12.60169792175293
Correct 17.718769073486328,13.836079597473145,21.5937557220459,12.507885932922363
Wrong 14.89073371887207,15.672087669372559,17.25006103515625,14.484493255615234
Wrong 19.01565170288086,16.734434127807617,16.593774795532227,19.00004005432129
Correct 15.64846134185791,13.976890563964844,16.656349182128906,17.96881866455078
Correct 12.09386920928955,21.484386444091797,13.296965599060059,13.80473518371582
Wrong 13.062524795532227,21.96875762939453,15.718758583068848,10.31256103515625
Correct 17.812515258789062,20.09379005432129,14.648488998413086,14.625041007995605
Wrong 15.328145980834961,15.797040939331055,16.500030517578125,18.50002670288086
Wrong 13.96878719329834,18.375059127807617,15.492233276367188,19.171894073486328
Correct 12.703312873840332,17.87512969970703,18.484413146972656,14.429798126220703
Correct 12.359474182128906,15.461132049560547,21.062532424926758,16.640661239624023
Correct 15.054756164550781,17.35956573486328,17.078248977661133,14.437586784362793
Correct 20.875015258789062,17.000083923339844,19.312511444091797,16.031312942504883
Wrong 15.875008583068848,15.875020980834961,19.031253814697266,23.156253814697266
Correct 21.359386444091797,18.906314849853516,16.531272888183594,13.976698875427246
Correct 18.875024795532227,18.81260871887207,13.898774147033691,14.2657470703125
Correct 21.578144073486328,17.45319366455078,15.07037353515625,17.531307220458984
Wrong 18.781253814697266,16.140640258789062,21.0312557220459,19.5312557220459
Correct 19.4531307220459,16.43755531311035,19.1250057220459,20.09375762939453
Correct 22.53126335144043,16.625093460083008,17.156272888183594,20.328157424926758
Correct 18.0625057220459,15.640718460083008,22.60938262939453,11.85955810546875
Wrong 19.18752098083496,16.09396743774414,18.218795776367188,15.578195571899414
Correct 16.43753433227539,18.35944938659668,19.375017166137695,15.054723739624023
Correct 14.281268119812012,14.89065170288086,19.421878814697266,21.546878814697266
Correct 19.281259536743164,21.37501335144043,16.81252098083496,14.468785285949707
Wrong 17.656269073486328,19.390674591064453,17.968791961669922,16.156278610229492
Wrong 15.593774795532227,20.250019073486328,17.812511444091797,13.7031888961792
Wrong 12.398493766784668,15.7891263961792,20.687511444091797,11.695413589477539
Wrong 19.843753814697266,17.781295776367188,20.2187557220459,12.1016206741333
Wrong 13.25003719329834,15.18758487701416,14.640642166137695,11.960987091064453
Correct 12.750028610229492,21.8750057220459,13.914080619812012,13.125024795532227
Wrong 17.406267166137695,15.257927894592285,14.625128746032715,21.093788146972656
Wrong 12.617297172546387,18.859439849853516,19.18751335144043,14.78908634185791
Correct 18.125011444091797,17.515684127807617,19.531295776367188,12.359518051147461
Correct 14.835954666137695,15.750164985656738,21.35939598083496,10.054939270019531
Wrong 18.3437557220459,21.968761444091797,16.906269073486328,12.898509979248047
Correct 20.156261444091797,14.859833717346191,18.593820571899414,14.414193153381348
Correct 13.718767166137695,14.281291961669922,23.453126907348633,10.312554359436035
Wrong 16.96875762939453,18.015640258789062,19.40625762939453,20.84375762939453
Wrong 19.703142166137695,16.656719207763672,15.961237907409668,11.328585624694824
Correct 15.593762397766113,17.421886444091797,23.093753814697266,12.406298637390137
Correct 13.23440170288086,14.179727554321289,22.87500762939453,10.296957015991211
Wrong 14.218777656555176,13.8672456741333,22.406259536743164,10.437560081481934
Wrong 21.93750762939453,16.875205993652344,15.304754257202148,18.296932220458984
Correct 16.6718807220459,15.218793869018555,24.031253814697266,11.79698657989502
Correct 19.0156307220459,18.156307220458984,16.82814598083496,20.656280517578125
Correct 21.093772888183594,16.500320434570312,12.484564781188965,12.219003677368164
Correct 13.27346420288086,14.921897888183594,22.8906307220459,10.695384979248047
Correct 21.10938262939453,19.25005340576172,14.921950340270996,13.195429801940918
Correct 17.6250057220459,18.250064849853516,19.546884536743164,11.687580108642578
Correct 11.93755054473877,22.93750762939453,14.687518119812012,10.679802894592285
Correct 14.351588249206543,13.672005653381348,22.59375762939453,10.632936477661133
Correct 20.96876335144043,18.51567840576172,17.718769073486328,14.445388793945312
Correct 18.12500762939453,15.890682220458984,22.625009536743164,11.297017097473145
Correct 17.53125762939453,21.937511444091797,14.492231369018555,10.92225170135498
Correct 16.734384536743164,21.14063262939453,15.382822036743164,12.726602554321289
Correct 15.320328712463379,14.468805313110352,23.109378814697266,12.570354461669922
Correct 16.2187557220459,15.02347183227539,24.312503814697266,11.77352237701416
Correct 19.4218807220459,21.687515258789062,16.234390258789062,13.296900749206543
Wrong 18.750011444091797,19.96881103515625,15.01568603515625,13.211034774780273
Wrong 19.25002098083496,17.843891143798828,14.44554328918457,17.42194938659668
Wrong 16.8125057220459,21.8437557220459,13.929703712463379,14.906269073486328
Correct 19.062509536743164,16.906368255615234,21.000045776367188,11.67203140258789
Wrong 15.48438549041748,13.828177452087402,22.390628814697266,18.250011444091797
Correct 12.781269073486328,13.609397888183594,13.625011444091797,24.015626907348633
Correct 21.156267166137695,18.140785217285156,16.046953201293945,16.328210830688477
Wrong 19.468769073486328,17.750125885009766,15.375081062316895,15.95319938659668
Wrong 17.937519073486328,18.781286239624023,18.765636444091797,14.625033378601074
Correct 16.093769073486328,22.0000057220459,13.679725646972656,12.773486137390137
Correct 20.01563262939453,18.250051498413086,17.01563835144043,15.328166007995605
Correct 17.6250057220459,16.187625885009766,15.656288146972656,19.87501335144043
Correct 21.54693031311035,16.937705993652344,12.672076225280762,10.157609939575195
Correct 12.093868255615234,19.406293869018555,11.375240325927734,15.820334434509277
Wrong 16.578157424926758,17.750139236450195,15.843918800354004,17.51568031311035
Correct 16.37501335144043,15.81258773803711,22.62500762939453,14.656289100646973
Correct 19.57813262939453,20.859392166137695,14.289113998413086,14.148505210876465
Wrong 18.60939598083496,16.359643936157227,15.664250373840332,18.14068603515625
Correct 23.250011444091797,15.56258487701416,12.562639236450195,13.078239440917969
Correct 22.421884536743164,16.906648635864258,15.093862533569336,9.320907592773438
Correct 12.421947479248047,22.42188262939453,13.578166007995605,10.2579984664917
Correct 14.984383583068848,14.281310081481934,13.125028610229492,23.3437557220459
Wrong 17.218795776367188,15.172234535217285,19.312530517578125,15.640681266784668
Correct 15.640641212463379,14.609458923339844,16.953149795532227,20.671886444091797
Correct 21.484390258789062,16.031545639038086,16.90629768371582,11.734845161437988
Correct 23.6250057220459,18.593788146972656,15.45317268371582,12.523581504821777
Correct 18.81252670288086,16.14122200012207,14.703301429748535,15.992280006408691
Correct 13.38283634185791,13.82040786743164,22.796884536743164,15.875020027160645
Wrong 18.375017166137695,17.500152587890625,20.35940170288086,12.742310523986816
Correct 22.796890258789062,17.31258773803711,16.250017166137695,14.289132118225098
Correct 19.718761444091797,18.625104904174805,14.359588623046875,10.539501190185547
Correct 13.039114952087402,21.203140258789062,13.046914100646973,9.750192642211914
Correct 21.359384536743164,19.18756103515625,17.015668869018555,15.015748023986816
Correct 16.250011444091797,20.90625762939453,18.3125057220459,13.71877670288086
Wrong 17.421878814697266,15.546893119812012,22.500003814697266,15.789073944091797
Wrong 17.937511444091797,19.312536239624023,18.68750762939453,17.343778610229492
