grade confidence_levels
Wrong 0.029291868209838867,0.007946338504552841,0.9111658930778503,0.04004044085741043
Wrong 0.02954498678445816,0.023741502314805984,0.6937566995620728,0.23239724338054657
Wrong 0.064629927277565,0.01910695992410183,0.48127228021621704,0.40530645847320557
Correct 0.028269456699490547,0.00791305210441351,0.24419865012168884,0.6957042813301086
Wrong 0.011136960238218307,0.23814015090465546,0.657435953617096,0.07376966625452042
Correct 0.0045029292814433575,0.6428009867668152,0.318141907453537,0.01476634293794632
Wrong 0.10317465662956238,0.05353435128927231,0.6571577191352844,0.153690367937088
Wrong 0.010650643147528172,0.010163822211325169,0.9586685299873352,0.012070310302078724
Correct 0.07667478919029236,0.06766894459724426,0.4921838939189911,0.343646377325058
Wrong 0.023320892825722694,0.01816382445394993,0.9461601972579956,0.004966485779732466
Correct 0.02386791631579399,0.026422029361128807,0.8545838594436646,0.08075039833784103
Correct 0.08976085484027863,0.026125434786081314,0.8125866651535034,0.039525069296360016
Correct 0.03122035041451454,0.01521685253828764,0.8912174701690674,0.04437495395541191
Wrong 0.05248735100030899,0.24848368763923645,0.5178059935569763,0.1507064402103424
Wrong 0.012593143619596958,0.043615225702524185,0.9179791212081909,0.013940519653260708
Wrong 0.03258400782942772,0.021707477048039436,0.5341155529022217,0.3969707190990448
Wrong 0.016440508887171745,0.006240495480597019,0.940682053565979,0.01863032765686512
Correct 0.01888616383075714,0.004486307967454195,0.9610947966575623,0.006527620367705822
Wrong 0.07743477076292038,0.013884796760976315,0.7820234894752502,0.09943817555904388
Wrong 0.03505151346325874,0.017353881150484085,0.6212570071220398,0.30757665634155273
Wrong 0.03918418288230896,0.04303998500108719,0.7335516810417175,0.16369950771331787
Correct 0.08372855186462402,0.07506224513053894,0.7699248194694519,0.055345579981803894
Wrong 0.004537248983979225,0.004432739224284887,0.047277260571718216,0.9349074363708496
Wrong 0.01970057375729084,0.08425815403461456,0.3179343342781067,0.5408979654312134
Wrong 0.024943020194768906,0.011876072734594345,0.9071140885353088,0.04080773517489433
Wrong 0.07152346521615982,0.05233176425099373,0.7111427783966064,0.13573476672172546
Correct 0.06383507698774338,0.025003477931022644,0.8539987206459045,0.04972441866993904
Wrong 0.008425421081483364,0.0122606810182333,0.17732444405555725,0.7948346734046936
Correct 0.09569259732961655,0.026368558406829834,0.22247743606567383,0.6338346600532532
Wrong 0.09801732748746872,0.027651488780975342,0.34210139513015747,0.49009257555007935
Correct 0.0343143604695797,0.3866696357727051,0.1884089857339859,0.36894097924232483
Wrong 0.018908658996224403,0.02929021045565605,0.7435390949249268,0.1939956694841385
Wrong 0.014645854942500591,0.0061057982966303825,0.6628942489624023,0.2988142967224121
Correct 0.014745587483048439,0.2739451229572296,0.6779000163078308,0.008469302207231522
Wrong 0.03303445875644684,0.05037522315979004,0.8519435524940491,0.04445711150765419
Wrong 0.0746224969625473,0.11559399962425232,0.7654938697814941,0.024041112512350082
Wrong 0.013692936860024929,0.004733424633741379,0.39086297154426575,0.5777799487113953
Wrong 0.05666647478938103,0.045893240720033646,0.6139763593673706,0.2599884271621704
Correct 0.060972388833761215,0.029029736295342445,0.809416651725769,0.08015049993991852
Wrong 0.09176266193389893,0.07147274911403656,0.7446392178535461,0.07259587943553925
Wrong 0.05720481649041176,0.036364976316690445,0.5777220129966736,0.30447930097579956
Correct 0.032898351550102234,0.09227922558784485,0.8617619276046753,0.0020710513927042484
Wrong 0.06705895811319351,0.09383909404277802,0.5357362031936646,0.26111918687820435
Wrong 0.00954663846641779,0.04554885998368263,0.8728037476539612,0.062257908284664154
Wrong 0.07400152087211609,0.03284255042672157,0.6392229795455933,0.2426644265651703
Wrong 0.05140781030058861,0.024862179532647133,0.8041161894798279,0.09455875307321548
Correct 0.045649848878383636,0.017059996724128723,0.8886629343032837,0.02541046030819416
Correct 0.006832604296505451,0.005198484752327204,0.967555046081543,0.012568242847919464
Wrong 0.060023095458745956,0.03528943285346031,0.6205555200576782,0.2627815902233124
Wrong 0.08871138840913773,0.0358462855219841,0.778391420841217,0.07240933179855347
Correct 0.005020750220865011,0.001847227569669485,0.8987635970115662,0.08492319285869598
Wrong 0.17631693184375763,0.020572956651449203,0.5263659358024597,0.25258612632751465
Wrong 0.03307956084609032,0.06683468073606491,0.7889217138290405,0.08188707381486893
Wrong 0.11054136604070663,0.028616242110729218,0.6262368559837341,0.2001817375421524
Correct 0.01061884593218565,0.006750779692083597,0.042323868721723557,0.9192648530006409
Correct 0.020726138725876808,0.024809885770082474,0.9092060327529907,0.03039773739874363
Wrong 0.06739328801631927,0.08520147204399109,0.6393793821334839,0.18609698116779327
Wrong 0.09491854906082153,0.05283509939908981,0.5377267599105835,0.2878471314907074
Wrong 0.04811001569032669,0.048116471618413925,0.7763893008232117,0.10028571635484695
Wrong 0.04856594279408455,0.1682068109512329,0.6971175670623779,0.0581313893198967
Wrong 0.023565681651234627,0.009086317382752895,0.8911960124969482,0.056094177067279816
Wrong 0.017753861844539642,0.006583178415894508,0.917701005935669,0.0456940159201622
Wrong 0.15500901639461517,0.0611870214343071,0.6424632668495178,0.11702422052621841
Wrong 0.0319293774664402,0.0895572230219841,0.7043020725250244,0.1547355055809021
Wrong 0.062085140496492386,0.029330985620617867,0.817771315574646,0.07035882771015167
Correct 0.802649736404419,0.010428898967802525,0.11562995612621307,0.028130488470196724
Wrong 0.020372020080685616,0.0077333003282547,0.16272962093353271,0.7887338995933533
Correct 0.022477461025118828,0.03706361725926399,0.3461390435695648,0.5707436203956604
Wrong 0.07303355634212494,0.05915214866399765,0.6928982734680176,0.13433846831321716
Wrong 0.027369100600481033,0.025917204096913338,0.5989734530448914,0.3257282078266144
Wrong 0.02714127115905285,0.0535602830350399,0.5668081045150757,0.31307703256607056
Wrong 0.0874844342470169,0.04399583116173744,0.7498368620872498,0.08956585079431534
Correct 0.010337752290070057,0.0032036209013313055,0.024796314537525177,0.9526609182357788
Wrong 0.13721539080142975,0.043862342834472656,0.5960190296173096,0.1996614784002304
Correct 0.01147115882486105,0.006092811468988657,0.08744329959154129,0.8832581639289856
Correct 0.02101733721792698,0.019137341529130936,0.8936312794685364,0.055378507822752
Wrong 0.17818117141723633,0.021283170208334923,0.7501512169837952,0.035089705139398575
Correct 0.02823879010975361,0.011774059385061264,0.2458445131778717,0.6895424127578735
Wrong 0.1560242474079132,0.015331089496612549,0.7102167010307312,0.09465088695287704
Wrong 0.060930460691452026,0.046360794454813004,0.4608668386936188,0.406766414642334
Correct 0.08585003018379211,0.033101581037044525,0.741604745388031,0.11197326332330704
Wrong 0.042795293033123016,0.003352541010826826,0.375480055809021,0.555018424987793
Correct 0.021634986624121666,0.018079323694109917,0.267690509557724,0.6731216907501221
Wrong 0.07579213380813599,0.05250585079193115,0.7477129697799683,0.08931002765893936
Correct 0.013160291127860546,0.00897535216063261,0.9518538117408752,0.0140101732686162
Wrong 0.12128188461065292,0.07186408340930939,0.6764398217201233,0.10537703335285187
Correct 0.013036943040788174,0.005607719998806715,0.9728453755378723,0.0024500503204762936
Wrong 0.12517617642879486,0.08876948058605194,0.5028268098831177,0.26090100407600403
Wrong 0.1446598321199417,0.044126249849796295,0.5291118025779724,0.20722758769989014
Wrong 0.02705303020775318,0.03584311157464981,0.731151819229126,0.1820252537727356
Wrong 0.06990869343280792,0.029376719146966934,0.6328679919242859,0.23652824759483337
Wrong 0.27487897872924805,0.0892510861158371,0.5298327207565308,0.0728435069322586
Wrong 0.06768546998500824,0.35468989610671997,0.5079918503761292,0.02549605816602707
Wrong 0.051161035895347595,0.021163705736398697,0.8720600008964539,0.03656795248389244
Correct 0.03168681263923645,0.025265924632549286,0.9116114974021912,0.014622977003455162
Correct 0.0021516208071261644,0.0005928741302341223,0.9912911057472229,0.0013465171214193106
Correct 0.003675616579130292,0.0017094749491661787,0.9800642728805542,0.005828307941555977
Wrong 0.024536967277526855,0.011060846969485283,0.7999123334884644,0.15269039571285248
Correct 0.04936802387237549,0.023875944316387177,0.8349486589431763,0.06962848454713821
Correct 0.01988518238067627,0.008620270527899265,0.9286020994186401,0.02474961243569851
Wrong 0.0075644380412995815,0.008053835481405258,0.967731237411499,0.009790652431547642
Correct 0.03922003507614136,0.02305847778916359,0.8517389893531799,0.07102359086275101
Correct 0.02396867237985134,0.013446480967104435,0.8317979574203491,0.11615537106990814
Correct 0.06072526052594185,0.020988408476114273,0.2965596318244934,0.5991132259368896
Wrong 0.014701691456139088,0.012382185086607933,0.49832913279533386,0.4610191583633423
Correct 0.05134791135787964,0.018744254484772682,0.3072470426559448,0.5922630429267883
Wrong 0.09218333661556244,0.03554541990160942,0.7839474678039551,0.06046145036816597
Wrong 0.06334911286830902,0.017731141299009323,0.6600921154022217,0.23908266425132751
Wrong 0.07872376590967178,0.05670729652047157,0.4601365923881531,0.3814939260482788
Wrong 0.010851028375327587,0.23569099605083466,0.531032919883728,0.20475855469703674
Correct 0.03147577866911888,0.012327538803219795,0.2343873679637909,0.6998122334480286
Wrong 0.10442671179771423,0.07123255729675293,0.228081613779068,0.5558439493179321
Wrong 0.044527292251586914,0.026179518550634384,0.6194798946380615,0.283648282289505
Wrong 0.015108426101505756,0.037986431270837784,0.8378079533576965,0.10008033365011215
Correct 0.015099561773240566,0.0051787556149065495,0.14323411881923676,0.8116359710693359
Correct 0.04409843683242798,0.007845536805689335,0.9137967824935913,0.02759980969130993
Wrong 0.13995656371116638,0.01582697033882141,0.667673647403717,0.1444062888622284
Wrong 0.038525234907865524,0.04298168420791626,0.8432081341743469,0.04985859990119934
Correct 0.008750866167247295,0.005650386679917574,0.9501498937606812,0.02149133011698723
Wrong 0.03870861977338791,0.12207435071468353,0.6495734453201294,0.15920890867710114
Wrong 0.051615357398986816,0.42552101612091064,0.21392478048801422,0.27049127221107483
Correct 0.004559297114610672,0.05259805545210838,0.09373509138822556,0.8355640769004822
Correct 0.017213691025972366,0.025843782350420952,0.4268745481967926,0.5070567727088928
Wrong 0.017759907990694046,0.007639789488166571,0.7851881980895996,0.1779947727918625
Wrong 0.05237123370170593,0.06938765943050385,0.3869495093822479,0.45244044065475464
Correct 0.005814272444695234,0.005548476241528988,0.9625893235206604,0.020616261288523674
Wrong 0.018234653398394585,0.025919850915670395,0.7692363858222961,0.17437352240085602
Wrong 0.058382678776979446,0.020498113706707954,0.5988443493843079,0.30590540170669556
Wrong 0.06678802520036697,0.029410190880298615,0.8660814762115479,0.019287340342998505
Wrong 0.05690043419599533,0.03674134239554405,0.6665986776351929,0.21643757820129395
Wrong 0.1741912066936493,0.053968969732522964,0.7219706177711487,0.026717551052570343
Wrong 0.09120820462703705,0.0933770164847374,0.6739271879196167,0.1117578074336052
Correct 0.02739216573536396,0.01399121806025505,0.9213730692863464,0.019274113699793816
Wrong 0.0675351619720459,0.1261868178844452,0.6307998895645142,0.1452411413192749
Wrong 0.052584193646907806,0.01817437820136547,0.8755807280540466,0.0367121621966362
Wrong 0.06631790101528168,0.03467876836657524,0.6856418251991272,0.18455402553081512
Correct 0.009273979812860489,0.010674901306629181,0.9607921242713928,0.011910256929695606
Wrong 0.010878081433475018,0.013539517298340797,0.905541718006134,0.0570046529173851
Wrong 0.0746011734008789,0.03579695150256157,0.7895819544792175,0.07941814512014389
Wrong 0.05499676614999771,0.031096316874027252,0.6805233359336853,0.2075667530298233
Wrong 0.10673664510250092,0.1084330603480339,0.5636196136474609,0.191783607006073
Wrong 0.04215231165289879,0.15540768206119537,0.7073853611946106,0.06278840452432632
Wrong 0.052496254444122314,0.03723074123263359,0.7535080909729004,0.13511601090431213
Wrong 0.1667320281267166,0.3066951334476471,0.4257563054561615,0.0734204575419426
Wrong 0.030972756445407867,0.03323301300406456,0.7445052862167358,0.16615085303783417
Wrong 0.10432402044534683,0.04557991400361061,0.701847493648529,0.12389621138572693
Wrong 0.04401250556111336,0.04649209976196289,0.6517974138259888,0.23609942197799683
Wrong 0.014600787311792374,0.049397051334381104,0.8892770409584045,0.03847014904022217
Wrong 0.37504297494888306,0.056629009544849396,0.5288787484169006,0.015849323943257332
Correct 0.039515137672424316,0.016092689707875252,0.7455630302429199,0.17710807919502258
Wrong 0.08513037115335464,0.026582865044474602,0.6643608808517456,0.190367192029953
Wrong 0.019713865593075752,0.018960190936923027,0.9134423732757568,0.03433263674378395
Correct 0.023527180776000023,0.018468257039785385,0.7730024456977844,0.15953406691551208
Correct 0.01960192620754242,0.007983556017279625,0.17332956194877625,0.7891702651977539
Wrong 0.05019339919090271,0.02543991431593895,0.7148663401603699,0.18361176550388336
Correct 0.030266720801591873,0.009751574136316776,0.7684166431427002,0.17693902552127838
Correct 0.0010899202898144722,0.0017418067436665297,0.9831337332725525,0.009270641021430492
Wrong 0.07169950753450394,0.08253097534179688,0.7241181135177612,0.09954991936683655
Correct 0.013351883739233017,0.00423498684540391,0.13696244359016418,0.8132606148719788
Wrong 0.07475593686103821,0.12135421484708786,0.7668626308441162,0.01230058167129755
Correct 0.02587803639471531,0.011132217943668365,0.19727082550525665,0.7330562472343445
Correct 0.01673988439142704,0.005786418914794922,0.9577498435974121,0.011329643428325653
Wrong 0.026971356943249702,0.01040023472160101,0.7346276044845581,0.2105199694633484
Wrong 0.13460534811019897,0.18984992802143097,0.5323582291603088,0.10484561324119568
Correct 0.036404140293598175,0.012880584225058556,0.9099619388580322,0.022429922595620155
Correct 0.013981013558804989,0.7695057392120361,0.12172268331050873,0.06026637926697731
Correct 0.002731771906837821,0.009761754423379898,0.9801576137542725,0.0014509822940453887
Wrong 0.051467571407556534,0.0172409787774086,0.5708796977996826,0.3152914345264435
Correct 0.0276006069034338,0.009466917254030704,0.1915738433599472,0.7460455894470215
Correct 0.06371953338384628,0.030576175078749657,0.7884606719017029,0.10025086998939514
Wrong 0.10679949820041656,0.011983955278992653,0.8532443642616272,0.014231210574507713
Wrong 0.0456276573240757,0.029925720766186714,0.6810141801834106,0.22459805011749268
Correct 0.0388064943253994,0.022638551890850067,0.883194088935852,0.04397736117243767
Wrong 0.07055126875638962,0.02326926961541176,0.7014472484588623,0.1801701784133911
Wrong 0.03066086396574974,0.031147396191954613,0.6353505253791809,0.2819697856903076
Wrong 0.024029137566685677,0.012084915302693844,0.9015834927558899,0.05087639018893242
Wrong 0.08570051938295364,0.11900024116039276,0.6846711039543152,0.08051685988903046
Wrong 0.022446833550930023,0.031167827546596527,0.8422061204910278,0.09160559624433517
Wrong 0.031307678669691086,0.13181789219379425,0.7125367522239685,0.10591869056224823
Wrong 0.08717120438814163,0.03182134032249451,0.7891624569892883,0.06896290928125381
Correct 0.004984274972230196,0.006252233870327473,0.9798998832702637,0.0009222165681421757
Wrong 0.05106408894062042,0.027983780950307846,0.5116926431655884,0.35725194215774536
Correct 0.008952333591878414,0.38371577858924866,0.251583993434906,0.3083224892616272
Correct 0.013499964959919453,0.005806629545986652,0.961298942565918,0.008854174055159092
Wrong 0.0776776447892189,0.03341194987297058,0.6109545826911926,0.25872084498405457
Correct 0.008682270534336567,0.010806422680616379,0.9725468754768372,0.0026695281267166138
Correct 0.042611464858055115,0.012895571067929268,0.6021690964698792,0.31734105944633484
Wrong 0.0863698348402977,0.03629108518362045,0.6635969877243042,0.18428871035575867
Wrong 0.033507660031318665,0.02214912511408329,0.3437296152114868,0.5667451620101929
Wrong 0.009162161499261856,0.0034239618107676506,0.9418452382087708,0.026307448744773865
Wrong 0.060707516968250275,0.061674196273088455,0.7337884902954102,0.11611896753311157
Correct 0.010928714647889137,0.009645933285355568,0.9385520219802856,0.03262968361377716
Wrong 0.09932149946689606,0.09627498686313629,0.39279547333717346,0.3690635859966278
Wrong 0.075288787484169,0.3121098577976227,0.461182177066803,0.10211378335952759
Correct 0.019357332959771156,0.027303051203489304,0.3351350426673889,0.5975238680839539
Wrong 0.05731993168592453,0.023710528388619423,0.8163517713546753,0.08471722155809402
Wrong 0.06867274641990662,0.03852638602256775,0.726830005645752,0.15237106382846832
Wrong 0.057224005460739136,0.0248087290674448,0.7136311531066895,0.18045449256896973
Correct 0.037044625729322433,0.021275805309414864,0.8835412859916687,0.028854139149188995
Wrong 0.04403533414006233,0.028882432729005814,0.7564825415611267,0.1377791464328766
Wrong 0.06685454398393631,0.04488659277558327,0.7075856924057007,0.150666743516922
Wrong 0.060095854103565216,0.019512545317411423,0.8830654621124268,0.021769370883703232
Wrong 0.03356793522834778,0.022714819759130478,0.8931648135185242,0.033049337565898895
Correct 0.698887050151825,0.012408651411533356,0.2531101405620575,0.01791401579976082
Wrong 0.03875885531306267,0.016413502395153046,0.47215625643730164,0.4299318194389343
Correct 0.09933128952980042,0.02131768688559532,0.34398841857910156,0.48514658212661743
Wrong 0.08386994898319244,0.047793976962566376,0.7592495679855347,0.09504930675029755
Correct 0.07827766984701157,0.04125404730439186,0.766228199005127,0.09152471274137497
Wrong 0.11759570986032486,0.06101396307349205,0.587918758392334,0.19694705307483673
Wrong 0.044486984610557556,0.020529581233859062,0.6045742630958557,0.29009872674942017
Correct 0.02833678387105465,0.009345240890979767,0.9237977862358093,0.024239955469965935
Wrong 0.029555775225162506,0.014183953404426575,0.3008187711238861,0.6270817518234253
Correct 0.03227708488702774,0.006982157006859779,0.21377383172512054,0.7233089804649353
Wrong 0.10440268367528915,0.06585421413183212,0.5777543783187866,0.21591247618198395
Wrong 0.015551661141216755,0.01461111381649971,0.4837578535079956,0.46893730759620667
Wrong 0.04765242338180542,0.02181871607899666,0.7630548477172852,0.14338606595993042
Wrong 0.05644407868385315,0.18080590665340424,0.6822412610054016,0.056892164051532745
Correct 0.0009257561760023236,0.001479562371969223,0.9916516542434692,0.0007098999922163785
Wrong 0.09565006196498871,0.031056495383381844,0.5590296983718872,0.2767982482910156
Correct 0.005785317625850439,0.005651820916682482,0.9804990291595459,0.0032969568856060505
Correct 0.021570345386862755,0.014942285604774952,0.8615988492965698,0.08802522718906403
Correct 0.011065904051065445,0.004200848750770092,0.794140100479126,0.1800031065940857
Wrong 0.02176525816321373,0.008590659126639366,0.29119229316711426,0.6461254954338074
Wrong 0.036821313202381134,0.16121312975883484,0.7224245667457581,0.04840487986803055
Wrong 0.02242608554661274,0.00972241535782814,0.41009262204170227,0.5266523957252502
Correct 0.025162482634186745,0.009931713342666626,0.1470656543970108,0.8076382279396057
Wrong 0.04535917565226555,0.022812258452177048,0.48006725311279297,0.4237157702445984
Correct 0.05100766196846962,0.03561468422412872,0.24524129927158356,0.6361615061759949
Wrong 0.12085026502609253,0.12277016043663025,0.550119936466217,0.16519851982593536
Wrong 0.0341329351067543,0.11193211376667023,0.7240785956382751,0.10351308435201645
Wrong 0.08590478450059891,0.033908165991306305,0.494336873292923,0.32421690225601196
Wrong 0.03953033685684204,0.315862238407135,0.3992220163345337,0.2103925347328186
Wrong 0.04575933516025543,0.021116353571414948,0.7157660722732544,0.1838359832763672
Wrong 0.06681729108095169,0.027639830484986305,0.6388902068138123,0.23505547642707825
Wrong 0.13373197615146637,0.02654365636408329,0.7576165199279785,0.060755956918001175
Correct 0.026739684864878654,0.1515054851770401,0.7227038741111755,0.06670607626438141
Correct 0.13412785530090332,0.04708687961101532,0.6705758571624756,0.11653921753168106
Correct 0.02097647823393345,0.009756338782608509,0.046172432601451874,0.9130998253822327
Correct 0.006922109983861446,0.0026483717374503613,0.972575306892395,0.011685912497341633
Correct 0.020784597843885422,0.01848762482404709,0.9118006825447083,0.032194629311561584
Wrong 0.18491442501544952,0.034477878361940384,0.6353859901428223,0.11940016597509384
Wrong 0.056417979300022125,0.02881794050335884,0.7091071009635925,0.18499308824539185
Correct 0.006867125630378723,0.005562055855989456,0.3386861979961395,0.6328445076942444
Wrong 0.18392692506313324,0.0450783409178257,0.47705793380737305,0.2593950629234314
Correct 0.005156297702342272,0.0030314072500914335,0.9825839400291443,0.002552803372964263
Wrong 0.05040428787469864,0.0733453631401062,0.513042151927948,0.33127155900001526
Wrong 0.04088514670729637,0.044211890548467636,0.6598249673843384,0.2280469536781311
Wrong 0.07870427519083023,0.04415467381477356,0.6190147995948792,0.23868399858474731
Correct 0.04190267249941826,0.035014450550079346,0.8820068836212158,0.02157152257859707
Correct 0.010768917389214039,0.007118524983525276,0.9468828439712524,0.02352265454828739
Wrong 0.08101088553667068,0.04336424916982651,0.6272991299629211,0.2101350873708725
Wrong 0.01679125800728798,0.021396102383732796,0.6058967113494873,0.33466196060180664
Correct 0.036122601479291916,0.03289203345775604,0.9171028733253479,0.0025767211336642504
Wrong 0.07522688806056976,0.02661782316863537,0.5021596550941467,0.3674197196960449
Wrong 0.013279898092150688,0.013386201113462448,0.38502827286720276,0.5691352486610413
Wrong 0.0843498706817627,0.02572805806994438,0.8256679177284241,0.04586431756615639
Wrong 0.0075763072818517685,0.0031096956226974726,0.96925950050354,0.01542661339044571
Wrong 0.04822747781872749,0.018596118316054344,0.7543558478355408,0.16064748167991638
Wrong 0.023675568401813507,0.04858764261007309,0.6201678514480591,0.29761165380477905
Wrong 0.12744417786598206,0.03709128499031067,0.5365375876426697,0.28276702761650085
Wrong 0.019190099090337753,0.010599683038890362,0.5267882347106934,0.42334720492362976
Wrong 0.0375957116484642,0.022104019299149513,0.44043517112731934,0.4688761532306671
Wrong 0.05929987132549286,0.022686393931508064,0.6083099246025085,0.2829147279262543
Wrong 0.11624366790056229,0.0798976719379425,0.5545024275779724,0.2105097770690918
Wrong 0.05088759958744049,0.06235647574067116,0.7079569697380066,0.14611662924289703
Wrong 0.05140315368771553,0.023536905646324158,0.7095699310302734,0.2001713365316391
Correct 0.00881547387689352,0.004793759435415268,0.10993096977472305,0.8647496700286865
Wrong 0.0347820408642292,0.09755989909172058,0.8167174458503723,0.02884080819785595
Wrong 0.07211703062057495,0.0597928911447525,0.812524139881134,0.036266714334487915
Wrong 0.06586943566799164,0.03261252120137215,0.7081359028816223,0.16821859776973724
Wrong 0.0414564311504364,0.1010279580950737,0.4894634485244751,0.3471294045448303
Wrong 0.04372048005461693,0.03740031272172928,0.6946424841880798,0.18698373436927795
Wrong 0.08527383208274841,0.03667895495891571,0.8347151279449463,0.022953515872359276
Wrong 0.16570980846881866,0.056385625153779984,0.47204503417015076,0.27322515845298767
Wrong 0.051086246967315674,0.059730011969804764,0.6942694783210754,0.16235999763011932
Correct 0.03830888122320175,0.01334410160779953,0.8126648664474487,0.11892760545015335
Wrong 0.0837668776512146,0.10426171869039536,0.5051600337028503,0.27900564670562744
Wrong 0.021914971992373466,0.00806299690157175,0.611078679561615,0.348219633102417
Correct 0.043123990297317505,0.03155528008937836,0.8010067343711853,0.10027901083230972
Wrong 0.09126213192939758,0.13917341828346252,0.5678321123123169,0.17869499325752258
Wrong 0.10325299948453903,0.058380115777254105,0.6838707327842712,0.12851150333881378
Correct 0.020177215337753296,0.0062512243166565895,0.6577778458595276,0.2965196967124939
Wrong 0.07703403383493423,0.03392019122838974,0.8153256773948669,0.054203975945711136
Wrong 0.062809057533741,0.056309591978788376,0.6912089586257935,0.16420488059520721
Correct 0.011385058052837849,0.0014819818316027522,0.21819019317626953,0.7498296499252319
Correct 0.0516057051718235,0.026985686272382736,0.75240159034729,0.14138463139533997
Wrong 0.0438557006418705,0.15071338415145874,0.6648885607719421,0.11555135250091553
Wrong 0.02793712168931961,0.012993205338716507,0.5438445806503296,0.39174434542655945
Wrong 0.03604551777243614,0.014117004349827766,0.8597344756126404,0.06948410719633102
Correct 0.020406201481819153,0.004082119092345238,0.37317535281181335,0.5780329704284668
Correct 0.048792459070682526,0.02359606698155403,0.7339602708816528,0.1689826399087906
Wrong 0.08308371901512146,0.03228691592812538,0.5292097330093384,0.32606494426727295
Wrong 0.053109362721443176,0.0896470844745636,0.5448145270347595,0.2826653718948364
Correct 0.02495639957487583,0.013255669735372066,0.366709440946579,0.5680251121520996
Correct 0.04245159775018692,0.02168429270386696,0.8660438656806946,0.051210761070251465
Wrong 0.01204585563391447,0.007598086725920439,0.6034857034683228,0.3548148572444916
Wrong 0.106734499335289,0.04147744178771973,0.5769791603088379,0.23681144416332245
Correct 0.024602890014648438,0.023479124531149864,0.3240569233894348,0.6150297522544861
Wrong 0.09178238362073898,0.04010370373725891,0.5710343718528748,0.2697986662387848
Correct 0.04887224733829498,0.01650148257613182,0.2224675863981247,0.6960933208465576
Wrong 0.056182269006967545,0.019117040559649467,0.6429488658905029,0.25979259610176086
Wrong 0.07053839415311813,0.05987169221043587,0.6850941181182861,0.1552899330854416
Correct 0.01583448424935341,0.009455936960875988,0.9569211602210999,0.0036456112284213305
Correct 0.03564939275383949,0.019536346197128296,0.7562636137008667,0.1610323190689087
Correct 0.009802005253732204,0.008000892587006092,0.9318618774414062,0.03847134858369827
Wrong 0.010087957605719566,0.047387123107910156,0.13081298768520355,0.8014385104179382
Wrong 0.030131837353110313,0.14153234660625458,0.7075310349464417,0.07939359545707703
Correct 0.004461116157472134,0.926504373550415,0.049097198992967606,0.004900173284113407
Wrong 0.10575128346681595,0.12559783458709717,0.7004175186157227,0.043405309319496155
Correct 0.02853512205183506,0.1965690553188324,0.6148425936698914,0.10854921489953995
Wrong 0.0677795335650444,0.02870224416255951,0.6953118443489075,0.1704075187444687
Correct 0.027979224920272827,0.01820802502334118,0.8112711310386658,0.12059731781482697
Wrong 0.01114574819803238,0.0289155300706625,0.24972184002399445,0.6896620392799377
Wrong 0.09894020110368729,0.09151194244623184,0.5873973965644836,0.2062290459871292
Wrong 0.05916475132107735,0.034786563366651535,0.356761634349823,0.5357068181037903
Correct 0.06303413212299347,0.018489813432097435,0.42076465487480164,0.462150514125824
Wrong 0.03963715583086014,0.010503840632736683,0.771609902381897,0.16175095736980438
Correct 0.054605163633823395,0.03582058101892471,0.7899297475814819,0.10526985675096512
Correct 0.007967549376189709,0.009315959177911282,0.9650206565856934,0.0035362266935408115
Wrong 0.012373806908726692,0.026820722967386246,0.5600486397743225,0.3673391342163086
Wrong 0.04136518016457558,0.036222904920578,0.8571879863739014,0.04951173812150955
Wrong 0.05907393991947174,0.022076627239584923,0.8413370847702026,0.05213642865419388
Correct 0.01387178897857666,0.0027970154769718647,0.23644854128360748,0.7283922433853149
Wrong 0.07281570881605148,0.02401452325284481,0.8203874826431274,0.06735154241323471
Wrong 0.05882219970226288,0.05701815336942673,0.6784437298774719,0.18261593580245972
Correct 0.02287161350250244,0.01713215559720993,0.9279418587684631,0.022170530632138252
Correct 0.0436452217400074,0.03346684202551842,0.7381815314292908,0.15718171000480652
Correct 0.05257106199860573,0.01667330414056778,0.3764767348766327,0.5146225690841675
Wrong 0.08618480712175369,0.028424611315131187,0.35718536376953125,0.503815233707428
Correct 0.023679891601204872,0.006474715657532215,0.46821898221969604,0.4682624340057373
Correct 0.05637296661734581,0.023501139134168625,0.8155274391174316,0.08462995290756226
Wrong 0.01959681324660778,0.2561422288417816,0.39053890109062195,0.30416709184646606
Wrong 0.012887771241366863,0.01567230373620987,0.6506632566452026,0.2979644536972046
Correct 0.01204872690141201,0.004164419136941433,0.05527622252702713,0.9062436819076538
Wrong 0.10144966840744019,0.044672656804323196,0.726533055305481,0.10145647823810577
Wrong 0.056231770664453506,0.02963487058877945,0.8071437478065491,0.08916454017162323
Wrong 0.1384143978357315,0.20780456066131592,0.45381683111190796,0.16698597371578217
Wrong 0.10387161374092102,0.0771988183259964,0.597720205783844,0.1881004273891449
Wrong 0.06062616780400276,0.028641672804951668,0.7679578065872192,0.11595451831817627
Wrong 0.02218022756278515,0.01824786514043808,0.7008267641067505,0.23477593064308167
Wrong 0.035487882792949677,0.01944708824157715,0.8597597479820251,0.0642639622092247
Correct 0.018556512892246246,0.005154151003807783,0.08511808514595032,0.8733910322189331
Correct 0.011439011432230473,0.012083019129931927,0.9016216397285461,0.06430520862340927
Wrong 0.0664193257689476,0.022777507081627846,0.8218547701835632,0.05954260006546974
Correct 0.017977502197027206,0.003485826076939702,0.14028768241405487,0.8074763417243958
Wrong 0.02442953549325466,0.010926127433776855,0.8153249621391296,0.12310341745615005
Correct 0.050363689661026,0.014773918315768242,0.3721233904361725,0.5248456001281738
Wrong 0.045215118676424026,0.08993251621723175,0.6439345479011536,0.1760774403810501
Wrong 0.018092235550284386,0.05705314129590988,0.7632818818092346,0.1265771985054016
Wrong 0.013703940436244011,0.021900691092014313,0.888489305973053,0.062390927225351334
Wrong 0.1486964225769043,0.031415484845638275,0.7434109449386597,0.03819069638848305
Wrong 0.08369461447000504,0.06518842279911041,0.7459293007850647,0.08305183053016663
Wrong 0.020188260823488235,0.01047450304031372,0.7457846403121948,0.1915520429611206
Correct 0.023459365591406822,0.02327924408018589,0.8531907796859741,0.07936824858188629
Wrong 0.04699026793241501,0.03229774162173271,0.669208288192749,0.23130621016025543
Wrong 0.17770294845104218,0.025012413039803505,0.7365274429321289,0.039658498018980026
Wrong 0.11198224872350693,0.07460588961839676,0.6752805709838867,0.11200091987848282
Wrong 0.0277923122048378,0.025706222280859947,0.8184698820114136,0.09777503460645676
Correct 0.03327494114637375,0.010471836663782597,0.3807920813560486,0.5370373129844666
Wrong 0.13798750936985016,0.010477771051228046,0.7458899617195129,0.08240511268377304
Correct 0.00290844333358109,0.0015093768015503883,0.02802496775984764,0.9576208591461182
Wrong 0.09820347279310226,0.05552445724606514,0.6816377639770508,0.1385006457567215
Wrong 0.14399340748786926,0.040938135236501694,0.6657955050468445,0.12708412110805511
Correct 0.01284414529800415,0.006509788334369659,0.17183730006217957,0.7946546673774719
Wrong 0.041117798537015915,0.01597932167351246,0.7757794857025146,0.14130325615406036
Wrong 0.11179575324058533,0.047714490443468094,0.21214210987091064,0.5950160622596741
Wrong 0.05248716101050377,0.023294774815440178,0.8209683299064636,0.08388209342956543
Correct 0.010282234288752079,0.003111698431894183,0.40113353729248047,0.565819263458252
Wrong 0.07462790608406067,0.08326148241758347,0.6970489621162415,0.12304756045341492
Correct 0.09760916978120804,0.030241645872592926,0.767720103263855,0.0778304934501648
Wrong 0.10753067582845688,0.05985617637634277,0.7463844418525696,0.06522661447525024
Correct 0.032136138528585434,0.03394630551338196,0.8223226070404053,0.09227114915847778
Wrong 0.06184104084968567,0.08722018450498581,0.6700397729873657,0.1472078412771225
Wrong 0.009906490333378315,0.020170748233795166,0.818291425704956,0.1315244734287262
Wrong 0.06670809537172318,0.017000306397676468,0.8000552654266357,0.0830242857336998
Wrong 0.002013088669627905,0.00847594067454338,0.9202279448509216,0.05273909866809845
Wrong 0.016575703397393227,0.36002254486083984,0.5575339198112488,0.04436210170388222
Wrong 0.07910165190696716,0.03376009315252304,0.5664761662483215,0.2848661243915558
Wrong 0.033046551048755646,0.15522578358650208,0.5417016744613647,0.2559179961681366
Correct 0.026024870574474335,0.006231030914932489,0.24498611688613892,0.6979633569717407
Wrong 0.07239233702421188,0.03612162917852402,0.676124632358551,0.19990479946136475
Wrong 0.07923556864261627,0.028036661446094513,0.6231963038444519,0.24029779434204102
Correct 0.02408655174076557,0.013619651086628437,0.3826887905597687,0.5568632483482361
Wrong 0.017984556034207344,0.010328507050871849,0.741156816482544,0.20907361805438995
Wrong 0.01747008040547371,0.00980111863464117,0.510535717010498,0.43673598766326904
Correct 0.06205286830663681,0.011937560513615608,0.6619082689285278,0.23975270986557007
Correct 0.07427377998828888,0.05563606694340706,0.612209141254425,0.23976965248584747
Wrong 0.14338262379169464,0.07267141342163086,0.6840174198150635,0.07439204305410385
Correct 0.028360141441226006,0.015181330032646656,0.9245650768280029,0.019342172890901566
Wrong 0.03671787306666374,0.028154844418168068,0.8689635992050171,0.053012415766716
Correct 0.009964458644390106,0.08475849777460098,0.10062821209430695,0.7672113180160522
Wrong 0.028360795229673386,0.011824424378573895,0.15693245828151703,0.772595226764679
Correct 0.035917382687330246,0.01952970027923584,0.8047643303871155,0.1177753284573555
Wrong 0.07272330671548843,0.03032020851969719,0.40244626998901367,0.46324801445007324
Correct 0.07642967253923416,0.02834136039018631,0.605859100818634,0.26060017943382263
Wrong 0.03913220390677452,0.024682873860001564,0.8431865572929382,0.07843898981809616
Wrong 0.20042310655117035,0.03323804587125778,0.6995057463645935,0.04201817885041237
Correct 0.013846755027770996,0.004602409433573484,0.9631531834602356,0.007184314541518688
Wrong 0.04732806235551834,0.025335492566227913,0.3134554624557495,0.5949022173881531
Wrong 0.009042305871844292,0.050044722855091095,0.9008911848068237,0.033865224570035934
Correct 0.007733733393251896,0.0041727167554199696,0.9740572571754456,0.007675040978938341
Wrong 0.00615736423060298,0.009840484708547592,0.9576122760772705,0.01622551679611206
Wrong 0.021995624527335167,0.04014865681529045,0.8316659331321716,0.09334561228752136
Wrong 0.12155245989561081,0.3104175627231598,0.4377143085002899,0.09616183489561081
Wrong 0.053362760692834854,0.046005647629499435,0.7599965333938599,0.11839892715215683
Correct 0.03510237857699394,0.011576812714338303,0.805127739906311,0.13562360405921936
Wrong 0.034079648554325104,0.023793010041117668,0.6040381193161011,0.31833764910697937
Wrong 0.3503020107746124,0.05994293466210365,0.5258249640464783,0.028315594419836998
Wrong 0.12675397098064423,0.07452571392059326,0.38737401366233826,0.3754981458187103
Wrong 0.010172735899686813,0.011261163279414177,0.9596241116523743,0.00870219524949789
Wrong 0.04160039499402046,0.03343283012509346,0.35653215646743774,0.5353170037269592
Wrong 0.018629536032676697,0.05476181209087372,0.155971497297287,0.7559131383895874
Wrong 0.021937016397714615,0.007582178805023432,0.7553455233573914,0.18803739547729492
Wrong 0.043506380170583725,0.0037139414343982935,0.9301462769508362,0.013907777145504951
Wrong 0.08104445040225983,0.3359506130218506,0.27846890687942505,0.2785113453865051
Wrong 0.03717135637998581,0.1447465419769287,0.7465788125991821,0.047734104096889496
Correct 0.02371165342628956,0.7611131072044373,0.14985965192317963,0.023528076708316803
Wrong 0.02872547321021557,0.1614893525838852,0.7236503958702087,0.06524549424648285
Wrong 0.061582259833812714,0.011042436584830284,0.3984244465827942,0.49589139223098755
Wrong 0.013113598339259624,0.013744442723691463,0.5279020071029663,0.42424267530441284
Wrong 0.054730143398046494,0.02354123815894127,0.7097223997116089,0.1971004754304886
Wrong 0.040158066898584366,0.33890125155448914,0.4704718589782715,0.11530593782663345
Wrong 0.06342161446809769,0.027709392830729485,0.7257959246635437,0.14746567606925964
Wrong 0.03847631439566612,0.275579035282135,0.4201653301715851,0.2394166886806488
Wrong 0.031077556312084198,0.03157011419534683,0.8268771171569824,0.08853776007890701
Correct 0.05130479112267494,0.06045670434832573,0.7538907527923584,0.10527803003787994
Wrong 0.023726249113678932,0.03506870195269585,0.5399637818336487,0.38297125697135925
Wrong 0.026791643351316452,0.012460775673389435,0.6592802405357361,0.28360265493392944
Wrong 0.06519916653633118,0.06940999627113342,0.7008979320526123,0.1446685642004013
Wrong 0.037123773247003555,0.038008660078048706,0.8448927998542786,0.051950253546237946
Wrong 0.02282504364848137,0.07254421710968018,0.5794905424118042,0.315115362405777
Wrong 0.055907610803842545,0.29525795578956604,0.5021942853927612,0.10045522451400757
Wrong 0.08676791936159134,0.052633024752140045,0.6932076215744019,0.1365119367837906
Wrong 0.07548891007900238,0.034295834600925446,0.7161927819252014,0.14325851202011108
Wrong 0.048120737075805664,0.012456712312996387,0.4897865056991577,0.4060822129249573
Wrong 0.029250485822558403,0.036978259682655334,0.7543382048606873,0.16833800077438354
Correct 0.02102482318878174,0.008698795922100544,0.25812146067619324,0.6908525228500366
Wrong 0.03593164682388306,0.00605222349986434,0.762249767780304,0.17548783123493195
Wrong 0.12610335648059845,0.05216611176729202,0.7486777901649475,0.04639579355716705
Correct 0.07894408702850342,0.0372951403260231,0.7035972476005554,0.16199232637882233
Wrong 0.05911029875278473,0.015911826863884926,0.47966811060905457,0.4039632976055145
Wrong 0.36288437247276306,0.015822842717170715,0.3923454284667969,0.21004918217658997
Wrong 0.008531841449439526,0.004191632382571697,0.11776193976402283,0.8567965030670166
Correct 0.017994441092014313,0.009558076970279217,0.14375510811805725,0.8018913269042969
Wrong 0.06960578262805939,0.026422474533319473,0.446825236082077,0.42639341950416565
Wrong 0.0046546137891709805,0.27056461572647095,0.7016375064849854,0.004547643009573221
Correct 0.009156693704426289,0.004428366664797068,0.9486303925514221,0.028653809800744057
Correct 0.027798717841506004,0.016215944662690163,0.8647615313529968,0.07796752452850342
Wrong 0.03557591885328293,0.42672622203826904,0.47598591446876526,0.029960844665765762
Correct 0.035135503858327866,0.013131472282111645,0.7996105551719666,0.13682091236114502
Wrong 0.03861470893025398,0.05531688779592514,0.6480070948600769,0.2421654909849167
Wrong 0.059030789881944656,0.01614050567150116,0.7304320335388184,0.1735105961561203
Correct 0.05505932867527008,0.023498410359025,0.7482590675354004,0.13208529353141785
Wrong 0.07818552106618881,0.048550963401794434,0.7078011631965637,0.1438131332397461
Wrong 0.03517376258969307,0.003946598153561354,0.9070726633071899,0.03517854958772659
Correct 0.10652599483728409,0.04916122928261757,0.5409526228904724,0.2720339298248291
Wrong 0.07680385559797287,0.02892875298857689,0.8128767013549805,0.060762107372283936
Wrong 0.0556056872010231,0.020944058895111084,0.4238731563091278,0.4803835153579712
Correct 0.05135906860232353,0.03043232299387455,0.8160101175308228,0.08336877822875977
Wrong 0.07992295920848846,0.05757271498441696,0.5293539762496948,0.28782913088798523
Wrong 0.05516229569911957,0.02410142682492733,0.5614596009254456,0.33529868721961975
Correct 0.018972141668200493,0.03773484751582146,0.8387908339500427,0.08842092752456665
Wrong 0.41813263297080994,0.04013250768184662,0.47378820180892944,0.03711879998445511
Wrong 0.008446202613413334,0.01948719471693039,0.8682461380958557,0.09896062314510345
Wrong 0.11828093230724335,0.06793287396430969,0.4533904492855072,0.32153400778770447
Wrong 0.07325930148363113,0.02937350980937481,0.6133718490600586,0.22922204434871674
Correct 0.02292507141828537,0.024790529161691666,0.9015017151832581,0.03284198045730591
Correct 0.009264198131859303,0.006832554005086422,0.2244170904159546,0.7475185990333557
Wrong 0.07369646430015564,0.03735027834773064,0.7679142951965332,0.09612220525741577
Correct 0.023031825199723244,0.009453740902245045,0.1216149851679802,0.8182928562164307
Correct 0.01232805848121643,0.014191407710313797,0.4413926303386688,0.516092836856842
Wrong 0.04845375195145607,0.02848619967699051,0.6042603850364685,0.28994911909103394
Wrong 0.03507085517048836,0.04503539204597473,0.8630291223526001,0.037923671305179596
Wrong 0.08828247338533401,0.07094338536262512,0.6730119585990906,0.1325349360704422
Correct 0.01283489353954792,0.0029788154643028975,0.09048718959093094,0.8789839744567871
Correct 0.045014962553977966,0.019822847098112106,0.3768804967403412,0.5233009457588196
Wrong 0.02570732869207859,0.007780348416417837,0.54108726978302,0.39591020345687866
Correct 0.030319008976221085,0.009921107441186905,0.9141524434089661,0.03600659221410751
Wrong 0.07028864324092865,0.02862647920846939,0.5571714639663696,0.3077244460582733
Wrong 0.051229603588581085,0.021525351330637932,0.8076212406158447,0.1026856079697609
Correct 0.05727750435471535,0.030187098309397697,0.4298733174800873,0.45764729380607605
Correct 0.013405785895884037,0.014383461326360703,0.9545613527297974,0.0053750304505229
Wrong 0.1620892882347107,0.05430162698030472,0.6213264465332031,0.13865633308887482
Wrong 0.008446193300187588,0.003521158592775464,0.9761615991592407,0.0056274509988725185
Correct 0.019558880478143692,0.01419964712113142,0.19295214116573334,0.7513672709465027
Correct 0.07183618098497391,0.019640736281871796,0.7031760811805725,0.17780126631259918
Correct 0.039223525673151016,0.020193517208099365,0.7755672931671143,0.12466774135828018
Wrong 0.12386303395032883,0.0678790882229805,0.6389067769050598,0.13604861497879028
Correct 0.04522089287638664,0.01033088006079197,0.15782879292964935,0.7648913860321045
Correct 0.02297448180615902,0.009068411774933338,0.946801483631134,0.010356207378208637
Correct 0.036400359123945236,0.009496698155999184,0.8284380435943604,0.1086774542927742
Correct 0.01528079342097044,0.005984798539429903,0.9527602195739746,0.015645388513803482
Wrong 0.08009003847837448,0.0921931341290474,0.7598393559455872,0.05679831653833389
Correct 0.01612434908747673,0.7531335353851318,0.05369872227311134,0.14150571823120117
Wrong 0.07842542231082916,0.03793752193450928,0.26113736629486084,0.5979341864585876
Wrong 0.057678598910570145,0.16955135762691498,0.564563512802124,0.18048016726970673
Wrong 0.009246105328202248,0.09266331791877747,0.7063130140304565,0.17311912775039673
Correct 0.023628026247024536,0.008426022715866566,0.5679578185081482,0.37251314520835876
Wrong 0.06014546379446983,0.08286383748054504,0.6415664553642273,0.18966452777385712
Correct 0.022233767434954643,0.017590060830116272,0.4828009009361267,0.46080341935157776
