grade confidence_levels
Correct 0.22501355409622192,0.433724969625473,0.1865427941083908,0.15464940667152405
Wrong 0.2673856317996979,0.4141349792480469,0.10308635234832764,0.21485039591789246
Wrong 0.083855040371418,0.05946212261915207,0.04853156954050064,0.8081231713294983
Correct 0.3209891617298126,0.22408653795719147,0.18869978189468384,0.2661093771457672
Correct 0.031215786933898926,0.9266250729560852,0.025878800079226494,0.006146753206849098
Correct 0.035107582807540894,0.0465099960565567,0.891399085521698,0.026917919516563416
Correct 0.0845613181591034,0.018004143610596657,0.02968381531536579,0.8674882650375366
Correct 0.9635537266731262,0.03195658698678017,0.003475117264315486,0.0009956377325579524
Correct 0.5239615440368652,0.04798043519258499,0.03246518597006798,0.39550694823265076
Correct 0.004060834646224976,0.0013183598639443517,0.000949579116422683,0.993653416633606
Correct 0.004426305647939444,0.0034472099505364895,0.9861565828323364,0.0059562441892921925
Correct 0.8968527317047119,0.03587862476706505,0.05644499883055687,0.010772716253995895
Correct 0.0005436129285953939,0.0004368053050711751,0.000645556312520057,0.9983533620834351
Wrong 0.013670693151652813,0.09638775885105133,0.8726235628128052,0.017281372100114822
Correct 5.14398307132069e-05,0.9999021291732788,2.3550872356281616e-05,6.338631919788895e-06
Correct 0.8883707523345947,0.09218194335699081,0.015525971539318562,0.0038647197652608156
Wrong 0.46079590916633606,0.006676408927887678,0.3941396474838257,0.138356015086174
Correct 0.09477280080318451,0.018661869689822197,0.014995234087109566,0.8715144395828247
Wrong 0.0243599321693182,0.9579682350158691,0.014098446816205978,0.0032456470653414726
Correct 0.22043612599372864,0.5455846786499023,0.15150338411331177,0.08237095922231674
Correct 0.15068191289901733,0.17616499960422516,0.2370559126138687,0.4360125660896301
Correct 0.11900787800550461,0.7882494926452637,0.05891316756606102,0.03356771543622017
Correct 0.12145388126373291,0.3250274658203125,0.06400170177221298,0.48035943508148193
Correct 0.1668396294116974,0.210905060172081,0.18905407190322876,0.43274906277656555
Correct 0.005045162048190832,0.002874647034332156,0.9919570684432983,6.0600923461606726e-05
Wrong 0.1760176718235016,0.07689642161130905,0.22957031428813934,0.5173447132110596
Correct 0.5553860068321228,0.2749359905719757,0.11108418554067612,0.05853725224733353
Correct 0.13684232532978058,0.8252648711204529,0.03514401987195015,0.0027100155130028725
Correct 0.017034374177455902,0.9300453066825867,0.043498799204826355,0.00940727535635233
Wrong 0.023519650101661682,0.01182642299681902,0.010274974629282951,0.9542838931083679
Correct 0.27975916862487793,0.22479280829429626,0.21117328107357025,0.2841647267341614
Wrong 0.35389482975006104,0.36512863636016846,0.0777403712272644,0.19851699471473694
Correct 0.0036168505903333426,0.015227509662508965,0.971997857093811,0.009092760272324085
Correct 0.017199359834194183,0.6353951692581177,0.2690432667732239,0.07829605042934418
Wrong 0.21636158227920532,0.3197616934776306,0.12327911704778671,0.3403845727443695
Wrong 0.6327295899391174,0.2086520791053772,0.12655387818813324,0.031013360247015953
Correct 0.0005268460954539478,0.9982743263244629,0.0008551555802114308,0.0003296918293926865
Correct 0.14572443068027496,0.06671751290559769,0.6738229393959045,0.11349030584096909
Wrong 0.6019514203071594,0.17246197164058685,0.0867193341255188,0.13857708871364594
Correct 0.0032088125590234995,0.9925486445426941,0.003931519575417042,0.0002892832562793046
Correct 0.13156968355178833,0.24199368059635162,0.08105772733688354,0.5453411936759949
Wrong 0.41492772102355957,0.383745402097702,0.18126849830150604,0.020022453740239143
Correct 0.20351262390613556,0.13139763474464417,0.17681483924388885,0.48820143938064575
Wrong 0.2540515661239624,0.3016936779022217,0.0683770477771759,0.3754638433456421
Wrong 0.12659035623073578,0.21533747017383575,0.02341686561703682,0.6329119801521301
Wrong 0.042903222143650055,0.8483743071556091,0.023326076567173004,0.08532324433326721
Correct 0.8025728464126587,0.10045377910137177,0.05634945631027222,0.04058699309825897
Correct 0.30453383922576904,0.6446980834007263,0.030627770349383354,0.02008618414402008
Wrong 0.622709333896637,0.01054819580167532,0.11884616315364838,0.2476966679096222
Wrong 0.5173500776290894,0.44251298904418945,0.03307308256626129,0.007041666191071272
Wrong 0.25246661901474,0.6347009539604187,0.059036385267972946,0.053753241896629333
Correct 0.26164740324020386,0.37479260563850403,0.2535973787307739,0.10907085984945297
Wrong 0.0010155474301427603,0.9828217625617981,0.015639547258615494,0.0005186909111216664
Correct 0.12320598214864731,0.02926398627460003,0.018601322546601295,0.8289067149162292
Correct 0.004368611145764589,0.022185636684298515,0.9733026027679443,0.00013610822497867048
Correct 0.9514905214309692,0.04180557653307915,0.005570054054260254,0.0010630633914843202
Correct 0.005217606667429209,0.00042828722507692873,0.9942997694015503,4.88092155137565e-05
Correct 0.0003150000120513141,0.9995620846748352,0.00010068003757623956,1.6694388250471093e-05
Wrong 0.0903564840555191,0.36871087551116943,0.04472970589995384,0.4961547255516052
Wrong 0.3878481686115265,0.03284711763262749,0.032337870448827744,0.5469536185264587
Wrong 0.14591087400913239,0.3668198883533478,0.45651474595069885,0.029643595218658447
Wrong 0.00890863873064518,0.45692598819732666,0.30437833070755005,0.22975680232048035
Correct 0.09539510309696198,0.7387076616287231,0.1115281730890274,0.05351180210709572
Correct 0.020346414297819138,0.9651462435722351,0.006014388054609299,0.00848164688795805
Correct 0.03240729495882988,0.0038704993203282356,0.9619943499565125,0.0017175237881019711
Correct 0.9609335660934448,0.036113087087869644,0.0019440633477643132,0.0009929303778335452
Correct 0.6935064196586609,0.15234313905239105,0.058733511716127396,0.09533390402793884
Correct 0.005827894899994135,0.007252932991832495,0.9649062156677246,0.021994248032569885
Correct 0.0019522923976182938,0.0007887973915785551,0.9956334233283997,0.0016185070853680372
Correct 0.0034224935807287693,0.9945043325424194,0.0015669317217543721,0.0005008214502595365
Correct 0.49698612093925476,0.28317415714263916,0.14238891005516052,0.07741551101207733
Wrong 0.03564099967479706,0.009153365157544613,0.006802202668040991,0.9483717679977417
Correct 0.0010969442082569003,0.0006250199512578547,0.000983294565230608,0.9972768425941467
Correct 0.9930328130722046,0.0014929644530639052,0.0016655222279950976,0.003753312397748232
Correct 0.5812128186225891,0.2461010068655014,0.09488038718700409,0.07505656033754349
Correct 0.08623421937227249,0.5535998344421387,0.14668935537338257,0.21343174576759338
Wrong 0.0939144417643547,0.45509639382362366,0.4410945475101471,0.00820615328848362
Wrong 0.4892367422580719,0.22051629424095154,0.16645443439483643,0.12369842082262039
Correct 0.08156760782003403,0.14093618094921112,0.7500817179679871,0.027321726083755493
Correct 0.8678141236305237,0.01829453930258751,0.016399117186665535,0.09585652500391006
Correct 0.00031493286951445043,0.0001054892927641049,0.00021309423027560115,0.999349057674408
Wrong 0.31533315777778625,0.11243549734354019,0.5280836820602417,0.04267570748925209
Correct 0.8895625472068787,0.0707731619477272,0.017343709245324135,0.02226976491510868
Correct 0.13860005140304565,0.773048996925354,0.05260664224624634,0.030925851315259933
Correct 0.1953124701976776,0.04938272014260292,0.7371014952659607,0.018166888505220413
Wrong 0.009256827645003796,0.0006201688083820045,0.0005559157580137253,0.9895362854003906
Wrong 0.054340910166502,0.9191068410873413,0.006290417164564133,0.019075453281402588
Wrong 0.2526291012763977,0.5103248357772827,0.09739719331264496,0.13951504230499268
Correct 0.598234236240387,0.16354814171791077,0.17962248623371124,0.05831488221883774
Correct 0.015298902988433838,0.9765550494194031,0.0041824872605502605,0.003929083235561848
Correct 0.017627499997615814,0.9775850176811218,0.004252832382917404,0.0005159271531738341
Wrong 0.000836153223644942,0.007337010465562344,0.0003596250026021153,0.9914628863334656
Correct 0.0007550934096798301,0.00012135455472161993,0.998831570148468,0.0002777833433356136
Correct 0.0003299524250905961,0.9990634322166443,0.0005974667146801949,2.766820443866891e-06
Correct 0.0014089945470914245,0.0005782502121292055,0.00037922573392279446,0.997623860836029
Wrong 0.005280311685055494,0.8085440397262573,0.01931457780301571,0.16685248911380768
Correct 0.002113991416990757,0.0004500947834458202,0.0003505341592244804,0.9970768690109253
Correct 0.3631023168563843,0.10733284056186676,0.3926072418689728,0.13150694966316223
Correct 0.11189834773540497,0.056266020983457565,0.8268231749534607,0.004993893206119537
Correct 0.10735791176557541,0.7569469809532166,0.05314601585268974,0.08231416344642639
Correct 0.4930993914604187,0.21207942068576813,0.1758200228214264,0.11896577477455139
Correct 0.05743970721960068,0.10564778000116348,0.7219715714454651,0.11423250287771225
Correct 0.02213684841990471,0.006243984214961529,0.9561057686805725,0.015454010106623173
Correct 0.7190597057342529,0.16044391691684723,0.03579987213015556,0.0845479965209961
Wrong 0.5755971670150757,0.23622459173202515,0.13459672033786774,0.05353887379169464
Correct 0.0005271753179840744,0.9988981485366821,0.0004439261101651937,0.00012718695506919175
Correct 0.0023213450331240892,0.9968963861465454,0.0002645491622388363,0.0005099318805150688
Correct 0.2809741795063019,0.18426735699176788,0.08569227904081345,0.448995441198349
Correct 0.6000782251358032,0.21396449208259583,0.0594157911837101,0.12383313477039337
Wrong 0.34042277932167053,0.044653747230768204,0.11051908880472183,0.5031121969223022
Correct 0.19136852025985718,0.2784395217895508,0.5041888952255249,0.02589891292154789
Correct 0.0006659615901298821,0.9982230067253113,0.000984227517619729,0.00011754920706152916
Wrong 0.7776821851730347,0.1330457329750061,0.07233570516109467,0.016914866864681244
Correct 0.33102524280548096,0.06219779700040817,0.554362952709198,0.05237579718232155
Correct 0.0001609048922546208,0.9996780157089233,0.0001354955165879801,1.9519980924087577e-05
Wrong 0.01894083432853222,0.007534142583608627,0.00202778703533113,0.9714794158935547
Correct 0.2194250077009201,0.08865571767091751,0.015895094722509384,0.6758766174316406
Correct 0.17934530973434448,0.20322488248348236,0.06495457142591476,0.5524224638938904
Correct 0.003457107348367572,0.0516018308699131,0.001213558716699481,0.9436988830566406
Wrong 0.020137041807174683,0.8973409533500671,0.0713920071721077,0.011120730079710484
Correct 0.00038577610393986106,0.9991218447685242,0.0003099797759205103,0.00013542015221901238
Correct 0.007644729223102331,0.0037844155449420214,0.002812338760122657,0.9857388734817505
Correct 0.9703789949417114,0.017773112282156944,0.007408934645354748,0.004424076993018389
Wrong 0.698608934879303,0.2340046763420105,0.0639733150601387,0.0033378973603248596
Correct 0.0460369810461998,0.9392390847206116,0.011823275126516819,0.0028524980880320072
Correct 0.00014196013216860592,6.811322964495048e-05,0.9994109869003296,0.0003682166279759258
Correct 0.0009359924006275833,0.9948599338531494,0.0013407471124082804,0.002838361309841275
Correct 0.002209980273619294,0.9946178793907166,0.0026244164910167456,0.0005331825814209878
Wrong 0.6365106105804443,0.11591719835996628,0.17675261199474335,0.07030732929706573
Wrong 0.1033928319811821,0.1758771389722824,0.695607602596283,0.02494468353688717
Wrong 0.2116408497095108,0.4410974085330963,0.07546287029981613,0.2717522382736206
Correct 0.14584659039974213,0.48574334383010864,0.10838399827480316,0.25999969244003296
Correct 0.9681476354598999,0.007508303504437208,0.016399642452597618,0.007746642921119928
Correct 0.00040170858846977353,0.00014548920444212854,0.9927427768707275,0.006689048372209072
Correct 0.0015572207048535347,0.8998944163322449,0.0023744776844978333,0.011328000575304031
Correct 0.9712567925453186,0.01923469826579094,0.006752014625817537,0.0027280605863779783
Wrong 0.5238113403320312,0.3772871792316437,0.04102807864546776,0.05785885825753212
Correct 0.9991042017936707,0.0005191092495806515,0.0002693103451747447,9.602556383470073e-05
Wrong 0.6955479979515076,0.060776304453611374,0.08842899650335312,0.15519773960113525
Correct 0.0951281413435936,0.174967423081398,0.034453123807907104,0.6603201031684875
Correct 0.42148682475090027,0.2186644822359085,0.15265241265296936,0.20541627705097198
Wrong 0.19131706655025482,0.060200583189725876,0.3305662274360657,0.41787487268447876
Correct 0.34645071625709534,0.17973627150058746,0.20051030814647675,0.26151472330093384
Correct 0.0006976598524488509,0.0003095846623182297,0.0011324136285111308,0.997848391532898
Correct 0.10728221386671066,0.6675323247909546,0.11782645434141159,0.10728221386671066
Correct 0.9893348813056946,0.007916172966361046,0.0019399417797103524,0.000796150416135788
Correct 0.8993918299674988,0.01699584349989891,0.07268200814723969,0.010803215205669403
Wrong 0.04939665272831917,0.946723997592926,0.0019153159810230136,0.0019454777939245105
Correct 0.00782187469303608,0.9775497913360596,0.011030611582100391,0.0019470186671242118
Correct 0.9889442920684814,0.008966657333076,0.0009904340840876102,0.0010877789463847876
Correct 0.0004323312605265528,0.0010371087118983269,0.04078489542007446,0.957726001739502
Correct 0.005601375829428434,0.06311050802469254,0.8057408928871155,0.12551023066043854
Correct 0.6751121282577515,0.11731689423322678,0.17338314652442932,0.034141164273023605
Wrong 0.9369802474975586,0.04116803780198097,0.00761532224714756,0.01422729343175888
Correct 0.2624318599700928,0.14046965539455414,0.5384752154350281,0.058556463569402695
Correct 0.23985211551189423,0.2938729524612427,0.3832825720310211,0.08289066702127457
Correct 0.7853905558586121,0.023716740310192108,0.03616371378302574,0.15465256571769714
Correct 0.0028349491767585278,0.0016407427610829473,0.0018303807592019439,0.9936639070510864
Wrong 0.4321160614490509,0.33131489157676697,0.17459067702293396,0.06033692508935928
Wrong 0.3922182619571686,0.3922182619571686,0.11593949049711227,0.09763085097074509
Correct 0.7033630609512329,0.20151689648628235,0.013713397085666656,0.08015787601470947
Correct 0.06959005445241928,0.19214430451393127,0.5647435188293457,0.17223702371120453
Wrong 0.636572003364563,0.1234050989151001,0.1293274462223053,0.11061961203813553
Correct 0.0022429157979786396,0.0007396352011710405,0.9937908053398132,0.0032128284219652414
Wrong 0.19226990640163422,0.4833664894104004,0.15449321269989014,0.16967760026454926
Wrong 0.6266694664955139,0.22344589233398438,0.07141759246587753,0.07843688875436783
Correct 0.4923646152019501,0.12644968926906586,0.34372588992118835,0.0373784601688385
Correct 0.28389987349510193,0.05503649637103081,0.04089965298771858,0.6200942993164062
Correct 0.06354369968175888,0.7621190547943115,0.1674153357744217,0.0069100563414394855
Correct 0.1485012024641037,0.15083976089954376,0.6760169267654419,0.024623915553092957
Correct 0.4074038863182068,0.0952666774392128,0.15954165160655975,0.3377496898174286
Correct 0.9865171909332275,0.0048631224781274796,0.003969164565205574,0.004640424158424139
Correct 0.6456660032272339,0.20961706340312958,0.038775257766246796,0.05730611830949783
Correct 0.21824252605438232,0.09534309059381485,0.033995628356933594,0.6515518426895142
Wrong 0.02709950879216194,0.9258994460105896,0.005012905225157738,0.04197254031896591
Correct 0.11265958100557327,0.234802708029747,0.22057674825191498,0.4318682849407196
Correct 0.00023760166368447244,0.0006663703825324774,0.9988357424736023,0.0002529256453271955
Correct 0.9536981582641602,0.017196781933307648,0.007631025742739439,0.021401740610599518
Correct 0.00024152096011675894,0.00015593765419907868,0.9995707869529724,2.7958081773249432e-05
Wrong 0.24045518040657043,0.41546928882598877,0.16526226699352264,0.17869111895561218
Correct 0.0564563125371933,0.028388017788529396,0.8559544086456299,0.05916570872068405
Correct 0.9699946641921997,0.014275440014898777,0.004422325175255537,0.011292803101241589
Wrong 0.4852040708065033,0.33872702717781067,0.15030920505523682,0.025714874267578125
Wrong 0.007662534713745117,0.9427891373634338,0.007905769161880016,0.029373494908213615
Correct 0.005047322250902653,0.0019459162140265107,0.0006219521164894104,0.992381751537323
Correct 0.12010840326547623,0.8737285137176514,0.004657107871025801,0.0014654240803793073
Correct 0.17838625609874725,0.1840488463640213,0.44151023030281067,0.1959189772605896
Correct 0.5874581336975098,0.025016985833644867,0.3399946987628937,0.04747390002012253
Correct 0.0012112846598029137,0.6177330613136292,0.3805742859840393,0.00036942094448022544
Wrong 0.2444964498281479,0.33418703079223633,0.09725397080183029,0.32390516996383667
Correct 0.06623820960521698,0.18869510293006897,0.6586105823516846,0.0863909050822258
Correct 0.11354084312915802,0.11714501678943634,0.5009656548500061,0.26814761757850647
Correct 0.04046694561839104,0.011962005868554115,0.010392771102488041,0.9067441821098328
Correct 0.2916671633720398,0.24180057644844055,0.3305022120475769,0.13563783466815948
Wrong 0.1875530183315277,0.26865729689598083,0.4226572513580322,0.12109333276748657
Correct 0.21243944764137268,0.7770711779594421,0.008237171918153763,0.00214879447594285
Wrong 0.1998542994260788,0.2774702310562134,0.13735772669315338,0.3852292597293854
Correct 0.9789994955062866,0.01232378464192152,0.0041929567232728004,0.004463378805667162
Correct 0.30930882692337036,0.6862316131591797,0.003954939544200897,0.0004873441648669541
Wrong 0.11643362045288086,0.042833536863327026,0.7021846175193787,0.1382683366537094
Wrong 0.9140051007270813,0.007907693274319172,0.01674058847129345,0.061234522610902786
Wrong 0.01165697444230318,0.8300862908363342,0.024677814915776253,0.13340701162815094
Wrong 0.007802331820130348,0.0013141270028427243,0.9904630780220032,0.00041350838728249073
Wrong 0.3127537965774536,0.3277631402015686,0.07428553700447083,0.2847655713558197
Wrong 0.05576702207326889,0.07387930154800415,0.8194904327392578,0.05077645182609558
Wrong 0.028886256739497185,0.07610514760017395,0.010299712419509888,0.8846932053565979
Correct 0.42425450682640076,0.31527918577194214,0.23066318035125732,0.029787341132760048
Wrong 0.26969775557518005,0.08893688023090363,0.5709501504898071,0.07035486400127411
Wrong 0.006524485535919666,0.9683194756507874,0.01565142720937729,0.009493070654571056
Correct 0.022932136431336403,0.020879946649074554,0.24272139370441437,0.7133978009223938
Wrong 0.9474659562110901,0.015076934359967709,0.013727704994380474,0.02371934801340103
Correct 0.9590498805046082,0.03958471864461899,0.000691818306222558,0.000660137680824846
Correct 0.9614785313606262,0.015540853142738342,0.006279072258621454,0.014372940175235271
Wrong 0.47765469551086426,0.4149935841560364,0.04729422181844711,0.059785500168800354
Correct 0.9539508819580078,0.04126386716961861,0.002679451834410429,0.0020544070284813643
Wrong 0.027120210230350494,0.06505800038576126,0.009670008905231953,0.8980979919433594
Correct 0.009005436673760414,0.011207448318600655,0.9778228402137756,0.0019475624430924654
Correct 0.6383181214332581,0.28325194120407104,0.05754612013697624,0.020841823890805244
Wrong 0.43281468749046326,0.12400348484516144,0.42610451579093933,0.017046324908733368
Correct 0.01160335075110197,0.027834992855787277,0.03804592415690422,0.921768307685852
Correct 0.98678058385849,0.006444310769438744,0.0019349331269040704,0.004789005499333143
Wrong 0.8177719116210938,0.02932553179562092,0.008534216322004795,0.14434531331062317
Correct 0.08720487356185913,0.24457211792469025,0.5341945886611938,0.13297155499458313
Wrong 0.5183039307594299,0.25260117650032043,0.17912106215953827,0.04974012449383736
Correct 0.7719753980636597,0.053360868245363235,0.08936263620853424,0.08527041971683502
Correct 0.0001105919509427622,4.6827579353703186e-05,7.720561552559957e-05,0.9997116923332214
Wrong 0.039216261357069016,0.8650968670845032,0.05195310339331627,0.04109828919172287
Correct 0.0503697544336319,0.13064920902252197,0.8003233671188354,0.018529998138546944
Correct 0.12969377636909485,0.18577776849269867,0.015489714220166206,0.6690114140510559
Correct 0.3750499188899994,0.13372816145420074,0.42498722672462463,0.06620024144649506
Correct 0.0004801622126251459,0.00023038432118482888,0.9992386102676392,4.195610381430015e-05
Correct 0.005349354352802038,0.0032445474062114954,0.9880427122116089,0.0032956416253000498
Wrong 0.38791272044181824,0.07520031183958054,0.022934800013899803,0.513900876045227
Wrong 0.004521604627370834,0.6504189968109131,0.1497349590063095,0.1952911913394928
Wrong 0.2501063942909241,0.14702996611595154,0.03034134767949581,0.5724992156028748
Correct 0.5953308939933777,0.0014989165356382728,0.4028210937976837,0.00032926822314038873
Correct 0.01585974358022213,0.0844077318906784,0.073334701359272,0.8262596130371094
Wrong 0.48321446776390076,0.16699446737766266,0.20460589230060577,0.14508728682994843
Wrong 0.6976841688156128,0.13315536081790924,0.06695472449064255,0.10209374874830246
Wrong 0.0021445034071803093,0.0007071821601130068,0.0013419960159808397,0.9957866072654724
Wrong 0.08539000898599625,0.05427718907594681,0.03730412945151329,0.8229159116744995
Wrong 0.4101994037628174,0.3853466808795929,0.10210670530796051,0.10210670530796051
Correct 0.1701471209526062,0.365873783826828,0.14105691015720367,0.3228824734687805
Wrong 0.049188196659088135,0.030781187117099762,0.599234938621521,0.32074734568595886
Wrong 0.022449234500527382,0.011829915456473827,0.011113177053630352,0.954565703868866
Wrong 0.4662185609340668,0.11605098098516464,0.41143643856048584,0.006247332319617271
Correct 0.009827615693211555,0.001817926182411611,0.0014380979118868709,0.9869025945663452
Correct 0.07017944753170013,0.11570635437965393,0.127078577876091,0.6869802474975586
Correct 0.0076888916082680225,0.0005071373889222741,0.0003652773448266089,0.9914332628250122
Wrong 0.893329918384552,0.049616873264312744,0.052816882729530334,0.004202085547149181
Correct 0.21557466685771942,0.09128005057573318,0.039259061217308044,0.6537220478057861
Correct 0.015150161460042,0.1137082651257515,0.004207047633826733,0.8668674826622009
Correct 0.9594159126281738,0.03232043236494064,0.005194366443902254,0.0030536106787621975
Correct 0.006073602009564638,0.002234353683888912,0.0015843939036130905,0.9899970293045044
Correct 9.9143449915573e-05,3.1196872441796586e-05,3.373185609234497e-05,0.9998071789741516
Wrong 0.07238921523094177,0.6976253986358643,0.2229744791984558,0.006946982350200415
Wrong 0.022713003680109978,0.9657815098762512,0.0017242851899936795,0.009768741205334663
Correct 0.016809262335300446,0.004454011097550392,0.0017171741928905249,0.9769446849822998
Correct 0.9912209510803223,0.004519098438322544,0.0027409717440605164,0.0013568794820457697
Wrong 0.05624690279364586,0.93659508228302,0.0008149537025019526,0.006310727912932634
Correct 0.8062751889228821,0.07156098634004593,0.09480290859937668,0.027161486446857452
Correct 0.01961703784763813,0.7477161884307861,0.14049170911312103,0.09213671088218689
Wrong 0.07674191147089005,0.5496039390563965,0.16502103209495544,0.20860613882541656
Wrong 0.00011581314174691215,0.9989678859710693,0.0008557496475987136,5.5567750678164884e-05
Correct 0.22108109295368195,0.49048981070518494,0.14052769541740417,0.14727173745632172
Correct 0.025410886853933334,0.02041822113096714,0.7311017513275146,0.22297342121601105
Correct 0.12746982276439667,0.0773143470287323,0.7568231225013733,0.03827337920665741
Correct 0.9817972183227539,0.009625202044844627,0.0045466236770153046,0.004012380726635456
Correct 0.5834693908691406,0.25489890575408936,0.11311069875955582,0.04789408668875694
Correct 0.012969001196324825,0.006728229112923145,0.027455372735857964,0.9528303742408752
Wrong 0.4062516987323761,0.23147523403167725,0.13189060986042023,0.21745087206363678
Wrong 0.5012171268463135,0.06372260302305222,0.11010279506444931,0.3236100971698761
Wrong 0.08528659492731094,0.8348627090454102,0.07526515424251556,0.0009182986686937511
Wrong 0.18880069255828857,0.05081500858068466,0.03660067915916443,0.7237469553947449
Correct 0.8796033263206482,0.07449418306350708,0.041139595210552216,0.004688421729952097
Wrong 0.11551838368177414,0.009937393479049206,0.07116880267858505,0.8018564581871033
Wrong 0.42283710837364197,0.3790287375450134,0.013381349854171276,0.1847238540649414
Correct 0.0005612700479105115,0.9990670084953308,0.000324838183587417,4.260949572199024e-05
Correct 0.13612574338912964,0.5731107592582703,0.12394390255212784,0.16678473353385925
Correct 0.02499639056622982,0.05375068262219429,0.8950292468070984,0.026195991784334183
Wrong 0.25830379128456116,0.6393080353736877,0.0673825666308403,0.03495761752128601
Wrong 0.7632862329483032,0.10492628812789917,0.0755755752325058,0.0561629980802536
Correct 0.006232576444745064,0.005248355679214001,0.003839778946712613,0.9846535325050354
Wrong 0.060437098145484924,0.6497600078582764,0.17488054931163788,0.11468945443630219
Correct 0.7810478210449219,0.20058967173099518,0.008952084928750992,0.009381703101098537
Wrong 0.11658627539873123,0.06961684674024582,0.04157011955976486,0.7722100615501404
Correct 0.0015706971753388643,0.0013861354673281312,0.996894121170044,0.00014383255620487034
Correct 0.0106516657397151,3.4435794077580795e-05,4.1537496144883335e-05,0.989268958568573
Wrong 0.04112735390663147,0.5766863226890564,0.23300233483314514,0.14810530841350555
Correct 0.054300274699926376,0.9184195399284363,0.014844869263470173,0.01230682898312807
Correct 0.8846780061721802,0.04473913833498955,0.04544368013739586,0.025096384808421135
Correct 0.6414198875427246,0.14998860657215118,0.06975118070840836,0.13871678709983826
Correct 0.020120959728956223,0.006953617557883263,0.9396543502807617,0.033173855394124985
Correct 3.4465294902474852e-06,6.893493491588742e-07,2.9022687613178277e-06,0.9999821186065674
Wrong 0.06558644771575928,0.019387317821383476,0.03737003356218338,0.8775370121002197
Correct 0.2464050054550171,0.2972211539745331,0.05246265232563019,0.3937540650367737
Wrong 0.35525763034820557,0.0002996075781993568,0.6432884931564331,0.0011307072127237916
Wrong 0.6650996804237366,0.05291500315070152,0.22985230386257172,0.052094630897045135
Wrong 0.16961708664894104,0.07526712119579315,0.11476866155862808,0.6401281356811523
Correct 0.9626808166503906,0.028176037594676018,0.007236205041408539,0.0018876770045608282
Correct 0.0002999663702212274,3.211411240044981e-05,0.9975378513336182,0.002114968840032816
Correct 0.9663256406784058,0.02069207653403282,0.01125008799135685,0.0016985090915113688
Correct 0.8730617761611938,0.09643616527318954,0.017021995037794113,0.01346550602465868
Correct 0.00031485495856031775,0.00010712401126511395,0.00046532542910426855,0.9991018772125244
Correct 0.7975536584854126,0.09232354164123535,0.08406153321266174,0.025637323036789894
Correct 0.5040303468704224,0.34104403853416443,0.1254630833864212,0.029338082298636436
Correct 0.0001880660856841132,0.000257055857218802,0.0001419597101630643,0.9994080066680908
Correct 0.04427727311849594,0.9175633192062378,0.030431298539042473,0.007694237399846315
Correct 0.11703208088874817,0.7513135671615601,0.10010284185409546,0.031498756259679794
Correct 0.0009250929579138756,0.00015581108164042234,0.00014410166477318853,0.998759388923645
Correct 0.08888018131256104,0.12339789420366287,0.626666247844696,0.1609412133693695
Wrong 0.4840308427810669,0.11496740579605103,0.3653656542301178,0.035615239292383194
Correct 0.10780597478151321,0.7601061463356018,0.08265770971775055,0.04935717210173607
Correct 0.06307979673147202,0.9125798344612122,0.015218709595501423,0.008946618065237999
Wrong 0.031125783920288086,0.04746115207672119,0.025804180651903152,0.8955262303352356
Correct 0.00104575848672539,0.001545530860312283,0.9963687658309937,0.0010295454412698746
Wrong 0.6850318312644958,0.20892289280891418,0.024184582754969597,0.08181538432836533
Correct 0.3721921741962433,0.39005401730537415,0.13270920515060425,0.10498161613941193
Correct 0.3988703489303589,0.17978495359420776,0.1056901291012764,0.3155324459075928
Correct 0.3115728199481964,0.2583029270172119,0.05414323881268501,0.3758285343647003
Correct 0.004595493897795677,0.0008634676923975348,0.9923502802848816,0.0021707576233893633
Wrong 0.24332621693611145,0.003994937986135483,0.7494975328445435,0.0031602559611201286
Wrong 0.6042132377624512,0.24033941328525543,0.06269628554582596,0.0926591008901596
Wrong 0.07779717445373535,0.004896301776170731,0.9043624401092529,0.012900036759674549
Correct 3.943381307180971e-05,0.9997379183769226,0.000148821622133255,6.203808879945427e-05
Correct 0.011117059737443924,0.9852110147476196,0.0028108328115195036,0.0008439650991931558
Correct 0.001244507497176528,0.9984857439994812,7.24390265531838e-05,0.000190851409570314
Correct 0.08213280886411667,0.08213280886411667,0.09162576496601105,0.7435697317123413
Wrong 0.20479176938533783,0.38260138034820557,0.3650808036327362,0.043602682650089264
Correct 0.24480126798152924,0.5603556632995605,0.09890864789485931,0.09586555510759354
Wrong 0.3387656807899475,0.19003033638000488,0.06882442533969879,0.40229418873786926
Wrong 0.0831819400191307,0.11193354427814484,0.6341466903686523,0.1706782728433609
Correct 0.254320353269577,0.30676889419555664,0.3938990533351898,0.044890206307172775
Correct 0.12323684245347977,0.090161994099617,0.778880774974823,0.007635878399014473
Wrong 0.03614959865808487,0.07773385941982269,0.4912930727005005,0.39476507902145386
Wrong 0.08792091906070709,0.13198493421077728,0.04490560293197632,0.21091130375862122
Correct 0.17220449447631836,0.5222036242485046,0.0663907378911972,0.2390822470188141
Correct 0.12494019418954849,0.6546397805213928,0.09883582592010498,0.1210961863398552
Wrong 0.33465513586997986,0.033135343343019485,0.5347773432731628,0.09739018976688385
Correct 0.0017504588468000293,0.001112659345380962,0.995881199836731,0.0012220172211527824
Correct 8.614261605544016e-05,1.1124270713480655e-05,3.218914571334608e-05,0.999868631362915
Correct 0.9964434504508972,0.001301565091125667,0.0013428812380880117,0.0008945516892708838
Correct 0.0023224086035043,0.0035970169119536877,0.9818905591964722,0.012168551795184612
Wrong 0.4793580174446106,0.03873806819319725,0.4719262719154358,0.009948757477104664
Correct 0.17557033896446228,0.01658775471150875,0.7868516445159912,0.020968886092305183
Wrong 0.5112731456756592,0.14197541773319244,0.041317205876111984,0.30529510974884033
Correct 0.15033891797065735,0.2517703175544739,0.1347629278898239,0.46307647228240967
Wrong 0.46739286184310913,0.46739286184310913,0.03131336718797684,0.03385782614350319
Correct 0.6011760830879211,0.1749522089958191,0.06141400337219238,0.16180434823036194
Wrong 0.3177831172943115,0.327870637178421,0.183918759226799,0.17009705305099487
Correct 0.019739491865038872,0.009620260447263718,0.004544289316982031,0.9660796523094177
Wrong 0.0024238855112344027,0.0018012786749750376,0.0025008281227201223,0.9932643175125122
Correct 0.018668167293071747,0.9574942588806152,0.013657920993864536,0.010149706155061722
Correct 0.24349091947078705,0.21826383471488953,0.5318330526351929,0.006388213485479355
Correct 0.634848952293396,0.2029099315404892,0.09735724329948425,0.06485390663146973
Wrong 0.22786563634872437,0.7355592846870422,0.031817175447940826,0.004729200154542923
Correct 0.06540200114250183,0.83499675989151,0.07766679674386978,0.02190692536532879
Correct 0.006515371613204479,0.009780731052160263,0.9821943640708923,0.0014999236445873976
Correct 0.33541128039360046,0.1767493188381195,0.08887513726949692,0.39831072092056274
Wrong 0.5566853880882263,0.2320609837770462,0.11134407669305801,0.09980819374322891
Correct 0.2701409161090851,0.42499133944511414,0.2920919954776764,0.011503987945616245
Correct 0.07113000750541687,0.010408620350062847,0.010247249156236649,0.9081270098686218
Correct 0.8517071604728699,0.07326754182577133,0.030542459338903427,0.04443901404738426
Correct 0.7880180478096008,0.11176472157239914,0.0898054763674736,0.009614486247301102
Correct 0.18411396443843842,0.12457773089408875,0.576041579246521,0.11521556228399277
Correct 0.003817707998678088,0.00044193179928697646,0.9944105744361877,0.0013193645281717181
Wrong 0.4242767095565796,0.013218744657933712,0.5620753169059753,0.0003991715202573687
Wrong 0.19919010996818542,0.0006241495138965547,0.024545034393668175,0.7755982875823975
Correct 0.010340346954762936,0.008179888129234314,0.005984533112496138,0.9754787683486938
Wrong 0.07277417182922363,0.3582070767879486,0.07164592295885086,0.4973212480545044
Wrong 0.05462270602583885,0.04599693417549133,0.003775658318772912,0.8954485058784485
Correct 0.00755711505189538,0.9897867441177368,0.0020660003647208214,0.0005737076280638576
Correct 0.0654773935675621,0.6510457396507263,0.06861971318721771,0.2146921157836914
Correct 0.008419541642069817,0.0026493261102586985,0.0004324906039983034,0.9884917736053467
Correct 0.7538892030715942,0.0958462506532669,0.0481945239007473,0.10202780365943909
Wrong 0.0071876500733196735,0.8307793140411377,0.142129585146904,0.019845735281705856
Wrong 0.6757106184959412,0.12896162271499634,0.03933107107877731,0.15555742383003235
Correct 0.008004083298146725,0.0036077226977795362,0.003551790025085211,0.9848129153251648
Correct 0.09127218276262283,0.4857631027698517,0.35539186000823975,0.06574088335037231
Wrong 0.1823256015777588,0.5113447308540344,0.16862361133098602,0.13762657344341278
Correct 0.12031806260347366,0.06145245581865311,0.8094773292541504,0.008715812116861343
Correct 0.1032973900437355,0.024535279721021652,0.020660776644945145,0.8514894247055054
Wrong 0.21620401740074158,0.3735670745372772,0.3914949297904968,0.018598809838294983
Correct 0.00017129280604422092,5.3899668273516e-05,3.4260716347489506e-05,0.999738872051239
Correct 0.004787722136825323,0.9712216854095459,0.01569833606481552,0.008272442035377026
Correct 0.039453186094760895,0.0433308444917202,0.8979503512382507,0.019227946177124977
Correct 0.9583921432495117,0.016234392300248146,0.011693194508552551,0.013670729473233223
Wrong 0.10274822264909744,0.060402560979127884,0.8209042549133301,0.01575694978237152
Wrong 0.38543590903282166,0.08466903120279312,0.19996151328086853,0.32968083024024963
Correct 0.005067023914307356,0.9808098673820496,0.010726888664066792,0.003375365398824215
Correct 0.6771970987319946,0.1910122185945511,0.04829545319080353,0.08344705402851105
Correct 0.8429812788963318,0.12335541099309921,0.014732704497873783,0.01891716755926609
Correct 0.009664044715464115,0.00260104238986969,0.001963369781151414,0.9857593774795532
Wrong 0.2356477826833725,0.1429276019334793,0.4911321699619293,0.13013707101345062
Correct 0.02304338477551937,0.9646387696266174,0.01195475086569786,0.00034989535924978554
Correct 0.006458545569330454,0.9146384596824646,0.004951937589794397,0.012256164103746414
Wrong 0.02433403581380844,0.0032421962823718786,0.972019612789154,0.00039332304731942713
Correct 0.006061846390366554,0.00340038794092834,0.00244920770637691,0.9880808591842651
Correct 0.7608335018157959,0.169764906167984,0.04160268232226372,0.027713360264897346
Wrong 0.8587785959243774,0.11264723539352417,0.020514586940407753,0.008033626712858677
Correct 0.28138211369514465,0.6964274644851685,0.019449837505817413,0.002715805545449257
Correct 0.018041182309389114,0.04828070476651192,0.008259854279458523,0.9253360629081726
Wrong 0.2950543463230133,0.10854443162679672,0.1393737941980362,0.4569891095161438
Wrong 0.7048649787902832,0.07908365875482559,0.08961351960897446,0.12637533247470856
Wrong 0.5691394209861755,0.025006242096424103,0.008507945574820042,0.397323340177536
Correct 0.9870902895927429,0.006547848228365183,0.002905589994043112,0.0034504737704992294
Wrong 0.005024310201406479,0.0017636987613514066,0.9878572225570679,0.005348350387066603
Correct 0.4136243164539337,0.28427955508232117,0.1301526576280594,0.16452838480472565
Correct 0.10373575985431671,0.8822468519210815,0.013821452856063843,0.00017398643831256777
Correct 0.03455263003706932,0.0012585794320330024,0.0006328534800559282,0.9635347723960876
Correct 0.7145119905471802,0.10787517577409744,0.05340208485722542,0.12416355311870575
Wrong 0.05573200061917305,0.3868567645549774,0.39294886589050293,0.16380545496940613
Correct 0.015320261009037495,0.9044265747070312,0.0730888769030571,0.00712458323687315
Wrong 0.11466648429632187,0.6915274262428284,0.11113857477903366,0.08259117603302002
Correct 0.0005273673450574279,0.00011054220522055402,0.9992620348930359,9.455176041228697e-05
Correct 0.8389915823936462,0.10666580498218536,0.040485773235559464,0.013774591498076916
Wrong 0.0529380738735199,0.8953796625137329,0.03210856765508652,0.019474828615784645
Wrong 0.725309431552887,0.01787625625729561,0.25460755825042725,0.0021686358377337456
Wrong 0.5421773195266724,0.2812778949737549,0.09275560826063156,0.08314558863639832
Wrong 0.009183435700833797,0.624000608921051,0.3611438572406769,0.005657750181853771
Correct 0.5909942984580994,0.2502427399158478,0.08922679722309113,0.06948989629745483
Wrong 0.28892919421195984,0.4914851188659668,0.03344598039984703,0.17524442076683044
Correct 0.0017496802611276507,0.00028119923081249,0.9954381585121155,0.0024291903246194124
Correct 0.005955143831670284,0.0030894880183041096,0.9859743714332581,0.00493698799982667
Correct 0.9989804625511169,0.0007434976287186146,0.00016332474478986114,8.879813685780391e-05
Wrong 0.47615325450897217,0.32218143343925476,0.05598673224449158,0.1343051940202713
Correct 0.007587629370391369,0.9482746124267578,0.03853315860033035,0.005551227834075689
Correct 0.00011956446542171761,0.00017670482338871807,0.00010226890299236402,0.9995952248573303
Correct 0.17590001225471497,0.09867095947265625,0.7066536545753479,0.01853972300887108
Wrong 0.4426186978816986,0.3785918653011322,0.10189661383628845,0.07225552201271057
Wrong 0.905828058719635,0.01158225815743208,0.014871913939714432,0.06770090013742447
Correct 0.11932362616062164,0.5102823972702026,0.14393176138401031,0.22643645107746124
Correct 0.22756199538707733,0.47427991032600403,0.11805761605501175,0.18001635372638702
Wrong 0.17280563712120056,0.7051548361778259,0.06161574274301529,0.05972002446651459
Correct 0.13488063216209412,0.2442372590303421,0.3338327705860138,0.2855423092842102
Wrong 0.3559141457080841,0.11554841697216034,0.026600755751132965,0.5019194483757019
Wrong 0.13226516544818878,0.2509951889514923,0.45449358224868774,0.16205468773841858
Wrong 0.023956112563610077,0.2784806191921234,0.22376549243927002,0.4737115502357483
Correct 0.00047814345452934504,0.9950374960899353,0.0027948557399213314,0.001668884651735425
Correct 0.4819662570953369,0.34714728593826294,0.0727660208940506,0.09791738539934158
Correct 0.10518739372491837,0.7772355675697327,0.04119197651743889,0.07576363533735275
Correct 0.5454275608062744,0.2497149556875229,0.019255949184298515,0.18557240068912506
Correct 0.04743768647313118,0.895083487033844,0.006941667292267084,0.050497159361839294
Correct 0.7752211689949036,0.08973836898803711,0.030058586969971657,0.10491477698087692
Correct 0.0025318774860352278,0.0028689932078123093,0.9746574759483337,0.01991475746035576
Correct 0.0009391684434376657,0.9982357025146484,0.0001849332038545981,0.0006354730576276779
Correct 0.015552729368209839,0.02446787618100643,0.9326090812683105,0.02729588933289051
Wrong 0.0010001809569075704,5.7314933656016365e-05,0.00026091275503858924,0.9986764788627625
Correct 0.018886512145400047,0.06908398866653442,0.5266693830490112,0.3853195607662201
Correct 0.10378284752368927,0.15579649806022644,0.5610447525978088,0.17932067811489105
Correct 0.0028434342239052057,0.00033959976281039417,0.00016294175293296576,0.9966379404067993
Correct 0.35540488362312317,0.29928094148635864,0.09716228395700455,0.24811258912086487
Correct 0.24485942721366882,0.19675007462501526,0.5183674097061157,0.039972200989723206
Correct 0.0037823240272700787,0.9851940274238586,0.01060779020190239,0.00040493186679668725
Wrong 0.044957756996154785,0.019336091354489326,0.003990227822214365,0.9316650629043579
Wrong 0.04546297714114189,0.11609377712011337,0.8185408711433411,0.01986130326986313
Correct 0.28792819380760193,0.6799954175949097,0.015259635634720325,0.01675943098962307
Wrong 0.39834141731262207,0.4374924600124359,0.12148725986480713,0.04264603927731514
Correct 0.28897401690483093,0.5837435722351074,0.061526115983724594,0.0644788146018982
Correct 0.04466899856925011,0.8972008228302002,0.040041033178567886,0.018047906458377838
Correct 0.07431506365537643,0.03565676137804985,0.8373052477836609,0.05269727483391762
Wrong 0.10186796635389328,0.03359248861670494,0.4356340169906616,0.42888015508651733
Correct 0.09216409921646118,0.004734237212687731,0.0009035450639203191,0.9021859765052795
Correct 0.016334012150764465,0.979458212852478,0.0027510966174304485,0.0014497259398922324
Correct 0.024323750287294388,0.7930039763450623,0.1537308245897293,0.028885168954730034
Wrong 0.012428175657987595,0.7111198902130127,0.274161159992218,0.0022282490972429514
Wrong 0.8430948853492737,0.11410048604011536,0.03425917774438858,0.0085277846083045
Correct 0.017799848690629005,0.9718387722969055,0.007536929566413164,0.002772681415081024
Wrong 0.1997503936290741,0.5602137446403503,0.07945521175861359,0.16050393879413605
Correct 0.947393000125885,0.016048075631260872,0.013513835147023201,0.022987809032201767
Wrong 0.19235657155513763,0.24316149950027466,0.06544602662324905,0.4989349842071533
Wrong 0.43797793984413147,0.5366218090057373,0.015462512150406837,0.009828571230173111
Correct 0.703772783279419,0.14298012852668762,0.1029847115278244,0.047149837017059326
Wrong 0.95951908826828,0.022565726190805435,0.017301741987466812,0.0005649219383485615
Correct 0.2629261016845703,0.16453495621681213,0.03290906175971031,0.5394893884658813
Correct 0.006565737538039684,0.001971391960978508,0.0016090032877400517,0.9897871017456055
Correct 0.09776618331670761,0.044066671282052994,0.013439576141536236,0.8445709347724915
Correct 0.12822596728801727,0.020288294181227684,0.8104130625724792,0.04098347947001457
Wrong 0.014335189945995808,0.9740546345710754,0.009255493991076946,0.002340155653655529
Wrong 0.36241427063941956,0.35126394033432007,0.14873450994491577,0.13755694031715393
Wrong 0.5011599063873291,0.21554620563983917,0.02697877027094364,0.2559674382209778
Wrong 0.7645798325538635,0.039274539798498154,0.03520547226071358,0.16026462614536285
Correct 0.8506929278373718,0.14105871319770813,0.005643058568239212,0.002583580557256937
Correct 0.5238396525382996,0.2253006249666214,0.1244228258728981,0.12638220191001892
Wrong 0.3791239857673645,0.31430482864379883,0.2646711766719818,0.04187706485390663
Correct 0.2860592305660248,0.12693801522254944,0.44305717945098877,0.14383959770202637
Wrong 0.07032381743192673,0.0019949330016970634,0.0013289118651300669,0.92633455991745
Wrong 0.787327229976654,0.038590993732213974,0.165032759308815,0.009024057537317276
Correct 0.07402189075946808,0.8740266561508179,0.04632171615958214,0.00561946164816618
Correct 0.0005184816545806825,0.0008415788179263473,0.0007311762892641127,0.9978961944580078
Correct 0.893811821937561,0.05988165736198425,0.034119538962841034,0.012165697291493416
Wrong 0.24555249512195587,0.7446287274360657,0.009085100144147873,0.0006279848166741431
Wrong 0.42682698369026184,0.23571622371673584,0.3074319362640381,0.029967954382300377
Correct 0.041817184537649155,0.012169496156275272,0.8665826320648193,0.07935507595539093
Correct 0.12206234782934189,0.8084808588027954,0.03552217036485672,0.03389549255371094
Wrong 0.20911693572998047,0.14372383058071136,0.04182601720094681,0.6050998568534851
Correct 0.12538717687129974,0.7801851630210876,0.015941189602017403,0.0784652903676033
Wrong 0.2263564020395279,0.12500588595867157,0.3192136883735657,0.329346626996994
Correct 0.012697421945631504,0.003525946754962206,0.006092289928346872,0.9776473045349121
Correct 0.941517174243927,0.025485701858997345,0.01751604862511158,0.015457859262824059
