grade confidence_levels
Correct 0.9999948740005493,3.2593809281499756e-16,2.921588413361785e-14,7.15971962842116e-15
Wrong 0.01584014669060707,0.799965500831604,1.3413378047166802e-11,4.5129611853100826e-13
Correct 0.9999988079071045,5.712127773233669e-19,8.870758301298033e-19,7.146193041649102e-16
Correct 6.871652136197781e-10,1.2915031544213917e-10,7.922502172526269e-13,0.9875650405883789
Wrong 6.521873156545982e-14,0.9983288645744324,5.387270924500642e-12,1.2140355561129912e-11
Wrong 1.4885256926795015e-13,2.6969950578381585e-11,0.9993083477020264,1.4379251123131098e-09
Correct 0.9999944567680359,8.561394613359579e-18,6.47571214790958e-15,1.3872003333790873e-17
Correct 1.7505449926403334e-15,0.9991756677627563,3.0546776913498164e-11,1.4883176211535909e-16
Correct 1.1216610134377438e-16,2.273278277374831e-20,1.0,1.4771434036947345e-17
Wrong 0.9999972581863403,8.287396376788214e-13,1.3043298359717809e-15,2.3951325656383236e-16
Wrong 0.9815850853919983,6.067825278691097e-13,7.906765520093728e-11,0.018261557444930077
Correct 2.84805685979439e-11,2.510238043362638e-15,0.9762740135192871,1.8334762944401074e-15
Wrong 0.7309942841529846,2.7517182388692163e-05,4.8286980018019676e-05,9.881221396668138e-10
Correct 1.9544321334399005e-14,0.9974974989891052,1.095025220672341e-14,5.79048595639349e-14
Correct 1.3134809906389933e-10,0.9624314308166504,1.7333322277490737e-10,3.5012805155165694e-11
Correct 1.0917055969080977e-13,9.912438005352524e-16,6.621607559140208e-14,0.9978683590888977
Correct 0.9999848008155823,5.0063793011959266e-17,3.688579934062018e-16,1.4452743184498835e-16
Correct 4.506245454941624e-16,4.032600353472512e-19,1.0,1.227601789887391e-18
Correct 0.9999598264694214,9.056156980326534e-18,5.4075802863318145e-11,8.551635371056556e-17
Wrong 0.999944269657135,3.6630664414228815e-17,1.0528779411839747e-15,1.156186479889243e-09
Correct 7.485453229483241e-12,0.9873067736625671,2.4254934866130284e-11,1.3377147967900266e-13
Wrong 0.999991774559021,1.3319491186922406e-16,4.425866336532636e-06,1.0251599526553802e-15
Correct 1.5850009793080713e-15,0.9998335242271423,3.993400621999239e-16,6.006342341893789e-13
Correct 8.824341080071463e-07,0.8527161478996277,4.382930823831899e-11,1.0391794846506541e-12
Wrong 4.435319056472764e-10,0.9950048923492432,8.26884116733595e-11,3.158269379355261e-08
Correct 0.002885473193600774,0.9804117679595947,1.1811118055815584e-11,6.067106261831157e-10
Wrong 0.9999947547912598,6.275380385554466e-15,2.0942381401094223e-13,4.9314617331115e-14
Wrong 3.4320706276957935e-08,4.906300704116606e-17,3.277950802029546e-15,0.9999824166297913
Correct 4.867338976310975e-09,5.659089986332535e-17,1.0387104813430891e-16,0.9998818635940552
Wrong 0.9999150633811951,1.2829953988102716e-08,1.659175548620012e-15,2.955903158011067e-15
Correct 2.27071851346104e-15,0.9999938607215881,6.281928797269689e-16,1.4776139304969343e-15
Correct 1.0155339526054272e-15,1.4829616473668253e-18,2.1771085597617512e-18,0.9999987483024597
Correct 1.8753493766579532e-13,1.846221599197443e-15,3.0316452676710202e-15,0.9998573660850525
Correct 2.3610700356369984e-15,1.864911778225303e-18,0.9999986886978149,3.3597142058680952e-18
Correct 1.0429808405820751e-10,0.9473329186439514,7.765476629784107e-12,3.8145176036938344e-13
Wrong 3.8950826071471045e-12,3.066927456529811e-05,0.9981591105461121,2.1849692194431114e-12
Correct 0.9999996423721313,3.609676234221769e-17,3.1937455626771015e-15,3.3773069726490874e-16
Correct 2.1132220119298752e-14,3.486866449211695e-16,3.086590092673744e-14,0.9770155549049377
Correct 1.5974825900034323e-13,5.995673086302812e-17,0.9996430277824402,1.1448493344622183e-16
Correct 0.9999999403953552,1.4549711582474956e-17,1.3718384148075078e-16,2.5856294813824277e-16
Correct 3.085251498724517e-10,0.09008240699768066,6.92225614394408e-14,4.779177152359733e-15
Correct 0.0007744568283669651,2.498764135059131e-14,0.05180788412690163,2.1326122901584206e-14
Correct 2.6056113863748287e-11,0.07303369045257568,0.03729743883013725,4.2904774785051947e-13
Correct 5.221363502693789e-15,0.003222614759579301,8.182180722348352e-15,1.7153347594652582e-16
Correct 1.0,3.3618965151191633e-18,1.0706951733503505e-16,5.403676879101167e-18
Wrong 1.0,2.9229050307870853e-16,8.99830628439029e-16,9.729544533799007e-16
Correct 1.6262570107293366e-14,1.6584170570855254e-17,0.9999996423721313,2.157121435979663e-17
Correct 1.4368138357353523e-15,1.8863835257708014e-18,0.9999942183494568,1.6302740565407562e-17
Correct 5.245988631941145e-06,0.9982073307037354,2.5155175251839745e-12,5.100467574334355e-13
Wrong 0.7151972055435181,0.00028510577976703644,3.213417032466026e-10,7.529474821410531e-10
Correct 3.1458999537393767e-16,3.4282875303475295e-19,0.9999996423721313,7.415272512632437e-17
Wrong 9.903779185638228e-13,7.868233148355941e-11,0.9999263286590576,1.5464296399889522e-15
Correct 9.531341271795668e-10,0.9637752175331116,7.868669257837801e-12,2.8006076624453868e-11
Correct 0.9999645948410034,4.0811208760292215e-17,3.2845597766004977e-16,6.004774720018855e-17
Wrong 1.0,5.519769196531147e-18,4.862036615177668e-17,2.5876200088084753e-16
Wrong 0.996343195438385,3.164539146677768e-14,0.0033763148821890354,2.0397537283355083e-13
Wrong 0.9999082088470459,2.11473576428034e-08,2.5694153225962017e-14,3.872691544872805e-16
Wrong 0.9999991059303284,3.329394355464301e-17,3.993133277225262e-16,6.595764910159513e-18
Correct 0.9999998211860657,1.6669068418460756e-16,3.895127065365407e-16,1.146384025813745e-15
Wrong 0.9525383710861206,3.214642856619321e-05,1.163146320795963e-13,7.50117063732722e-14
Correct 2.727209569286515e-09,0.5355373024940491,3.2052859921805066e-08,1.7149623735002173e-11
Wrong 0.04810810834169388,3.206407361844299e-10,0.7643869519233704,2.8309025262851506e-11
Correct 0.9984510540962219,2.6635508374090767e-14,4.124830631137971e-13,1.0214488895552223e-13
Wrong 0.9723254442214966,1.037167951523088e-08,6.086773880059626e-12,7.575306349002706e-14
Correct 0.9999886751174927,1.9033254254868062e-18,4.064046544697147e-17,1.26523825960437e-17
Correct 0.9999720454216003,2.577416173469817e-16,4.744362827678161e-16,1.254136463462504e-15
Wrong 1.8455930117511343e-08,4.3218822753455025e-14,1.389459971775156e-13,0.5462080836296082
Correct 1.8772049209135264e-14,9.660551582662776e-16,8.330927331182732e-15,0.9988235831260681
Correct 1.335461186080522e-10,0.013900958932936192,1.4455979815974906e-11,2.068206500158154e-12
Wrong 0.9999960064888,2.2918675034033262e-17,3.0557211204055397e-15,3.085969461045379e-16
Wrong 2.569924717477079e-09,2.3541508653579513e-07,0.8436384797096252,1.2573773619517503e-11
Correct 9.36256960848425e-10,0.9999465942382812,1.5229716359560497e-12,1.0073006610680085e-13
Wrong 0.9999998807907104,5.985608614353757e-17,1.5545002757895096e-15,7.816836142198022e-16
Correct 1.0,3.282967768249966e-18,5.483364564182382e-18,2.4260833480543428e-17
Correct 2.0006787025683703e-12,1.6263665215015047e-16,7.145271363923371e-16,0.9999642968177795
Wrong 0.9989409446716309,8.470713908081962e-09,3.862889172978612e-07,2.4973415262835585e-12
Correct 0.9999998211860657,9.394367144561703e-18,1.1109336720330131e-17,2.304423236562238e-18
Wrong 0.999957263469696,3.412899561790509e-16,1.1618646117160015e-15,3.355674570680589e-13
Correct 0.999970555305481,2.333683978144609e-15,3.7372753288040757e-16,3.7229857506349977e-17
Wrong 0.005549952387809753,0.0008926207665354013,1.1894043421608463e-13,8.488233038542528e-14
Wrong 0.8861692547798157,5.529762845540853e-12,0.007910455577075481,3.0788235849676937e-10
Correct 3.7800948575750226e-06,1.888018990551122e-14,0.000362202525138855,3.428221262424813e-08
Correct 6.215361025851962e-08,7.215712685137987e-05,5.999060137540368e-10,0.2470005750656128
Correct 0.9865608811378479,3.328922491938231e-14,2.465077566984192e-13,1.1077246162439353e-14
Correct 3.080392115429459e-13,2.796622847444632e-15,0.9999654293060303,2.0926548237727672e-15
Correct 0.9999977350234985,8.850215146708187e-17,2.4554498347518616e-15,1.0963342863754e-12
Correct 1.777054198237593e-11,3.8188486541912425e-06,0.5655716061592102,9.202584441009298e-13
Wrong 0.9999998211860657,7.672161723666906e-17,4.6281969573481126e-17,2.269550666785013e-17
Correct 1.1542785824381063e-11,0.8342882990837097,7.51189388470408e-12,2.455734454762798e-13
Correct 3.6097427824621775e-10,0.9999588131904602,4.7920694079550685e-09,4.625299980260539e-14
Wrong 0.9999982118606567,5.827759260072589e-16,1.5400578558190554e-14,9.270965245500307e-11
Correct 0.9999995231628418,1.7187252859421487e-18,1.1506481848848478e-17,2.8570331975381395e-17
Correct 4.8563373645799796e-14,0.09010662883520126,6.042414561324011e-14,1.3334770231922775e-14
Wrong 0.9942355751991272,4.4277601318754023e-07,7.566539408920825e-12,1.1855611165099283e-13
Wrong 1.2198587917566783e-08,0.9737294316291809,3.1755431617597196e-10,5.023246358801248e-13
Correct 1.0756327136883531e-16,6.270111761213205e-19,0.9999992847442627,1.6366256455923059e-18
Correct 1.2201524163576977e-16,1.0489582813313044e-18,0.9999980330467224,5.60551846114115e-18
Wrong 1.9462042247968617e-14,5.3413811627072474e-17,0.9999970197677612,1.9391909952815034e-12
Wrong 0.9999934434890747,1.6962741358718722e-16,1.2818233887518238e-12,8.525319777921039e-17
Correct 9.127084409130506e-17,3.2050304490437016e-19,1.0,1.807444232348794e-18
Wrong 1.7372865812603777e-08,3.2267878690220297e-13,0.9910145401954651,8.57141184336949e-15
Correct 1.6322745021932206e-12,4.850651910031419e-15,0.9995487928390503,2.9551052529747535e-16
Correct 5.973152094468359e-12,2.0491136456905756e-14,0.999999463558197,4.903123263302889e-13
Wrong 0.9999998807907104,1.0699597766985664e-18,2.0712622390662514e-17,2.394139419507668e-16
Wrong 1.0,1.5554584445879635e-18,3.213773034675109e-17,4.046686008873129e-17
Wrong 0.9999998807907104,5.421651431093883e-17,8.723189983122093e-17,1.2350505347598188e-16
Wrong 0.18683037161827087,0.14103800058364868,3.705565177369863e-06,3.703590212289498e-10
Correct 1.0,5.472567375646727e-18,3.802627030883848e-18,1.6099566808991062e-17
Wrong 2.005435227603325e-11,2.096850644506265e-11,3.909943789195253e-16,0.9998269081115723
Correct 8.1306536752878e-14,0.7431502342224121,6.67575315773522e-13,3.7373116347537774e-14
Wrong 1.0,2.032225054904302e-09,1.3332063317911258e-12,1.2359364359314402e-14
Correct 8.899210361679177e-12,0.38857659697532654,5.783554516379519e-13,7.477358847114007e-14
Wrong 1.824036553443875e-05,0.9789905548095703,1.8051790531131706e-12,8.398856152780354e-07
Wrong 6.581338993782992e-07,1.535579580158597e-10,3.617464129895137e-13,7.128969791336988e-15
Wrong 6.0491743170132395e-06,1.6689891452919582e-14,0.08875474333763123,1.5385172957849136e-07
Correct 5.400071358963032e-07,1.4746755520270854e-14,0.024790124967694283,1.0624466394550461e-14
Correct 1.0,3.049779504813038e-19,4.1481023224390704e-18,1.366857894164877e-17
Wrong 0.9753924012184143,2.1028956354030015e-11,1.885089584430233e-10,5.10095600741306e-13
Correct 2.744668387558895e-16,1.7749884775262958e-17,1.0,2.7652523800555832e-18
Correct 4.020741725674348e-11,0.9378861784934998,2.345256584421196e-12,1.413440762002005e-12
Wrong 0.9999976754188538,4.936128439958574e-16,4.921121239594714e-15,1.501729170263501e-15
Correct 3.1866861580076566e-12,1.1012954667676857e-14,1.0364614304618144e-13,0.9967135787010193
Correct 1.0151076423881022e-08,4.026067402639749e-13,8.594605062361982e-12,0.6770143508911133
Correct 6.7256365407497576e-12,9.674287704210163e-15,1.711254027370046e-09,0.9481509923934937
Correct 9.25421863939846e-06,0.00038927808054722846,8.403891471608915e-11,5.522349504766266e-12
Wrong 2.7191419146692375e-13,4.941935380207594e-15,1.662177340211457e-13,0.9964013695716858
Wrong 5.864770336039271e-10,0.7886497378349304,1.9495914216349775e-08,0.18441538512706757
Wrong 1.0,1.4474443213213883e-19,1.298722365364394e-18,1.760991423509041e-17
Correct 0.9999924898147583,6.683664877449379e-16,1.1840517927363806e-15,1.319701048744723e-15
Wrong 9.664825363631113e-12,1.140152576795117e-07,0.9967266321182251,5.200358440854598e-14
Correct 0.9999959468841553,3.383293816409532e-18,1.0376825274522572e-16,2.479079618760533e-16
Wrong 0.9999998211860657,2.777625910140968e-16,1.8209949727947397e-16,1.6420780893180104e-17
Wrong 1.0074119316527685e-10,0.025356588885188103,2.5930238511939763e-10,0.004406147636473179
Correct 4.0182204785743636e-11,0.9998977780342102,3.105034632189252e-11,6.853656941530062e-06
Correct 0.9999560713768005,4.621767812212907e-12,3.643150963062369e-15,7.254610876617488e-17
Correct 1.259764648153805e-08,3.789664328873732e-12,6.4699209531560165e-12,0.9978089332580566
Correct 5.5711698275506816e-12,8.984332358342962e-16,0.9928072690963745,6.68240279835797e-16
Wrong 1.2520469903909426e-11,1.5754270110690527e-10,1.0326946267014137e-06,5.208640593487579e-13
Wrong 0.9939020276069641,2.8173464614112743e-16,3.3573699240651775e-14,0.006097567733377218
Correct 0.9999323487281799,6.518398690923816e-16,1.4483586830481916e-15,1.647680782130179e-16
Correct 0.9998205304145813,2.3765060464304055e-16,1.87857741074961e-15,1.6265623978705573e-16
Correct 6.226266789470525e-14,0.9959867596626282,1.0295301259731146e-13,4.107136383920372e-14
Correct 0.9999993443489075,1.3589139824341628e-17,7.908357522753257e-17,2.117364521849629e-16
Correct 0.9999992847442627,1.5186118673682358e-07,9.070784352587999e-14,1.2731368947770756e-15
Correct 3.02483613268123e-06,1.2417294839930926e-12,2.4533302056539696e-09,4.758738214150071e-06
Correct 0.9996199011802673,1.849997910304319e-16,7.81686523777976e-14,3.056662319593727e-17
Wrong 0.999995768070221,8.969524369540385e-17,3.6787147133789146e-17,6.450646246008619e-17
Correct 2.013573840997651e-08,2.323509765665699e-13,2.745762059559731e-13,0.9374985098838806
Correct 1.0,3.8698163788009047e-19,5.1155380252953644e-17,9.080839429419657e-19
Correct 8.896972568395167e-12,1.1814656423297357e-16,0.9999845027923584,2.7981442244970193e-16
Correct 0.999994695186615,2.231043589473322e-17,7.503418863939558e-17,2.6033898432273293e-17
Wrong 0.019991949200630188,1.777966662785957e-11,0.9653270244598389,3.9836223209022137e-10
Wrong 1.3042306817867555e-11,0.0002496030065231025,3.788514391089848e-09,1.4605882421494382e-13
Wrong 0.999672532081604,6.58223069148825e-14,6.713574574740422e-12,0.0002098584664054215
Wrong 1.1702499212729034e-11,5.103470077094663e-11,0.9324530363082886,3.725634037388126e-11
Correct 0.0005745412199757993,5.251077350720834e-12,0.9912253022193909,1.0230869970651035e-11
Correct 6.494601829666298e-15,3.951369365040591e-08,0.9999997615814209,1.366367376061633e-16
Correct 0.9999991059303284,3.659233577631886e-15,1.2450740579598302e-15,1.9862012052695045e-16
Correct 5.1277023263313765e-14,1.7979534266981565e-16,5.669039579438118e-16,0.9999957084655762
Wrong 0.8633691072463989,1.1834358146223245e-11,1.0343318734840068e-07,4.025233380118565e-14
Wrong 1.2592186950273476e-13,0.9999924302101135,1.3887913388743733e-11,1.7323534777903896e-15
Correct 0.10374850779771805,6.573601204524918e-15,0.896250307559967,1.732258948913476e-14
Wrong 1.1095730584331776e-10,1.6013777260685228e-16,0.9999986886978149,2.12873911554007e-16
Correct 4.3862281862150354e-11,0.9821941256523132,2.8054292829787775e-12,1.967617258361032e-12
Correct 4.017548013018901e-13,9.750529113322743e-17,0.9579112529754639,1.3017735699463062e-16
Correct 5.090394328277625e-09,0.0020505241118371487,1.2617141260877593e-15,5.646461386833463e-16
Correct 2.7604204475207466e-15,3.4767997273313735e-16,0.9999979734420776,1.1813017943940012e-16
Correct 1.1401910231939594e-12,8.54523598420049e-15,5.2215820371941807e-14,0.9996547698974609
Correct 2.7508122732791684e-13,2.490071459437934e-16,9.076906706730753e-16,0.4301427900791168
Correct 6.381523185317733e-14,4.0950049371748015e-17,0.9999810457229614,5.342751370848329e-15
Correct 0.9999992847442627,1.4015214933039527e-16,3.6097030348736155e-17,1.042451852340891e-16
Correct 1.9302288445984667e-14,5.405377281199168e-16,2.5037260540641468e-15,0.999446451663971
Correct 3.856748687774969e-12,1.2902500179379217e-09,0.9999979138374329,4.2928544562430976e-15
Correct 0.0005027047591283917,2.0537842260193173e-12,4.5552268554405195e-12,0.9982409477233887
Wrong 0.9998323917388916,3.703321286782635e-13,1.3691635376996379e-14,1.80013576473511e-14
Correct 0.999660074710846,6.263889377773336e-17,1.782176591022598e-15,1.2877595421828818e-16
Correct 2.5047815384315886e-12,0.9981006979942322,1.863019490739269e-14,4.179403879727393e-14
Wrong 5.72951464050675e-10,3.649489564716557e-13,2.191725828604163e-10,0.4917115569114685
Correct 3.801599605859213e-13,0.9993625283241272,3.663686107963082e-12,4.274766491170956e-15
Correct 0.9998239278793335,2.2117793140131255e-16,8.707536284861242e-16,1.3315324049519711e-15
Correct 1.632017819446467e-16,9.174131573089772e-20,1.0,7.232948055520369e-20
Wrong 0.9999995231628418,5.58237353401161e-18,1.8257293906615237e-17,1.0031867697657404e-11
Correct 2.4602283711237967e-14,0.9999993443489075,6.479860280010521e-17,1.5757034956927549e-16
Correct 4.596093471087581e-13,1.8080354481110877e-15,0.8872032165527344,6.45254611443953e-16
Correct 1.0,3.0264625758148754e-19,3.517901124285439e-18,9.074013121414563e-19
Correct 7.578101557728645e-14,9.831508110058214e-17,0.9999998211860657,3.7471275131207253e-17
Correct 1.5546193310456147e-07,1.43558545584975e-13,0.7279744148254395,3.231506249114051e-14
Wrong 0.35557496547698975,0.00025255829677917063,1.792825957136479e-11,3.068054965638112e-08
Correct 0.0013721567811444402,2.055979518578166e-11,0.3203807771205902,7.848956402357887e-13
Correct 0.9989951848983765,9.17931746238776e-13,8.782364213037047e-14,6.192826606339283e-14
Correct 1.0,1.895689514457176e-18,6.653688910841641e-16,8.288509879947928e-17
Correct 4.570376195556225e-13,1.866611799820222e-17,0.999996542930603,2.6055302557803715e-16
Wrong 0.9812440276145935,1.4259343488962073e-12,3.500160014255349e-12,6.0890459280926734e-05
Correct 2.9233922140686763e-12,0.9230065941810608,3.890187054867572e-13,1.9106630611432501e-13
Wrong 4.429053660714999e-06,1.5932812794799966e-12,0.00017417479830328375,4.641159678797635e-10
Correct 2.5481265047196805e-14,2.7607421612220256e-16,6.124072349087588e-15,0.9999157786369324
Wrong 3.2368054689868586e-06,1.117297632191594e-08,0.9997007250785828,5.4429524038931976e-14
Wrong 0.995335042476654,8.929204489520337e-15,2.8169684467005407e-12,0.00012673501623794436
Correct 4.36782093783325e-14,8.422517605956826e-18,0.9996593594551086,3.7086321155992835e-16
Correct 0.9999926686286926,5.574677032002111e-18,7.200112578267799e-18,1.932168344906887e-17
Wrong 1.7982866040711087e-07,0.9999904632568359,3.85544257652283e-14,2.967396336314124e-15
Wrong 0.01546020433306694,3.514210103472415e-11,0.5711460113525391,3.6327088559495735e-10
Wrong 0.054558370262384415,7.264267659623513e-11,3.5813447762933492e-09,0.00085472222417593
Correct 0.9975864291191101,5.335686057277044e-16,5.49825857315122e-15,2.6902179333358365e-15
Correct 5.035321985757957e-12,5.0528026756407624e-15,1.7031875923175822e-14,0.6513221263885498
Correct 1.8109127495335997e-06,6.259683065096831e-16,1.161233042774705e-14,0.997061014175415
Correct 0.9999999403953552,1.5458582897962496e-16,1.8203801790762657e-17,1.2300869713197454e-17
Correct 2.101113727448478e-11,1.3331606929511963e-09,0.9999199509620667,2.284913388052659e-14
Correct 0.9999997615814209,2.1308038906979004e-16,7.790617825502541e-16,1.7412394886817976e-15
Correct 9.606148765328726e-09,0.9770989418029785,2.953398983707167e-11,4.809621667947739e-13
Correct 7.391058598482658e-11,2.809685577798951e-15,0.9999501705169678,1.0013094106848305e-15
Wrong 6.587815293279675e-10,1.0748045960456021e-14,1.2449021848104369e-11,0.9999958276748657
Wrong 9.942553724773262e-11,3.695614489749406e-15,0.9996136426925659,9.595774526263267e-15
Correct 1.5073395141654636e-14,0.00020028384460601956,2.2218307787124844e-14,3.1230450354708533e-14
Correct 0.9723954796791077,3.623282365328509e-14,1.038230948324781e-06,1.5487715554485249e-09
Correct 0.9999998211860657,1.2052095640280498e-16,1.531351692521662e-17,1.2975354935342785e-16
Correct 1.9583553528823572e-11,0.4416416585445404,1.5272141190569855e-11,3.071091991824204e-12
Correct 5.519813939258711e-09,7.628456243427562e-13,0.89715176820755,1.523180859870285e-13
Correct 8.690847520809175e-12,1.1060413950181295e-17,6.952119793983012e-16,0.999999463558197
Correct 1.991901737004526e-16,1.6832647768650364e-18,0.9999836087226868,4.444139923914142e-18
Correct 2.9910306002800535e-12,2.084966093952303e-15,0.9879440069198608,2.1644175376422936e-06
Wrong 0.9999994039535522,5.568624882332305e-17,7.009478853467824e-15,2.5005295056779175e-10
Correct 0.9999992847442627,6.165838200375383e-18,7.647609679597352e-17,1.3420420456543677e-16
Correct 7.118893148583272e-14,0.9999864101409912,1.223496211265882e-15,1.5075707329842403e-15
Correct 1.0,3.213902074850667e-17,5.56432619012499e-16,4.882531265550756e-15
Correct 2.1387716042653437e-09,8.364608561350906e-07,7.449361683065092e-10,0.5554092526435852
Wrong 6.889686304106801e-12,0.9904053807258606,1.790558803657638e-12,2.995246359205339e-05
Correct 6.122159723620513e-11,9.583373116882517e-16,9.744771856850035e-15,0.9990726709365845
Correct 6.830733353078988e-13,0.9956440329551697,1.5020814300904404e-15,1.3194110458394069e-15
Correct 7.044334191484702e-13,0.9951600432395935,9.09942780846773e-12,6.097500976354198e-13
Correct 0.9989182949066162,7.112304709267335e-17,1.781957606535953e-16,3.832558065040712e-17
Correct 5.391816008427919e-13,0.924081563949585,1.9855941367562073e-14,2.2984909873839665e-14
Correct 4.944783818516818e-11,0.9810185432434082,3.2810677785821696e-11,3.7004419168630565e-13
Correct 0.9999908208847046,4.2726475985487296e-18,2.2928487050459366e-18,9.303282151410426e-18
Correct 0.9999997019767761,9.916085052945076e-19,9.737733952735527e-18,1.873690439271175e-18
Correct 3.7001482335995844e-15,5.594265496087979e-17,0.9999203085899353,4.3805460302668816e-17
Wrong 1.0,2.6186878869120075e-17,9.883183604936729e-16,1.1159626174539472e-11
Correct 1.4532516523502181e-08,4.930957833211179e-16,2.083758860244229e-15,0.9999951124191284
Correct 8.623527954199254e-17,6.80416396650551e-18,0.9999862313270569,4.294156776016946e-18
Wrong 1.820741601932241e-08,0.8956454396247864,1.2542050731312315e-09,2.283238528799636e-11
Correct 0.9999452829360962,3.874401906225381e-18,1.2140411563613192e-17,1.493512977144914e-17
Correct 5.450076848156904e-11,1.021922550379327e-14,1.4187643030891262e-12,0.9999985098838806
Correct 3.0027866433998294e-15,7.818569052494096e-18,8.132331562853016e-17,0.9981309771537781
Correct 0.9858909845352173,8.572813682897196e-15,1.9401093145215986e-13,0.01341928355395794
Correct 2.4684140975260623e-15,1.1037996032092128e-16,0.969785213470459,4.923968752605147e-16
Wrong 2.2762659812602948e-10,0.7339085936546326,1.224755193096616e-11,2.3719218863321734e-12
Wrong 1.4440800555348687e-07,2.4153581912322863e-10,0.9993636012077332,1.3095144272331355e-13
Correct 2.4976972123587696e-14,1.5644239443929515e-14,2.3922190793492122e-14,0.9989974498748779
Correct 2.470572791485326e-12,2.2446682269264707e-15,0.9999898672103882,5.704510142895576e-16
Correct 1.778892517231151e-14,4.269178403059682e-17,0.9998204112052917,4.3614046738457105e-16
Correct 0.9999995827674866,2.0422481048399006e-14,1.715023658028017e-13,1.7689334426505138e-15
Wrong 0.9842095375061035,1.3760434781104162e-14,1.9161338775429762e-14,2.2530118233294455e-13
Wrong 0.9999966025352478,2.4800115032332787e-14,4.6048687832431125e-15,2.408287781402571e-16
Correct 1.3965356870926371e-08,0.7088320255279541,4.4128239551355364e-07,4.4302434984433425e-12
Correct 0.9999959468841553,1.3376279081502972e-14,2.513427334167287e-15,2.396002685145504e-08
Correct 0.999999463558197,9.474224451299328e-16,4.488612240683039e-15,2.3884997682657304e-16
Wrong 1.2878939514848753e-06,1.4018085262999976e-14,2.2447766302030603e-13,0.9999977350234985
Correct 0.9994783401489258,7.288864094911064e-16,8.562609476981623e-16,1.552679949046301e-16
Wrong 2.4563025224910717e-11,2.2702517983071028e-15,2.553617582147505e-13,0.9999032616615295
Wrong 0.007108033634722233,1.0559397323542385e-14,2.6553542351037684e-13,0.9910441637039185
Wrong 1.8416004398530417e-12,0.009116004221141338,3.724734062848789e-11,4.468734410290054e-12
Wrong 2.6627401439327514e-07,0.027548767626285553,0.9411780834197998,2.3486579001086305e-11
Correct 5.901449305362877e-14,1.980945531267914e-17,1.4430341280626327e-15,0.9997027516365051
Wrong 8.552268051728595e-14,6.722224908878652e-14,0.9998074173927307,3.5803188213646975e-14
Correct 4.586811480763661e-14,0.9997771382331848,1.0839893978091542e-14,3.2099607802545116e-14
Correct 1.0,3.1928618467512223e-19,3.7706366478739724e-17,1.4101823679665003e-18
Correct 6.179219699668e-15,1.047623689933038e-15,4.953653022241673e-16,0.9362826347351074
Correct 7.146903902022217e-11,0.40306857228279114,1.0396639603914293e-13,1.2102897351852493e-13
Correct 0.9999739527702332,3.5563549327655153e-10,5.617873177830683e-14,5.422109887676585e-15
Correct 0.9997609257698059,5.998221887850439e-15,1.5324735228093404e-14,1.1856554378637699e-15
Correct 1.3122066367526886e-13,0.6369954943656921,6.4344209857968276e-15,3.776488348520299e-15
Wrong 0.8239881992340088,6.313146450054319e-09,9.912419045576826e-06,2.8168082016194473e-12
Correct 0.9999995827674866,8.872095231963072e-18,9.843970082294693e-17,1.6803002856267382e-16
Wrong 0.9999996423721313,3.286873500035482e-16,4.803198761898404e-18,1.7654085679800742e-17
Correct 0.546733021736145,4.57193317763855e-14,2.6838584523194986e-13,4.538787084346595e-15
Correct 2.0862159927099305e-13,4.4665410502368744e-17,0.9928781986236572,1.2435468046163715e-16
Correct 4.542708917365523e-11,0.9744052290916443,6.456810780486322e-11,7.522540939773267e-14
Correct 0.0019427876686677337,2.830174881276559e-15,5.222898502577067e-12,0.10944173485040665
Wrong 0.9990259408950806,1.366504277761733e-15,1.0594147358423261e-13,6.3146949962848e-15
Wrong 0.6993205547332764,0.0011219893349334598,1.7010782782378442e-09,1.0700835183230506e-11
Wrong 0.9994433522224426,4.4176741258172836e-12,2.21615065708336e-12,1.720544822066128e-13
Wrong 0.9711126089096069,6.580132675581196e-15,4.2353295350017195e-13,7.474373733601294e-15
Correct 1.7268034224748874e-11,0.9988411664962769,5.424141580334663e-09,6.194583068719339e-09
Correct 4.5989045904804016e-10,0.9999688863754272,2.7555370908215887e-14,1.4138857126443625e-15
Wrong 0.9999998211860657,2.554314506076856e-20,8.769916712821693e-19,2.961506492715391e-15
Correct 3.939706362792589e-13,3.8887854355684325e-15,0.9999892711639404,4.951885256010424e-12
Wrong 3.04310569798627e-11,0.03161943703889847,2.523505363005718e-11,2.0128092728555202e-05
Correct 8.182034043346942e-12,0.8373303413391113,5.202965337215704e-13,1.0255389202781795e-12
Correct 1.0,1.2665232484968194e-19,2.408389243244158e-13,3.51226057968844e-18
Correct 1.5836441384056883e-14,6.331044532111821e-17,1.336370233630214e-16,0.9999220967292786
Correct 2.4323449070856595e-12,6.10038414098138e-14,0.999988853931427,2.4655300032802206e-16
Correct 1.0,2.0277633749119866e-18,1.827721076140429e-17,2.9793480638441107e-17
Wrong 5.418514525956653e-10,0.9999113082885742,2.8323370124955227e-12,2.6147348175520335e-11
Correct 3.1593563214801085e-14,1.120637506469885e-15,3.159131349529318e-14,0.9999838471412659
Correct 4.596458169593351e-14,7.152868157581833e-18,0.9999998807907104,4.450684990510968e-17
Correct 6.204200347914579e-11,6.911038497037225e-08,1.0697410839088928e-11,0.9967921376228333
Correct 0.0003101543406955898,2.5372264644829556e-07,7.866063356232189e-11,1.7587697964671634e-10
Wrong 5.027092964127178e-09,0.033984556794166565,0.0014247818617150187,9.155036173602582e-10
Wrong 0.9999997615814209,6.557181470842393e-15,1.98672385106774e-16,2.714356519448012e-16
Correct 1.0399711473929596e-11,0.0001559763477416709,2.017273637022754e-08,0.9998158812522888
Correct 5.972634886663997e-11,0.9977980852127075,5.535278901902529e-10,4.745712286688408e-13
Correct 0.9999960660934448,5.3071434954091875e-17,1.3146814637366583e-13,7.814159518084699e-16
Correct 8.892729895558851e-14,2.954094901487357e-17,0.9991756677627563,2.7649828846120134e-16
Correct 5.2238334546927945e-08,2.731807564448213e-13,0.9981613755226135,1.5272469907116025e-14
Wrong 1.0,4.9020166530061325e-18,2.759931954355642e-17,2.7275180548721392e-17
Correct 7.83873508637678e-13,0.7094172239303589,5.408679689018758e-13,4.2619759717948957e-13
Wrong 0.030441470444202423,1.556451190154462e-09,4.976923719368642e-06,9.869267946285842e-13
Correct 3.709304727522039e-13,0.8001869320869446,1.2846975002908656e-12,3.9972566272597487e-13
Correct 2.8178775979270654e-10,0.9867637753486633,1.9327249869971475e-11,3.332891959379608e-13
Wrong 0.9960065484046936,1.6590860629772664e-10,8.602656347694859e-15,8.247064293140979e-16
Correct 6.325058098805014e-12,0.024810656905174255,2.9647564958601436e-10,1.0004291740460438e-14
Correct 1.001381747298526e-14,2.4883824228015496e-16,0.9994556307792664,1.7376282695902973e-15
Correct 6.303332421991881e-12,0.9836297631263733,9.672237233360192e-09,1.132203123030591e-13
Correct 4.1539870210272056e-08,1.023488380269555e-06,9.06788272941883e-12,4.463645165292407e-13
Correct 0.9999932050704956,1.9471600008926757e-16,5.522916337520503e-16,1.694085482145506e-15
Correct 4.9438660630618525e-12,4.0106654298653274e-14,3.8875952695742455e-13,0.9905861616134644
Correct 0.9999999403953552,4.276900630386232e-17,2.3497379524125975e-16,1.3872900824755493e-17
Correct 3.092266026571977e-13,9.052261621385899e-17,0.9999790787696838,3.0273314876893317e-16
Correct 2.6088360665548274e-14,1.8105567475577085e-17,0.9999983310699463,1.3965783281377848e-17
Correct 6.471528608137378e-12,1.543084304539595e-14,5.438168361807105e-13,0.9788053035736084
Correct 1.2717100809911397e-11,0.9463920593261719,1.7518902994950736e-11,6.82788352766861e-13
Wrong 0.017711631953716278,3.5078957425459245e-13,0.9822477698326111,5.883630365133286e-07
Correct 1.4466781939059814e-10,1.1122191107049205e-16,8.210917162116901e-15,0.9996132850646973
Wrong 4.515438717378473e-11,0.9993677139282227,9.084544097884284e-13,1.0765743358636184e-13
Correct 5.360008227192625e-13,0.99526447057724,8.017412824129835e-14,1.1727510814947637e-14
Correct 4.4070525007100514e-08,2.139857217066171e-15,0.9999976754188538,4.4522589418396e-14
Correct 1.7243258077360817e-14,3.036295690309683e-15,0.9999858736991882,5.682622282142933e-17
Correct 7.426073644900555e-10,1.1687301313908528e-15,1.1720186309294492e-15,0.9944359064102173
Correct 1.0,6.075522485193781e-17,7.429412801244562e-16,1.3038865201030116e-15
Correct 6.812772730940136e-14,2.132933384466857e-16,8.349898857497979e-16,0.9946073889732361
Correct 5.3111744060911625e-14,1.4558181581075254e-16,0.9999999403953552,2.593650353997334e-16
Correct 2.922589037099299e-12,0.9999880790710449,2.334696292630861e-13,4.818928662684262e-14
Correct 1.3440391910535254e-08,7.701632842756212e-14,1.6797306443550042e-06,0.9999980926513672
Correct 2.163336567176377e-12,4.29220435845608e-15,7.244487297650582e-15,0.9999951720237732
Correct 0.9999997615814209,4.114810991120802e-19,1.0298954905247136e-18,2.7284275399556413e-18
Correct 0.9999999403953552,1.057534702170182e-12,5.753643665429601e-15,1.8418331082628285e-17
Correct 1.0,1.7589981250279414e-18,4.515583887305984e-15,1.6478784452093548e-17
Correct 0.0004601644177455455,1.0159608397619646e-11,6.42056199873231e-11,0.8719303607940674
Wrong 0.9999909400939941,4.282308015135516e-12,4.010557944772453e-12,2.91107029703596e-14
Correct 1.1599383529148268e-14,5.529643367308478e-16,6.637963850054983e-15,0.9979163408279419
Correct 1.0,3.3407102999813605e-19,4.0016582667926824e-18,6.739246728634772e-19
Correct 9.764002106837921e-12,2.6314045818080604e-14,3.447064140203737e-13,0.8151993751525879
Correct 1.6980277860872972e-12,1.0279125979757199e-16,0.9999966621398926,1.3462210944578836e-16
Correct 0.01556793600320816,4.937095127388602e-06,4.8781363148009405e-05,0.024877486750483513
Correct 9.658025518655827e-15,8.793590994184237e-17,1.1457287399499255e-15,0.9999507069587708
Wrong 5.370786837488595e-08,9.719916711781185e-12,4.5295250189480996e-11,0.37753868103027344
Correct 4.167544740839475e-14,3.6998949707483554e-15,3.3101278896298424e-15,0.9996712803840637
Correct 2.945822197286674e-10,0.9691511988639832,2.056603637390353e-10,4.706123511721838e-12
Wrong 0.998990535736084,5.4867876294630285e-15,2.9761273401761844e-15,2.448115005884672e-16
Correct 0.9999991655349731,7.520508060699857e-14,2.384340042401324e-16,1.1884229592002457e-17
Correct 0.9999996423721313,1.3703950839002763e-17,4.168514360630021e-16,4.217384985313042e-16
Wrong 3.1904700777997397e-13,2.837202925398165e-15,0.9999979138374329,1.8283063864948934e-14
Wrong 3.068088436710163e-15,2.779599207394856e-18,1.0,4.979595735591941e-15
Correct 1.8511471869264717e-11,2.2747959519620053e-05,0.005553820636123419,1.535021242060619e-12
Wrong 2.6769728794784342e-11,4.22693157602419e-15,4.3943565318949485e-15,0.9999991059303284
Correct 0.9999837279319763,4.183514027860042e-19,1.064034681970849e-18,9.00905049200771e-19
Wrong 0.9989861845970154,5.288590676499894e-10,3.174099099333659e-14,3.4171006546264773e-14
Wrong 1.2665257731470092e-11,0.30786001682281494,1.6390559048895526e-11,9.580217869009644e-11
Correct 3.9009423404186283e-13,1.7469368440432669e-15,2.8337109473698142e-14,0.9936937689781189
Correct 0.9999975562095642,9.347911721831214e-16,4.035534317196714e-15,1.7872617109697918e-14
Wrong 3.0377005706856697e-13,0.999483585357666,3.91583293568587e-12,1.0777827810670715e-05
Correct 1.107746099709983e-11,0.47625312209129333,1.9104713470941004e-12,5.361219281019292e-13
Correct 0.999999463558197,2.0099799016407703e-17,1.348678945842799e-16,1.3441331582429017e-16
Wrong 0.0006562381167896092,4.424121016199933e-06,1.1109659858732357e-09,5.084620536568128e-14
Correct 2.0144931113463826e-05,3.5921162634622306e-05,2.286187239519677e-08,1.53405933789319e-12
Wrong 0.9997427463531494,6.65997137538725e-14,1.9175957717066424e-15,1.4938000419046943e-16
Correct 0.9993219375610352,2.765586924982524e-16,2.7373925863002175e-15,2.292432732459496e-16
Correct 7.755903260126332e-14,1.0435275444792345e-15,2.388979042800693e-13,0.9997581839561462
Correct 6.547593413633312e-13,0.12084103375673294,5.997255101385102e-13,1.0707563714807897e-13
Correct 2.1110165753044502e-13,1.3274476944429557e-15,0.9971103668212891,1.065164908472617e-16
Wrong 0.9997965693473816,1.3304044747035836e-15,7.216666500498015e-15,7.538300157163523e-15
Correct 2.9739820090086966e-13,2.036843263497623e-11,0.9999874234199524,2.5149466995164245e-16
Correct 5.44493790333167e-11,0.9493550658226013,2.039583640867093e-10,2.21389551656459e-12
Correct 2.059123271197505e-13,0.9688403010368347,3.4414084673336023e-14,4.350270076352962e-14
Correct 5.122886364006263e-07,8.613443469585036e-07,1.5053460864986046e-12,2.3814028074259537e-14
Wrong 6.3114891091231584e-09,5.6026749906124e-10,0.5708754658699036,1.1117625570156164e-10
Correct 2.8130812566515284e-13,0.9642655253410339,3.2217835170544884e-12,6.034354195797939e-15
Correct 1.4728937514085771e-10,0.3518185615539551,2.2820275183410565e-11,9.764072363138698e-12
Correct 5.508451295099803e-08,2.155911300177893e-12,3.9037596939739405e-12,0.9583690166473389
Wrong 0.9999996423721313,1.3683691531440114e-16,1.3094615723772268e-13,3.1054048221790254e-11
Correct 0.99908447265625,1.0152368529192657e-11,3.883525445669278e-12,6.8225979743151074e-15
Correct 0.9999964237213135,1.1151245619269977e-18,2.5307137546084203e-17,2.893126727258523e-17
Wrong 4.089300009724184e-10,0.9996998906135559,5.879419780890904e-12,1.096442137386508e-13
Wrong 4.571889076032676e-05,2.4404447646758642e-12,0.7367556691169739,8.273703500094598e-09
Wrong 0.9999829530715942,3.7510327320542617e-16,1.0642368647648917e-15,9.374302224443004e-17
Wrong 0.9999903440475464,6.471030173293632e-15,3.1796491874293363e-16,3.375206264765448e-17
Wrong 4.344340720496831e-10,0.0038310003001242876,6.722208510320793e-13,2.400555340446864e-13
Correct 1.0,1.9839046820213824e-19,3.272331156150723e-19,1.1176353239197952e-17
Correct 4.616813641865293e-15,1.7524846980895457e-15,0.9997085332870483,2.5411074444412716e-17
Correct 0.9999564290046692,8.44751639306196e-07,6.715899971559969e-12,2.0044956092115512e-13
Correct 1.9200613321501692e-13,2.8054484083051e-11,3.0507762115161707e-12,0.9999997615814209
Wrong 1.480527203057136e-06,0.02278549037873745,2.786076092053946e-10,3.8193133551633895e-12
Wrong 0.9963955283164978,1.203410743451372e-13,9.162265968143402e-08,3.150838964738334e-13
Wrong 0.9943536520004272,4.362069386254497e-11,1.0800674658567773e-14,2.186202878885074e-14
Correct 5.249102815276831e-14,4.5641635826414027e-17,0.9999202489852905,1.3125220210002692e-15
Correct 0.9997305274009705,7.28638747645241e-15,7.654262694587605e-14,9.696222991184555e-12
Correct 0.9999991655349731,5.411934106168401e-19,2.224958269860953e-18,2.8123357073172547e-18
Wrong 0.9999999403953552,2.0954290154937027e-16,1.0281612529677159e-13,8.108961394442677e-17
Wrong 9.935362868418451e-06,1.1470392344281599e-11,1.4758795574554284e-10,0.9962220788002014
Correct 7.070140371594202e-13,0.10322343558073044,7.253915246252518e-10,7.409771581035063e-13
Wrong 0.9999779462814331,4.25913365109643e-15,1.0187879979639547e-06,1.5792733425187377e-15
Correct 4.533477881833205e-15,1.884020642992013e-17,2.5307621281306424e-16,0.9999869465827942
Correct 0.965223491191864,7.590087751558651e-15,1.8011522939787028e-08,6.405987529713511e-14
Correct 1.6895479806877667e-11,0.9657942652702332,1.0297614323750981e-11,3.127051968476735e-06
Wrong 0.9999999403953552,4.96057400933968e-17,1.1382904618884027e-09,5.22892549520952e-16
Correct 1.0683720618256953e-12,4.367326228240406e-16,0.9859360456466675,1.786944962999166e-15
Correct 0.5398889183998108,9.050322091752605e-08,1.0233144109861314e-08,0.00014782018843106925
Correct 0.9998562335968018,3.575163016518055e-15,5.239622754768525e-13,3.718362830097341e-14
Correct 0.9999929070472717,3.6734069435423456e-18,1.2097020150220498e-17,5.381215203157596e-18
Wrong 1.1773840129030658e-14,4.047882688762439e-12,0.9046503901481628,2.415974923036259e-15
Correct 0.9999204874038696,4.728872848858146e-10,3.1971996664742486e-12,1.9099425749183156e-14
Wrong 1.4846733217832586e-11,4.1471117989341777e-13,6.574775988400783e-13,0.9964444041252136
Wrong 4.152129595008658e-12,3.215750631613821e-15,0.9995207786560059,3.4992096971109277e-06
Correct 0.9999998807907104,8.892355728597851e-20,2.507449909926068e-19,1.3966914916154609e-19
Correct 0.9835638403892517,5.96567500260603e-13,3.275846052210561e-14,3.974821028416599e-14
Correct 2.25940357267973e-06,0.9996000528335571,3.0577714937862766e-07,4.0485070157414427e-11
Correct 8.521469987976538e-12,0.11755941063165665,2.2944706030980644e-12,3.2231335655996673e-13
Correct 2.0843243797585842e-11,0.9997522830963135,1.0399341977829213e-14,1.4864181391814613e-14
Correct 1.8000053216612327e-14,7.058310991091304e-17,0.9999996423721313,1.348298363351686e-15
Correct 9.16018996766077e-12,1.394143280467996e-15,2.0439080115897124e-12,0.9979050755500793
Wrong 8.69087961319348e-12,1.0192671709111117e-17,1.0,3.8849332885429976e-16
Correct 1.7726071261867093e-12,3.47895608263267e-14,2.3723537850438466e-14,0.8962223529815674
Correct 1.903457860080726e-12,0.0061927116475999355,2.1834967102625502e-13,1.0335393023190587e-13
Correct 4.952153270787463e-12,0.999996542930603,1.4001025003002737e-13,1.4668526267767878e-13
Correct 1.7859427112643274e-14,9.466319516319077e-16,1.124168469189633e-15,0.9999970197677612
Correct 5.391000485106302e-14,1.7167539612117366e-10,0.9966754913330078,2.8007740712158308e-14
Wrong 0.00011851279850816354,1.5354276010348666e-13,0.7716382741928101,1.0852902371282294e-13
Wrong 0.9998148083686829,4.542864362141498e-14,1.5982057691155127e-11,1.8763548492728432e-09
Correct 0.00012844012235291302,0.012698555365204811,2.508004914858475e-09,8.667386808269839e-10
Wrong 0.9992082118988037,3.2002503945471883e-12,3.741328010879773e-15,1.0394166818279726e-15
Wrong 0.4938681721687317,1.7465255950810388e-05,3.8497748988675085e-08,7.505942534180576e-10
Correct 4.694465371990475e-10,0.9294066429138184,3.7203875397073816e-11,3.1698369623578415e-11
Correct 0.9999993443489075,1.2297637091363596e-17,5.392756027063936e-17,6.636650710758723e-17
Wrong 0.9999995827674866,2.7993148504999043e-17,1.0406495382827012e-15,1.1508219490617656e-15
Correct 1.8603085651797135e-12,2.2121215788512873e-14,3.826522161198137e-14,0.9744098782539368
Wrong 0.9999760389328003,6.855102493089077e-17,1.2597259280023167e-15,1.6862435452407072e-16
Wrong 0.0748472660779953,2.3264530926714322e-11,0.2695356011390686,2.2239106556298793e-07
Wrong 1.3332406012533937e-10,3.5398289524200474e-14,6.247937280393079e-13,0.9961035847663879
Correct 0.9999123811721802,2.262197858320029e-17,3.349984204399726e-17,2.9956769400081524e-17
Wrong 0.9997035264968872,5.469929842405463e-09,4.9355799092154484e-06,2.4368581805211953e-11
Wrong 0.9626731276512146,1.939091942571025e-11,1.4016348845458104e-13,2.157113395784109e-15
Wrong 0.06025494262576103,2.133061929128141e-13,5.686096038459709e-11,0.9279343485832214
Correct 0.9998718500137329,5.168446643973382e-14,2.2971702936126076e-15,1.93438481175417e-15
Correct 4.554297911019134e-12,2.1649247336236882e-14,3.824033917212283e-14,0.006292523350566626
Correct 1.3540384091736968e-12,4.4598588602555445e-14,4.172410436901683e-14,0.984565019607544
Correct 8.838844369959964e-14,0.9975178241729736,6.355069329935445e-14,2.310416669180221e-13
Correct 6.647813267750269e-13,3.377209299162357e-16,0.9997390508651733,5.136835014392849e-16
Wrong 0.0037039408925920725,0.7874724864959717,0.00012674331082962453,1.567525629297961e-07
Correct 9.705262852058305e-13,0.939889669418335,1.4876764913279023e-13,1.97869105540531e-13
Wrong 2.9098058803356253e-05,4.128269254222161e-11,2.3871513099571473e-10,0.7852796912193298
Correct 1.2931931187790818e-13,0.9835754036903381,5.921202330533282e-12,1.336821278674627e-13
Correct 1.0159665109199523e-08,0.06352141499519348,5.1086801455824116e-09,4.360637285288904e-12
Wrong 8.236442639031338e-09,0.07914552092552185,4.383750251690799e-08,2.647899399743636e-10
Wrong 0.9993327260017395,2.266876329660647e-13,1.227102187223439e-13,4.160344198458161e-15
Correct 1.0,6.007807619093812e-19,5.0080281203109285e-18,1.4743346705657801e-18
Wrong 9.052707314240876e-14,0.9999138116836548,1.1299730431346688e-05,2.2406432178406765e-12
Correct 0.9999660849571228,9.616373452744909e-13,3.7796386890442645e-17,9.781486844055907e-18
Correct 0.9995632171630859,8.773874232400128e-14,6.238542937353486e-06,1.052020477025975e-13
Correct 6.1242447202923544e-15,1.0222928652429326e-16,0.9999997615814209,1.0815674367984005e-17
Correct 9.842924392211572e-11,0.48057040572166443,5.641874745165865e-10,9.016403075545742e-12
Correct 0.9993332624435425,3.869252140908941e-11,2.0037110859405516e-11,3.693344441450764e-15
Correct 1.2666969032791011e-15,8.330943583627408e-17,0.9999951720237732,1.0882929445740487e-16
Correct 0.9999378323554993,5.3293248398431645e-17,1.9361990305957355e-17,2.8251476348554864e-16
Wrong 4.04133237291715e-12,0.7430826425552368,4.569863910029726e-13,1.3866039871857083e-08
Correct 0.9999972581863403,2.5641662620690448e-17,2.133676159569705e-17,1.1687945422907911e-17
Correct 5.958944448991588e-11,0.9955248832702637,1.4153980071318628e-11,3.554757399895636e-14
Correct 1.8832225129625729e-16,8.686224935908324e-17,0.9999896883964539,1.2488771233964387e-17
Correct 2.860195211234909e-15,5.004783835230434e-17,1.5552747815406553e-15,0.9886673092842102
Wrong 9.361762749904301e-06,3.1711050072717045e-14,0.9992469549179077,1.304226095611566e-13
Correct 9.964553189740002e-14,9.2662111589038e-16,1.974886962676555e-15,0.9999778866767883
Wrong 0.892325222492218,0.030534088611602783,0.00011540654668351635,2.5535242809127112e-09
Correct 2.7924052501716867e-13,0.9894171953201294,1.1325285327601353e-12,1.273620016959201e-13
Correct 4.413875677716089e-13,0.9961357712745667,2.7741442023871028e-14,9.323220499660514e-15
Correct 1.3263716514000379e-11,0.08883517235517502,1.0539980346835343e-11,6.183713594509754e-07
Wrong 0.9999656081199646,1.2097207026864486e-15,2.381379397552874e-16,6.615400849341313e-08
Correct 4.6325539704208246e-14,4.0686589699671916e-16,2.5136369748217325e-16,0.9996538758277893
Correct 1.3195961250794808e-12,5.992655780244147e-14,3.410065537779762e-14,0.9976345896720886
Correct 4.36062386828702e-15,4.450598079636624e-14,0.9999939799308777,4.118534916879485e-17
Correct 6.55077663121173e-13,2.849253398440956e-17,1.5696641772486113e-15,0.9997299313545227
Wrong 0.21206386387348175,9.39842856317874e-11,1.7433587345294654e-05,6.837514554547397e-09
Wrong 7.771473894101211e-13,0.9995604157447815,1.033816920958941e-10,3.20839253602212e-12
Correct 1.4333183425202707e-15,3.164622293549453e-17,0.9998944997787476,9.612610311941571e-17
Correct 0.9999998211860657,3.1185857881683857e-16,1.891865028351425e-15,1.0601688831565845e-15
Correct 1.0,6.893952638389945e-20,1.6357621982797712e-19,2.8301134730422444e-18
Wrong 3.429968115087334e-12,0.9999617338180542,1.322495715369576e-12,2.7419628167990595e-07
Correct 0.0006078431033529341,1.0450695864250292e-11,0.206495463848114,9.527044951551655e-12
Wrong 1.0,1.5824687608705696e-19,9.289802829738568e-19,8.96942647271489e-19
Correct 0.9999997019767761,3.019490477226819e-18,4.030940874067366e-18,1.3453473104896193e-17
Correct 1.447422130068654e-11,9.607536256362251e-14,4.3852833690738446e-13,0.8706001043319702
Correct 1.4813757331921806e-07,2.662412753353234e-16,0.6723311543464661,1.1447669340383182e-15
Correct 1.9964170578881018e-15,4.1352310612355e-17,0.9998601675033569,6.88525355728888e-17
Correct 6.636436967288439e-16,1.782758888123527e-18,1.0,1.0778642319140619e-17
Correct 0.0003510128299240023,0.0011695214780047536,4.425682487152471e-09,2.3822515683204204e-13
Wrong 0.9468078017234802,6.097994628362358e-06,4.791693842924605e-13,1.245332640177968e-13
Correct 1.0,4.461277865435322e-17,8.558781549804524e-17,3.43334680478833e-17
Wrong 0.9807342886924744,4.905658670083246e-13,5.452102325165242e-09,1.3835014676857188e-13
Correct 0.999998927116394,2.3668030193218115e-16,2.790138439656486e-17,2.6365551535792754e-17
Wrong 1.0,2.0973300750646965e-16,6.649536065002348e-13,4.85335267458374e-16
Correct 3.2571959452526444e-12,0.9912410378456116,4.551718291168072e-07,1.241150845293637e-12
Wrong 0.9998989701271057,2.464242248502598e-16,2.6455784499825876e-15,1.1075086016665617e-15
