grade confidence_levels
Correct 0.6991613507270813,0.30070558190345764
Correct 0.8803333044052124,0.10190597921609879,0.01770860143005848
Wrong 0.017996896058321,0.023108473047614098,0.6545508503913879,0.285952091217041,0.009938829578459263,0.008369334042072296
Correct 0.9840005040168762,0.003604746190831065,0.012386738322675228
Wrong 0.005240621045231819,0.012571596540510654,0.9529524445533752,0.02922983653843403
Correct 0.0009591112611815333,3.0053145110287005e-06,3.083057890762575e-05,8.042638000915758e-06,0.00030179775785654783,2.516318636480719e-05,1.8699694919632748e-05,0.14013786613941193,0.8584485650062561,5.9427515225252137e-05
Correct 0.006286862306296825,0.000349181704223156,0.0001325344346696511,0.993229866027832
Wrong 0.01075134426355362,0.9234859943389893,0.004210286308079958,0.013172820210456848,0.021718312054872513,0.01718059927225113,0.009053539484739304
Correct 0.005199750419706106,0.0007850448600947857,0.0036300099454820156,0.9308614730834961,0.059507984668016434
Wrong 0.9549492001533508,0.0006781804841011763,0.04397112876176834,0.00039868170279078186
Correct 0.0016443115891888738,0.00041574702481739223,0.001644311472773552,0.9958251714706421
Correct 0.9990569949150085,0.0009399410919286311
Wrong 0.6296333074569702,0.37014228105545044,0.00022135501785669476
Wrong 0.023518851026892662,0.6873216032981873,0.017477726563811302,0.05217885226011276,0.1792985498905182,0.03586196526885033,0.004023601301014423
Wrong 0.0009704008116386831,0.012983818538486958,0.5785811543464661,0.009800699539482594,0.39765265583992004
Wrong 0.04251658171415329,0.010919161140918732,0.13302262127399445,0.7419405579566956,0.06901121884584427,0.0022183626424521208
Wrong 0.40358954668045044,0.2565371096134186,0.33985650539398193
Correct 0.007145358715206385,0.7064220905303955,0.0027547806967049837,0.0018350796308368444,0.009466062299907207,0.2723499536514282
Correct 0.9848029017448425,0.015188924968242645
Correct 0.03251924365758896,0.1066264882683754,0.01273471862077713,0.00931691937148571,0.8386823534965515
Correct 0.9950049519538879,0.002708778018131852,0.0018328510923311114,0.00044915947364643216
Wrong 0.41664010286331177,0.014481151476502419,0.5606505870819092,0.004084595944732428,0.0037776341196149588
Correct 0.004595459904521704,0.0005076027009636164,0.011919715441763401,0.0031584100797772408,0.0025778193958103657,0.976958155632019,0.00025128156994469464,2.411476270935964e-05
Wrong 0.120223768055439,0.005040371790528297,0.8745677471160889
Wrong 0.42553815245628357,0.4673622250556946,0.06732991337776184,0.014561115764081478,0.018991272896528244,0.00552677595987916,0.0006600792985409498
Wrong 0.08706976473331451,0.009034807793796062,0.6139016151428223,0.28998658061027527
Wrong 1.3416298315860331e-05,1.1839842045446858e-05,0.9997096657752991,6.538581601489568e-06,0.00025713350623846054
Wrong 6.602649227716029e-05,0.9995456337928772,5.7364817621419206e-05,6.106452201493084e-05,1.0284945346938912e-05,0.0002570913056842983
Correct 1.97176996152848e-05,2.2122655991552165e-06,3.647407538664993e-06,0.005819772835820913,0.9941481947898865
Correct 0.4762674868106842,0.08539005368947983,0.06861283630132675,0.13020427525043488,0.2394823282957077
Correct 0.42885488271713257,0.048116184771060944,0.020373672246932983,0.5013821125030518,0.001262373523786664
Wrong 0.012800796888768673,0.0006177061004564166,0.0017596808029338717,0.021774888038635254,0.6988997459411621,0.002259474713355303,0.0006891009397804737,0.2611598074436188
Wrong 0.0004583122208714485,0.9995402097702026,1.1721042483259225e-06
Correct 0.0006050738738849759,0.0020469387527555227,0.0007891651475802064,0.00045673377462662756,0.9960976839065552
Correct 0.0024623151402920485,0.0021729853469878435,0.0011814315803349018,0.9933688044548035,0.0008119853446260095
Correct 0.9996135830879211,0.0003859659191220999
Correct 0.9999963045120239,2.4060993837338174e-06,8.85154463503568e-07
Correct 0.006558721419423819,0.000990218948572874,0.0011759138433262706,0.002489409875124693,0.9887293577194214
Correct 0.011697783134877682,0.014558126218616962,0.04924950748682022,0.0014872063184157014,0.02021195739507675,0.900679349899292,0.0020972967613488436
Correct 0.10277605056762695,0.0025729481130838394,0.8740847706794739,0.020556503906846046
Wrong 4.463474397198297e-05,0.00011047205043723807,4.259076376911253e-05,0.9831455945968628,0.016653697937726974
Correct 0.9763011336326599,0.012099282816052437,0.00913301669061184,0.0024581183679401875
Wrong 0.019413942471146584,0.17303456366062164,0.6329341530799866,0.0300688985735178,0.13688163459300995,0.005829122848808765,0.0017777822213247418
Wrong 0.5377528667449951,0.002692645415663719,0.0021300576627254486,0.004580344073474407,0.4528333246707916
Correct 0.9695427417755127,0.019503120332956314,0.010940260253846645
Correct 0.9758316278457642,0.01228390820324421,0.005986697971820831,0.005893883295357227
Correct 0.004494227468967438,0.985765814781189,0.004784080665558577,0.0008444403647445142,0.0016024662181735039,0.002443469362333417,6.213437154656276e-05
Correct 0.9998810291290283,4.9083191697718576e-05,5.390733349486254e-05,1.2804114703612868e-05,2.8569850201165536e-06
Wrong 0.015858948230743408,0.04310908913612366,0.9217129349708557,0.01825353503227234,0.0010460112243890762
Wrong 4.9030280933948234e-05,0.001032060943543911,8.740591874811798e-05,0.9988031387329102,2.7503498131409287e-05
Wrong 0.740755558013916,0.024954287335276604,0.1267283409833908,0.012745403684675694,0.03154517710208893,0.03864996135234833,0.023442383855581284,0.001113681006245315
Correct 1.8448229184286902e-06,3.1071888884071086e-07,0.9999977350234985,8.362885495216688e-08,4.4069334848018116e-08
Wrong 0.0005715322913601995,0.5980596542358398,0.001101657166145742,0.0001514409523224458,0.007889759726822376,0.39221709966659546
Correct 0.061270348727703094,0.15645931661128998,0.7822473645210266
Correct 0.3154527544975281,0.6678134799003601,0.016718383878469467
Wrong 0.5235115885734558,0.4141317903995514,0.06155519187450409,0.0007748655043542385
Correct 0.25633013248443604,0.6648697853088379,0.0658310204744339,0.012962897308170795
Correct 0.9948193430900574,0.0001286623446503654,1.6615174899925478e-05,3.253093018429354e-05,2.0357339963084087e-05,0.0049812765792012215
Wrong 0.23837514221668243,0.0011568729532882571,0.7575546503067017,0.002908378606662154
Correct 0.010168802924454212,8.136576798278838e-05,0.9897470474243164
Wrong 0.13352817296981812,0.009229801595211029,0.8572139143943787
Correct 0.022553032264113426,0.9150644540786743,0.006878286134451628,0.054101910442113876,0.0013974086614325643
Correct 0.9020394682884216,0.005533985793590546,0.09072049707174301,0.0016877703601494431
Wrong 0.6080283522605896,0.3518998324871063,0.0011922551784664392,0.0388699509203434
Correct 0.7952905893325806,0.19187279045581818,0.006565525196492672,0.006264868658035994
Correct 0.9869770407676697,0.013020457699894905
Wrong 0.5439814329147339,0.08212891221046448,0.37387263774871826
Correct 8.267771590908524e-06,4.565897143038455e-06,0.9999793767929077,4.356809313321719e-06,1.1365420959918993e-06,1.9443949383912695e-07,4.271272047162711e-08
Wrong 0.09005040675401688,0.05635210499167442,0.828088104724884,0.016145149245858192,0.00934409536421299
Correct 0.004906421527266502,0.050333451479673386,0.009757584892213345,0.9349984526634216
Wrong 0.3993241488933563,0.001212759641930461,0.5994564890861511
Correct 1.4738877325726207e-05,3.8448670238722116e-06,0.9999781847000122,2.6015666207968025e-06
Correct 0.06371492147445679,0.9362839460372925
Wrong 0.1709538698196411,0.037553586065769196,0.014706195332109928,0.15086625516414642,0.5693634748458862
Wrong 0.9434056282043457,0.00017752769053913653,0.04412366822361946,0.01225270051509142,3.3356467611156404e-05,1.3137387213646434e-06
Wrong 0.35922348499298096,0.00023228151258081198,0.0001523339160485193,0.640385091304779
Wrong 0.0015487349592149258,0.9984343647956848,1.641702328925021e-05
Correct 0.9998168349266052,2.4296379706356674e-05,8.091929339570925e-05,6.30200156592764e-05,9.514599696558435e-06,3.2881578135857126e-06
Correct 3.882681266986765e-05,4.399654426379129e-05,2.392050373600796e-05,3.9664087125856895e-06,3.2188563636736944e-05,0.9998503923416138
Correct 0.2802981436252594,0.22173410654067993,0.22173410654067993,0.27595254778862
Correct 0.022632921114563942,0.07305996865034103,0.9040688276290894,0.00023253387189470232
Wrong 0.9838430881500244,0.016152767464518547
Correct 4.157150669925613e-06,3.1313936688093236e-07,5.122615220898297e-07,2.6575784772830957e-07,5.368457891563594e-07,1.3081059933028882e-06,0.9999443292617798
Wrong 0.03705688565969467,0.30072739720344543,0.6568489670753479,0.005338551010936499
Correct 0.0027798525989055634,0.9743523001670837,0.001464879373088479,0.0002709754335228354,0.014339571818709373,0.006773534696549177
Wrong 0.9480871558189392,6.878266867715865e-05,0.05184178426861763,1.3621670404972974e-06
Wrong 0.022715739905834198,0.0020478859078139067,0.005068566184490919,0.8933093547821045,0.07684635370969772
Wrong 7.843120692996308e-05,2.9475427254510578e-06,7.367930084001273e-05,0.9998363256454468,1.0509788808121812e-06,7.295238901861012e-06
Wrong 0.3255392014980316,0.35199180245399475,0.3204921782016754,0.0019662100821733475
Correct 0.9952865839004517,0.004067508969455957,0.0006435733521357179
Correct 0.9999529123306274,1.3845545254298486e-05,2.468235106789507e-05,3.7851611978112487e-06,2.225182470283471e-06
Wrong 0.07504282891750336,0.040800075978040695,0.03600594028830528,0.7942783236503601,0.047700121998786926,0.006159891374409199
Correct 0.00018233864102512598,3.762770938919857e-05,4.907578477286734e-05,0.9997301697731018
Wrong 0.0005094878142699599,0.10498061776161194,0.0006855908432044089,0.0003042290627490729,0.00020266027422621846,9.876873082248494e-05,0.8928340673446655,0.00022964418167248368,5.1533970690798014e-06,0.0001350008969893679
Wrong 0.0695357620716095,0.4902748763561249,0.40015068650245667,0.0396202877163887
Wrong 0.028486385941505432,0.8456041812896729,0.11993217468261719,0.0059710717760026455
Correct 0.9998983144760132,2.546446194173768e-05,4.832306149182841e-05,7.527281468355795e-06,2.8570341328304494e-06,8.445376238341851e-07,5.203046384849586e-07,1.1658483344945125e-05
Wrong 0.5302705764770508,0.3532363772392273,0.11648498475551605
Wrong 0.013305583968758583,0.009583653882145882,0.008726014755666256,0.0033641785848885775,0.002348575508221984,0.004744252655655146,0.0006624460220336914,0.0005240380414761603,0.0033641785848885775,0.9327934980392456,0.019664378836750984,0.0008775985334068537
Wrong 0.0011681272881105542,0.0001508494169684127,0.7074393033981323,0.0007309953798539937,0.00017093479982577264,0.29033249616622925
Correct 0.016022399067878723,0.28847622871398926,0.6812897324562073,0.010026561096310616,0.0041796923615038395
Wrong 0.13477475941181183,0.8652166128158569
Wrong 0.8175531625747681,0.08351831138134003,0.0017883903346955776,0.09612898528575897,0.001003196113742888
Wrong 0.0005007883301004767,0.9944385290145874,0.0012013288214802742,0.002623943379148841,0.0009503294131718576,0.0002598055871203542,1.8528477085055783e-05
Wrong 0.002714523347094655,0.023449905216693878,0.022376054897904396,0.9514540433883667
Wrong 0.99720698595047,0.0017527892487123609,8.591329969931394e-05,0.0009529750677756965
Correct 0.00025687593733891845,0.9987083673477173,0.0008422636892646551,6.494840636150911e-05,6.806536839576438e-05,2.5434172130189836e-05,5.167268227523891e-06
Correct 0.0013884479412809014,0.9985572695732117,5.3835963626625016e-05
Correct 0.08881080895662308,0.12524332106113434,0.5355977416038513,0.025444723665714264,0.22327037155628204
Wrong 0.24900425970554352,0.3003564476966858,0.38566532731056213,0.06495664268732071
Wrong 0.029493749141693115,0.010850142687559128,0.04497259110212326,0.7372508645057678,0.16972479224205017,0.007693904917687178
Correct 0.9999687671661377,3.071816900046542e-05
Correct 0.009114634245634079,0.40616363286972046,0.5818025469779968,0.0028680465184152126
Wrong 0.438778281211853,0.5546677112579346,0.0053534661419689655,0.0011945198057219386
Correct 0.004330535884946585,0.00022244871070142835,0.9954463839530945
Wrong 0.056990258395671844,0.18396680057048798,0.03796369209885597,0.040412142872810364,0.22190631926059723,0.15251384675502777,0.12064837664365768,0.1598331481218338,0.0035867816768586636,0.007834255695343018,0.010059379041194916,0.004193373490124941
Wrong 0.000655220472253859,0.0017534608487039804,0.997589111328125
Wrong 0.04090118035674095,0.10945723950862885,0.8215221762657166,0.028110941872000694
Wrong 0.0012642848305404186,9.902645251713693e-05,0.9986273050308228,8.518683898728341e-06,4.805914386452059e-07
Wrong 0.9595096111297607,0.0031508500687777996,0.009858138859272003,0.001072022831067443,0.019605249166488647,0.0018814587965607643,1.1724465366569348e-05,3.866318820655579e-06,0.004880132153630257,9.131024853559211e-06,4.450105279829586e-06
Wrong 0.16779710352420807,0.019122786819934845,0.0037654999177902937,0.0037654999177902937,0.017411496490240097,0.7881044149398804
Wrong 0.005216018296778202,0.0004557706124614924,0.9939970970153809,0.000328279216773808
Correct 0.9952725768089294,0.0024287861306220293,0.0007292538648471236,0.0015681422082707286
Wrong 0.0036137921269983053,0.0015787486918270588,0.1377420276403427,0.8570597171783447
Correct 0.004069268703460693,0.9957172274589539,0.0002123197918990627
Correct 0.00010187672887695953,2.5758477931958623e-05,3.866804399876855e-05,0.9957619309425354,0.0036478331312537193,0.0004157206858508289
Wrong 0.00011338735930621624,0.00048489615437574685,8.295595034724101e-05,0.9780438542366028,6.665699038421735e-05,0.0009059053845703602,0.020298652350902557
Correct 0.03349830582737923,0.9637865424156189,0.0027070781216025352
Wrong 0.02975766733288765,7.376189023489133e-05,0.9701607823371887
Correct 0.2841316759586334,0.023322947323322296,0.03340858221054077,0.04860919341444969,0.045664116740226746,0.08531180024147034,0.46119120717048645,0.017063435167074203,0.0011611812515184283
Wrong 0.08264128863811493,0.9166808724403381,0.0006409104098565876,3.3967007766477764e-05,1.7722766187944217e-06
Correct 0.9999922513961792,2.601603227958549e-06,2.1568046122411033e-06,7.934440873214044e-07,9.276302534999559e-07,4.812482643501426e-07
Wrong 0.0034195478074252605,0.09838449954986572,0.00795068684965372,0.037930604070425034,0.014396834187209606,0.836735725402832,0.0011634426191449165
Wrong 0.0003298404917586595,8.789953426457942e-06,0.0009250606526620686,0.9987245202064514,9.653876077209134e-06
Wrong 0.15241548418998718,0.01968260668218136,0.3226635754108429,0.47686582803726196,0.018490100279450417,0.007128569297492504,0.0007282292353920639
Wrong 0.9853563904762268,0.004026926588267088,0.010609538294374943
Correct 0.9316120743751526,0.0003711278841365129,0.0002049562899628654,0.0023825382813811302,0.06540942937135696,1.3947452316642739e-05
Wrong 0.0018969025695696473,0.9980939030647278,4.775996785610914e-06,3.7195500226516742e-06
Wrong 0.02442089281976223,8.807548874756321e-05,0.97548907995224
Wrong 0.000585397589020431,0.003817272139713168,0.001298761460930109,0.9942970871925354
Correct 0.7122001051902771,0.051591601222753525,0.01782958023250103,0.006767345126718283,0.009693775326013565,0.004169240593910217,0.19470466673374176,0.0030029916670173407
Correct 0.09356933832168579,0.09211868047714233,0.06953483074903488,0.6913890838623047,0.03900551050901413,0.013907840475440025
Wrong 0.0013465216616168618,0.0028505863156169653,0.011632171459496021,0.06590073555707932,0.03639385104179382,0.8817421197891235,0.00012139261525589973
Wrong 0.0004491163999773562,0.00297472532838583,0.8643923401832581,0.0007404677453450859,0.0018615358276292682,0.1284804493188858,0.0010943403467535973
Correct 0.0016105769900605083,0.9907551407814026,0.0009468094212934375,0.0066756559535861015
Wrong 0.49710652232170105,0.1613868623971939,0.015487827360630035,0.32601043581962585
Correct 0.0035851288121193647,0.9786454439163208,0.0024258196353912354,0.015331651084125042
Wrong 0.015229922719299793,0.023588567972183228,0.0017087497981265187,0.005691005848348141,0.942241907119751,0.011496149003505707
Correct 0.0006731814355589449,0.0003034266992472112,0.0003547416999936104,0.9934012293815613,0.0017735970905050635,0.003418697975575924
Wrong 0.002817136235535145,0.0029065615963190794,0.0032935659401118755,0.987420380115509,0.001330721192061901,0.002228538505733013
Correct 0.001224652398377657,0.0004871331329923123,0.0001374021958326921,3.0658571631647646e-05,6.801902054576203e-05,0.9980286955833435
Correct 0.0384359136223793,0.9607768654823303,0.0005070565384812653,0.0002714078000281006
Correct 0.9814343452453613,0.016886509954929352,0.000923361221794039,0.0007536254124715924
Wrong 0.17588704824447632,0.48563969135284424,0.33377495408058167,0.0028429492376744747,0.0007301297737285495,0.001113315112888813
Wrong 0.008444314822554588,0.41327717900276184,0.48316994309425354,0.07181680202484131,0.014590469188988209,0.008184511214494705,0.000491518119815737
Correct 0.8128646612167358,0.1871320754289627
Wrong 0.06948564946651459,0.35287728905677795,0.11456247419118881,0.03231383115053177,0.4190521240234375,0.011343222111463547,0.00033722512307576835
Wrong 0.0005678419256582856,0.0012402809225022793,0.0009509564260952175,0.0021430132910609245,0.9950946569442749
Correct 0.539699912071228,0.14986926317214966,0.02563960663974285,0.27999264001846313,0.004742851015180349
Correct 0.005715415347367525,0.0004338926519267261,0.991696298122406,0.0003486425266601145,0.0015144342323765159,0.00018087337957695127
Wrong 0.9939473867416382,0.0034744434524327517,0.0016157663194462657,0.00024016221868805587,0.0007058759802021086,1.1058392374252435e-05
Correct 0.006288905628025532,0.9935526847839355,0.00015743967378512025
Wrong 0.1631566435098648,0.3194452226161957,0.39755600690841675,0.0037190220318734646,0.0807683989405632,0.0352851040661335
Wrong 0.0552862249314785,0.11888405680656433,0.10656698048114777,0.017948808148503304,0.6132506728172302,0.08170774579048157,0.00538920983672142,0.0008394772303290665
Wrong 0.044193487614393234,0.07756198942661285,0.09503092616796494,0.4533672034740448,0.20756664872169495,0.0016097481129691005,0.0020995072554796934,0.00011480198008939624,0.11826791614294052
Correct 0.0018379954854026437,0.2903757095336914,0.7075445652008057,0.0001763870968716219,2.7475809474708512e-05,2.9708442525588907e-05
Wrong 0.000779329682700336,3.81989884772338e-05,0.9991738200187683,6.848701559647452e-06
Correct 0.010357340797781944,0.6210711002349854,0.00393120339140296,0.3594484031200409,0.0018281795782968402,0.0033104054164141417
Wrong 0.11781152337789536,0.010456367395818233,0.8705160021781921,0.0012104124762117863
Wrong 0.7330318689346313,0.01835109479725361,0.013012873940169811,0.23065871000289917,0.004939130041748285
Wrong 0.001133039826527238,0.000362141290679574,0.9984001517295837,0.0001021466450765729
Wrong 0.10463590919971466,0.1865336298942566,0.31730443239212036,0.07419796288013458,0.31730446219444275
Correct 0.9991244673728943,0.0006164699443615973,0.0002569829230196774
Wrong 0.02671075612306595,0.0005047542508691549,0.00021709207794629037,0.00108539208304137,0.9714758396148682
Correct 2.392239730397705e-05,6.643011147389188e-06,4.710599114332581e-06,2.586627670098096e-05,0.9999294877052307
Correct 0.15059706568717957,0.052044957876205444,0.04889170825481415,0.09424124658107758,0.6541638374328613
Wrong 0.03518642485141754,0.007609599269926548,0.01913052797317505,0.030570494011044502,0.9074699282646179
Correct 0.027534130960702896,0.9706115126609802,0.0013708436163142323,0.0004812113184016198
Correct 0.00020243444305378944,0.00010835535795195028,0.00022583191457670182,6.271126039791852e-05,0.0008132520597428083,0.9949184060096741,0.0036447427701205015
Wrong 0.011028259992599487,0.3652057647705078,0.2756717801094055,0.0429413802921772,0.22853995859622955,0.07655129581689835
Wrong 0.7826593518257141,0.21733665466308594
Wrong 0.0828692615032196,0.042325474321842194,0.83694988489151,0.007829425856471062,0.03001325950026512
Wrong 0.04400665685534477,0.9557207822799683,0.00023456229246221483,3.71131427527871e-05
Correct 5.379489084589295e-05,5.550253263209015e-05,4.255525709595531e-05,0.0009685532422736287,5.726438030251302e-05,0.0009992985287681222,0.9977953433990479
Wrong 0.06699886173009872,0.045333702117204666,0.009210099466145039,0.014717699028551579,0.45785418152809143,0.18212179839611053,0.19386765360832214,0.029269639402627945
Correct 0.03949004411697388,0.01865377463400364,0.47362861037254333,0.46628570556640625,0.001438424806110561,0.0004669882182497531
Wrong 0.15020805597305298,0.7166025638580322,0.09850885719060898,0.01176520437002182,0.02232643961906433
Wrong 0.6157557368278503,0.37935611605644226,0.0031810947693884373,0.0017027172725647688
Correct 6.806162855355069e-05,1.1643974175967742e-05,0.0012643187073990703,0.9986540079116821,1.5036778222565772e-06
Correct 0.9943476319313049,0.005641849245876074
Wrong 0.013742649927735329,0.060635413974523544,0.28037530183792114,0.6417854428291321,0.00331556866876781,0.00010329973156331107
Wrong 0.1340339183807373,0.04489574208855629,0.8210573196411133
Wrong 0.12004563212394714,0.7127436995506287,0.0010549536673352122,0.12004563212394714,0.030352290719747543,0.01574655994772911
Correct 0.011918574571609497,0.08273130655288696,0.10458216816186905,0.7972936630249023,0.0034685032442212105
Correct 0.00032974351779557765,0.9379388689994812,0.00017927841690834612,0.00016323487216141075,3.642262890934944e-05,1.8314449334866367e-05,0.0013667488237842917,0.05996042490005493
Wrong 0.3319501578807831,0.07641926407814026,0.010024026036262512,0.0034105030354112387,0.5472932457923889,0.030876176431775093
Wrong 0.3486263155937195,0.6412219405174255,0.002138812094926834,0.006188858766108751,0.0018010607454925776
Wrong 0.0002115808892995119,0.9468134641647339,0.000383123493520543,0.05258742719888687
Correct 0.01874065399169922,0.026018822565674782,0.9463100433349609,0.005043978802859783,0.0008363738306798041,0.0019752506632357836,0.0004140350210946053
Correct 0.7021259069442749,0.013477044180035591,0.005036002956330776,0.27928638458251953
Wrong 0.016579696908593178,0.20516279339790344,0.018495989963412285,0.49215999245643616,0.2675827741622925
Wrong 0.6076611876487732,0.39233556389808655
Wrong 0.0021045294124633074,0.6408798098564148,0.024849606677889824,0.00038326330832205713,0.0006418453413061798,0.20483750104904175,0.1261967122554779,8.686434011906385e-05
Wrong 0.19346751272678375,0.0009839893318712711,0.0004101877275388688,0.1707344949245453,0.6343556046485901
Wrong 0.5155751705169678,7.918511255411431e-05,0.48433804512023926,4.467318831302691e-06
Correct 0.9692487716674805,0.02279454842209816,0.005586044397205114,0.0007327295024879277,0.00043753281352110207,0.0011893374612554908
Correct 0.9934083223342896,0.006589758675545454
Wrong 0.7705940008163452,0.22778715193271637,0.0016084752278402448
Correct 0.0024490104988217354,0.2136702537536621,0.00022779345454182476,0.7815733551979065
Wrong 0.31444793939590454,0.0030349455773830414,0.0031312850769609213,0.0005441357498057187,0.6761692762374878,0.002636806108057499,7.178380201366963e-06,4.2199535528197885e-06,7.6413471106207e-06,1.2670608384723892e-06,3.1360029879579088e-06
Wrong 0.003964992240071297,0.0005623555043712258,0.007179673761129379,0.9854801297187805,0.0028116009198129177
Correct 0.0006583583308383822,0.9715269804000854,0.0005809991853311658,0.0004250680794939399,0.0017076516523957253,0.02509375847876072
Wrong 0.5403345227241516,0.3831545412540436,0.003815468866378069,0.009152833372354507,0.063533253967762
Wrong 0.0002596274425741285,0.9937567710876465,0.002010467927902937,0.00036045705201104283,6.499647042801371e-06,1.5112131222849712e-05,0.0035840466152876616
Wrong 0.022515876218676567,0.9724761843681335,0.0036756156478077173,0.0007825837237760425,0.0005463315756060183
Wrong 0.6320395469665527,0.0011284296633675694,0.0010274469386786222,0.36579644680023193
Wrong 0.9997958540916443,0.00020027300342917442
Wrong 0.5890032649040222,0.037069953978061676,0.1661359965801239,0.007892648689448833,0.1610245257616043,0.03884898126125336
Correct 0.0033259838819503784,0.0072646173648536205,0.966460645198822,0.02102086693048477,0.001924932119436562
Correct 0.03722948208451271,0.025587428361177444,0.7715110778808594,0.1383243203163147,0.027237674221396446
Wrong 0.0001606564619578421,0.00015816571249160916,0.344946026802063,0.6545925140380859,0.00013741676229983568
Wrong 0.034290630370378494,0.0007575787603855133,0.004640732426196337,0.0035030082799494267,0.0005629847291857004,0.9562286734580994
Wrong 0.45747727155685425,0.2818435728549957,0.26066267490386963
Wrong 0.97198885679245,0.028007416054606438
Correct 0.008587665855884552,0.9620602130889893,0.00563192879781127,0.0237113069742918
Wrong 0.631302535533905,0.0494474358856678,0.025652991607785225,0.2935829758644104
Wrong 0.0005172388046048582,0.00017598165140952915,0.0021776568610221148,0.9955043196678162,0.001428142306394875,0.000193278057849966
Wrong 0.0017374538583680987,0.8860697150230408,0.007089895661920309,0.056644540280103683,0.04845064878463745
Wrong 0.9550923705101013,0.012798245996236801,0.0024810528848320246,0.005335102789103985,0.024286802858114243
Wrong 0.016798553988337517,0.37640580534935,0.012879897840321064,0.19527676701545715,0.38233333826065063,0.016281718388199806
Wrong 0.6888593435287476,0.3009403645992279,0.0015306035056710243,0.0005126880132593215,0.0067533403635025024,0.0013507531257346272
Wrong 0.0004510621656663716,0.9992198944091797,0.0002912276249844581,3.7025434721726924e-05
Wrong 0.801963746547699,0.19652967154979706,0.0011870110174641013,0.0003145266091451049
Wrong 0.00028118546470068395,0.0044677467085421085,0.0026678130961954594,0.036257054656744,0.0013840432511642575,0.00035545177524909377,0.004067928995937109,0.9498072266578674,0.0006745288264937699
Correct 0.26894062757492065,0.7310563325881958
Correct 0.05055147781968117,0.014258699491620064,0.037566669285297394,0.4721832275390625,0.4232623279094696,0.002152741886675358
Correct 0.9981606602668762,0.0007428874960169196,0.00034547472023405135,7.355581328738481e-05,0.0005969268386252224,7.829976675566286e-05
Wrong 0.3016541004180908,0.4320995509624481,0.26620882749557495
Correct 0.8352599143981934,0.00022869135136716068,0.16447241604328156
Correct 1.0616040526656434e-05,5.955059350526426e-06,0.9999804496765137,1.101575321627024e-06,3.1560693969368003e-07
Correct 0.9998052716255188,0.0001941130612976849
Wrong 1.9824234186671674e-05,1.1010675962097594e-06,0.9995197057723999,0.000458302820334211
Correct 0.9864934086799622,0.003969069104641676,0.0035026913974434137,0.0018171722767874599,0.003728595795109868,0.00048150282236747444
Correct 0.00034052858245559037,0.00013128548744134605,0.00010715207463363186,5.472792327054776e-05,0.9993637204170227
Correct 2.973966365971137e-05,1.3830228454025928e-05,0.001081637805327773,1.6777969449321972e-06,2.5043307687155902e-05,0.9988466501235962
Wrong 0.16247916221618652,0.10655643045902252,0.1346999555826187,0.04373067244887352,0.04655105620622635,0.5004710555076599,0.004681762773543596,0.0008009553421288729
Wrong 0.09480634331703186,0.8994975686073303,0.005265685264021158,0.00042553263483569026
Wrong 0.047307368367910385,0.08701156079769135,0.11527159810066223,0.3084827661514282,0.4418812096118927
Wrong 0.0004949163994751871,0.9827782511711121,0.0002031132607953623,0.003954121842980385,0.012566173449158669
Wrong 0.014689253643155098,0.509786069393158,0.007740692235529423,0.003599756397306919,0.46416550874710083
Correct 0.0787491425871849,0.8078629374504089,0.11105409264564514,0.002304854104295373
Wrong 0.05276380479335785,0.428193598985672,0.09857576340436935,0.040455412119627,0.045131273567676544,0.2517220079898834,0.028687182813882828,0.05443870648741722
Correct 0.006083117797970772,0.0023452509194612503,0.9915481209754944,2.0934483472956344e-05
Wrong 0.007263668347150087,0.017424630001187325,0.1481921523809433,0.0005261782789602876,0.8265494108200073
Correct 0.00039614178240299225,6.267873686738312e-05,0.9944024682044983,0.005137245170772076
Correct 0.00019589705334510654,0.9933508038520813,0.0018878881819546223,0.0006837478140369058,0.0038736951537430286
Correct 0.0023200095165520906,0.825980544090271,0.0030735130421817303,0.0007300233701243997,0.16780813038349152
Correct 0.0048996987752616405,0.0009648078703321517,0.00019601262465585023,0.9939369559288025
Wrong 0.5477866530418396,0.06440948694944382,0.23931027948856354,0.026849867776036263,0.104546919465065,0.00363373477011919,0.0026172809302806854,0.010514561086893082,0.0003077434084843844
Wrong 0.936898946762085,0.035209838300943375,0.01884646527469158,0.009042633697390556
Wrong 0.00268704816699028,0.0035045710392296314,0.020167414098978043,0.9566553235054016,0.01698266714811325
Wrong 0.5817519426345825,0.36978402733802795,0.007323176600039005,0.004511678125709295,0.036613579839468
Wrong 0.0026304356288164854,0.9968990087509155,0.00032923760591074824,0.0001394079881720245
Correct 0.40733152627944946,0.5926638245582581
Wrong 0.9992771744728088,0.0005356802721507847,0.00018512614769861102
Correct 0.0024944390170276165,0.9907267093658447,0.002067962195724249,0.00015699188224971294,0.00013639692042488605,0.0007146687130443752,9.522039181319997e-05,0.0005147565971128643,1.9959277778980322e-05,0.003056251211091876
Correct 0.00021317401842679828,8.528034413757268e-06,4.005420487374067e-05,8.395818440476432e-06,0.9997232556343079,4.7837938836892135e-06,2.6157974275520246e-07
Correct 0.03641270473599434,0.9102030396461487,0.021743018180131912,0.03163590654730797
Wrong 0.051065679639577866,0.9486004114151001,0.00032832135912030935
Wrong 0.014127892442047596,0.60073322057724,0.003252425231039524,0.3818492591381073
Correct 0.10970519483089447,0.8902895450592041
Wrong 0.0004511716542765498,0.9994624257087708,8.345835522050038e-05,1.135954562414554e-06
Wrong 0.14543072879314423,0.010700867511332035,0.7501887679100037,0.07427874952554703,0.003815511940047145,0.015569671988487244
Wrong 0.01050255261361599,0.8343210220336914,0.011716443113982677,0.12996214628219604,0.013485544361174107
Wrong 0.030625220388174057,0.4790590703487396,0.46431997418403625,0.024608056992292404,0.0009541580220684409,0.00042340511572547257
Wrong 9.605672676116228e-05,0.9994284510612488,0.00019709560729097575,0.00013129398575983942,0.00014646901399828494
Wrong 0.8667960166931152,0.0002410631423117593,3.2624349842080846e-05,0.13292747735977173
Correct 0.999339759349823,0.0003739885287359357,0.00019707811588887125,7.250098860822618e-05,1.6431911717518233e-05
Wrong 0.987800121307373,0.002606427064165473,0.005103136412799358,0.0009293503244407475,0.0011748087126761675,0.0005815724725835025,0.000794915365986526,0.0010048671392723918
Correct 0.2598542273044586,0.039849940687417984,0.39623039960861206,0.2944534122943878,0.007487582042813301,0.002111969515681267
Wrong 0.99994957447052,4.985955456504598e-05
Wrong 0.10595837980508804,0.0007251849165186286,0.000419704825617373,0.013471096754074097,0.0025311443023383617,0.0034060266334563494,0.873424232006073
Wrong 0.07450949400663376,0.0020486407447606325,0.0014301817864179611,0.922005832195282
Wrong 1.0450806257722434e-05,0.9999185800552368,1.0129268048331141e-05,1.3211058103479445e-05,1.4284565622801892e-05
Wrong 0.09880606085062027,0.8403210043907166,0.009335123933851719,0.031090710312128067,0.02038978599011898
Correct 0.9998992681503296,9.610197594156489e-05,4.092515609954717e-06
Wrong 0.0005884029087610543,5.859339580638334e-06,1.6018541373341577e-06,0.9994014501571655
Correct 0.9532709717750549,0.04672475531697273
Wrong 0.02171533741056919,0.06090217083692551,0.3971320390701294,0.10359808802604675,0.04056959226727486,0.37307101488113403,0.0029851316940039396
Correct 0.010098099708557129,0.9828654527664185,0.0010981173254549503,0.0014547690516337752,0.0044810050167143345
Correct 0.0038159736432135105,0.000775262073148042,0.9939588308334351,0.0014483800623565912
Correct 0.0005329189589247108,0.00013059741468168795,0.03564964607357979,0.00010659050167305395,3.30202019540593e-05,0.9635400772094727
Wrong 0.340423047542572,0.09753283858299255,0.5439944863319397,0.018041761592030525
Wrong 0.48381325602531433,0.001162355998530984,0.515016496181488
Correct 0.9999470710754395,3.0241273634601384e-05,1.3006609151489101e-05,9.223067536368035e-06
Wrong 0.7321117520332336,0.2610425055027008,0.0032860401552170515,0.003553056390956044
Correct 0.002812326420098543,0.0018443689914420247,0.0013078531483188272,0.00043128422112204134,0.8699076175689697,0.12337914854288101
Wrong 0.031970441341400146,0.1839771866798401,0.024898605421185493,0.5666896104812622,0.07550408691167831,0.11694301664829254
Correct 0.0002234084386145696,0.9997411370277405,3.480032319203019e-05
Wrong 0.03591042757034302,0.0029020074289292097,0.08092539012432098,0.48804259300231934,0.3921532928943634
Correct 0.0002110392670147121,8.935966616263613e-05,0.040216971188783646,4.6359178668353707e-05,0.00016180943930521607,0.9592617750167847
Correct 0.000465392047772184,0.00019400427117943764,9.455013059778139e-05,0.9992449283599854
Wrong 0.06555930525064468,0.9337467551231384,0.00021528452634811401,0.00047762959729880095
Wrong 0.00015368754975497723,0.00023803596559446305,0.4371565878391266,0.5613201260566711,0.0009414505329914391,0.00018538259610068053
Correct 0.011939860880374908,0.009445208124816418,0.9786093235015869
Correct 0.3099801540374756,0.15107226371765137,0.01981636881828308,0.5191190838813782
Correct 0.997996985912323,0.00017368713452015072,0.00011040225945180282,0.0010312279919162393,0.00067629583645612
Wrong 0.18416592478752136,0.6428021788597107,0.17300787568092346
Wrong 0.0009560631006024778,0.001901358482427895,0.7670626640319824,0.017759907990694046,0.023898569867014885,0.18797679245471954,0.00043093139538541436
Correct 0.5811247229576111,0.1886635720729828,0.2171504646539688,0.012250790372490883
Wrong 0.9999603033065796,3.94425806007348e-05
Wrong 0.03545277193188667,0.7943915724754333,0.16651351749897003,0.002820605644956231,0.0007591558387503028
Wrong 0.18579931557178497,0.006357703357934952,0.37532496452331543,0.35258516669273376,0.07991129904985428
Wrong 0.5434123277664185,0.19681090116500854,0.252710223197937,0.007057693786919117
Correct 0.0031210542656481266,0.000260226137470454,0.9806060194969177,0.0027543206233531237,0.012936409562826157,0.0001459736522519961,0.00017066049622371793
Correct 0.01025712676346302,0.015640251338481903,0.018573256209492683,0.0123724564909935,0.8673762083053589,0.06089936941862106
Wrong 0.020041467621922493,0.0067130508832633495,0.13068678975105286,0.19927354156970978,0.6432628631591797
Wrong 0.06933356821537018,0.0382896363735199,0.0080259433016181,0.004229375161230564,0.8446558117866516,0.02216034010052681,0.01323254406452179
Correct 0.5043916702270508,0.07497112452983856,0.02396221086382866,0.02181784249842167,0.37483203411102295
Wrong 0.9709796905517578,0.0007114540785551071,0.0009135252330452204,0.022132687270641327,0.00517547270283103,1.8665688912733458e-05
Wrong 0.06270518153905869,8.319601329276338e-05,0.0008805744000710547,0.9359565377235413,0.0003728586307261139
Wrong 0.19114649295806885,0.014064658433198929,0.004785258322954178,0.7799969911575317,0.009973336942493916
Correct 0.9504268169403076,0.005309041123837233,0.02572687715291977,0.01853037439286709
Wrong 0.09696858376264572,0.0051391469314694405,0.020645800977945328,0.3659556210041046,0.5080790519714355,0.002245127223432064,0.0005856764037162066,0.00034430145751684904
Correct 0.011785369366407394,0.7178307771682739,0.20566196739673615,0.06471440941095352
Correct 0.0014096867525950074,0.9981139898300171,0.00031949696131050587,0.00011753635772038251,3.5846573155140504e-05
Wrong 0.001056124223396182,0.013483690097928047,0.04088878631591797,0.9306244850158691,0.004048538394272327,0.00986487977206707
Correct 0.007562259212136269,0.019923897460103035,0.6295749545097351,0.0029155106749385595,0.3317627012729645,0.008049983531236649
Correct 0.014509904198348522,0.013630793429911137,0.1511966735124588,0.8173614740371704,0.0032885822001844645
Correct 0.0013575926423072815,0.3944876790046692,0.0001780773891368881,0.00013653666246682405,0.002309342846274376,0.6015218496322632
Correct 0.0012059347936883569,0.000148600316606462,0.0001557318028062582,0.9982512593269348,0.00023746264923829585
Wrong 0.16676460206508636,0.8208441138267517,0.011348472908139229,0.0010392072144895792
Correct 0.16879616677761078,0.015457076020538807,0.8052814602851868,0.010458780452609062
Wrong 0.9998136162757874,1.1657493814709596e-05,2.6837071800400736e-06,0.00017130559717770666,3.575694904611737e-07
Wrong 0.2542261779308319,0.061334915459156036,0.042818669229745865,0.05944783613085747,0.5819295644760132
Wrong 0.0058562373742461205,0.04002011939883232,0.01694558560848236,0.0039625284262001514,0.9251975417137146,0.008004527539014816
Wrong 0.2980768084526062,0.016555629670619965,0.5568807721138,0.020603815093636513,0.03673027083277702,0.013302821666002274,0.05688895285129547,0.0009195244056172669,2.5282351998612285e-05
Wrong 0.9755741357803345,0.0244230218231678
Correct 9.602551290299743e-05,0.9991036057472229,0.0005272837588563561,0.0002651349059306085
Correct 0.00035139734973199666,0.00011587855260586366,0.9995322227478027
Wrong 0.014458478428423405,0.02966686710715294,0.09138038009405136,0.003030661027878523,0.09576582908630371,0.7651185989379883
Correct 0.7280681133270264,0.020653704181313515,0.2255449742078781,0.025703949853777885
Wrong 0.021396039053797722,0.0034928072709590197,0.8681207299232483,0.10697346180677414
Wrong 0.1966474950313568,0.014469425193965435,0.7777559161186218,0.011094092391431332
Wrong 0.03563760593533516,0.9632146954536438,0.001127808471210301
Wrong 0.4148975610733032,0.5850993990898132
Wrong 0.0021455215755850077,0.8930410742759705,0.0006442022859118879,0.09560810029506683,0.0017786999233067036,0.006712744012475014
Wrong 9.314280760008842e-05,4.156855538894888e-06,0.9998732805252075,2.5864823328447528e-05,2.642258777996176e-06
Wrong 0.014958654530346394,0.9698728919029236,0.0008052641060203314,0.0007332013337872922,0.013620011508464813
Wrong 0.0008820560178719461,0.00029087119037285447,8.204398181987926e-05,0.9979968667030334,0.0006869459757581353
Wrong 0.01159797701984644,0.015126612968742847,0.09412094950675964,0.8791501522064209
Wrong 0.9963327646255493,0.0001845806691562757,0.0003394958039280027,0.0001845806691562757,0.0022486529778689146,0.0007075700559653342
Wrong 0.996702253818512,0.002799531677737832,0.00048648566007614136
Correct 0.1805058717727661,0.02811739407479763,0.017595414072275162,0.45379170775413513,0.307050883769989
Correct 0.014466742053627968,0.06383025646209717,0.45004716515541077,0.4716453552246094
Wrong 0.0037437011487782,0.011713003739714622,0.0010395882418379188,0.005447052884846926,0.0029155975207686424,0.9751337766647339
Wrong 0.17681396007537842,0.5116280913352966,0.305507093667984,0.0009278344223275781,0.0040937974117696285,0.0010190269676968455
Correct 0.16885672509670258,0.8311418890953064
Wrong 0.019306238740682602,0.018422143533825874,0.6805683374404907,0.03961382433772087,0.23519815504550934,0.006777127739042044
Correct 0.15173447132110596,0.7352842688560486,0.08781718462705612,0.025160042569041252
Wrong 0.2954823672771454,0.6978360414505005,0.0028968071565032005,0.00046555930748581886,0.0032825134694576263
Wrong 0.008728992193937302,0.0015650219283998013,0.6720951199531555,0.3125532865524292,0.005051953252404928
Correct 1.1125531273137312e-05,3.6119308788329363e-06,0.9999819993972778,1.9946978682128247e-06,8.579089012528129e-07
Wrong 0.5160742998123169,0.09109252691268921,0.383513867855072,0.0077146864496171474
Wrong 0.0015232551377266645,0.00045027336454950273,0.0005516864475794137,0.9974724650382996
Wrong 0.002216481138020754,0.9975435137748718,0.00012901467562187463,0.00011035209172405303
Wrong 0.0005476962542161345,0.9749054312705994,0.002034938195720315,0.0010232311906293035,0.021204542368650436,0.0002797358902171254
Wrong 0.012610258534550667,0.9862261414527893,0.0010514138266444206,0.00011081820412073284
Correct 0.9999809265136719,6.339129868138116e-06,4.157302555540809e-06,5.3380822464532685e-06,2.857269919331884e-06
Wrong 0.06557434052228928,0.0004558619111776352,0.9339609146118164
Correct 6.401979771908373e-05,2.9021230147918686e-06,0.999931812286377
Correct 0.002905803732573986,0.9871628880500793,0.002729750005528331,0.00719193322584033
Correct 8.348615665454417e-05,0.9997952580451965,5.475155558087863e-05,1.129862357629463e-05,5.475156649481505e-05
Wrong 0.03609449416399002,0.008708203211426735,0.006175040267407894,0.002134036971256137,0.015283371321856976,0.020566025748848915,0.015283370390534401,0.8882607817649841,0.007448521442711353
Wrong 0.9710018038749695,0.004426916595548391,0.02283577434718609,0.0017336055170744658
Correct 0.037039317190647125,0.16089145839214325,0.6167599558830261,0.18518492579460144
Wrong 0.24537155032157898,0.005092523992061615,0.7440799474716187,0.005013571586459875,0.0004246026510372758
Correct 0.08205493539571762,0.006229300517588854,0.010763265192508698,0.001082490081898868,0.07018530368804932,0.5026473999023438,0.3195021450519562,0.007513970602303743
Wrong 0.010986914858222008,0.9890105128288269
Wrong 0.08459112793207169,0.18189950287342072,0.006836010608822107,0.0071640778332948685,0.7194265127182007
Wrong 0.9001202583312988,0.0004258272238075733,0.004578073974698782,0.09487197548151016
Correct 0.005924548953771591,0.0026704033371061087,0.9809088706970215,0.004472083877772093,0.006017846986651421
Correct 0.0007095924229361117,0.00010383631160948426,0.9991804957389832
Correct 0.0021150531247258186,0.9975776076316833,0.00024103936448227614,6.589649274246767e-05
Correct 0.015695033594965935,0.008533242158591747,0.00334166525863111,0.0010515017202124,0.9710173606872559,0.00014913467748556286,4.2727802792796865e-05
Wrong 0.6086921095848083,0.24212099611759186,0.14916642010211945
Correct 0.9777127504348755,0.02228616178035736
Wrong 0.1610100418329239,0.030729303136467934,0.003238844685256481,0.8049995303153992
Wrong 0.0005526701570488513,0.00011584596359170973,7.961968367453665e-05,0.9992510676383972
Correct 0.014915027655661106,0.0019564260728657246,0.9670442342758179,0.008768091909587383,0.004141754005104303,0.0012830556370317936
Wrong 0.03838776424527168,0.11107867956161499,0.02119973860681057,0.7590850591659546,0.04418404400348663,0.025974463671445847
Correct 0.00019711027562152594,0.00014647991338279098,5.305150989443064e-05,9.606387175153941e-05,0.9995028376579285
Correct 0.0005191111122258008,0.000314856821205467,5.5575528676854447e-05,0.9991077780723572
Wrong 0.008550558239221573,0.0024117957800626755,0.0007241524290293455,0.9883102178573608
Wrong 0.01156827062368393,0.010698901489377022,0.3655456006526947,0.6121736764907837
Wrong 0.0552264042198658,0.2804628312587738,0.6419858336448669,0.02231348678469658
Wrong 0.3506796360015869,0.09891373664140701,0.526432454586029,0.02073344588279724,0.0030339735094457865,0.00011949252802878618
Correct 0.0005968479672446847,0.00021281270892359316,9.01105668162927e-05,0.0010312607046216726,0.9980287551879883
Wrong 0.7886537313461304,0.05451371893286705,0.01611422374844551,0.02005447819828987,0.027411220595240593,0.0022854830604046583,0.007039783056825399,0.01254977099597454,0.07109928876161575
Correct 6.203884549904615e-05,2.7102769308839925e-05,2.2822816390544176e-05,8.348238770850003e-05,3.119509347015992e-05,1.4507065316138323e-05,0.9997501969337463
Wrong 0.03489163890480995,0.006063256878405809,0.01080892514437437,0.003348448546603322,0.8322410583496094,0.11263158172369003
Correct 0.9997902512550354,0.00011773376172641292,2.930624941654969e-05,6.107946683187038e-05
Correct 0.05468865856528282,0.9395551085472107,0.002153902780264616,0.0015758289955556393,0.0014803543454036117,0.0004958566278219223,4.40097828686703e-05
Wrong 0.01124387327581644,0.6848490238189697,0.3038999140262604
Wrong 0.05767245218157768,0.034437794238328934,0.005118721164762974,0.7363125085830688,0.16174638271331787,0.004660648759454489
Wrong 0.966342568397522,0.0009234796743839979,0.003949221223592758,0.011075865477323532,0.016626840457320213,0.00032927680877037346
Wrong 0.06954124569892883,0.9304515719413757
Wrong 0.32671594619750977,0.2666577696800232,0.4066045582294464
Correct 0.000442050484707579,0.0008130552596412599,0.0011465916177257895,0.9946776628494263,0.0011465917341411114,0.0017212381353601813
Wrong 0.26543834805488586,0.0016541008371859789,0.7328987121582031
Wrong 0.07389009743928909,0.0009596648742444813,0.038937345147132874,0.8862098455429077
Correct 3.3927683489309857e-06,2.4437197225779528e-06,2.9476877898559906e-06,5.9205896832281724e-05,1.6440886611235328e-05,0.9998855590820312,2.078322540910449e-05
Correct 0.002881740452721715,0.0025831751991063356,0.9944047927856445,0.00012661483197007328
Wrong 0.0024958979338407516,0.9759376049041748,0.021561268717050552
Wrong 0.023773176595568657,0.3385961055755615,0.06263397634029388,0.32309064269065857,0.251623272895813
Wrong 0.007390255574136972,0.004846647847443819,0.00027342914836481214,0.14613592624664307,0.00035109001328237355,0.8409542441368103
Correct 0.8836087584495544,0.0027687319088727236,0.001932886429131031,0.016697591170668602,0.014060781337320805,0.080914206802845
Correct 0.028850369155406952,0.16091443598270416,0.024677027016878128,0.11590231955051422,0.636428952217102,0.033206574618816376
Wrong 0.12461991608142853,0.010229424573481083,0.8650336265563965,0.00011187684867763892
Correct 0.010860581882297993,0.0010753433452919126,0.002745985286310315,0.592967689037323,0.22506514191627502,0.012500453740358353,0.1546848714351654
Correct 0.024524860084056854,0.9202885627746582,0.007838616147637367,0.047272905707359314
Correct 0.00830481294542551,0.00037063416675664485,0.0009464475442655385,0.9903765320777893
Wrong 0.9960286617279053,0.0031701410189270973,0.0006242376985028386,0.00017607433255761862
Wrong 0.001151398872025311,0.9988479614257812
Wrong 0.44171878695487976,0.19909825921058655,0.11522923409938812,0.24394026398658752
Wrong 0.9524090886116028,0.00462219538167119,0.017443981021642685,0.006417281925678253,0.013585386797785759,0.00371403805911541,0.001727188122458756
Correct 3.5355620639165863e-05,1.627968003958813e-06,0.9999468326568604,6.143886366771767e-06,8.990494961835793e-07,7.11207235326583e-07
Correct 0.0002002715482376516,4.288445325073553e-06,0.9997885823249817,2.1229341200523777e-06,3.555245939423912e-06,2.7415123327045876e-07
Wrong 0.08481660485267639,0.019525891169905663,0.20031002163887024,0.001349678379483521,0.6365839838981628,0.05738978460431099
Wrong 0.009969034232199192,0.0006081148749217391,0.001732358243316412,0.002057226374745369,0.9703032374382019,0.0138406315818429,0.000678401265759021,4.33687491749879e-05,0.000745078083127737
Correct 0.00992043036967516,0.0197291299700737,0.7175526022911072,0.24413497745990753,0.007488334085792303,0.0011664574267342687
Correct 0.0008166658808477223,0.9990949630737305,8.743145735934377e-05
Correct 0.9777976274490356,0.01876845955848694,0.00341799040324986
Wrong 0.00011361031647538766,0.001722486806102097,0.002391435904428363,0.0003287422878202051,0.9953992962837219,3.926268982468173e-05
Wrong 0.9571868181228638,0.001069427584297955,0.03174542635679245,0.00867871567606926,0.001310290303081274
Wrong 0.07478359341621399,0.054712843149900436,0.013407958671450615,0.01279396377503872,0.8166605234146118,0.027511347085237503
Wrong 0.007171051576733589,0.0010013030841946602,0.005762101616710424,0.00048799614887684584,0.9842966198921204,0.0011524929432198405,0.0001055365864885971
Wrong 0.0649678185582161,0.0014353260630741715,0.03068862296640873,0.006042947992682457,0.8968530297279358
Wrong 0.0032565195579081774,0.0039899712428450584,0.032889679074287415,0.835085391998291,0.106169193983078,0.01482454128563404,0.002785448683425784,0.0009777846280485392
Wrong 0.030951576307415962,0.6515140533447266,0.3175225853919983
Correct 0.0009386655874550343,0.0005348355043679476,0.9977012276649475,0.0004365199711173773,0.0003852276422549039
Wrong 0.5472143888473511,0.04491809383034706,0.2176668494939804,0.015282612293958664,0.17490023374557495
Correct 0.33847856521606445,0.40195322036743164,0.0443987213075161,0.21515007317066193
Correct 0.5021852850914001,0.019778473302721977,0.0036586495116353035,0.4717594087123871,0.0017554395599290729,0.0005699077737517655,0.00027775083435699344
Wrong 0.017100106924772263,0.006193248089402914,0.7985796332359314,0.005380787421017885,0.007240640930831432,0.14317744970321655,0.022302744910120964
Correct 0.9999526739120483,4.6838864363962784e-05
Wrong 0.9575529098510742,0.004720340948551893,0.03771304339170456
Correct 0.2974969446659088,0.012279164977371693,0.10774625092744827,0.582470715045929
Correct 0.0003099149907939136,8.741554484004155e-05,0.00028218081570230424,6.91513778292574e-05,0.998913049697876,0.00022673864441458136,3.4428453545842785e-06,2.121076249750331e-06,4.980787343811244e-05,4.129220906179398e-05,6.533374744321918e-06
Correct 0.0103275952860713,0.012653633952140808,0.9742757678031921,0.0027365402784198523
Wrong 7.4112708716711495e-06,4.965243078913772e-07,3.107168708993413e-07,0.9999912977218628
Correct 0.9987450838088989,0.00045794766629114747,6.101561666582711e-05,0.0007317982381209731
Wrong 0.006795821711421013,0.08812954276800156,0.004894846118986607,0.0014244815101847053,0.015800759196281433,0.34315523505210876,0.02687799371778965,0.0034709663596004248,0.0011268577072769403,0.5071505904197693,0.0011268577072769403
Wrong 0.9057605266571045,0.009601314552128315,0.030993420630693436,0.05355183035135269,8.98175421752967e-05
Wrong 0.9993815422058105,1.617783163965214e-05,3.070013190153986e-05,0.0005702882190234959
Wrong 0.01024677325040102,0.011079403571784496,0.13925930857658386,0.05043637752532959,0.7889577746391296
Wrong 0.6015749573707581,0.014147687703371048,0.3823843002319336,0.0015146376099437475,0.000371177913621068
Correct 0.010034492239356041,0.08668478578329086,0.9032761454582214
Wrong 0.996479332447052,0.0022843999322503805,0.0008670604438520968,0.00036713649751618505
Wrong 0.0033761269878596067,0.0004032209108117968,0.006406763102859259,0.45622187852859497,0.5333774089813232,0.00014154384552966803,3.578788891900331e-05,7.861560334276874e-06
Correct 0.010154743678867817,0.0011754968436434865,0.00028360181022435427,0.988378643989563
Correct 0.9775535464286804,0.002105237217620015,0.004818935412913561,0.004121854435652494,0.011380805633962154
Wrong 0.5269409418106079,0.0006567765376530588,0.47234681248664856,4.9086982471635565e-05
Correct 0.10074984282255173,0.8979735970497131,0.0012682534288614988
Correct 0.003740959567949176,0.001140928128734231,0.0011232397519052029,8.797894406598061e-05,0.004108640365302563,0.9897645711898804
Wrong 0.0003569526015780866,6.8515714701788966e-06,4.3303265556460246e-05,0.9995926022529602
Correct 0.015437169931828976,0.06105519458651543,0.02751973085105419,0.01259944960474968,0.8832896947860718
Correct 0.043895021080970764,0.9532963037490845,0.002806114498525858
Correct 0.9991911053657532,0.0003798214893322438,0.00026515810168348253,0.00016335917462129146
Correct 0.9990825653076172,0.00024906601174734533,2.390213376202155e-05,0.00011226283095311373,0.00010382615437265486,2.109356501023285e-05,8.132291441143025e-06,0.0003623889060690999
Wrong 0.011524846777319908,0.1590956151485443,0.13608168065547943,0.054129552096128464,0.6391443610191345
Wrong 0.0005412017344497144,0.584298312664032,0.0018889793427661061,0.003018580609932542,0.02095310389995575,0.38922664523124695
Wrong 0.2932678461074829,0.05597114935517311,0.5832327604293823,0.0675140917301178
Wrong 0.0008364141685888171,0.316989541053772,0.6816345453262329,0.0005316572496667504,1.8877285583585035e-06
Correct 0.5394901037216187,0.07188010215759277,0.3885801434516907
Wrong 0.03193039074540138,0.33796197175979614,0.05431543290615082,0.0023494551423937082,0.523445725440979,0.046458449214696884,0.0018297574715688825,0.0010104882530868053
Correct 0.9992833733558655,0.00024145151837728918,0.00037985655944794416,1.1292837371001951e-05,5.734976730309427e-05,3.842195383185754e-06,2.418152860172995e-07,2.697645413718419e-07,1.872536131486413e-06,1.1785149922616256e-07,9.5639825303806e-07
Wrong 0.0612126924097538,0.006060877349227667,0.004647036083042622,0.9280675649642944
Correct 0.00045038951793685555,7.468190597137436e-05,0.000526558724232018,0.0002030064642895013,0.0006451531662605703,0.0001791525719454512,0.9977298378944397,0.00016568905266467482,5.3260660024534445e-06,1.7192758605233394e-05
Wrong 0.009465234354138374,0.9357753992080688,0.0059231920167803764,0.001406881376169622,0.029154976829886436,0.01824471913278103
Wrong 0.011424613185226917,0.000436112517490983,0.006821947637945414,0.9813164472579956
Correct 2.4060952910076594e-06,1.8266172219227883e-07,0.9999947547912598,8.990922992779815e-07,6.375522048074345e-07
Wrong 0.5298366546630859,0.007211621850728989,0.0033017208334058523,0.0532870776951313,0.40623989701271057
Correct 0.9982295632362366,0.0009391626226715744,0.00043675111373886466,0.00039150117663666606
Correct 0.041306402534246445,0.7208221554756165,0.09755266457796097,0.08882271498441696,0.051406655460596085
Wrong 0.00015992438420653343,0.005379367154091597,0.00018991487741004676,0.9935861229896545,0.0006839098641648889
Wrong 0.4631006121635437,0.16772392392158508,0.00848198402673006,0.2680220603942871,0.09262596070766449
Wrong 0.029027333483099937,0.03042038157582283,0.9316785335540771,0.00885283574461937
Wrong 0.9465160965919495,0.00858196523040533,0.04358282312750816,0.0013160870876163244
Wrong 0.0003238012723159045,0.9958778619766235,0.003764065681025386,1.7160840798169374e-05,1.5625124433427118e-05
Correct 0.0005527004250325263,8.609413634985685e-05,0.9993058443069458,5.472475822898559e-05
Wrong 0.007435851730406284,0.5815448760986328,0.1447579711675644,0.2662506401538849
Correct 0.00045120131107978523,1.951705417013727e-05,0.999528169631958
Wrong 0.026444140821695328,0.018460983410477638,0.1594785451889038,0.5068218111991882,0.2887783348560333
Wrong 0.0218405332416296,0.035450685769319534,0.5632748007774353,0.00655771791934967,0.3694046139717102,0.0034556742757558823
Wrong 0.7907445430755615,0.02314375527203083,0.12708421051502228,0.003231592243537307,0.019488995894789696,0.03315190225839615
Wrong 0.012616782449185848,0.003671692917123437,0.002262064255774021,0.43786153197288513,0.09178076684474945,0.45176073908805847
Wrong 0.018941188231110573,0.18253901600837708,0.7929133176803589,0.005599005147814751
Wrong 0.003559101140126586,0.8573815226554871,0.016716279089450836,0.044041529297828674,0.027560487389564514,0.01779438555240631,0.0322214737534523,0.0006481606396846473
Correct 0.010564720258116722,0.951005756855011,0.0034838749561458826,0.02740279957652092,0.0074915094301104546
